1690150 736
1690160 738
1690170 738
1690180 740
1690190 741
1690200 741
1690210 742
1690220 743
1690230 743
1690240 743
1690250 744
1690260 746
1690270 746
1690280 746
1690290 747
1690300 747
1690310 748
1690320 750
1690330 750
1690340 752
1690350 754
1690360 754
1690370 756
1690380 757
1690390 758
1690400 758
1690410 758
1690420 757
1690430 757
1690440 754
1690450 752
1690460 752
1690470 748
1690480 743
1690490 743
1690500 738
1690510 735
1690520 735
1690530 731
1690540 727
1690550 722
1690560 722
1690570 718
1690580 712
1690590 712
1690600 707
1690610 702
1690620 702
1690630 697
1690640 692
1690650 692
1690660 687
1690670 683
1690680 683
1690690 678
1690700 671
1690710 672
1690720 672
1690730 674
1690740 677
1690750 677
1690760 679
1690770 680
1690780 680
1690790 682
1690800 683
1690810 683
1690820 683
1690830 684
1690840 684
1690850 683
1690860 680
1690870 676
1690880 676
1690890 671
1690900 668
1690910 668
1690920 662
1690930 655
1690940 655
1690950 653
1690960 656
1690970 656
1690980 658
1690990 660
1691000 660
1691010 660
1691020 661
1691030 663
1691040 663
1691050 663
1691060 663
1691070 663
1691080 661
1691090 655
1691100 655
1691110 647
1691120 639
1691130 639
1691140 631
1691150 623
1691160 623
1691170 614
1691180 612
1691190 613
1691200 613
1691210 615
1691220 623
1691230 623
1691240 628
1691250 634
1691260 634
1691270 639
1691280 644
1691290 644
1691300 648
1691310 652
1691320 652
1691330 655
1691340 658
1691350 659
1691360 659
1691370 659
1691380 655
1691390 655
1691400 648
1691410 641
1691420 641
1691430 635
1691440 640
1691450 640
1691460 647
1691470 653
1691480 653
1691490 658
1691500 662
1691510 666
1691520 666
1691530 669
1691540 671
1691550 671
1691560 673
1691570 674
1691580 674
1691590 674
1691600 673
1691610 673
1691620 672
1691630 671
1691640 671
1691650 669
1691660 666
1691670 665
1691680 665
1691690 663
1691700 661
1691710 661
1691720 658
1691730 654
1691740 654
1691750 653
1691760 650
1691770 650
1691780 648
1691790 646
1691800 646
1691810 644
1691820 641
1691830 635
1691840 635
1691850 627
1691860 618
1691870 618
1691880 607
1691890 613
1691900 613
1691910 621
1691920 627
1691930 627
1691940 633
1691950 636
1691960 636
1691970 636
1691980 636
1691990 632
1692000 632
1692010 627
1692020 624
1692030 624
1692040 620
1692050 618
1692060 618
1692070 615
1692080 611
1692090 611
1692100 605
1692110 599
1692120 599
1692130 591
1692140 594
1692150 596
1692160 596
1692170 597
1692180 598
1692190 598
1692200 597
1692210 593
1692220 593
1692230 586
1692240 588
1692250 588
1692260 591
1692270 592
1692280 592
1692290 591
1692300 588
1692310 595
1692320 595
1692330 601
1692340 604
1692350 604
1692360 606
1692370 605
1692380 605
1692390 605
1692400 602
1692410 602
1692420 605
1692430 610
1692440 610
1692450 611
1692460 606
1692470 599
1692480 599
1692490 594
1692500 588
1692510 588
1692520 592
1692530 600
1692540 600
1692550 606
1692560 609
1692570 609
1692580 609
1692590 610
1692600 610
1692610 612
1692620 611
1692630 605
1692640 605
1692650 598
1692660 590
1692670 590
1692680 583
1692690 576
1692700 576
1692710 581
1692720 581
1692730 581
1692740 590
1692750 599
1692760 599
1692770 607
1692780 610
1692790 617
1692800 617
1692810 625
1692820 631
1692830 631
1692840 636
1692850 640
1692860 640
1692870 645
1692880 650
1692890 650
1692900 653
1692910 654
1692920 654
1692930 650
1692940 649
1692950 648
1692960 648
1692970 648
1692980 647
1692990 647
1693000 646
1693010 646
1693020 646
1693030 647
1693040 650
1693050 650
1693060 655
1693070 658
1693080 658
1693090 660
1693100 663
1693110 666
1693120 666
1693130 671
1693140 676
1693150 676
1693160 682
1693170 687
1693180 687
1693190 693
1693200 698
1693210 698
1693220 702
1693230 705
1693240 705
1693250 706
1693260 709
1693270 713
1693280 713
1693290 713
1693300 715
1693310 715
1693320 717
1693330 717
1693340 717
1693350 719
1693360 721
1693370 721
1693380 723
1693390 726
1693400 726
1693410 728
1693420 731
1693430 734
1693440 734
1693450 738
1693460 744
1693470 744
1693480 746
1693490 748
1693500 748
1693510 750
1693520 753
1693530 753
1693540 757
1693550 760
1693560 760
1693570 764
1693580 767
1693590 770
1693600 770
1693610 773
1693620 775
1693630 775
1693640 776
1693650 777
1693660 777
1693670 778
1693680 779
1693690 779
1693700 778
1693710 777
1693720 777
1693730 776
1693740 775
1693750 775
1693760 775
1693770 774
1693780 775
1693790 775
1693800 775
1693810 775
1693820 775
1693830 775
1693840 775
1693850 775
1693860 775
1693870 773
1693880 773
1693890 772
1693900 770
1693910 767
1693920 767
1693930 763
1693940 760
1693950 760
1693960 756
1693970 753
1693980 753
1693990 750
1694000 747
1694010 747
1694020 744
1694030 741
1694040 741
1694050 740
1694060 740
1694070 739
1694080 739
1694090 739
1694100 739
1694110 739
1694120 737
1694130 738
1694140 738
1694150 737
1694160 738
1694170 738
1694180 739
1694190 741
1694200 741
1694210 742
1694220 745
1694230 747
1694240 747
1694250 749
1694260 753
1694270 753
1694280 756
1694290 759
1694300 759
1694310 764
1694320 767
1694330 767
1694340 769
1694350 771
1694360 771
1694370 772
1694380 774
1694390 775
1694400 775
1694410 777
1694420 778
1694430 778
1694440 781
1694450 783
1694460 783
1694470 784
1694480 786
1694490 786
1694500 787
1694510 788
1694520 788
1694530 789
1694540 791
1694550 793
1694560 793
1694570 796
1694580 799
1694590 799
1694600 801
1694610 804
1694620 804
1694630 807
1694640 809
1694650 809
1694660 812
1694670 814
1694680 814
1694690 816
1694700 819
1694710 820
1694720 820
1694730 823
1694740 825
1694750 825
1694760 828
1694770 830
1694780 830
1694790 831
1694800 834
1694810 834
1694820 835
1694830 837
1694840 837
1694850 839
1694860 840
1694870 841
1694880 841
1694890 842
1694900 844
1694910 844
1694920 846
1694930 848
1694940 848
1694950 849
1694960 848
1694970 848
1694980 848
1694990 848
1695000 848
1695010 848
1695020 847
1695030 847
1695040 847
1695050 847
1695060 847
1695070 847
1695080 848
1695090 849
1695100 849
1695110 849
1695120 849
1695130 849
1695140 849
1695150 850
1695160 850
1695170 852
1695180 852
1695190 852
1695200 852
1695210 851
1695220 855
1695230 855
1695240 859
1695250 860
1695260 860
1695270 864
1695280 867
1695290 867
1695300 868
1695310 871
1695320 871
1695330 872
1695340 875
1695350 876
1695360 876
1695370 875
1695380 876
1695390 876
1695400 879
1695410 882
1695420 882
1695430 884
1695440 885
1695450 885
1695460 887
1695470 888
1695480 888
1695490 888
1695500 885
1695510 880
1695520 880
1695530 878
1695540 877
1695550 877
1695560 877
1695570 876
1695580 876
1695590 875
1695600 875
1695610 875
1695620 873
1695630 873
1695640 873
1695650 874
1695660 874
1695670 873
1695680 873
1695690 875
1695700 875
1695710 875
1695720 874
1695730 873
1695740 873
1695750 873
1695760 874
1695770 874
1695780 873
1695790 872
1695800 872
1695810 871
1695820 870
1695830 870
1695840 870
1695850 871
1695860 871
1695870 871
1695880 871
1695890 870
1695900 870
1695910 869
1695920 865
1695930 865
1695940 863
1695950 861
1695960 861
1695970 859
1695980 859
1695990 856
1696000 856
1696010 853
1696020 851
1696030 851
1696040 849
1696050 847
1696060 847
1696070 846
1696080 847
1696090 847
1696100 850
1696110 851
1696120 851
1696130 850
1696140 852
1696150 852
1696160 852
1696170 853
1696180 855
1696190 855
1696200 857
1696210 860
1696220 860
1696230 862
1696240 866
1696250 866
1696260 869
1696270 872
1696280 872
1696290 874
1696300 878
1696310 881
1696320 881
1696330 884
1696340 887
1696350 887
1696360 891
1696370 895
1696380 895
1696390 899
1696400 902
1696410 902
1696420 907
1696430 910
1696440 910
1696450 913
1696460 917
1696470 920
1696480 920
1696490 924
1696500 928
1696510 928
1696520 931
1696530 935
1696540 935
1696550 939
1696560 942
1696570 942
1696580 944
1696590 947
1696600 947
1696610 949
1696620 953
1696630 958
1696640 958
1696650 962
1696660 965
1696670 965
1696680 970
1696690 975
1696700 975
1696710 978
1696720 982
1696730 982
1696740 986
1696750 988
1696760 988
1696770 991
1696780 995
1696790 998
1696800 998
1696810 1001
1696820 1003
1696830 1003
1696840 1007
1696850 1010
1696860 1010
1696870 1011
1696880 1011
1696890 1011
1696900 1007
1696910 1001
1696920 1001
1696930 996
1696940 993
1696950 992
1696960 992
1696970 990
1696980 988
1696990 988
1697000 987
1697010 986
1697020 986
1697030 985
1697040 984
1697050 984
1697060 982
1697070 980
1697080 980
1697090 979
1697100 977
1697110 975
1697120 975
1697130 974
1697140 972
1697150 972
1697160 970
1697170 967
1697180 967
1697190 966
1697200 966
1697210 966
1697220 965
1697230 963
1697240 963
1697250 962
1697260 964
1697270 965
1697280 965
1697290 965
1697300 966
1697310 966
1697320 968
1697330 969
1697340 969
1697350 971
1697360 972
1697370 972
1697380 974
1697390 974
1697400 974
1697410 974
1697420 972
1697430 971
1697440 971
1697450 971
1697460 972
1697470 972
1697480 973
1697490 975
1697500 975
1697510 977
1697520 979
1697530 979
1697540 980
1697550 981
1697560 981
1697570 982
1697580 982
1697590 983
1697600 983
1697610 983
1697620 985
1697630 985
1697640 987
1697650 989
1697660 989
1697670 990
1697680 992
1697690 992
1697700 993
1697710 994
1697720 994
1697730 994
1697740 997
1697750 999
1697760 999
1697770 1001
1697780 1004
1697790 1004
1697800 1007
1697810 1008
1697820 1008
1697830 1010
1697840 1013
1697850 1013
1697860 1015
1697870 1018
1697880 1018
1697890 1021
1697900 1022
1697910 1023
1697920 1023
1697930 1023
1697940 1023
1697950 1023
1697960 1023
1697970 1023
1697980 1023
1697990 1020
1698000 1016
1698010 1016
1698020 1013
1698030 1011
1698040 1011
1698050 1010
1698060 1008
1698070 1007
1698080 1007
1698090 1005
1698100 1004
1698110 1004
1698120 1004
1698130 1003
1698140 1003
1698150 1000
1698160 1000
1698170 1000
1698180 999
1698190 998
1698200 998
1698210 997
1698220 995
1698230 993
1698240 993
1698250 992
1698260 991
1698270 991
1698280 991
1698290 990
1698300 990
1698310 988
1698320 983
1698330 983
1698340 979
1698350 975
1698360 975
1698370 971
1698380 969
1698390 966
1698400 966
1698410 963
1698420 960
1698430 960
1698440 958
1698450 956
1698460 956
1698470 954
1698480 951
1698490 951
1698500 947
1698510 942
1698520 942
1698530 938
1698540 939
1698550 940
1698560 940
1698570 939
1698580 936
1698590 936
1698600 932
1698610 926
1698620 926
1698630 925
1698640 925
1698650 925
1698660 924
1698670 922
1698680 922
1698690 922
1698700 923
1698710 924
1698720 924
1698730 923
1698740 918
1698750 918
1698760 918
1698770 920
1698780 920
1698790 921
1698800 919
1698810 919
1698820 917
1698830 915
1698840 915
1698850 915
1698860 914
1698870 914
1698880 914
1698890 913
1698900 914
1698910 914
1698920 913
1698930 911
1698940 911
1698950 910
1698960 910
1698970 910
1698980 909
1698990 909
1699000 909
1699010 910
1699020 910
1699030 912
1699040 912
1699050 915
1699060 914
1699070 914
1699080 913
1699090 915
1699100 915
1699110 917
1699120 919
1699130 919
1699140 920
1699150 921
1699160 924
1699170 926
1699180 922
1699190 916
1699200 916
1699210 913
1699220 910
1699230 910
1699240 907
1699250 905
1699260 905
1699270 903
1699280 902
1699290 902
1699300 899
1699310 899
1699320 899
1699330 896
1699340 895
1699350 894
1699360 894
1699370 893
1699380 893
1699390 893
1699400 892
1699410 893
1699420 893
1699430 893
1699440 892
1699450 892
1699460 893
1699470 893
1699480 893
1699490 893
1699500 896
1699510 899
1699520 899
1699530 902
1699540 904
1699550 904
1699560 905
1699570 905
1699580 905
1699590 905
1699600 906
1699610 906
1699620 907
1699630 907
1699640 907
1699650 910
1699660 912
1699670 913
1699680 913
1699690 915
1699700 917
1699710 917
1699720 918
1699730 921
1699740 921
1699750 925
1699760 928
1699770 928
1699780 933
1699790 937
1699800 937
1699810 940
1699820 943
1699830 945
1699840 945
1699850 947
1699860 948
1699870 948
1699880 948
1699890 948
1699900 948
1699910 949
1699920 950
1699930 950
1699940 951
1699950 950
1699960 950
1699970 947
1699980 943
1699990 938
