1680000 631
1680010 629
1680020 629
1680030 627
1680040 623
1680050 623
1680060 620
1680070 615
1680080 615
1680090 610
1680100 604
1680110 604
1680120 599
1680130 593
1680140 585
1680150 585
1680160 582
1680170 580
1680180 580
1680190 580
1680200 579
1680210 579
1680220 578
1680230 578
1680240 578
1680250 578
1680260 577
1680270 577
1680280 577
1680290 576
1680300 575
1680310 575
1680320 574
1680330 574
1680340 574
1680350 574
1680360 575
1680370 575
1680380 581
1680390 590
1680400 590
1680410 595
1680420 599
1680430 599
1680440 602
1680450 607
1680460 614
1680470 614
1680480 620
1680490 625
1680500 625
1680510 630
1680520 634
1680530 634
1680540 638
1680550 643
1680560 643
1680570 648
1680580 656
1680590 656
1680600 662
1680610 668
1680620 668
1680630 674
1680640 679
1680650 684
1680660 684
1680670 689
1680680 693
1680690 693
1680700 697
1680710 701
1680720 701
1680730 704
1680740 707
1680750 707
1680760 711
1680770 712
1680780 712
1680790 714
1680800 716
1680810 717
1680820 717
1680830 718
1680840 719
1680850 719
1680860 720
1680870 720
1680880 720
1680890 721
1680900 720
1680910 720
1680920 717
1680930 712
1680940 712
1680950 710
1680960 715
1680970 718
1680980 718
1680990 720
1681000 723
1681010 723
1681020 725
1681030 726
1681040 726
1681050 724
1681060 720
1681070 720
1681080 714
1681090 712
1681100 712
1681110 709
1681120 712
1681130 717
1681140 717
1681150 720
1681160 723
1681170 723
1681180 725
1681190 725
1681200 725
1681210 723
1681220 724
1681230 724
1681240 727
1681250 728
1681260 728
1681270 729
1681280 730
1681290 731
1681300 731
1681310 731
1681320 730
1681330 730
1681340 729
1681350 727
1681360 727
1681370 722
1681380 718
1681390 718
1681400 715
1681410 712
1681420 712
1681430 710
1681440 708
1681450 705
1681460 705
1681470 704
1681480 702
1681490 702
1681500 699
1681510 696
1681520 696
1681530 696
1681540 695
1681550 695
1681560 695
1681570 694
1681580 694
1681590 693
1681600 691
1681610 690
1681620 690
1681630 688
1681640 683
1681650 683
1681660 677
1681670 671
1681680 671
1681690 669
1681700 665
1681710 665
1681720 660
1681730 655
1681740 655
1681750 646
1681760 636
1681770 628
1681780 628
1681790 623
1681800 617
1681810 617
1681820 611
1681830 604
1681840 604
1681850 596
1681860 589
1681870 589
1681880 581
1681890 574
1681900 574
1681910 568
1681920 566
1681930 571
1681940 571
1681950 580
1681960 585
1681970 585
1681980 590
1681990 596
1682000 596
1682010 602
1682020 608
1682030 608
1682040 614
1682050 621
1682060 621
1682070 627
1682080 634
1682090 639
1682100 639
1682110 646
1682120 654
1682130 654
1682140 660
1682150 666
1682160 666
1682170 672
1682180 677
1682190 677
1682200 684
1682210 689
1682220 689
1682230 695
1682240 701
1682250 707
1682260 707
1682270 714
1682280 721
1682290 721
1682300 728
1682310 735
1682320 735
1682330 742
1682340 750
1682350 750
1682360 757
1682370 763
1682380 763
1682390 771
1682400 777
1682410 777
1682420 783
1682430 790
1682440 795
1682450 795
1682460 798
1682470 804
1682480 804
1682490 808
1682500 812
1682510 812
1682520 815
1682530 818
1682540 818
1682550 822
1682560 823
1682570 823
1682580 827
1682590 830
1682600 835
1682610 835
1682620 841
1682630 845
1682640 845
1682650 851
1682660 856
1682670 856
1682680 860
1682690 864
1682700 864
1682710 868
1682720 871
1682730 871
1682740 874
1682750 874
1682760 875
1682770 875
1682780 876
1682790 876
1682800 876
1682810 875
1682820 873
1682830 873
1682840 869
1682850 865
1682860 865
1682870 862
1682880 859
1682890 859
1682900 859
1682910 860
1682920 861
1682930 861
1682940 863
1682950 864
1682960 864
1682970 865
1682980 866
1682990 866
1683000 866
1683010 868
1683020 868
1683030 868
1683040 868
1683050 868
1683060 869
1683070 871
1683080 873
1683090 873
1683100 873
1683110 874
1683120 874
1683130 873
1683140 872
1683150 872
1683160 874
1683170 875
1683180 875
1683190 877
1683200 879
1683210 879
1683220 878
1683230 878
1683240 876
1683250 876
1683260 873
1683270 872
1683280 872
1683290 872
1683300 876
1683310 876
1683320 880
1683330 883
1683340 883
1683350 885
1683360 888
1683370 888
1683380 891
1683390 894
1683400 898
1683410 898
1683420 902
1683430 906
1683440 906
1683450 910
1683460 914
1683470 914
1683480 919
1683490 924
1683500 924
1683510 928
1683520 933
1683530 933
1683540 938
1683550 943
1683560 948
1683570 948
1683580 951
1683590 956
1683600 956
1683610 960
1683620 963
1683630 963
1683640 970
1683650 973
1683660 973
1683670 977
1683680 982
1683690 982
1683700 986
1683710 990
1683720 993
1683730 993
1683740 997
1683750 1000
1683760 1000
1683770 1003
1683780 1007
1683790 1007
1683800 1011
1683810 1015
1683820 1015
1683830 1018
1683840 1021
1683850 1021
1683860 1025
1683870 1027
1683880 1031
1683890 1031
1683900 1034
1683910 1037
1683920 1037
1683930 1040
1683940 1043
1683950 1043
1683960 1047
1683970 1048
1683980 1048
1683990 1053
1684000 1056
1684010 1056
1684020 1059
1684030 1062
1684040 1064
1684050 1064
1684060 1067
1684070 1070
1684080 1070
1684090 1074
1684100 1077
1684110 1077
1684120 1079
1684130 1081
1684140 1081
1684150 1082
1684160 1083
1684170 1083
1684180 1085
1684190 1087
1684200 1087
1684210 1088
1684220 1090
1684230 1091
1684240 1091
1684250 1092
1684260 1093
1684270 1093
1684280 1094
1684290 1094
1684300 1094
1684310 1095
1684320 1096
1684330 1096
1684340 1097
1684350 1098
1684360 1098
1684370 1098
1684380 1098
1684390 1100
1684400 1100
1684410 1101
1684420 1102
1684430 1102
1684440 1103
1684450 1102
1684460 1102
1684470 1101
1684480 1100
1684490 1100
1684500 1099
1684510 1097
1684520 1097
1684530 1095
1684540 1093
1684550 1091
1684560 1091
1684570 1088
1684580 1086
1684590 1086
1684600 1084
1684610 1080
1684620 1080
1684630 1080
1684640 1077
1684650 1077
1684660 1075
1684670 1072
1684680 1072
1684690 1069
1684700 1064
1684710 1061
1684720 1061
1684730 1059
1684740 1056
1684750 1056
1684760 1051
1684770 1047
1684780 1047
1684790 1044
1684800 1041
1684810 1041
1684820 1039
1684830 1032
1684840 1032
1684850 1030
1684860 1030
1684870 1031
1684880 1031
1684890 1033
1684900 1035
1684910 1035
1684920 1037
1684930 1038
1684940 1038
1684950 1038
1684960 1038
1684970 1038
1684980 1039
1684990 1041
1685000 1041
1685010 1043
1685020 1045
1685030 1046
1685040 1046
1685050 1046
1685060 1049
1685070 1049
1685080 1050
1685090 1051
1685100 1051
1685110 1052
1685120 1052
1685130 1052
1685140 1053
1685150 1055
1685160 1055
1685170 1056
1685180 1057
1685190 1057
1685200 1057
1685210 1058
1685220 1058
1685230 1058
1685240 1058
1685250 1060
1685260 1060
1685270 1061
1685280 1062
1685290 1062
1685300 1063
1685310 1063
1685320 1063
1685330 1064
1685340 1065
1685350 1065
1685360 1065
1685370 1065
1685380 1067
1685390 1067
1685400 1068
1685410 1069
1685420 1069
1685430 1070
1685440 1070
1685450 1070
1685460 1071
1685470 1072
1685480 1072
1685490 1073
1685500 1074
1685510 1074
1685520 1074
1685530 1075
1685540 1075
1685550 1075
1685560 1075
1685570 1076
1685580 1076
1685590 1076
1685600 1076
1685610 1076
1685620 1077
1685630 1077
1685640 1077
1685650 1078
1685660 1079
1685670 1079
1685680 1079
1685690 1079
1685700 1080
1685710 1080
1685720 1079
1685730 1079
1685740 1079
1685750 1078
1685760 1078
1685770 1078
1685780 1077
1685790 1076
1685800 1076
1685810 1075
1685820 1074
1685830 1074
1685840 1074
1685850 1073
1685860 1072
1685870 1072
1685880 1071
1685890 1070
1685900 1070
1685910 1069
1685920 1068
1685930 1068
1685940 1067
1685950 1066
1685960 1066
1685970 1065
1685980 1063
1685990 1063
1686000 1063
1686010 1062
1686020 1061
1686030 1061
1686040 1059
1686050 1058
1686060 1058
1686070 1057
1686080 1055
1686090 1055
1686100 1053
1686110 1052
1686120 1052
1686130 1050
1686140 1048
1686150 1048
1686160 1045
1686170 1043
1686180 1040
1686190 1040
1686200 1036
1686210 1030
1686220 1030
1686230 1026
1686240 1022
1686250 1022
1686260 1019
1686270 1015
1686280 1015
1686290 1011
1686300 1010
1686310 1010
1686320 1008
1686330 1006
1686340 1005
1686350 1005
1686360 1003
1686370 1001
1686380 1001
1686390 999
1686400 998
1686410 998
1686420 997
1686430 995
1686440 995
1686450 993
1686460 992
1686470 992
1686480 992
1686490 991
1686500 990
1686510 990
1686520 985
1686530 985
1686540 985
1686550 985
1686560 985
1686570 985
1686580 984
1686590 984
1686600 984
1686610 980
1686620 978
1686630 978
1686640 977
1686650 976
1686660 975
1686670 975
1686680 975
1686690 974
1686700 974
1686710 974
1686720 974
1686730 974
1686740 976
1686750 977
1686760 977
1686770 978
1686780 979
1686790 979
1686800 980
1686810 982
1686820 983
1686830 983
1686840 984
1686850 985
1686860 985
1686870 987
1686880 988
1686890 988
1686900 990
1686910 991
1686920 991
1686930 992
1686940 992
1686950 992
1686960 992
1686970 992
1686980 992
1686990 992
1687000 991
1687010 990
1687020 990
1687030 990
1687040 989
1687050 989
1687060 987
1687070 985
1687080 985
1687090 983
1687100 981
1687110 981
1687120 979
1687130 976
1687140 972
1687150 972
1687160 968
1687170 966
1687180 966
1687190 963
1687200 959
1687210 959
1687220 955
1687230 951
1687240 951
1687250 948
1687260 943
1687270 943
1687280 942
1687290 938
1687300 935
1687310 935
1687320 933
1687330 930
1687340 930
1687350 928
1687360 926
1687370 926
1687380 924
1687390 923
1687400 923
1687410 920
1687420 917
1687430 917
1687440 915
1687450 912
1687460 910
1687470 910
1687480 909
1687490 905
1687500 905
1687510 903
1687520 901
1687530 901
1687540 898
1687550 895
1687560 895
1687570 892
1687580 889
1687590 889
1687600 885
1687610 880
1687620 876
1687630 876
1687640 873
1687650 869
1687660 869
1687670 866
1687680 863
1687690 863
1687700 860
1687710 858
1687720 858
1687730 855
1687740 853
1687750 853
1687760 851
1687770 849
1687780 847
1687790 847
1687800 845
1687810 844
1687820 844
1687830 843
1687840 842
1687850 842
1687860 838
1687870 832
1687880 832
1687890 830
1687900 839
1687910 839
1687920 842
1687930 842
1687940 842
1687950 842
1687960 841
1687970 841
1687980 841
1687990 840
1688000 840
1688010 840
1688020 839
1688030 838
1688040 838
1688050 836
1688060 835
1688070 835
1688080 834
1688090 833
1688100 833
1688110 832
1688120 831
1688130 830
1688140 830
1688150 829
1688160 829
1688170 829
1688180 828
1688190 828
1688200 828
1688210 827
1688220 826
1688230 826
1688240 825
1688250 825
1688260 825
1688270 824
1688280 823
1688290 822
1688300 822
1688310 822
1688320 821
1688330 821
1688340 821
1688350 821
1688360 821
1688370 821
1688380 820
1688390 820
1688400 818
1688410 816
1688420 815
1688430 813
1688440 811
1688450 808
1688460 808
1688470 804
1688480 801
1688490 801
1688500 795
1688510 790
1688520 790
1688530 785
1688540 784
1688550 784
1688560 783
1688570 782
1688580 782
1688590 781
1688600 778
1688610 776
1688620 776
1688630 772
1688640 768
1688650 768
1688660 764
1688670 760
1688680 760
1688690 757
1688700 754
1688710 754
1688720 751
1688730 747
1688740 747
1688750 742
1688760 736
1688770 730
1688780 730
1688790 725
1688800 720
1688810 720
1688820 716
1688830 712
1688840 712
1688850 707
1688860 701
1688870 701
1688880 693
1688890 685
1688900 685
1688910 682
1688920 677
1688930 675
1688940 675
1688950 674
1688960 674
1688970 674
1688980 673
1688990 676
1689000 676
1689010 674
1689020 677
1689030 677
1689040 682
1689050 686
1689060 686
1689070 689
1689080 694
1689090 699
1689100 699
1689110 705
1689120 710
1689130 710
1689140 714
1689150 715
1689160 715
1689170 714
1689180 714
1689190 714
1689200 714
1689210 714
1689220 714
1689230 715
1689240 715
1689250 712
1689260 712
1689270 719
1689280 724
1689290 724
1689300 729
1689310 732
1689320 732
1689330 735
1689340 737
1689350 737
1689360 742
1689370 748
1689380 748
1689390 753
1689400 757
1689410 761
1689420 761
1689430 764
1689440 768
1689450 768
1689460 770
1689470 770
1689480 770
1689490 771
1689500 768
1689510 768
1689520 764
1689530 759
1689540 759
1689550 753
1689560 747
1689570 741
1689580 741
1689590 736
1689600 729
1689610 729
1689620 725
1689630 721
1689640 721
1689650 715
1689660 709
1689670 709
1689680 703
1689690 698
1689700 698
1689710 699
1689720 692
1689730 692
1689740 696
1689750 697
1689760 697
1689770 697
1689780 697
1689790 696
1689800 696
1689810 697
1689820 697
1689830 697
1689840 697
1689850 696
1689860 696
1689870 695
1689880 694
1689890 694
1689900 693
1689910 691
1689920 690
1689930 690
1689940 689
1689950 687
1689960 687
1689970 687
1689980 686
1689990 686
1690000 685
1690010 684
1690020 684
1690030 683
1690040 682
1690050 682
1690060 680
1690070 679
1690080 677
1690090 677
1690100 675
1690110 671
1690120 671
1690130 665
1690140 660
1690150 660
1690160 657
1690170 655
1690180 655
1690190 653
1690200 650
1690210 650
1690220 649
1690230 647
1690240 646
1690250 646
1690260 645
1690270 643
1690280 643
1690290 640
1690300 636
1690310 636
1690320 634
1690330 629
1690340 629
1690350 622
1690360 616
1690370 616
1690380 609
1690390 608
1690400 607
1690410 607
1690420 607
1690430 607
1690440 607
1690450 606
1690460 605
1690470 605
1690480 602
1690490 597
1690500 597
1690510 592
1690520 587
1690530 587
1690540 582
1690550 578
1690560 575
1690570 575
1690580 571
1690590 566
1690600 566
1690610 563
1690620 558
1690630 558
1690640 551
1690650 544
1690660 544
1690670 539
1690680 538
1690690 538
1690700 538
1690710 537
1690720 540
1690730 540
1690740 539
1690750 541
1690760 541
1690770 543
1690780 546
1690790 546
1690800 547
1690810 547
1690820 547
1690830 547
1690840 547
1690850 547
1690860 546
1690870 544
1690880 544
1690890 544
1690900 541
1690910 539
1690920 539
1690930 535
1690940 530
1690950 530
1690960 528
1690970 524
1690980 524
1690990 522
1691000 519
1691010 519
1691020 519
1691030 518
1691040 517
1691050 517
1691060 517
1691070 513
1691080 513
1691090 512
1691100 512
1691110 512
1691120 513
1691130 518
1691140 518
1691150 520
1691160 524
1691170 524
1691180 527
1691190 530
1691200 531
1691210 531
1691220 536
1691230 542
1691240 542
1691250 548
1691260 551
1691270 551
1691280 553
1691290 556
1691300 556
1691310 557
1691320 557
1691330 557
1691340 558
1691350 555
1691360 552
1691370 552
1691380 549
1691390 547
1691400 547
1691410 545
1691420 545
1691430 545
1691440 548
1691450 551
1691460 551
1691470 557
1691480 561
1691490 561
1691500 565
1691510 569
1691520 569
1691530 572
1691540 574
1691550 575
1691560 575
1691570 579
1691580 581
1691590 581
1691600 583
1691610 582
1691620 582
1691630 581
1691640 575
1691650 575
1691660 570
1691670 565
1691680 565
1691690 563
1691700 569
1691710 573
1691720 573
1691730 577
1691740 579
1691750 579
1691760 582
1691770 584
1691780 584
1691790 585
1691800 587
1691810 587
1691820 588
1691830 588
1691840 588
1691850 587
1691860 586
1691870 584
1691880 584
1691890 582
1691900 580
1691910 580
1691920 578
1691930 577
1691940 577
1691950 574
1691960 570
1691970 570
1691980 565
1691990 562
1692000 562
1692010 558
1692020 555
1692030 551
1692040 551
1692050 546
1692060 540
1692070 540
1692080 532
1692090 525
1692100 525
1692110 524
1692120 529
1692130 529
1692140 535
1692150 541
1692160 541
1692170 547
1692180 552
1692190 556
1692200 556
1692210 561
1692220 565
1692230 565
1692240 569
1692250 574
1692260 574
1692270 578
1692280 583
1692290 583
1692300 587
1692310 591
1692320 591
1692330 596
1692340 599
1692350 602
1692360 602
1692370 604
1692380 606
1692390 606
1692400 608
1692410 609
1692420 609
1692430 610
1692440 610
1692450 610
1692460 611
1692470 612
1692480 612
1692490 613
1692500 614
1692510 614
1692520 614
1692530 615
1692540 617
1692550 617
1692560 618
1692570 619
1692580 619
1692590 621
1692600 621
1692610 621
1692620 622
1692630 623
1692640 623
1692650 624
1692660 625
1692670 625
1692680 625
1692690 626
1692700 627
1692710 627
1692720 628
1692730 630
1692740 630
1692750 631
1692760 631
1692770 631
1692780 631
1692790 630
1692800 630
1692810 628
1692820 626
1692830 624
1692840 624
1692850 622
1692860 619
1692870 619
1692880 616
1692890 614
1692900 614
1692910 611
1692920 609
1692930 609
1692940 607
1692950 605
1692960 605
1692970 602
1692980 600
1692990 599
1693000 599
1693010 598
1693020 597
1693030 597
1693040 595
1693050 594
1693060 594
1693070 591
1693080 589
1693090 589
1693100 588
1693110 586
1693120 586
1693130 584
1693140 582
1693150 579
1693160 579
1693170 576
1693180 573
1693190 573
1693200 569
1693210 565
1693220 565
1693230 562
1693240 559
1693250 559
1693260 556
1693270 553
1693280 553
1693290 549
1693300 546
1693310 542
1693320 542
1693330 538
1693340 534
1693350 534
1693360 527
1693370 520
1693380 520
1693390 513
1693400 509
1693410 509
1693420 505
1693430 503
1693440 503
1693450 499
1693460 497
1693470 497
1693480 494
1693490 487
1693500 487
1693510 487
1693520 487
1693530 485
1693540 485
1693550 479
1693560 476
1693570 476
1693580 474
1693590 472
1693600 472
1693610 470
1693620 468
1693630 468
1693640 466
1693650 465
1693660 463
1693670 463
1693680 461
1693690 459
1693700 459
1693710 457
1693720 453
1693730 453
1693740 446
1693750 443
1693760 443
1693770 440
1693780 436
1693790 436
1693800 431
1693810 425
1693820 420
1693830 420
1693840 415
1693850 408
1693860 408
1693870 405
1693880 404
1693890 404
1693900 404
1693910 404
1693920 404
1693930 405
1693940 404
1693950 404
1693960 404
1693970 402
1693980 403
1693990 403
1694000 404
1694010 407
1694020 407
1694030 411
1694040 420
1694050 420
1694060 424
1694070 427
1694080 427
1694090 427
1694100 430
1694110 430
1694120 431
1694130 440
1694140 448
1694150 448
1694160 453
1694170 456
1694180 456
1694190 459
1694200 463
1694210 463
1694220 466
1694230 467
1694240 467
1694250 468
1694260 463
1694270 463
1694280 456
1694290 452
1694300 446
1694310 446
1694320 441
1694330 446
1694340 446
1694350 453
1694360 457
1694370 457
1694380 459
1694390 461
1694400 461
1694410 464
1694420 467
1694430 467
1694440 467
1694450 467
1694460 467
1694470 467
1694480 466
1694490 461
1694500 461
1694510 456
1694520 451
1694530 451
1694540 447
1694550 444
1694560 444
1694570 441
1694580 437
1694590 437
1694600 430
1694610 432
1694620 423
1694630 423
1694640 416
1694650 413
1694660 413
1694670 412
1694680 412
1694690 412
1694700 412
1694710 412
1694720 412
1694730 410
1694740 412
1694750 412
1694760 414
1694770 415
1694780 415
1694790 415
1694800 417
1694810 418
1694820 418
1694830 420
1694840 422
1694850 422
1694860 424
1694870 426
1694880 426
1694890 430
1694900 433
1694910 433
1694920 435
1694930 438
1694940 442
1694950 442
1694960 446
1694970 450
1694980 450
1694990 454
1695000 460
1695010 460
1695020 465
1695030 468
1695040 468
1695050 470
1695060 473
1695070 473
1695080 476
1695090 480
1695100 485
1695110 485
1695120 489
1695130 494
1695140 494
1695150 499
1695160 502
1695170 502
1695180 505
1695190 509
1695200 509
1695210 513
1695220 516
1695230 516
1695240 519
1695250 519
1695260 519
1695270 522
1695280 523
1695290 524
1695300 524
1695310 526
1695320 528
1695330 528
1695340 529
1695350 530
1695360 530
1695370 531
1695380 532
1695390 532
1695400 535
1695410 536
1695420 536
1695430 535
1695440 532
1695450 528
1695460 528
1695470 524
1695480 520
1695490 520
1695500 516
1695510 512
1695520 512
1695530 509
1695540 506
1695550 506
1695560 501
1695570 498
1695580 498
1695590 496
1695600 492
1695610 487
1695620 487
1695630 492
1695640 497
1695650 497
1695660 499
1695670 500
1695680 500
1695690 502
1695700 504
1695710 504
1695720 508
1695730 510
1695740 510
1695750 515
1695760 518
1695770 522
1695780 522
1695790 526
1695800 530
1695810 530
1695820 534
1695830 538
1695840 538
1695850 542
1695860 546
1695870 546
1695880 547
1695890 549
1695900 549
1695910 552
1695920 552
1695930 551
1695940 551
1695950 550
1695960 548
1695970 548
1695980 547
1695990 547
1696000 547
1696010 545
1696020 543
1696030 543
1696040 542
1696050 540
1696060 540
1696070 536
1696080 531
1696090 526
1696100 526
1696110 522
1696120 519
1696130 519
1696140 516
1696150 514
1696160 514
1696170 511
1696180 510
1696190 510
1696200 509
1696210 509
1696220 509
1696230 509
1696240 504
1696250 499
1696260 499
1696270 495
1696280 490
1696290 490
1696300 486
1696310 479
1696320 479
1696330 473
1696340 464
1696350 464
1696360 455
1696370 456
1696380 456
1696390 462
1696400 467
1696410 469
1696420 469
1696430 471
1696440 474
1696450 474
1696460 477
1696470 482
1696480 482
1696490 486
1696500 490
1696510 490
1696520 494
1696530 499
1696540 499
1696550 501
1696560 504
1696570 508
1696580 508
1696590 511
1696600 512
1696610 512
1696620 513
1696630 513
1696640 513
1696650 508
1696660 504
1696670 504
1696680 499
1696690 495
1696700 495
1696710 492
1696720 489
1696730 485
1696740 485
1696750 481
1696760 476
1696770 476
1696780 472
1696790 468
1696800 468
1696810 464
1696820 459
1696830 459
1696840 454
1696850 451
1696860 451
1696870 447
1696880 438
1696890 434
1696900 434
1696910 442
1696920 450
1696930 450
1696940 456
1696950 460
1696960 460
1696970 463
1696980 465
1696990 465
1697000 468
1697010 472
1697020 472
1697030 476
1697040 480
1697050 480
1697060 485
1697070 488
1697080 493
1697090 493
1697100 498
1697110 502
1697120 502
1697130 506
1697140 508
1697150 508
1697160 509
1697170 508
1697180 508
1697190 503
1697200 499
1697210 499
1697220 493
1697230 488
1697240 484
1697250 484
1697260 479
1697270 475
1697280 475
1697290 471
1697300 467
1697310 467
1697320 462
1697330 459
1697340 459
1697350 456
1697360 452
1697370 452
1697380 448
1697390 441
1697400 440
1697410 440
1697420 446
1697430 445
1697440 445
1697450 444
1697460 440
1697470 440
1697480 443
1697490 450
1697500 450
1697510 457
1697520 461
1697530 461
1697540 465
1697550 468
1697560 471
1697570 471
1697580 475
1697590 479
1697600 479
1697610 483
1697620 486
1697630 486
1697640 489
1697650 493
1697660 493
1697670 497
1697680 501
1697690 501
1697700 504
1697710 506
1697720 508
1697730 508
1697740 508
1697750 508
1697760 508
1697770 506
1697780 503
1697790 503
1697800 502
1697810 500
1697820 500
1697830 499
1697840 496
1697850 496
1697860 493
1697870 491
1697880 490
1697890 490
1697900 487
1697910 484
1697920 484
1697930 481
1697940 479
1697950 479
1697960 476
1697970 473
1697980 473
1697990 469
1698000 467
1698010 467
1698020 464
1698030 462
1698040 459
1698050 459
1698060 457
1698070 455
1698080 455
1698090 454
1698100 452
1698110 452
1698120 451
1698130 449
1698140 449
1698150 447
1698160 446
1698170 446
1698180 445
1698190 446
1698200 449
1698210 449
1698220 450
1698230 452
1698240 452
1698250 453
1698260 456
1698270 456
1698280 458
1698290 461
1698300 461
1698310 463
1698320 465
1698330 465
1698340 466
1698350 468
1698360 470
1698370 470
1698380 473
1698390 475
1698400 475
1698410 478
1698420 480
1698430 480
1698440 480
1698450 476
1698460 476
1698470 474
1698480 470
1698490 470
1698500 463
1698510 456
1698520 462
1698530 462
1698540 467
1698550 469
1698560 469
1698570 472
1698580 477
1698590 477
1698600 480
1698610 477
1698620 477
1698630 474
1698640 469
1698650 469
1698660 466
1698670 462
1698680 458
1698690 458
1698700 454
1698710 451
1698720 451
1698730 449
1698740 443
1698750 443
1698760 440
1698770 442
1698780 442
1698790 445
1698800 447
1698810 447
1698820 452
1698830 457
1698840 461
1698850 461
1698860 466
1698870 470
1698880 470
1698890 473
1698900 476
1698910 476
1698920 480
1698930 484
1698940 484
1698950 488
1698960 493
1698970 493
1698980 496
1698990 499
1699000 499
1699010 504
1699020 508
1699030 508
1699040 508
1699050 509
1699060 509
1699070 508
1699080 508
1699090 508
1699100 508
1699110 509
1699120 508
1699130 508
1699140 506
1699150 504
1699160 504
1699170 502
1699180 500
1699190 498
1699200 498
1699210 495
1699220 493
1699230 493
1699240 490
1699250 488
1699260 488
1699270 486
1699280 484
1699290 484
1699300 482
1699310 480
1699320 480
1699330 476
1699340 467
1699350 471
1699360 471
1699370 471
1699380 471
1699390 471
1699400 470
1699410 469
1699420 469
1699430 469
1699440 469
1699450 469
1699460 469
1699470 469
1699480 469
1699490 469
1699500 468
1699510 467
1699520 467
1699530 466
1699540 465
1699550 465
1699560 463
1699570 461
1699580 461
1699590 460
1699600 458
1699610 458
1699620 457
1699630 455
1699640 455
1699650 454
1699660 454
1699670 452
1699680 452
1699690 451
1699700 449
1699710 449
1699720 447
1699730 446
1699740 446
1699750 445
1699760 444
1699770 444
1699780 441
1699790 440
1699800 440
1699810 439
1699820 439
1699830 440
1699840 440
1699850 439
1699860 438
1699870 438
1699880 437
1699890 436
1699900 436
1699910 436
1699920 435
1699930 435
1699940 435
1699950 435
1699960 435
1699970 434
1699980 437
1699990 439
