1680000 885
1680010 885
1680020 884
1680030 881
1680040 876
1680050 876
1680060 867
1680070 859
1680080 859
1680090 854
1680100 855
1680110 855
1680120 857
1680130 858
1680140 858
1680150 860
1680160 863
1680170 863
1680180 867
1680190 871
1680200 876
1680210 876
1680220 881
1680230 885
1680240 885
1680250 891
1680260 893
1680270 893
1680280 898
1680290 903
1680300 903
1680310 907
1680320 911
1680330 911
1680340 916
1680350 921
1680360 926
1680370 926
1680380 930
1680390 933
1680400 933
1680410 936
1680420 939
1680430 939
1680440 943
1680450 947
1680460 947
1680470 951
1680480 955
1680490 955
1680500 958
1680510 961
1680520 964
1680530 964
1680540 967
1680550 970
1680560 970
1680570 972
1680580 974
1680590 974
1680600 976
1680610 976
1680620 976
1680630 977
1680640 977
1680650 977
1680660 977
1680670 978
1680680 979
1680690 979
1680700 980
1680710 980
1680720 980
1680730 981
1680740 981
1680750 981
1680760 981
1680770 981
1680780 981
1680790 981
1680800 982
1680810 982
1680820 983
1680830 983
1680840 984
1680850 984
1680860 984
1680870 985
1680880 985
1680890 984
1680900 984
1680910 984
1680920 984
1680930 984
1680940 984
1680950 985
1680960 985
1680970 985
1680980 984
1680990 983
1681000 982
1681010 982
1681020 981
1681030 979
1681040 979
1681050 977
1681060 972
1681070 972
1681080 968
1681090 965
1681100 965
1681110 958
1681120 953
1681130 953
1681140 951
1681150 947
1681160 947
1681170 945
1681180 942
1681190 937
1681200 937
1681210 933
1681220 928
1681230 928
1681240 923
1681250 917
1681260 917
1681270 911
1681280 907
1681290 907
1681300 905
1681310 902
1681320 902
1681330 900
1681340 896
1681350 891
1681360 891
1681370 885
1681380 878
1681390 878
1681400 872
1681410 868
1681420 868
1681430 864
1681440 859
1681450 859
1681460 854
1681470 849
1681480 849
1681490 845
1681500 840
1681510 833
1681520 833
1681530 829
1681540 824
1681550 824
1681560 820
1681570 817
1681580 817
1681590 814
1681600 811
1681610 811
1681620 809
1681630 805
1681640 805
1681650 801
1681660 798
1681670 793
1681680 793
1681690 787
1681700 784
1681710 784
1681720 781
1681730 777
1681740 777
1681750 776
1681760 772
1681770 772
1681780 770
1681790 768
1681800 768
1681810 768
1681820 767
1681830 764
1681840 764
1681850 761
1681860 757
1681870 757
1681880 755
1681890 751
1681900 751
1681910 749
1681920 750
1681930 750
1681940 749
1681950 747
1681960 747
1681970 746
1681980 743
1681990 739
1682000 739
1682010 735
1682020 729
1682030 729
1682040 724
1682050 719
1682060 719
1682070 714
1682080 710
1682090 710
1682100 706
1682110 702
1682120 702
1682130 697
1682140 693
1682150 688
1682160 688
1682170 683
1682180 678
1682190 678
1682200 673
1682210 668
1682220 668
1682230 663
1682240 660
1682250 660
1682260 655
1682270 650
1682280 650
1682290 645
1682300 639
1682310 632
1682320 632
1682330 625
1682340 618
1682350 618
1682360 613
1682370 614
1682380 614
1682390 617
1682400 624
1682410 624
1682420 635
1682430 651
1682440 651
1682450 653
1682460 657
1682470 661
1682480 661
1682490 667
1682500 673
1682510 673
1682520 680
1682530 687
1682540 687
1682550 694
1682560 697
1682570 697
1682580 706
1682590 717
1682600 717
1682610 724
1682620 733
1682630 733
1682640 742
1682650 750
1682660 764
1682670 764
1682680 775
1682690 782
1682700 782
1682710 787
1682720 793
1682730 793
1682740 798
1682750 802
1682760 802
1682770 812
1682780 816
1682790 816
1682800 823
1682810 827
1682820 831
1682830 831
1682840 836
1682850 841
1682860 841
1682870 845
1682880 848
1682890 848
1682900 852
1682910 855
1682920 855
1682930 859
1682940 864
1682950 864
1682960 868
1682970 871
1682980 876
1682990 876
1683000 882
1683010 888
1683020 888
1683030 893
1683040 896
1683050 896
1683060 900
1683070 903
1683080 903
1683090 905
1683100 907
1683110 907
1683120 910
1683130 915
1683140 918
1683150 918
1683160 923
1683170 929
1683180 929
1683190 933
1683200 937
1683210 937
1683220 941
1683230 943
1683240 943
1683250 950
1683260 960
1683270 960
1683280 963
1683290 973
1683300 980
1683310 980
1683320 986
1683330 993
1683340 993
1683350 1000
1683360 1006
1683370 1006
1683380 1015
1683390 1023
1683400 1023
1683410 1031
1683420 1039
1683430 1039
1683440 1046
1683450 1050
1683460 1056
1683470 1056
1683480 1061
1683490 1067
1683500 1067
1683510 1073
1683520 1079
1683530 1079
1683540 1083
1683550 1088
1683560 1088
1683570 1092
1683580 1096
1683590 1096
1683600 1099
1683610 1102
1683620 1106
1683630 1106
1683640 1109
1683650 1113
1683660 1113
1683670 1116
1683680 1119
1683690 1119
1683700 1121
1683710 1123
1683720 1123
1683730 1125
1683740 1126
1683750 1126
1683760 1127
1683770 1129
1683780 1130
1683790 1130
1683800 1131
1683810 1133
1683820 1133
1683830 1135
1683840 1136
1683850 1136
1683860 1137
1683870 1138
1683880 1138
1683890 1139
1683900 1140
1683910 1140
1683920 1141
1683930 1142
1683940 1143
1683950 1143
1683960 1144
1683970 1145
1683980 1145
1683990 1146
1684000 1148
1684010 1148
1684020 1149
1684030 1150
1684040 1150
1684050 1151
1684060 1152
1684070 1152
1684080 1153
1684090 1154
1684100 1154
1684110 1154
1684120 1154
1684130 1154
1684140 1154
1684150 1154
1684160 1154
1684170 1154
1684180 1154
1684190 1153
1684200 1153
1684210 1152
1684220 1152
1684230 1152
1684240 1152
1684250 1152
1684260 1152
1684270 1152
1684280 1151
1684290 1151
1684300 1151
1684310 1151
1684320 1151
1684330 1151
1684340 1151
1684350 1150
1684360 1150
1684370 1149
1684380 1149
1684390 1149
1684400 1148
1684410 1147
1684420 1147
1684430 1146
1684440 1146
1684450 1145
1684460 1145
1684470 1144
1684480 1143
1684490 1143
1684500 1143
1684510 1141
1684520 1141
1684530 1139
1684540 1137
1684550 1137
1684560 1134
1684570 1132
1684580 1132
1684590 1129
1684600 1128
1684610 1127
1684620 1127
1684630 1125
1684640 1123
1684650 1123
1684660 1122
1684670 1120
1684680 1120
1684690 1118
1684700 1117
1684710 1117
1684720 1115
1684730 1114
1684740 1114
1684750 1113
1684760 1112
1684770 1110
1684780 1110
1684790 1109
1684800 1108
1684810 1108
1684820 1106
1684830 1105
1684840 1105
1684850 1103
1684860 1102
1684870 1102
1684880 1100
1684890 1099
1684900 1099
1684910 1097
1684920 1095
1684930 1094
1684940 1094
1684950 1092
1684960 1090
1684970 1090
1684980 1089
1684990 1087
1685000 1087
1685010 1086
1685020 1083
1685030 1083
1685040 1080
1685050 1077
1685060 1077
1685070 1074
1685080 1072
1685090 1072
1685100 1072
1685110 1072
1685120 1071
1685130 1071
1685140 1070
1685150 1069
1685160 1069
1685170 1069
1685180 1067
1685190 1067
1685200 1065
1685210 1064
1685220 1064
1685230 1062
1685240 1061
1685250 1058
1685260 1058
1685270 1057
1685280 1056
1685290 1056
1685300 1054
1685310 1052
1685320 1052
1685330 1050
1685340 1047
1685350 1047
1685360 1045
1685370 1042
1685380 1042
1685390 1037
1685400 1032
1685410 1032
1685420 1031
1685430 1029
1685440 1026
1685450 1026
1685460 1024
1685470 1022
1685480 1022
1685490 1020
1685500 1017
1685510 1017
1685520 1013
1685530 1009
1685540 1009
1685550 1005
1685560 1004
1685570 1004
1685580 1000
1685590 995
1685600 990
1685610 990
1685620 986
1685630 983
1685640 983
1685650 981
1685660 978
1685670 978
1685680 982
1685690 986
1685700 986
1685710 988
1685720 989
1685730 989
1685740 989
1685750 990
1685760 989
1685770 989
1685780 988
1685790 987
1685800 987
1685810 985
1685820 983
1685830 983
1685840 981
1685850 976
1685860 976
1685870 974
1685880 974
1685890 974
1685900 974
1685910 973
1685920 973
1685930 973
1685940 972
1685950 971
1685960 971
1685970 970
1685980 969
1685990 969
1686000 967
1686010 966
1686020 966
1686030 964
1686040 963
1686050 963
1686060 961
1686070 960
1686080 956
1686090 956
1686100 954
1686110 951
1686120 951
1686130 948
1686140 946
1686150 946
1686160 943
1686170 939
1686180 939
1686190 936
1686200 932
1686210 932
1686220 929
1686230 926
1686240 924
1686250 924
1686260 922
1686270 919
1686280 919
1686290 917
1686300 913
1686310 913
1686320 912
1686330 908
1686340 908
1686350 905
1686360 902
1686370 902
1686380 898
1686390 893
1686400 888
1686410 888
1686420 881
1686430 875
1686440 875
1686450 869
1686460 861
1686470 861
1686480 859
1686490 852
1686500 852
1686510 846
1686520 840
1686530 840
1686540 837
1686550 836
1686560 837
1686570 837
1686580 835
1686590 835
1686600 835
1686610 834
1686620 835
1686630 835
1686640 836
1686650 836
1686660 836
1686670 835
1686680 834
1686690 834
1686700 836
1686710 838
1686720 839
1686730 839
1686740 840
1686750 842
1686760 842
1686770 842
1686780 844
1686790 844
1686800 845
1686810 845
1686820 845
1686830 845
1686840 845
1686850 845
1686860 845
1686870 845
1686880 845
1686890 843
1686900 843
1686910 842
1686920 842
1686930 840
1686940 838
1686950 838
1686960 837
1686970 835
1686980 835
1686990 832
1687000 830
1687010 830
1687020 826
1687030 825
1687040 825
1687050 822
1687060 818
1687070 812
1687080 812
1687090 808
1687100 816
1687110 816
1687120 820
1687130 820
1687140 820
1687150 822
1687160 824
1687170 824
1687180 824
1687190 825
1687200 825
1687210 825
1687220 824
1687230 824
1687240 824
1687250 822
1687260 820
1687270 820
1687280 820
1687290 816
1687300 816
1687310 815
1687320 817
1687330 817
1687340 816
1687350 816
1687360 816
1687370 816
1687380 815
1687390 814
1687400 814
1687410 814
1687420 814
1687430 814
1687440 813
1687450 810
1687460 810
1687470 811
1687480 810
1687490 810
1687500 810
1687510 809
1687520 809
1687530 809
1687540 807
1687550 806
1687560 806
1687570 804
1687580 801
1687590 801
1687600 797
1687610 794
1687620 794
1687630 793
1687640 791
1687650 791
1687660 789
1687670 786
1687680 786
1687690 782
1687700 778
1687710 773
1687720 773
1687730 771
1687740 767
1687750 767
1687760 765
1687770 766
1687780 766
1687790 769
1687800 770
1687810 770
1687820 769
1687830 765
1687840 765
1687850 762
1687860 759
1687870 760
1687880 760
1687890 760
1687900 760
1687910 760
1687920 759
1687930 755
1687940 755
1687950 753
1687960 753
1687970 753
1687980 755
1687990 758
1688000 758
1688010 761
1688020 762
1688030 763
1688040 763
1688050 763
1688060 762
1688070 762
1688080 762
1688090 759
1688100 759
1688110 754
1688120 752
1688130 752
1688140 753
1688150 752
1688160 752
1688170 753
1688180 753
1688190 753
1688200 753
1688210 752
1688220 752
1688230 752
1688240 752
1688250 752
1688260 752
1688270 752
1688280 753
1688290 753
1688300 752
1688310 752
1688320 752
1688330 752
1688340 751
1688350 751
1688360 750
1688370 749
1688380 747
1688390 747
1688400 746
1688410 744
1688420 744
1688430 742
1688440 740
1688450 740
1688460 738
1688470 737
1688480 737
1688490 736
1688500 735
1688510 735
1688520 735
1688530 734
1688540 733
1688550 733
1688560 732
1688570 731
1688580 731
1688590 729
1688600 728
1688610 728
1688620 727
1688630 723
1688640 723
1688650 717
1688660 712
1688670 712
1688680 709
1688690 710
1688700 709
1688710 709
1688720 709
1688730 708
1688740 708
1688750 708
1688760 707
1688770 707
1688780 707
1688790 707
1688800 707
1688810 707
1688820 707
1688830 707
1688840 706
1688850 706
1688860 705
1688870 705
1688880 703
1688890 701
1688900 701
1688910 699
1688920 697
1688930 697
1688940 695
1688950 693
1688960 693
1688970 690
1688980 687
1688990 687
1689000 684
1689010 681
1689020 678
1689030 678
1689040 674
1689050 672
1689060 672
1689070 669
1689080 668
1689090 668
1689100 666
1689110 665
1689120 665
1689130 663
1689140 661
1689150 661
1689160 659
1689170 658
1689180 656
1689190 656
1689200 653
1689210 651
1689220 651
1689230 648
1689240 645
1689250 645
1689260 642
1689270 638
1689280 638
1689290 636
1689300 632
1689310 632
1689320 630
1689330 629
1689340 627
1689350 627
1689360 625
1689370 623
1689380 623
1689390 620
1689400 618
1689410 618
1689420 615
1689430 612
1689440 612
1689450 610
1689460 606
1689470 606
1689480 605
1689490 601
1689500 598
1689510 598
1689520 593
1689530 587
1689540 587
1689550 579
1689560 572
1689570 572
1689580 566
1689590 561
1689600 561
1689610 555
1689620 552
1689630 552
1689640 551
1689650 550
1689660 551
1689670 551
1689680 554
1689690 560
1689700 560
1689710 565
1689720 568
1689730 568
1689740 573
1689750 575
1689760 575
1689770 575
1689780 577
1689790 577
1689800 578
1689810 577
1689820 577
1689830 579
1689840 583
1689850 586
1689860 586
1689870 592
1689880 598
1689890 598
1689900 601
1689910 604
1689920 604
1689930 608
1689940 613
1689950 613
1689960 619
1689970 624
1689980 624
1689990 626
1690000 626
1690010 624
1690020 624
1690030 621
1690040 620
1690050 620
1690060 617
1690070 613
1690080 613
1690090 608
1690100 604
1690110 604
1690120 600
1690130 597
1690140 597
1690150 593
1690160 600
1690170 606
1690180 606
1690190 611
1690200 615
1690210 615
1690220 617
1690230 619
1690240 619
1690250 622
1690260 624
1690270 624
1690280 625
1690290 626
1690300 626
1690310 627
1690320 627
1690330 627
1690340 627
1690350 624
1690360 618
1690370 618
1690380 612
1690390 613
1690400 613
1690410 614
1690420 617
1690430 617
1690440 619
1690450 622
1690460 622
1690470 624
1690480 625
1690490 627
1690500 627
1690510 628
1690520 630
1690530 630
1690540 631
1690550 631
1690560 631
1690570 631
1690580 631
1690590 631
1690600 631
1690610 630
1690620 630
1690630 628
1690640 627
1690650 625
1690660 625
1690670 623
1690680 621
1690690 621
1690700 618
1690710 616
1690720 616
1690730 614
1690740 611
1690750 611
1690760 608
1690770 605
1690780 605
1690790 603
1690800 601
1690810 599
1690820 599
1690830 597
1690840 594
1690850 594
1690860 594
1690870 592
1690880 592
1690890 591
1690900 588
1690910 588
1690920 587
1690930 585
1690940 585
1690950 583
1690960 580
1690970 578
1690980 578
1690990 574
1691000 571
1691010 571
1691020 567
1691030 563
1691040 563
1691050 558
1691060 553
1691070 553
1691080 550
1691090 542
1691100 542
1691110 536
1691120 529
1691130 522
1691140 522
1691150 515
1691160 506
1691170 506
1691180 505
1691190 512
1691200 512
1691210 517
1691220 521
1691230 521
1691240 525
1691250 528
1691260 528
1691270 530
1691280 532
1691290 532
1691300 534
1691310 534
1691320 533
1691330 533
1691340 532
1691350 529
1691360 529
1691370 527
1691380 526
1691390 526
1691400 524
1691410 521
1691420 521
1691430 516
1691440 509
1691450 509
1691460 502
1691470 493
1691480 483
1691490 483
1691500 489
1691510 495
1691520 495
1691530 497
1691540 502
1691550 502
1691560 505
1691570 508
1691580 508
1691590 510
1691600 511
1691610 511
1691620 510
1691630 509
1691640 507
1691650 507
1691660 503
1691670 495
1691680 495
1691690 492
1691700 488
1691710 488
1691720 486
1691730 486
1691740 486
1691750 486
1691760 487
1691770 487
1691780 487
1691790 486
1691800 483
1691810 483
1691820 476
1691830 469
1691840 469
1691850 462
1691860 460
1691870 460
1691880 468
1691890 472
1691900 472
1691910 476
1691920 478
1691930 478
1691940 478
1691950 478
1691960 477
1691970 477
1691980 477
1691990 477
1692000 477
1692010 477
1692020 475
1692030 475
1692040 475
1692050 476
1692060 476
1692070 478
1692080 479
1692090 479
1692100 480
1692110 482
1692120 483
1692130 483
1692140 482
1692150 483
1692160 483
1692170 483
1692180 482
1692190 482
1692200 479
1692210 477
1692220 477
1692230 478
1692240 477
1692250 477
1692260 478
1692270 478
1692280 478
1692290 478
1692300 478
1692310 479
1692320 479
1692330 480
1692340 481
1692350 481
1692360 482
1692370 483
1692380 483
1692390 486
1692400 486
1692410 486
1692420 488
1692430 489
1692440 491
1692450 491
1692460 493
1692470 495
1692480 495
1692490 497
1692500 498
1692510 498
1692520 501
1692530 503
1692540 503
1692550 505
1692560 507
1692570 507
1692580 508
1692590 510
1692600 512
1692610 512
1692620 514
1692630 515
1692640 515
1692650 515
1692660 516
1692670 516
1692680 514
1692690 513
1692700 513
1692710 514
1692720 516
1692730 516
1692740 517
1692750 518
1692760 518
1692770 521
1692780 524
1692790 525
1692800 525
1692810 526
1692820 528
1692830 528
1692840 529
1692850 530
1692860 530
1692870 530
1692880 531
1692890 531
1692900 531
1692910 531
1692920 531
1692930 527
1692940 522
1692950 517
1692960 517
1692970 512
1692980 508
1692990 508
1693000 504
1693010 500
1693020 500
1693030 499
1693040 496
1693050 496
1693060 496
1693070 495
1693080 495
1693090 495
1693100 494
1693110 493
1693120 493
1693130 492
1693140 491
1693150 491
1693160 489
1693170 488
1693180 488
1693190 486
1693200 484
1693210 484
1693220 480
1693230 476
1693240 476
1693250 474
1693260 471
1693270 468
1693280 468
1693290 467
1693300 465
1693310 465
1693320 462
1693330 458
1693340 458
1693350 455
1693360 452
1693370 452
1693380 448
1693390 447
1693400 447
1693410 445
1693420 441
1693430 437
1693440 437
1693450 433
1693460 430
1693470 430
1693480 426
1693490 423
1693500 423
1693510 418
1693520 411
1693530 411
1693540 408
1693550 403
1693560 403
1693570 403
1693580 403
1693590 404
1693600 404
1693610 405
1693620 406
1693630 406
1693640 407
1693650 407
1693660 407
1693670 408
1693680 410
1693690 410
1693700 412
1693710 414
1693720 414
1693730 416
1693740 415
1693750 414
1693760 414
1693770 412
1693780 413
1693790 413
1693800 417
1693810 419
1693820 419
1693830 418
1693840 417
1693850 417
1693860 416
1693870 414
1693880 414
1693890 413
1693900 419
1693910 421
1693920 421
1693930 424
1693940 426
1693950 426
1693960 427
1693970 428
1693980 428
1693990 429
1694000 429
1694010 429
1694020 428
1694030 428
1694040 428
1694050 430
1694060 430
1694070 430
1694080 429
1694090 430
1694100 430
1694110 430
1694120 429
1694130 429
1694140 429
1694150 428
1694160 428
1694170 428
1694180 427
1694190 427
1694200 427
1694210 426
1694220 425
1694230 425
1694240 423
1694250 422
1694260 420
1694270 420
1694280 419
1694290 418
1694300 418
1694310 416
1694320 415
1694330 415
1694340 413
1694350 412
1694360 412
1694370 411
1694380 410
1694390 410
1694400 411
1694410 413
1694420 415
1694430 415
1694440 416
1694450 416
1694460 416
1694470 417
1694480 417
1694490 417
1694500 416
1694510 411
1694520 411
1694530 407
1694540 403
1694550 403
1694560 402
1694570 402
1694580 401
1694590 401
1694600 395
1694610 391
1694620 391
1694630 388
1694640 387
1694650 387
1694660 386
1694670 383
1694680 383
1694690 383
1694700 383
1694710 383
1694720 384
1694730 384
1694740 384
1694750 384
1694760 384
1694770 384
1694780 384
1694790 384
1694800 385
1694810 385
1694820 385
1694830 386
1694840 386
1694850 385
1694860 386
1694870 386
1694880 386
1694890 386
1694900 387
1694910 387
1694920 387
1694930 387
1694940 387
1694950 388
1694960 388
1694970 388
1694980 389
1694990 390
1695000 390
1695010 390
1695020 391
1695030 391
1695040 392
1695050 393
1695060 394
1695070 394
1695080 396
1695090 397
1695100 397
1695110 398
1695120 399
1695130 399
1695140 400
1695150 401
1695160 401
1695170 402
1695180 397
1695190 397
1695200 398
1695210 400
1695220 404
1695230 404
1695240 407
1695250 408
1695260 408
1695270 409
1695280 411
1695290 411
1695300 412
1695310 414
1695320 414
1695330 415
1695340 417
1695350 417
1695360 418
1695370 420
1695380 422
1695390 422
1695400 423
1695410 424
1695420 424
1695430 426
1695440 427
1695450 427
1695460 428
1695470 428
1695480 428
1695490 428
1695500 428
1695510 428
1695520 428
1695530 428
1695540 428
1695550 428
1695560 428
1695570 428
1695580 428
1695590 427
1695600 427
1695610 427
1695620 425
1695630 425
1695640 425
1695650 421
1695660 418
1695670 418
1695680 415
1695690 412
1695700 412
1695710 408
1695720 404
1695730 399
1695740 399
1695750 398
1695760 398
1695770 398
1695780 397
1695790 398
1695800 398
1695810 397
1695820 398
1695830 398
1695840 400
1695850 407
1695860 407
1695870 411
1695880 415
1695890 418
1695900 418
1695910 421
1695920 422
1695930 422
1695940 424
1695950 424
1695960 424
1695970 425
1695980 427
1695990 427
1696000 428
1696010 429
1696020 429
1696030 430
1696040 431
1696050 432
1696060 432
1696070 433
1696080 434
1696090 434
1696100 434
1696110 435
1696120 435
1696130 435
1696140 435
1696150 435
1696160 436
1696170 436
1696180 436
1696190 436
1696200 436
1696210 436
1696220 436
1696230 436
1696240 436
1696250 436
1696260 435
1696270 436
1696280 436
1696290 436
1696300 436
1696310 436
1696320 436
1696330 436
1696340 436
1696350 436
1696360 436
1696370 437
1696380 437
1696390 437
1696400 438
1696410 438
1696420 437
1696430 436
1696440 436
1696450 437
1696460 436
1696470 436
1696480 435
1696490 434
1696500 434
1696510 433
1696520 431
1696530 429
1696540 429
1696550 427
1696560 425
1696570 425
1696580 423
1696590 421
1696600 421
1696610 419
1696620 417
1696630 417
1696640 415
1696650 412
1696660 412
1696670 409
1696680 406
1696690 402
1696700 402
1696710 399
1696720 396
1696730 396
1696740 393
1696750 391
1696760 391
1696770 392
1696780 392
1696790 392
1696800 394
1696810 397
1696820 397
1696830 405
1696840 412
1696850 415
1696860 415
1696870 416
1696880 416
1696890 416
1696900 417
1696910 419
1696920 419
1696930 421
1696940 422
1696950 422
1696960 423
1696970 425
1696980 425
1696990 425
1697000 427
1697010 427
1697020 429
1697030 430
1697040 431
1697050 431
1697060 431
1697070 431
1697080 431
1697090 430
1697100 429
1697110 429
1697120 429
1697130 429
1697140 429
1697150 430
1697160 430
1697170 430
1697180 430
1697190 430
1697200 428
1697210 428
1697220 423
1697230 420
1697240 420
1697250 418
1697260 414
1697270 414
1697280 408
1697290 402
1697300 402
1697310 394
1697320 390
1697330 390
1697340 388
1697350 388
1697360 389
1697370 389
1697380 392
1697390 398
1697400 398
1697410 402
1697420 405
1697430 405
1697440 412
1697450 415
1697460 415
1697470 418
1697480 421
1697490 421
1697500 425
1697510 427
1697520 430
1697530 430
1697540 430
1697550 430
1697560 430
1697570 430
1697580 429
1697590 429
1697600 429
1697610 429
1697620 429
1697630 428
1697640 428
1697650 428
1697660 427
1697670 427
1697680 428
1697690 428
1697700 430
1697710 435
1697720 435
1697730 441
1697740 444
1697750 444
1697760 447
1697770 451
1697780 451
1697790 454
1697800 456
1697810 456
1697820 458
1697830 459
1697840 459
1697850 459
1697860 458
1697870 455
1697880 455
1697890 450
1697900 450
1697910 450
1697920 444
1697930 443
1697940 443
1697950 440
1697960 438
1697970 438
1697980 437
1697990 436
1698000 435
1698010 435
1698020 432
1698030 430
1698040 430
1698050 429
1698060 423
1698070 423
1698080 419
1698090 415
1698100 415
1698110 411
1698120 409
1698130 409
1698140 402
1698150 403
1698160 403
1698170 403
1698180 407
1698190 415
1698200 415
1698210 420
1698220 421
1698230 421
1698240 420
1698250 416
1698260 416
1698270 417
1698280 414
1698290 414
1698300 412
1698310 411
1698320 412
1698330 412
1698340 413
1698350 416
1698360 416
1698370 423
1698380 425
1698390 425
1698400 429
1698410 431
1698420 431
1698430 434
1698440 436
1698450 436
1698460 439
1698470 442
1698480 442
1698490 445
1698500 447
1698510 450
1698520 450
1698530 453
1698540 455
1698550 455
1698560 458
1698570 461
1698580 461
1698590 463
1698600 465
1698610 465
1698620 468
1698630 468
1698640 468
1698650 469
1698660 468
1698670 467
1698680 467
1698690 466
1698700 464
1698710 464
1698720 462
1698730 459
1698740 459
1698750 459
1698760 458
1698770 458
1698780 456
1698790 455
1698800 455
1698810 454
1698820 453
1698830 452
1698840 452
1698850 451
1698860 449
1698870 449
1698880 448
1698890 446
1698900 446
1698910 445
1698920 440
1698930 440
1698940 436
1698950 432
1698960 432
1698970 429
1698980 427
1698990 422
1699000 422
1699010 419
1699020 417
1699030 417
1699040 414
1699050 413
1699060 413
1699070 410
1699080 407
1699090 407
1699100 403
1699110 402
1699120 402
1699130 401
1699140 401
1699150 400
1699160 400
1699170 401
1699180 401
1699190 401
1699200 401
1699210 403
1699220 403
1699230 406
1699240 410
1699250 410
1699260 418
1699270 419
1699280 419
1699290 424
1699300 424
1699310 423
1699320 423
1699330 427
1699340 431
1699350 431
1699360 434
1699370 437
1699380 437
1699390 440
1699400 437
1699410 437
1699420 433
1699430 430
1699440 430
1699450 428
1699460 424
1699470 420
1699480 420
1699490 416
1699500 411
1699510 411
1699520 406
1699530 403
1699540 403
1699550 402
1699560 403
1699570 403
1699580 404
1699590 407
1699600 407
1699610 410
1699620 412
1699630 414
1699640 414
1699650 416
1699660 417
1699670 417
1699680 418
1699690 416
1699700 416
1699710 414
1699720 415
1699730 415
1699740 421
1699750 427
1699760 427
1699770 431
1699780 435
1699790 439
1699800 439
1699810 441
1699820 444
1699830 444
1699840 447
1699850 450
1699860 450
1699870 453
1699880 456
1699890 456
1699900 457
1699910 457
1699920 457
1699930 457
1699940 452
1699950 452
1699960 449
1699970 445
1699980 437
1699990 437
