1680000 880
1680010 879
1680020 876
1680030 876
1680040 875
1680050 875
1680060 874
1680070 874
1680080 873
1680090 870
1680100 870
1680110 866
1680120 861
1680130 861
1680140 856
1680150 847
1680160 847
1680170 840
1680180 839
1680190 839
1680200 853
1680210 880
1680220 880
1680230 887
1680240 889
1680250 892
1680260 892
1680270 892
1680280 893
1680290 893
1680300 894
1680310 896
1680320 896
1680330 897
1680340 897
1680350 897
1680360 896
1680370 894
1680380 894
1680390 890
1680400 885
1680410 880
1680420 880
1680430 874
1680440 869
1680450 869
1680460 867
1680470 867
1680480 867
1680490 869
1680500 867
1680510 867
1680520 869
1680530 877
1680540 877
1680550 885
1680560 888
1680570 891
1680580 891
1680590 896
1680600 901
1680610 901
1680620 903
1680630 904
1680640 904
1680650 906
1680660 916
1680670 916
1680680 921
1680690 924
1680700 924
1680710 925
1680720 927
1680730 928
1680740 928
1680750 929
1680760 929
1680770 929
1680780 931
1680790 932
1680800 932
1680810 933
1680820 933
1680830 933
1680840 933
1680850 934
1680860 934
1680870 934
1680880 936
1680890 936
1680900 935
1680910 938
1680920 939
1680930 939
1680940 940
1680950 941
1680960 941
1680970 942
1680980 942
1680990 942
1681000 942
1681010 943
1681020 943
1681030 942
1681040 942
1681050 942
1681060 942
1681070 944
1681080 944
1681090 944
1681100 943
1681110 944
1681120 944
1681130 946
1681140 950
1681150 950
1681160 952
1681170 954
1681180 954
1681190 955
1681200 957
1681210 957
1681220 958
1681230 960
1681240 962
1681250 962
1681260 964
1681270 966
1681280 966
1681290 968
1681300 969
1681310 969
1681320 970
1681330 971
1681340 971
1681350 973
1681360 973
1681370 973
1681380 975
1681390 976
1681400 978
1681410 978
1681420 979
1681430 980
1681440 980
1681450 982
1681460 983
1681470 983
1681480 985
1681490 986
1681500 986
1681510 987
1681520 988
1681530 988
1681540 990
1681550 990
1681560 993
1681570 993
1681580 996
1681590 997
1681600 997
1681610 1001
1681620 1003
1681630 1003
1681640 1006
1681650 1008
1681660 1008
1681670 1010
1681680 1012
1681690 1012
1681700 1012
1681710 1014
1681720 1014
1681730 1016
1681740 1017
1681750 1018
1681760 1018
1681770 1018
1681780 1017
1681790 1017
1681800 1017
1681810 1015
1681820 1015
1681830 1013
1681840 1010
1681850 1010
1681860 1005
1681870 1001
1681880 1001
1681890 997
1681900 994
1681910 991
1681920 991
1681930 988
1681940 985
1681950 985
1681960 981
1681970 978
1681980 978
1681990 975
1682000 972
1682010 972
1682020 969
1682030 966
1682040 966
1682050 963
1682060 960
1682070 957
1682080 957
1682090 953
1682100 953
1682110 953
1682120 953
1682130 953
1682140 953
1682150 953
1682160 953
1682170 953
1682180 951
1682190 948
1682200 948
1682210 947
1682220 945
1682230 941
1682240 941
1682250 939
1682260 935
1682270 935
1682280 931
1682290 926
1682300 926
1682310 922
1682320 920
1682330 920
1682340 918
1682350 915
1682360 915
1682370 914
1682380 912
1682390 912
1682400 911
1682410 909
1682420 908
1682430 908
1682440 906
1682450 905
1682460 905
1682470 903
1682480 902
1682490 902
1682500 899
1682510 896
1682520 896
1682530 893
1682540 891
1682550 891
1682560 888
1682570 885
1682580 883
1682590 883
1682600 882
1682610 881
1682620 881
1682630 880
1682640 879
1682650 879
1682660 879
1682670 878
1682680 878
1682690 875
1682700 873
1682710 873
1682720 871
1682730 868
1682740 866
1682750 866
1682760 864
1682770 863
1682780 863
1682790 860
1682800 857
1682810 857
1682820 855
1682830 853
1682840 853
1682850 850
1682860 848
1682870 848
1682880 847
1682890 844
1682900 841
1682910 841
1682920 838
1682930 837
1682940 837
1682950 837
1682960 836
1682970 836
1682980 836
1682990 837
1683000 837
1683010 839
1683020 841
1683030 841
1683040 844
1683050 845
1683060 844
1683070 844
1683080 842
1683090 840
1683100 840
1683110 836
1683120 834
1683130 834
1683140 833
1683150 831
1683160 831
1683170 828
1683180 827
1683190 827
1683200 828
1683210 827
1683220 827
1683230 826
1683240 825
1683250 824
1683260 824
1683270 823
1683280 822
1683290 822
1683300 823
1683310 826
1683320 826
1683330 829
1683340 830
1683350 830
1683360 831
1683370 833
1683380 833
1683390 833
1683400 832
1683410 831
1683420 831
1683430 830
1683440 828
1683450 828
1683460 826
1683470 826
1683480 826
1683490 825
1683500 825
1683510 825
1683520 823
1683530 822
1683540 822
1683550 821
1683560 821
1683570 821
1683580 821
1683590 822
1683600 823
1683610 823
1683620 823
1683630 825
1683640 825
1683650 826
1683660 827
1683670 827
1683680 825
1683690 824
1683700 824
1683710 821
1683720 815
1683730 808
1683740 808
1683750 802
1683760 804
1683770 804
1683780 804
1683790 803
1683800 803
1683810 804
1683820 804
1683830 804
1683840 804
1683850 803
1683860 803
1683870 803
1683880 803
1683890 803
1683900 803
1683910 803
1683920 803
1683930 803
1683940 801
1683950 802
1683960 802
1683970 800
1683980 798
1683990 798
1684000 795
1684010 794
1684020 794
1684030 793
1684040 791
1684050 791
1684060 790
1684070 789
1684080 786
1684090 786
1684100 784
1684110 783
1684120 783
1684130 783
1684140 782
1684150 782
1684160 780
1684170 778
1684180 778
1684190 776
1684200 774
1684210 774
1684220 772
1684230 770
1684240 768
1684250 768
1684260 764
1684270 763
1684280 763
1684290 763
1684300 764
1684310 764
1684320 766
1684330 766
1684340 766
1684350 765
1684360 765
1684370 765
1684380 765
1684390 766
1684400 766
1684410 766
1684420 766
1684430 765
1684440 765
1684450 766
1684460 766
1684470 766
1684480 766
1684490 766
1684500 766
1684510 764
1684520 763
1684530 763
1684540 762
1684550 760
1684560 758
1684570 758
1684580 757
1684590 755
1684600 755
1684610 755
1684620 753
1684630 753
1684640 750
1684650 749
1684660 749
1684670 745
1684680 742
1684690 742
1684700 740
1684710 739
1684720 739
1684730 737
1684740 736
1684750 735
1684760 735
1684770 732
1684780 727
1684790 727
1684800 721
1684810 719
1684820 719
1684830 716
1684840 716
1684850 716
1684860 716
1684870 716
1684880 716
1684890 716
1684900 717
1684910 718
1684920 718
1684930 720
1684940 722
1684950 722
1684960 722
1684970 723
1684980 723
1684990 723
1685000 723
1685010 723
1685020 723
1685030 724
1685040 724
1685050 726
1685060 728
1685070 729
1685080 729
1685090 730
1685100 731
1685110 731
1685120 731
1685130 731
1685140 731
1685150 731
1685160 729
1685170 729
1685180 727
1685190 727
1685200 727
1685210 724
1685220 720
1685230 717
1685240 717
1685250 713
1685260 712
1685270 712
1685280 711
1685290 710
1685300 710
1685310 708
1685320 706
1685330 706
1685340 704
1685350 702
1685360 702
1685370 698
1685380 696
1685390 696
1685400 690
1685410 687
1685420 682
1685430 682
1685440 679
1685450 680
1685460 680
1685470 678
1685480 683
1685490 683
1685500 688
1685510 693
1685520 693
1685530 699
1685540 705
1685550 705
1685560 711
1685570 717
1685580 723
1685590 723
1685600 729
1685610 734
1685620 734
1685630 739
1685640 743
1685650 743
1685660 744
1685670 744
1685680 744
1685690 744
1685700 743
1685710 743
1685720 742
1685730 741
1685740 741
1685750 741
1685760 740
1685770 738
1685780 738
1685790 739
1685800 739
1685810 739
1685820 739
1685830 739
1685840 739
1685850 739
1685860 740
1685870 740
1685880 740
1685890 742
1685900 742
1685910 742
1685920 743
1685930 743
1685940 743
1685950 744
1685960 744
1685970 744
1685980 744
1685990 744
1686000 744
1686010 744
1686020 744
1686030 744
1686040 744
1686050 745
1686060 744
1686070 744
1686080 744
1686090 744
1686100 744
1686110 744
1686120 744
1686130 744
1686140 744
1686150 744
1686160 744
1686170 744
1686180 744
1686190 744
1686200 744
1686210 744
1686220 744
1686230 743
1686240 742
1686250 738
1686260 738
1686270 734
1686280 734
1686290 734
1686300 734
1686310 734
1686320 734
1686330 732
1686340 729
1686350 729
1686360 725
1686370 723
1686380 723
1686390 720
1686400 716
1686410 710
1686420 710
1686430 707
1686440 704
1686450 704
1686460 701
1686470 698
1686480 698
1686490 693
1686500 693
1686510 693
1686520 693
1686530 693
1686540 693
1686550 695
1686560 697
1686570 700
1686580 700
1686590 702
1686600 705
1686610 705
1686620 708
1686630 709
1686640 709
1686650 708
1686660 709
1686670 709
1686680 710
1686690 710
1686700 710
1686710 710
1686720 711
1686730 711
1686740 711
1686750 709
1686760 707
1686770 707
1686780 707
1686790 706
1686800 706
1686810 703
1686820 698
1686830 698
1686840 701
1686850 704
1686860 704
1686870 707
1686880 709
1686890 709
1686900 710
1686910 710
1686920 711
1686930 711
1686940 711
1686950 711
1686960 711
1686970 711
1686980 711
1686990 711
1687000 711
1687010 710
1687020 710
1687030 709
1687040 707
1687050 707
1687060 707
1687070 706
1687080 705
1687090 705
1687100 705
1687110 704
1687120 704
1687130 704
1687140 701
1687150 701
1687160 696
1687170 694
1687180 694
1687190 696
1687200 698
1687210 698
1687220 704
1687230 705
1687240 709
1687250 709
1687260 710
1687270 712
1687280 712
1687290 715
1687300 716
1687310 716
1687320 718
1687330 720
1687340 720
1687350 723
1687360 725
1687370 725
1687380 726
1687390 727
1687400 727
1687410 727
1687420 728
1687430 729
1687440 729
1687450 729
1687460 728
1687470 728
1687480 726
1687490 724
1687500 724
1687510 722
1687520 720
1687530 720
1687540 718
1687550 714
1687560 714
1687570 712
1687580 711
1687590 711
1687600 711
1687610 712
1687620 714
1687630 714
1687640 715
1687650 717
1687660 717
1687670 721
1687680 723
1687690 723
1687700 725
1687710 729
1687720 729
1687730 732
1687740 734
1687750 736
1687760 736
1687770 737
1687780 738
1687790 738
1687800 739
1687810 740
1687820 740
1687830 741
1687840 742
1687850 742
1687860 743
1687870 743
1687880 743
1687890 743
1687900 744
1687910 745
1687920 745
1687930 745
1687940 746
1687950 746
1687960 746
1687970 746
1687980 746
1687990 745
1688000 744
1688010 744
1688020 745
1688030 744
1688040 744
1688050 742
1688060 740
1688070 737
1688080 737
1688090 734
1688100 733
1688110 733
1688120 730
1688130 725
1688140 725
1688150 723
1688160 724
1688170 724
1688180 725
1688190 726
1688200 726
1688210 727
1688220 730
1688230 733
1688240 733
1688250 735
1688260 738
1688270 738
1688280 739
1688290 739
1688300 739
1688310 739
1688320 739
1688330 739
1688340 739
1688350 738
1688360 738
1688370 738
1688380 737
1688390 737
1688400 736
1688410 735
1688420 733
1688430 733
1688440 730
1688450 726
1688460 726
1688470 722
1688480 719
1688490 719
1688500 715
1688510 711
1688520 711
1688530 707
1688540 701
1688550 701
1688560 698
1688570 694
1688580 691
1688590 691
1688600 694
1688610 695
1688620 695
1688630 696
1688640 697
1688650 697
1688660 698
1688670 699
1688680 699
1688690 700
1688700 700
1688710 700
1688720 700
1688730 699
1688740 699
1688750 699
1688760 697
1688770 694
1688780 694
1688790 691
1688800 685
1688810 685
1688820 687
1688830 688
1688840 688
1688850 688
1688860 688
1688870 688
1688880 688
1688890 688
1688900 687
1688910 687
1688920 686
1688930 685
1688940 685
1688950 683
1688960 678
1688970 678
1688980 675
1688990 676
1689000 676
1689010 683
1689020 686
1689030 686
1689040 689
1689050 692
1689060 692
1689070 696
1689080 699
1689090 701
1689100 701
1689110 704
1689120 707
1689130 707
1689140 709
1689150 711
1689160 711
1689170 712
1689180 715
1689190 715
1689200 717
1689210 719
1689220 719
1689230 721
1689240 722
1689250 723
1689260 723
1689270 723
1689280 724
1689290 724
1689300 723
1689310 723
1689320 723
1689330 722
1689340 719
1689350 719
1689360 716
1689370 712
1689380 712
1689390 710
1689400 708
1689410 710
1689420 710
1689430 715
1689440 721
1689450 721
1689460 725
1689470 729
1689480 729
1689490 733
1689500 737
1689510 737
1689520 740
1689530 742
1689540 742
1689550 744
1689560 745
1689570 746
1689580 746
1689590 746
1689600 746
1689610 746
1689620 746
1689630 746
1689640 746
1689650 746
1689660 745
1689670 745
1689680 745
1689690 744
1689700 744
1689710 744
1689720 743
1689730 742
1689740 742
1689750 741
1689760 740
1689770 740
1689780 738
1689790 734
1689800 734
1689810 731
1689820 728
1689830 728
1689840 725
1689850 725
1689860 725
1689870 725
1689880 723
1689890 723
1689900 722
1689910 721
1689920 718
1689930 718
1689940 712
1689950 707
1689960 707
1689970 706
1689980 705
1689990 705
1690000 703
1690010 702
1690020 702
1690030 701
1690040 700
1690050 700
1690060 700
1690070 701
1690080 701
1690090 701
1690100 701
1690110 700
1690120 700
1690130 699
1690140 698
1690150 698
1690160 694
1690170 691
1690180 691
1690190 687
1690200 683
1690210 683
1690220 680
1690230 676
1690240 672
1690250 672
1690260 664
1690270 662
1690280 662
1690290 663
1690300 664
1690310 664
1690320 667
1690330 668
1690340 668
1690350 669
1690360 670
1690370 670
1690380 671
1690390 671
1690400 672
1690410 672
1690420 672
1690430 673
1690440 673
1690450 674
1690460 675
1690470 675
1690480 676
1690490 677
1690500 677
1690510 678
1690520 678
1690530 678
1690540 678
1690550 679
1690560 679
1690570 680
1690580 680
1690590 679
1690600 679
1690610 679
1690620 679
1690630 679
1690640 678
1690650 677
1690660 677
1690670 676
1690680 674
1690690 674
1690700 671
1690710 666
1690720 666
1690730 660
1690740 655
1690750 651
1690760 651
1690770 647
1690780 639
1690790 639
1690800 634
1690810 630
1690820 630
1690830 629
1690840 626
1690850 626
1690860 626
1690870 625
1690880 625
1690890 623
1690900 617
1690910 611
1690920 611
1690930 606
1690940 603
1690950 603
1690960 601
1690970 599
1690980 599
1690990 597
1691000 595
1691010 595
1691020 591
1691030 586
1691040 586
1691050 581
1691060 577
1691070 574
1691080 574
1691090 570
1691100 566
1691110 566
1691120 562
1691130 561
1691140 561
1691150 562
1691160 560
1691170 560
1691180 558
1691190 557
1691200 557
1691210 557
1691220 557
1691230 557
1691240 557
1691250 557
1691260 556
1691270 556
1691280 554
1691290 553
1691300 553
1691310 551
1691320 549
1691330 549
1691340 547
1691350 545
1691360 545
1691370 543
1691380 539
1691390 539
1691400 535
1691410 532
1691420 531
1691430 531
1691440 526
1691450 524
1691460 524
1691470 521
1691480 518
1691490 518
1691500 515
1691510 509
1691520 509
1691530 504
1691540 497
1691550 497
1691560 497
1691570 497
1691580 497
1691590 497
1691600 498
1691610 498
1691620 498
1691630 495
1691640 491
1691650 491
1691660 487
1691670 484
1691680 484
1691690 484
1691700 485
1691710 485
1691720 490
1691730 495
1691740 497
1691750 497
1691760 500
1691770 500
1691780 500
1691790 497
1691800 492
1691810 492
1691820 489
1691830 486
1691840 486
1691850 485
1691860 483
1691870 483
1691880 481
1691890 479
1691900 480
1691910 480
1691920 480
1691930 478
1691940 478
1691950 476
1691960 475
1691970 475
1691980 475
1691990 475
1692000 475
1692010 473
1692020 471
1692030 471
1692040 469
1692050 466
1692060 466
1692070 462
1692080 458
1692090 462
1692100 462
1692110 462
1692120 463
1692130 463
1692140 461
1692150 459
1692160 459
1692170 457
1692180 457
1692190 457
1692200 457
1692210 457
1692220 457
1692230 458
1692240 456
1692250 454
1692260 454
1692270 456
1692280 458
1692290 458
1692300 461
1692310 463
1692320 463
1692330 464
1692340 463
1692350 463
1692360 461
1692370 460
1692380 460
1692390 459
1692400 460
1692410 460
1692420 460
1692430 460
1692440 461
1692450 461
1692460 462
1692470 464
1692480 464
1692490 463
1692500 463
1692510 463
1692520 464
1692530 463
1692540 463
1692550 463
1692560 462
1692570 461
1692580 461
1692590 460
1692600 458
1692610 458
1692620 456
1692630 454
1692640 454
1692650 452
1692660 451
1692670 451
1692680 451
1692690 450
1692700 450
1692710 449
1692720 447
1692730 444
1692740 444
1692750 442
1692760 440
1692770 440
1692780 439
1692790 440
1692800 440
1692810 440
1692820 440
1692830 440
1692840 441
1692850 441
1692860 441
1692870 441
1692880 440
1692890 440
1692900 438
1692910 436
1692920 434
1692930 434
1692940 431
1692950 429
1692960 429
1692970 427
1692980 426
1692990 426
1693000 424
1693010 422
1693020 422
1693030 420
1693040 419
1693050 419
1693060 417
1693070 415
1693080 414
1693090 414
1693100 412
1693110 411
1693120 411
1693130 410
1693140 409
1693150 409
1693160 407
1693170 405
1693180 405
1693190 403
1693200 403
1693210 403
1693220 402
1693230 401
1693240 400
1693250 400
1693260 401
1693270 403
1693280 403
1693290 405
1693300 404
1693310 404
1693320 401
1693330 399
1693340 399
1693350 399
1693360 397
1693370 397
1693380 394
1693390 395
1693400 394
1693410 394
1693420 395
1693430 394
1693440 394
1693450 393
1693460 392
1693470 392
1693480 391
1693490 391
1693500 391
1693510 391
1693520 391
1693530 391
1693540 391
1693550 391
1693560 391
1693570 395
1693580 396
1693590 398
1693600 398
1693610 400
1693620 401
1693630 401
1693640 404
1693650 406
1693660 406
1693670 407
1693680 407
1693690 407
1693700 409
1693710 412
1693720 412
1693730 414
1693740 415
1693750 417
1693760 417
1693770 420
1693780 421
1693790 421
1693800 420
1693810 419
1693820 419
1693830 420
1693840 421
1693850 421
1693860 422
1693870 423
1693880 423
1693890 424
1693900 425
1693910 426
1693920 426
1693930 428
1693940 428
1693950 428
1693960 427
1693970 427
1693980 427
1693990 426
1694000 424
1694010 424
1694020 423
1694030 421
1694040 421
1694050 420
1694060 418
1694070 417
1694080 417
1694090 416
1694100 415
1694110 415
1694120 415
1694130 413
1694140 413
1694150 412
1694160 410
1694170 410
1694180 409
1694190 407
1694200 407
1694210 406
1694220 404
1694230 401
1694240 401
1694250 398
1694260 394
1694270 394
1694280 392
1694290 392
1694300 392
1694310 392
1694320 391
1694330 391
1694340 392
1694350 394
1694360 394
1694370 395
1694380 396
1694390 396
1694400 397
1694410 398
1694420 399
1694430 399
1694440 399
1694450 398
1694460 398
1694470 399
1694480 401
1694490 401
1694500 406
1694510 407
1694520 407
1694530 409
1694540 410
1694550 410
1694560 411
1694570 412
1694580 412
1694590 412
1694600 413
1694610 415
1694620 415
1694630 416
1694640 418
1694650 418
1694660 420
1694670 422
1694680 422
1694690 423
1694700 424
1694710 424
1694720 424
1694730 428
1694740 430
1694750 430
1694760 433
1694770 436
1694780 436
1694790 439
1694800 442
1694810 442
1694820 445
1694830 447
1694840 447
1694850 449
1694860 452
1694870 452
1694880 453
1694890 454
1694900 455
1694910 455
1694920 454
1694930 454
1694940 454
1694950 454
1694960 452
1694970 452
1694980 451
1694990 448
1695000 448
1695010 444
1695020 440
1695030 440
1695040 436
1695050 432
1695060 432
1695070 428
1695080 428
1695090 428
1695100 428
1695110 428
1695120 427
1695130 427
1695140 426
1695150 424
1695160 424
1695170 422
1695180 420
1695190 420
1695200 418
1695210 416
1695220 416
1695230 415
1695240 411
1695250 402
1695260 402
1695270 397
1695280 404
1695290 404
1695300 409
1695310 411
1695320 411
1695330 411
1695340 411
1695350 411
1695360 411
1695370 410
1695380 410
1695390 409
1695400 408
1695410 407
1695420 407
1695430 406
1695440 404
1695450 404
1695460 403
1695470 402
1695480 402
1695490 401
1695500 400
1695510 400
1695520 401
1695530 400
1695540 400
1695550 399
1695560 398
1695570 398
1695580 398
1695590 396
1695600 396
1695610 396
1695620 395
1695630 394
1695640 394
1695650 393
1695660 393
1695670 393
1695680 392
1695690 391
1695700 391
1695710 390
1695720 390
1695730 390
1695740 390
1695750 391
1695760 391
1695770 391
1695780 390
1695790 390
1695800 390
1695810 389
1695820 389
1695830 389
1695840 389
1695850 388
1695860 388
1695870 387
1695880 387
1695890 387
1695900 386
1695910 385
1695920 384
1695930 384
1695940 382
1695950 381
1695960 381
1695970 380
1695980 379
1695990 379
1696000 377
1696010 376
1696020 376
1696030 375
1696040 374
1696050 374
1696060 373
1696070 371
1696080 370
1696090 370
1696100 369
1696110 368
1696120 368
1696130 367
1696140 366
1696150 366
1696160 364
1696170 363
1696180 363
1696190 362
1696200 362
1696210 362
1696220 362
1696230 362
1696240 362
1696250 362
1696260 361
1696270 361
1696280 361
1696290 361
1696300 362
1696310 362
1696320 363
1696330 363
1696340 363
1696350 364
1696360 367
1696370 367
1696380 368
1696390 370
1696400 372
1696410 372
1696420 373
1696430 375
1696440 375
1696450 376
1696460 375
1696470 375
1696480 375
1696490 374
1696500 374
1696510 373
1696520 372
1696530 372
1696540 371
1696550 370
1696560 370
1696570 369
1696580 368
1696590 368
1696600 368
1696610 366
1696620 365
1696630 365
1696640 364
1696650 363
1696660 363
1696670 363
1696680 364
1696690 364
1696700 368
1696710 371
1696720 371
1696730 374
1696740 376
1696750 375
1696760 375
1696770 375
1696780 376
1696790 376
1696800 376
1696810 376
1696820 376
1696830 376
1696840 377
1696850 377
1696860 378
1696870 380
1696880 380
1696890 382
1696900 383
1696910 383
1696920 383
1696930 384
1696940 386
1696950 386
1696960 388
1696970 388
1696980 388
1696990 388
1697000 389
1697010 389
1697020 389
1697030 388
1697040 388
1697050 387
1697060 387
1697070 386
1697080 386
1697090 384
1697100 380
1697110 380
1697120 381
1697130 384
1697140 384
1697150 386
1697160 387
1697170 387
1697180 388
1697190 388
1697200 388
1697210 387
1697220 386
1697230 385
1697240 385
1697250 379
1697260 376
1697270 376
1697280 373
1697290 373
1697300 373
1697310 373
1697320 371
1697330 371
1697340 372
1697350 373
1697360 373
1697370 372
1697380 373
1697390 373
1697400 373
1697410 373
1697420 371
1697430 371
1697440 370
1697450 369
1697460 369
1697470 368
1697480 367
1697490 367
1697500 365
1697510 362
1697520 362
1697530 360
1697540 359
1697550 359
1697560 358
1697570 357
1697580 354
1697590 354
1697600 353
1697610 353
1697620 353
1697630 353
1697640 353
1697650 353
1697660 354
1697670 356
1697680 356
1697690 358
1697700 360
1697710 360
1697720 360
1697730 359
1697740 357
1697750 357
1697760 357
1697770 357
1697780 357
1697790 358
1697800 359
1697810 359
1697820 361
1697830 362
1697840 362
1697850 364
1697860 367
1697870 367
1697880 368
1697890 371
1697900 374
1697910 374
1697920 376
1697930 379
1697940 379
1697950 382
1697960 385
1697970 385
1697980 387
1697990 389
1698000 389
1698010 391
1698020 393
1698030 393
1698040 393
1698050 390
1698060 390
1698070 388
1698080 385
1698090 385
1698100 385
1698110 383
1698120 381
1698130 381
1698140 374
1698150 374
1698160 374
1698170 377
1698180 379
1698190 379
1698200 382
1698210 385
1698220 385
1698230 388
1698240 391
1698250 394
1698260 394
1698270 396
1698280 396
1698290 396
1698300 397
1698310 399
1698320 399
1698330 399
1698340 398
1698350 398
1698360 395
1698370 391
1698380 391
1698390 388
1698400 387
1698410 386
1698420 386
1698430 388
1698440 393
1698450 393
1698460 392
1698470 388
1698480 388
1698490 385
1698500 389
1698510 389
1698520 390
1698530 392
1698540 392
1698550 395
1698560 396
1698570 397
1698580 397
1698590 398
1698600 401
1698610 401
1698620 403
1698630 403
1698640 403
1698650 405
1698660 406
1698670 406
1698680 410
1698690 413
1698700 413
1698710 415
1698720 418
1698730 419
1698740 419
1698750 420
1698760 421
1698770 421
1698780 422
1698790 423
1698800 423
1698810 423
1698820 424
1698830 424
1698840 425
1698850 423
1698860 423
1698870 423
1698880 423
1698890 423
1698900 423
1698910 422
1698920 420
1698930 420
1698940 418
1698950 415
1698960 415
1698970 412
1698980 410
1698990 410
1699000 409
1699010 408
1699020 408
1699030 406
1699040 405
1699050 405
1699060 405
1699070 404
1699080 403
1699090 403
1699100 402
1699110 402
1699120 402
1699130 401
1699140 400
1699150 400
1699160 400
1699170 400
1699180 400
1699190 400
1699200 399
1699210 399
1699220 399
1699230 399
1699240 399
1699250 399
1699260 399
1699270 399
1699280 399
1699290 398
1699300 398
1699310 398
1699320 397
1699330 397
1699340 397
1699350 397
1699360 398
1699370 398
1699380 399
1699390 400
1699400 402
1699410 402
1699420 405
1699430 408
1699440 408
1699450 411
1699460 414
1699470 414
1699480 417
1699490 419
1699500 419
1699510 422
1699520 424
1699530 424
1699540 427
1699550 430
1699560 430
1699570 433
1699580 437
1699590 439
1699600 439
1699610 442
1699620 445
1699630 445
1699640 446
1699650 447
1699660 447
1699670 448
1699680 447
1699690 447
1699700 447
1699710 446
1699720 446
1699730 445
1699740 444
1699750 443
1699760 443
1699770 442
1699780 439
1699790 439
1699800 437
1699810 435
1699820 435
1699830 434
1699840 432
1699850 432
1699860 430
1699870 428
1699880 428
1699890 426
1699900 425
1699910 425
1699920 425
1699930 426
1699940 427
1699950 427
1699960 428
1699970 429
1699980 429
1699990 430
