1680000 1021
1680010 1018
1680020 1018
1680030 1012
1680040 1005
1680050 1006
1680060 1006
1680070 1011
1680080 1016
1680090 1016
1680100 1019
1680110 1024
1680120 1024
1680130 1027
1680140 1032
1680150 1032
1680160 1037
1680170 1042
1680180 1042
1680190 1048
1680200 1053
1680210 1058
1680220 1058
1680230 1063
1680240 1068
1680250 1068
1680260 1072
1680270 1074
1680280 1074
1680290 1077
1680300 1080
1680310 1080
1680320 1082
1680330 1084
1680340 1084
1680350 1086
1680360 1088
1680370 1088
1680380 1090
1680390 1091
1680400 1091
1680410 1091
1680420 1092
1680430 1093
1680440 1093
1680450 1094
1680460 1095
1680470 1095
1680480 1096
1680490 1095
1680500 1095
1680510 1092
1680520 1088
1680530 1088
1680540 1087
1680550 1089
1680560 1090
1680570 1090
1680580 1092
1680590 1092
1680600 1092
1680610 1095
1680620 1094
1680630 1094
1680640 1096
1680650 1098
1680660 1098
1680670 1100
1680680 1103
1680690 1103
1680700 1106
1680710 1109
1680720 1111
1680730 1111
1680740 1113
1680750 1115
1680760 1115
1680770 1117
1680780 1116
1680790 1116
1680800 1117
1680810 1117
1680820 1117
1680830 1118
1680840 1118
1680850 1118
1680860 1117
1680870 1116
1680880 1114
1680890 1114
1680900 1115
1680910 1117
1680920 1117
1680930 1119
1680940 1120
1680950 1120
1680960 1122
1680970 1123
1680980 1123
1680990 1124
1681000 1126
1681010 1126
1681020 1128
1681030 1129
1681040 1129
1681050 1130
1681060 1131
1681070 1133
1681080 1133
1681090 1135
1681100 1137
1681110 1137
1681120 1138
1681130 1140
1681140 1140
1681150 1142
1681160 1144
1681170 1144
1681180 1144
1681190 1144
1681200 1144
1681210 1144
1681220 1143
1681230 1142
1681240 1142
1681250 1141
1681260 1141
1681270 1141
1681280 1140
1681290 1139
1681300 1139
1681310 1139
1681320 1139
1681330 1139
1681340 1139
1681350 1137
1681360 1137
1681370 1133
1681380 1131
1681390 1130
1681400 1130
1681410 1132
1681420 1134
1681430 1134
1681440 1136
1681450 1137
1681460 1137
1681470 1137
1681480 1138
1681490 1138
1681500 1139
1681510 1139
1681520 1139
1681530 1140
1681540 1141
1681550 1141
1681560 1142
1681570 1143
1681580 1143
1681590 1143
1681600 1142
1681610 1141
1681620 1141
1681630 1141
1681640 1140
1681650 1140
1681660 1139
1681670 1139
1681680 1139
1681690 1138
1681700 1137
1681710 1137
1681720 1136
1681730 1134
1681740 1133
1681750 1133
1681760 1132
1681770 1130
1681780 1130
1681790 1129
1681800 1128
1681810 1128
1681820 1126
1681830 1124
1681840 1124
1681850 1120
1681860 1117
1681870 1117
1681880 1115
1681890 1113
1681900 1111
1681910 1111
1681920 1110
1681930 1109
1681940 1109
1681950 1108
1681960 1107
1681970 1107
1681980 1106
1681990 1104
1682000 1104
1682010 1102
1682020 1100
1682030 1100
1682040 1099
1682050 1098
1682060 1098
1682070 1099
1682080 1098
1682090 1096
1682100 1096
1682110 1096
1682120 1095
1682130 1095
1682140 1094
1682150 1093
1682160 1093
1682170 1090
1682180 1087
1682190 1087
1682200 1084
1682210 1081
1682220 1081
1682230 1077
1682240 1073
1682250 1069
1682260 1069
1682270 1066
1682280 1064
1682290 1064
1682300 1063
1682310 1062
1682320 1062
1682330 1059
1682340 1059
1682350 1059
1682360 1057
1682370 1055
1682380 1055
1682390 1051
1682400 1050
1682410 1051
1682420 1051
1682430 1051
1682440 1048
1682450 1048
1682460 1047
1682470 1045
1682480 1045
1682490 1042
1682500 1040
1682510 1040
1682520 1036
1682530 1029
1682540 1029
1682550 1027
1682560 1024
1682570 1021
1682580 1021
1682590 1015
1682600 1009
1682610 1009
1682620 1005
1682630 1002
1682640 1002
1682650 1001
1682660 1001
1682670 1001
1682680 1000
1682690 999
1682700 999
1682710 998
1682720 996
1682730 996
1682740 994
1682750 992
1682760 990
1682770 990
1682780 987
1682790 985
1682800 985
1682810 982
1682820 979
1682830 979
1682840 977
1682850 974
1682860 974
1682870 972
1682880 970
1682890 970
1682900 967
1682910 965
1682920 963
1682930 963
1682940 961
1682950 959
1682960 959
1682970 955
1682980 951
1682990 951
1683000 949
1683010 948
1683020 948
1683030 947
1683040 947
1683050 947
1683060 946
1683070 944
1683080 941
1683090 941
1683100 942
1683110 942
1683120 942
1683130 941
1683140 940
1683150 940
1683160 939
1683170 938
1683180 938
1683190 936
1683200 934
1683210 934
1683220 933
1683230 931
1683240 931
1683250 929
1683260 927
1683270 926
1683280 926
1683290 924
1683300 923
1683310 923
1683320 921
1683330 919
1683340 919
1683350 917
1683360 914
1683370 914
1683380 913
1683390 912
1683400 912
1683410 910
1683420 908
1683430 905
1683440 905
1683450 903
1683460 900
1683470 900
1683480 897
1683490 895
1683500 895
1683510 893
1683520 890
1683530 890
1683540 887
1683550 885
1683560 885
1683570 883
1683580 881
1683590 880
1683600 880
1683610 878
1683620 876
1683630 876
1683640 874
1683650 872
1683660 872
1683670 870
1683680 867
1683690 867
1683700 864
1683710 861
1683720 861
1683730 861
1683740 860
1683750 860
1683760 859
1683770 859
1683780 858
1683790 858
1683800 857
1683810 857
1683820 857
1683830 856
1683840 855
1683850 855
1683860 853
1683870 852
1683880 852
1683890 851
1683900 850
1683910 850
1683920 849
1683930 848
1683940 847
1683950 847
1683960 847
1683970 846
1683980 846
1683990 845
1684000 844
1684010 844
1684020 842
1684030 841
1684040 841
1684050 839
1684060 838
1684070 838
1684080 836
1684090 835
1684100 834
1684110 834
1684120 832
1684130 831
1684140 831
1684150 829
1684160 828
1684170 828
1684180 827
1684190 825
1684200 825
1684210 823
1684220 821
1684230 821
1684240 820
1684250 818
1684260 815
1684270 815
1684280 813
1684290 810
1684300 810
1684310 806
1684320 802
1684330 802
1684340 797
1684350 793
1684360 793
1684370 789
1684380 786
1684390 786
1684400 782
1684410 779
1684420 779
1684430 776
1684440 774
1684450 772
1684460 772
1684470 769
1684480 767
1684490 767
1684500 765
1684510 762
1684520 762
1684530 760
1684540 758
1684550 758
1684560 756
1684570 755
1684580 755
1684590 754
1684600 753
1684610 752
1684620 752
1684630 751
1684640 749
1684650 749
1684660 747
1684670 745
1684680 745
1684690 743
1684700 739
1684710 739
1684720 737
1684730 735
1684740 735
1684750 734
1684760 731
1684770 727
1684780 727
1684790 725
1684800 722
1684810 722
1684820 718
1684830 714
1684840 714
1684850 712
1684860 712
1684870 712
1684880 711
1684890 709
1684900 709
1684910 707
1684920 704
1684930 704
1684940 703
1684950 701
1684960 700
1684970 700
1684980 697
1684990 694
1685000 694
1685010 692
1685020 689
1685030 689
1685040 685
1685050 681
1685060 681
1685070 678
1685080 677
1685090 677
1685100 670
1685110 668
1685120 665
1685130 665
1685140 662
1685150 659
1685160 659
1685170 655
1685180 651
1685190 651
1685200 647
1685210 641
1685220 641
1685230 634
1685240 625
1685250 625
1685260 623
1685270 627
1685280 633
1685290 633
1685300 638
1685310 644
1685320 644
1685330 649
1685340 655
1685350 655
1685360 660
1685370 665
1685380 665
1685390 670
1685400 675
1685410 675
1685420 679
1685430 684
1685440 684
1685450 686
1685460 690
1685470 693
1685480 693
1685490 696
1685500 700
1685510 700
1685520 702
1685530 706
1685540 706
1685550 708
1685560 709
1685570 709
1685580 710
1685590 712
1685600 712
1685610 713
1685620 711
1685630 714
1685640 714
1685650 715
1685660 716
1685670 716
1685680 717
1685690 718
1685700 718
1685710 717
1685720 719
1685730 719
1685740 721
1685750 721
1685760 721
1685770 721
1685780 723
1685790 723
1685800 723
1685810 724
1685820 726
1685830 726
1685840 727
1685850 727
1685860 727
1685870 727
1685880 728
1685890 728
1685900 729
1685910 729
1685920 729
1685930 730
1685940 731
1685950 731
1685960 731
1685970 731
1685980 730
1685990 730
1686000 731
1686010 733
1686020 733
1686030 733
1686040 734
1686050 734
1686060 734
1686070 735
1686080 735
1686090 735
1686100 735
1686110 735
1686120 734
1686130 736
1686140 736
1686150 736
1686160 737
1686170 736
1686180 736
1686190 736
1686200 736
1686210 736
1686220 736
1686230 736
1686240 736
1686250 737
1686260 737
1686270 737
1686280 736
1686290 733
1686300 729
1686310 729
1686320 728
1686330 726
1686340 726
1686350 725
1686360 723
1686370 723
1686380 725
1686390 724
1686400 724
1686410 723
1686420 723
1686430 723
1686440 722
1686450 722
1686460 720
1686470 720
1686480 720
1686490 721
1686500 721
1686510 722
1686520 722
1686530 722
1686540 722
1686550 723
1686560 723
1686570 723
1686580 723
1686590 723
1686600 723
1686610 723
1686620 723
1686630 723
1686640 723
1686650 723
1686660 723
1686670 724
1686680 724
1686690 724
1686700 723
1686710 722
1686720 722
1686730 722
1686740 721
1686750 721
1686760 719
1686770 716
1686780 716
1686790 714
1686800 711
1686810 710
1686820 710
1686830 709
1686840 708
1686850 708
1686860 708
1686870 709
1686880 709
1686890 709
1686900 709
1686910 709
1686920 710
1686930 711
1686940 711
1686950 712
1686960 711
1686970 709
1686980 709
1686990 706
1687000 703
1687010 703
1687020 702
1687030 702
1687040 702
1687050 702
1687060 702
1687070 702
1687080 702
1687090 702
1687100 702
1687110 702
1687120 702
1687130 702
1687140 702
1687150 702
1687160 702
1687170 702
1687180 702
1687190 702
1687200 702
1687210 701
1687220 700
1687230 700
1687240 699
1687250 695
1687260 695
1687270 692
1687280 689
1687290 689
1687300 686
1687310 684
1687320 681
1687330 681
1687340 681
1687350 680
1687360 680
1687370 679
1687380 678
1687390 678
1687400 678
1687410 677
1687420 677
1687430 676
1687440 674
1687450 674
1687460 674
1687470 674
1687480 675
1687490 675
1687500 675
1687510 675
1687520 675
1687530 675
1687540 675
1687550 675
1687560 675
1687570 675
1687580 675
1687590 675
1687600 676
1687610 676
1687620 677
1687630 677
1687640 678
1687650 678
1687660 678
1687670 677
1687680 677
1687690 676
1687700 676
1687710 676
1687720 675
1687730 674
1687740 674
1687750 672
1687760 670
1687770 670
1687780 670
1687790 668
1687800 668
1687810 667
1687820 666
1687830 667
1687840 667
1687850 668
1687860 669
1687870 669
1687880 669
1687890 669
1687900 669
1687910 668
1687920 668
1687930 668
1687940 668
1687950 668
1687960 668
1687970 668
1687980 668
1687990 669
1688000 669
1688010 669
1688020 669
1688030 669
1688040 669
1688050 669
1688060 669
1688070 669
1688080 669
1688090 669
1688100 668
1688110 665
1688120 665
1688130 662
1688140 659
1688150 659
1688160 659
1688170 658
1688180 655
1688190 655
1688200 654
1688210 649
1688220 649
1688230 644
1688240 639
1688250 639
1688260 636
1688270 633
1688280 633
1688290 630
1688300 627
1688310 627
1688320 625
1688330 619
1688340 620
1688350 620
1688360 620
1688370 620
1688380 620
1688390 624
1688400 625
1688410 625
1688420 626
1688430 628
1688440 628
1688450 629
1688460 629
1688470 629
1688480 632
1688490 631
1688500 634
1688510 634
1688520 637
1688530 641
1688540 641
1688550 644
1688560 644
1688570 644
1688580 646
1688590 650
1688600 650
1688610 653
1688620 655
1688630 655
1688640 658
1688650 660
1688660 662
1688670 662
1688680 664
1688690 666
1688700 666
1688710 667
1688720 670
1688730 670
1688740 672
1688750 673
1688760 673
1688770 674
1688780 675
1688790 675
1688800 677
1688810 678
1688820 678
1688830 681
1688840 684
1688850 686
1688860 686
1688870 687
1688880 690
1688890 690
1688900 688
1688910 692
1688920 692
1688930 694
1688940 695
1688950 695
1688960 696
1688970 696
1688980 696
1688990 696
1689000 697
1689010 696
1689020 696
1689030 697
1689040 698
1689050 698
1689060 698
1689070 698
1689080 698
1689090 698
1689100 698
1689110 698
1689120 698
1689130 697
1689140 697
1689150 696
1689160 694
1689170 693
1689180 693
1689190 691
1689200 690
1689210 690
1689220 688
1689230 686
1689240 686
1689250 683
1689260 680
1689270 680
1689280 677
1689290 674
1689300 674
1689310 668
1689320 663
1689330 658
1689340 658
1689350 651
1689360 648
1689370 648
1689380 643
1689390 638
1689400 638
1689410 635
1689420 637
1689430 637
1689440 636
1689450 636
1689460 636
1689470 634
1689480 636
1689490 636
1689500 637
1689510 638
1689520 638
1689530 638
1689540 640
1689550 642
1689560 642
1689570 643
1689580 643
1689590 643
1689600 644
1689610 644
1689620 644
1689630 645
1689640 646
1689650 646
1689660 648
1689670 649
1689680 650
1689690 650
1689700 651
1689710 651
1689720 651
1689730 651
1689740 652
1689750 652
1689760 652
1689770 653
1689780 653
1689790 653
1689800 653
1689810 653
1689820 651
1689830 649
1689840 648
1689850 648
1689860 645
1689870 643
1689880 643
1689890 640
1689900 638
1689910 638
1689920 638
1689930 637
1689940 637
1689950 636
1689960 634
1689970 634
1689980 632
1689990 631
1690000 631
1690010 628
1690020 625
1690030 622
1690040 622
1690050 618
1690060 615
1690070 615
1690080 612
1690090 609
1690100 609
1690110 606
1690120 603
1690130 603
1690140 601
1690150 598
1690160 598
1690170 593
1690180 588
1690190 584
1690200 584
1690210 580
1690220 575
1690230 575
1690240 571
1690250 566
1690260 566
1690270 563
1690280 560
1690290 560
1690300 558
1690310 554
1690320 554
1690330 550
1690340 545
1690350 540
1690360 540
1690370 538
1690380 535
1690390 535
1690400 533
1690410 529
1690420 529
1690430 526
1690440 523
1690450 523
1690460 521
1690470 520
1690480 520
1690490 518
1690500 517
1690510 517
1690520 516
1690530 515
1690540 511
1690550 511
1690560 509
1690570 506
1690580 506
1690590 503
1690600 501
1690610 501
1690620 499
1690630 497
1690640 497
1690650 495
1690660 493
1690670 493
1690680 492
1690690 491
1690700 490
1690710 490
1690720 489
1690730 488
1690740 488
1690750 487
1690760 486
1690770 486
1690780 485
1690790 484
1690800 484
1690810 483
1690820 481
1690830 481
1690840 480
1690850 478
1690860 477
1690870 477
1690880 475
1690890 474
1690900 474
1690910 472
1690920 471
1690930 471
1690940 470
1690950 469
1690960 469
1690970 468
1690980 467
1690990 467
1691000 465
1691010 464
1691020 463
1691030 463
1691040 461
1691050 460
1691060 460
1691070 459
1691080 457
1691090 457
1691100 456
1691110 452
1691120 452
1691130 449
1691140 442
1691150 442
1691160 440
1691170 439
1691180 439
1691190 438
1691200 438
1691210 437
1691220 437
1691230 436
1691240 436
1691250 436
1691260 435
1691270 434
1691280 434
1691290 435
1691300 437
1691310 437
1691320 438
1691330 441
1691340 441
1691350 444
1691360 447
1691370 447
1691380 447
1691390 448
1691400 448
1691410 448
1691420 448
1691430 449
1691440 449
1691450 448
1691460 446
1691470 446
1691480 444
1691490 442
1691500 442
1691510 439
1691520 439
1691530 446
1691540 446
1691550 451
1691560 453
1691570 453
1691580 454
1691590 455
1691600 455
1691610 456
1691620 458
1691630 458
1691640 459
1691650 461
1691660 461
1691670 462
1691680 463
1691690 463
1691700 464
1691710 463
1691720 460
1691730 460
1691740 457
1691750 458
1691760 458
1691770 462
1691780 467
1691790 467
1691800 470
1691810 472
1691820 472
1691830 473
1691840 474
1691850 474
1691860 475
1691870 476
1691880 477
1691890 477
1691900 477
1691910 478
1691920 478
1691930 478
1691940 478
1691950 478
1691960 479
1691970 479
1691980 479
1691990 479
1692000 478
1692010 478
1692020 477
1692030 475
1692040 473
1692050 473
1692060 471
1692070 470
1692080 470
1692090 467
1692100 465
1692110 465
1692120 462
1692130 459
1692140 459
1692150 455
1692160 451
1692170 451
1692180 448
1692190 449
1692200 449
1692210 449
1692220 451
1692230 446
1692240 446
1692250 438
1692260 448
1692270 448
1692280 452
1692290 457
1692300 457
1692310 460
1692320 464
1692330 464
1692340 465
1692350 466
1692360 466
1692370 467
1692380 467
1692390 468
1692400 468
1692410 469
1692420 469
1692430 469
1692440 469
1692450 468
1692460 468
1692470 468
1692480 468
1692490 468
1692500 467
1692510 465
1692520 465
1692530 464
1692540 463
1692550 462
1692560 462
1692570 460
1692580 458
1692590 458
1692600 455
1692610 448
1692620 448
1692630 443
1692640 439
1692650 439
1692660 441
1692670 447
1692680 447
1692690 451
1692700 455
1692710 458
1692720 458
1692730 460
1692740 462
1692750 462
1692760 465
1692770 467
1692780 467
1692790 469
1692800 468
1692810 468
1692820 464
1692830 462
1692840 462
1692850 461
1692860 461
1692870 461
1692880 463
1692890 466
1692900 467
1692910 467
1692920 471
1692930 476
1692940 476
1692950 480
1692960 483
1692970 483
1692980 486
1692990 489
1693000 489
1693010 491
1693020 492
1693030 492
1693040 494
1693050 497
1693060 500
1693070 500
1693080 504
1693090 509
1693100 509
1693110 514
1693120 519
1693130 519
1693140 523
1693150 526
1693160 526
1693170 529
1693180 532
1693190 532
1693200 537
1693210 541
1693220 546
1693230 546
1693240 551
1693250 555
1693260 555
1693270 560
1693280 564
1693290 564
1693300 567
1693310 570
1693320 570
1693330 571
1693340 571
1693350 571
1693360 572
1693370 572
1693380 572
1693390 571
1693400 570
1693410 568
1693420 568
1693430 565
1693440 563
1693450 563
1693460 558
1693470 557
1693480 557
1693490 554
1693500 555
1693510 555
1693520 554
1693530 553
1693540 553
1693550 553
1693560 553
1693570 553
1693580 553
1693590 552
1693600 551
1693610 551
1693620 548
1693630 542
1693640 542
1693650 539
1693660 539
1693670 539
1693680 539
1693690 538
1693700 538
1693710 536
1693720 536
1693730 536
1693740 536
1693750 535
1693760 536
1693770 536
1693780 536
1693790 535
1693800 535
1693810 533
1693820 532
1693830 532
1693840 531
1693850 529
1693860 529
1693870 529
1693880 528
1693890 528
1693900 528
1693910 528
1693920 527
1693930 527
1693940 523
1693950 517
1693960 517
1693970 513
1693980 509
1693990 509
1694000 506
1694010 504
1694020 504
1694030 505
1694040 500
1694050 500
1694060 503
1694070 504
1694080 505
1694090 505
1694100 506
1694110 508
1694120 508
1694130 508
1694140 506
1694150 506
1694160 503
1694170 501
1694180 501
1694190 502
1694200 500
1694210 500
1694220 496
1694230 495
1694240 499
1694250 499
1694260 499
1694270 503
1694280 503
1694290 507
1694300 511
1694310 511
1694320 515
1694330 518
1694340 518
1694350 521
1694360 523
1694370 523
1694380 523
1694390 521
1694400 521
1694410 521
1694420 522
1694430 524
1694440 524
1694450 528
1694460 529
1694470 529
1694480 536
1694490 537
1694500 537
1694510 537
1694520 543
1694530 543
1694540 545
1694550 546
1694560 546
1694570 546
1694580 546
1694590 546
1694600 546
1694610 546
1694620 547
1694630 547
1694640 547
1694650 547
1694660 547
1694670 547
1694680 546
1694690 546
1694700 545
1694710 544
1694720 544
1694730 542
1694740 540
1694750 536
1694760 536
1694770 532
1694780 528
1694790 528
1694800 523
1694810 519
1694820 519
1694830 515
1694840 510
1694850 510
1694860 507
1694870 504
1694880 504
1694890 503
1694900 501
1694910 496
1694920 496
1694930 493
1694940 490
1694950 490
1694960 486
1694970 481
1694980 481
1694990 476
1695000 473
1695010 473
1695020 471
1695030 468
1695040 468
1695050 466
1695060 459
1695070 459
1695080 458
1695090 454
1695100 449
1695110 449
1695120 447
1695130 447
1695140 447
1695150 447
1695160 446
1695170 446
1695180 445
1695190 444
1695200 444
1695210 442
1695220 441
1695230 441
1695240 440
1695250 438
1695260 437
1695270 437
1695280 435
1695290 434
1695300 434
1695310 432
1695320 437
1695330 437
1695340 443
1695350 450
1695360 450
1695370 453
1695380 459
1695390 459
1695400 463
1695410 467
1695420 469
1695430 469
1695440 472
1695450 475
1695460 475
1695470 477
1695480 478
1695490 478
1695500 478
1695510 478
1695520 478
1695530 479
1695540 481
1695550 481
1695560 481
1695570 480
1695580 480
1695590 479
1695600 476
1695610 473
1695620 473
1695630 471
1695640 471
1695650 471
1695660 469
1695670 469
1695680 469
1695690 470
1695700 474
1695710 474
1695720 477
1695730 479
1695740 479
1695750 482
1695760 482
1695770 485
1695780 485
1695790 488
1695800 489
1695810 489
1695820 491
1695830 493
1695840 493
1695850 494
1695860 494
1695870 494
1695880 494
1695890 493
1695900 493
1695910 490
1695920 488
1695930 486
1695940 486
1695950 483
1695960 482
1695970 482
1695980 481
1695990 480
1696000 480
1696010 480
1696020 480
1696030 480
1696040 481
1696050 481
1696060 481
1696070 480
1696080 480
1696090 479
1696100 479
1696110 478
1696120 476
1696130 476
1696140 475
1696150 473
1696160 473
1696170 471
1696180 470
1696190 470
1696200 468
1696210 466
1696220 466
1696230 464
1696240 463
1696250 463
1696260 461
1696270 459
1696280 458
1696290 458
1696300 456
1696310 455
1696320 455
1696330 453
1696340 451
1696350 451
1696360 448
1696370 447
1696380 447
1696390 445
1696400 443
1696410 443
1696420 441
1696430 439
1696440 433
1696450 433
1696460 432
1696470 430
1696480 430
1696490 428
1696500 426
1696510 426
1696520 423
1696530 421
1696540 421
1696550 418
1696560 416
1696570 416
1696580 415
1696590 416
1696600 418
1696610 418
1696620 421
1696630 424
1696640 424
1696650 418
1696660 417
1696670 417
1696680 429
1696690 431
1696700 431
1696710 431
1696720 431
1696730 431
1696740 430
1696750 428
1696760 428
1696770 426
1696780 424
1696790 422
1696800 422
1696810 420
1696820 418
1696830 418
1696840 416
1696850 414
1696860 414
1696870 415
1696880 417
1696890 417
1696900 416
1696910 415
1696920 415
1696930 415
1696940 414
1696950 413
1696960 413
1696970 412
1696980 412
1696990 412
1697000 410
1697010 409
1697020 409
1697030 408
1697040 407
1697050 407
1697060 406
1697070 404
1697080 404
1697090 402
1697100 400
1697110 397
1697120 397
1697130 395
1697140 393
1697150 393
1697160 392
1697170 390
1697180 390
1697190 388
1697200 387
1697210 387
1697220 385
1697230 383
1697240 383
1697250 381
1697260 379
1697270 379
1697280 377
1697290 375
1697300 372
1697310 372
1697320 366
1697330 362
1697340 362
1697350 359
1697360 359
1697370 359
1697380 358
1697390 358
1697400 358
1697410 358
1697420 358
1697430 358
1697440 357
1697450 359
1697460 361
1697470 361
1697480 362
1697490 364
1697500 364
1697510 366
1697520 369
1697530 369
1697540 371
1697550 374
1697560 374
1697570 376
1697580 378
1697590 378
1697600 380
1697610 381
1697620 383
1697630 383
1697640 385
1697650 385
1697660 385
1697670 385
1697680 382
1697690 382
1697700 379
1697710 377
1697720 377
1697730 378
1697740 379
1697750 379
1697760 382
1697770 384
1697780 385
1697790 385
1697800 386
1697810 386
1697820 386
1697830 386
1697840 387
1697850 387
1697860 388
1697870 389
1697880 389
1697890 387
1697900 384
1697910 384
1697920 382
1697930 379
1697940 379
1697950 380
1697960 381
1697970 384
1697980 384
1697990 385
1698000 388
1698010 388
1698020 395
1698030 400
1698040 400
1698050 402
1698060 404
1698070 404
1698080 407
1698090 409
1698100 409
1698110 411
1698120 413
1698130 414
1698140 414
1698150 416
1698160 418
1698170 418
1698180 420
1698190 423
1698200 423
1698210 425
1698220 428
1698230 428
1698240 430
1698250 430
1698260 430
1698270 430
1698280 430
1698290 429
1698300 429
1698310 427
1698320 425
1698330 425
1698340 423
1698350 422
1698360 422
1698370 422
1698380 422
1698390 422
1698400 421
1698410 420
1698420 420
1698430 420
1698440 418
1698450 418
1698460 416
1698470 410
1698480 412
1698490 412
1698500 412
1698510 412
1698520 412
1698530 412
1698540 411
1698550 411
1698560 409
1698570 405
1698580 405
1698590 401
1698600 405
1698610 405
1698620 404
1698630 403
1698640 402
1698650 402
1698660 400
1698670 397
1698680 397
1698690 391
1698700 387
1698710 387
1698720 387
1698730 388
1698740 388
1698750 389
1698760 390
1698770 390
1698780 390
1698790 390
1698800 387
1698810 387
1698820 386
1698830 386
1698840 386
1698850 387
1698860 387
1698870 387
1698880 387
1698890 387
1698900 387
1698910 386
1698920 384
1698930 384
1698940 382
1698950 380
1698960 380
1698970 379
1698980 377
1698990 377
1699000 377
1699010 376
1699020 375
1699030 375
1699040 376
1699050 375
1699060 375
1699070 375
1699080 375
1699090 375
1699100 375
1699110 376
1699120 376
1699130 377
1699140 379
1699150 378
1699160 378
1699170 377
1699180 375
1699190 375
1699200 375
1699210 377
1699220 377
1699230 378
1699240 379
1699250 379
1699260 378
1699270 378
1699280 378
1699290 379
1699300 379
1699310 381
1699320 381
1699330 383
1699340 385
1699350 385
1699360 388
1699370 391
1699380 391
1699390 393
1699400 394
1699410 394
1699420 396
1699430 397
1699440 397
1699450 398
1699460 399
1699470 400
1699480 400
1699490 401
1699500 403
1699510 403
1699520 404
1699530 406
1699540 406
1699550 407
1699560 408
1699570 408
1699580 409
1699590 410
1699600 410
1699610 410
1699620 411
1699630 411
1699640 411
1699650 411
1699660 413
1699670 413
1699680 413
1699690 413
1699700 413
1699710 413
1699720 413
1699730 413
1699740 410
1699750 408
1699760 408
1699770 405
1699780 402
1699790 402
1699800 400
1699810 394
1699820 391
1699830 391
1699840 386
1699850 380
1699860 380
1699870 375
1699880 375
1699890 375
1699900 375
1699910 375
1699920 375
1699930 375
1699940 375
1699950 375
1699960 375
1699970 375
1699980 376
1699990 376
