1680000 1314
1680010 1311
1680020 1307
1680030 1305
1680040 1305
1680050 1301
1680060 1299
1680070 1299
1680080 1296
1680090 1292
1680100 1292
1680110 1290
1680120 1289
1680130 1289
1680140 1287
1680150 1287
1680160 1287
1680170 1282
1680180 1278
1680190 1276
1680200 1276
1680210 1275
1680220 1274
1680230 1274
1680240 1273
1680250 1272
1680260 1272
1680270 1273
1680280 1274
1680290 1274
1680300 1276
1680310 1277
1680320 1277
1680330 1277
1680340 1277
1680350 1277
1680360 1276
1680370 1275
1680380 1274
1680390 1274
1680400 1273
1680410 1272
1680420 1272
1680430 1271
1680440 1270
1680450 1270
1680460 1269
1680470 1267
1680480 1267
1680490 1266
1680500 1266
1680510 1266
1680520 1266
1680530 1265
1680540 1265
1680550 1265
1680560 1265
1680570 1264
1680580 1264
1680590 1264
1680600 1263
1680610 1263
1680620 1262
1680630 1262
1680640 1262
1680650 1261
1680660 1261
1680670 1261
1680680 1262
1680690 1263
1680700 1263
1680710 1263
1680720 1263
1680730 1262
1680740 1262
1680750 1262
1680760 1262
1680770 1262
1680780 1263
1680790 1263
1680800 1263
1680810 1264
1680820 1265
1680830 1265
1680840 1266
1680850 1267
1680860 1267
1680870 1268
1680880 1268
1680890 1269
1680900 1269
1680910 1269
1680920 1268
1680930 1268
1680940 1266
1680950 1264
1680960 1264
1680970 1262
1680980 1260
1680990 1260
1681000 1257
1681010 1255
1681020 1255
1681030 1252
1681040 1249
1681050 1249
1681060 1247
1681070 1244
1681080 1240
1681090 1240
1681100 1238
1681110 1236
1681120 1236
1681130 1234
1681140 1232
1681150 1232
1681160 1230
1681170 1228
1681180 1228
1681190 1225
1681200 1224
1681210 1224
1681220 1222
1681230 1219
1681240 1216
1681250 1216
1681260 1213
1681270 1210
1681280 1210
1681290 1208
1681300 1206
1681310 1206
1681320 1205
1681330 1204
1681340 1204
1681350 1202
1681360 1200
1681370 1200
1681380 1198
1681390 1195
1681400 1195
1681410 1195
1681420 1193
1681430 1191
1681440 1191
1681450 1190
1681460 1188
1681470 1188
1681480 1187
1681490 1186
1681500 1186
1681510 1186
1681520 1186
1681530 1186
1681540 1187
1681550 1187
1681560 1187
1681570 1185
1681580 1183
1681590 1182
1681600 1182
1681610 1180
1681620 1177
1681630 1177
1681640 1176
1681650 1173
1681660 1173
1681670 1170
1681680 1167
1681690 1167
1681700 1162
1681710 1157
1681720 1157
1681730 1152
1681740 1147
1681750 1144
1681760 1144
1681770 1141
1681780 1138
1681790 1138
1681800 1135
1681810 1132
1681820 1132
1681830 1130
1681840 1128
1681850 1128
1681860 1124
1681870 1118
1681880 1118
1681890 1113
1681900 1106
1681910 1106
1681920 1102
1681930 1104
1681940 1106
1681950 1106
1681960 1109
1681970 1114
1681980 1114
1681990 1114
1682000 1117
1682010 1117
1682020 1118
1682030 1119
1682040 1119
1682050 1120
1682060 1122
1682070 1122
1682080 1124
1682090 1125
1682100 1127
1682110 1127
1682120 1128
1682130 1128
1682140 1128
1682150 1129
1682160 1130
1682170 1130
1682180 1131
1682190 1132
1682200 1132
1682210 1133
1682220 1134
1682230 1134
1682240 1135
1682250 1136
1682260 1136
1682270 1137
1682280 1139
1682290 1139
1682300 1139
1682310 1140
1682320 1142
1682330 1142
1682340 1144
1682350 1142
1682360 1142
1682370 1140
1682380 1138
1682390 1138
1682400 1137
1682410 1135
1682420 1135
1682430 1133
1682440 1131
1682450 1129
1682460 1129
1682470 1127
1682480 1125
1682490 1125
1682500 1123
1682510 1123
1682520 1123
1682530 1120
1682540 1117
1682550 1117
1682560 1116
1682570 1113
1682580 1113
1682590 1111
1682600 1109
1682610 1109
1682620 1106
1682630 1104
1682640 1101
1682650 1101
1682660 1098
1682670 1096
1682680 1096
1682690 1095
1682700 1093
1682710 1093
1682720 1089
1682730 1086
1682740 1086
1682750 1081
1682760 1077
1682770 1077
1682780 1076
1682790 1075
1682800 1074
1682810 1074
1682820 1072
1682830 1071
1682840 1071
1682850 1070
1682860 1069
1682870 1069
1682880 1068
1682890 1067
1682900 1067
1682910 1065
1682920 1064
1682930 1064
1682940 1064
1682950 1063
1682960 1063
1682970 1061
1682980 1058
1682990 1055
1683000 1055
1683010 1051
1683020 1047
1683030 1047
1683040 1045
1683050 1042
1683060 1042
1683070 1041
1683080 1040
1683090 1040
1683100 1040
1683110 1038
1683120 1038
1683130 1035
1683140 1033
1683150 1032
1683160 1032
1683170 1029
1683180 1027
1683190 1027
1683200 1023
1683210 1020
1683220 1020
1683230 1017
1683240 1015
1683250 1015
1683260 1013
1683270 1012
1683280 1012
1683290 1011
1683300 1010
1683310 1004
1683320 1002
1683330 1000
1683340 998
1683350 998
1683360 999
1683370 996
1683380 996
1683390 994
1683400 993
1683410 993
1683420 994
1683430 994
1683440 994
1683450 994
1683460 993
1683470 993
1683480 991
1683490 991
1683500 989
1683510 989
1683520 988
1683530 985
1683540 985
1683550 983
1683560 981
1683570 981
1683580 980
1683590 977
1683600 977
1683610 974
1683620 973
1683630 973
1683640 970
1683650 967
1683660 967
1683670 966
1683680 964
1683690 962
1683700 962
1683710 960
1683720 958
1683730 958
1683740 955
1683750 953
1683760 953
1683770 954
1683780 954
1683790 954
1683800 953
1683810 950
1683820 950
1683830 946
1683840 943
1683850 940
1683860 940
1683870 938
1683880 935
1683890 935
1683900 933
1683910 931
1683920 931
1683930 929
1683940 927
1683950 927
1683960 925
1683970 924
1683980 924
1683990 922
1684000 920
1684010 920
1684020 919
1684030 917
1684040 915
1684050 915
1684060 912
1684070 910
1684080 910
1684090 910
1684100 908
1684110 908
1684120 907
1684130 906
1684140 906
1684150 903
1684160 901
1684170 901
1684180 900
1684190 899
1684200 897
1684210 897
1684220 897
1684230 896
1684240 896
1684250 893
1684260 889
1684270 889
1684280 887
1684290 885
1684300 885
1684310 883
1684320 881
1684330 881
1684340 879
1684350 877
1684360 877
1684370 875
1684380 874
1684390 874
1684400 874
1684410 874
1684420 874
1684430 874
1684440 874
1684450 873
1684460 873
1684470 873
1684480 873
1684490 873
1684500 873
1684510 872
1684520 872
1684530 872
1684540 871
1684550 873
1684560 873
1684570 877
1684580 878
1684590 878
1684600 879
1684610 879
1684620 879
1684630 876
1684640 873
1684650 873
1684660 869
1684670 864
1684680 864
1684690 862
1684700 857
1684710 857
1684720 853
1684730 846
1684740 841
1684750 841
1684760 835
1684770 828
1684780 828
1684790 823
1684800 817
1684810 817
1684820 811
1684830 803
1684840 803
1684850 798
1684860 792
1684870 792
1684880 785
1684890 780
1684900 775
1684910 775
1684920 770
1684930 763
1684940 763
1684950 757
1684960 750
1684970 750
1684980 742
1684990 735
1685000 735
1685010 726
1685020 721
1685030 721
1685040 715
1685050 708
1685060 708
1685070 702
1685080 698
1685090 693
1685100 693
1685110 688
1685120 682
1685130 682
1685140 674
1685150 666
1685160 666
1685170 658
1685180 651
1685190 651
1685200 644
1685210 637
1685220 637
1685230 634
1685240 630
1685250 626
1685260 626
1685270 620
1685280 615
1685290 615
1685300 610
1685310 607
1685320 607
1685330 603
1685340 598
1685350 598
1685360 590
1685370 584
1685380 584
1685390 581
1685400 580
1685410 580
1685420 580
1685430 580
1685440 579
1685450 579
1685460 579
1685470 579
1685480 579
1685490 581
1685500 581
1685510 581
1685520 581
1685530 583
1685540 583
1685550 584
1685560 586
1685570 586
1685580 592
1685590 594
1685600 598
1685610 598
1685620 606
1685630 606
1685640 606
1685650 606
1685660 607
1685670 607
1685680 609
1685690 609
1685700 609
1685710 609
1685720 607
1685730 607
1685740 606
1685750 606
1685760 607
1685770 607
1685780 609
1685790 611
1685800 611
1685810 615
1685820 623
1685830 623
1685840 631
1685850 637
1685860 637
1685870 643
1685880 649
1685890 649
1685900 655
1685910 663
1685920 663
1685930 672
1685940 676
1685950 683
1685960 683
1685970 686
1685980 691
1685990 691
1686000 696
1686010 700
1686020 700
1686030 703
1686040 707
1686050 707
1686060 710
1686070 715
1686080 715
1686090 719
1686100 722
1686110 727
1686120 727
1686130 731
1686140 732
1686150 732
1686160 735
1686170 739
1686180 739
1686190 741
1686200 742
1686210 742
1686220 745
1686230 749
1686240 749
1686250 757
1686260 765
1686270 765
1686280 772
1686290 777
1686300 781
1686310 781
1686320 783
1686330 785
1686340 785
1686350 787
1686360 789
1686370 789
1686380 793
1686390 798
1686400 798
1686410 802
1686420 807
1686430 807
1686440 812
1686450 817
1686460 821
1686470 821
1686480 825
1686490 830
1686500 830
1686510 833
1686520 837
1686530 837
1686540 840
1686550 844
1686560 844
1686570 848
1686580 850
1686590 850
1686600 853
1686610 857
1686620 857
1686630 860
1686640 862
1686650 865
1686660 865
1686670 867
1686680 869
1686690 869
1686700 871
1686710 873
1686720 873
1686730 874
1686740 877
1686750 877
1686760 879
1686770 880
1686780 880
1686790 881
1686800 881
1686810 879
1686820 879
1686830 875
1686840 874
1686850 874
1686860 874
1686870 873
1686880 873
1686890 875
1686900 876
1686910 876
1686920 876
1686930 879
1686940 879
1686950 885
1686960 890
1686970 890
1686980 894
1686990 899
1687000 903
1687010 903
1687020 906
1687030 911
1687040 911
1687050 915
1687060 917
1687070 917
1687080 920
1687090 922
1687100 922
1687110 924
1687120 927
1687130 927
1687140 928
1687150 928
1687160 927
1687170 927
1687180 926
1687190 924
1687200 924
1687210 922
1687220 919
1687230 919
1687240 917
1687250 913
1687260 913
1687270 908
1687280 907
1687290 907
1687300 906
1687310 906
1687320 906
1687330 906
1687340 905
1687350 904
1687360 904
1687370 905
1687380 906
1687390 906
1687400 907
1687410 908
1687420 908
1687430 909
1687440 909
1687450 909
1687460 909
1687470 908
1687480 908
1687490 906
1687500 905
1687510 904
1687520 904
1687530 903
1687540 902
1687550 902
1687560 899
1687570 898
1687580 898
1687590 896
1687600 894
1687610 894
1687620 892
1687630 891
1687640 891
1687650 888
1687660 886
1687670 886
1687680 884
1687690 882
1687700 878
1687710 878
1687720 875
1687730 874
1687740 874
1687750 870
1687760 868
1687770 868
1687780 865
1687790 863
1687800 863
1687810 862
1687820 860
1687830 860
1687840 858
1687850 857
1687860 857
1687870 857
1687880 856
1687890 856
1687900 856
1687910 855
1687920 855
1687930 855
1687940 855
1687950 854
1687960 854
1687970 854
1687980 855
1687990 855
1688000 855
1688010 855
1688020 855
1688030 855
1688040 855
1688050 853
1688060 853
1688070 850
1688080 847
1688090 847
1688100 843
1688110 838
1688120 838
1688130 832
1688140 825
1688150 825
1688160 819
1688170 815
1688180 815
1688190 810
1688200 806
1688210 805
1688220 805
1688230 801
1688240 798
1688250 798
1688260 796
1688270 793
1688280 793
1688290 790
1688300 787
1688310 787
1688320 786
1688330 784
1688340 784
1688350 781
1688360 778
1688370 778
1688380 773
1688390 770
1688400 767
1688410 767
1688420 765
1688430 763
1688440 763
1688450 761
1688460 758
1688470 758
1688480 757
1688490 754
1688500 754
1688510 753
1688520 750
1688530 750
1688540 747
1688550 744
1688560 739
1688570 739
1688580 734
1688590 730
1688600 730
1688610 727
1688620 723
1688630 723
1688640 722
1688650 720
1688660 720
1688670 718
1688680 716
1688690 716
1688700 713
1688710 710
1688720 710
1688730 707
1688740 705
1688750 703
1688760 703
1688770 701
1688780 700
1688790 700
1688800 699
1688810 698
1688820 698
1688830 697
1688840 695
1688850 695
1688860 693
1688870 690
1688880 690
1688890 688
1688900 687
1688910 685
1688920 685
1688930 685
1688940 684
1688950 684
1688960 683
1688970 681
1688980 681
1688990 680
1689000 678
1689010 678
1689020 676
1689030 674
1689040 674
1689050 672
1689060 670
1689070 668
1689080 668
1689090 665
1689100 662
1689110 662
1689120 660
1689130 658
1689140 658
1689150 655
1689160 653
1689170 653
1689180 651
1689190 650
1689200 650
1689210 648
1689220 647
1689230 647
1689240 645
1689250 642
1689260 638
1689270 638
1689280 631
1689290 622
1689300 622
1689310 616
1689320 617
1689330 617
1689340 615
1689350 612
1689360 612
1689370 611
1689380 610
1689390 610
1689400 608
1689410 606
1689420 602
1689430 602
1689440 598
1689450 595
1689460 595
1689470 592
1689480 591
1689490 591
1689500 596
1689510 598
1689520 598
1689530 600
1689540 603
1689550 603
1689560 604
1689570 604
1689580 604
1689590 605
1689600 606
1689610 607
1689620 607
1689630 608
1689640 608
1689650 608
1689660 609
1689670 610
1689680 610
1689690 611
1689700 613
1689710 613
1689720 615
1689730 617
1689740 617
1689750 618
1689760 618
1689770 617
1689780 617
1689790 619
1689800 618
1689810 618
1689820 618
1689830 618
1689840 618
1689850 616
1689860 616
1689870 616
1689880 615
1689890 613
1689900 613
1689910 612
1689920 610
1689930 610
1689940 608
1689950 606
1689960 603
1689970 603
1689980 598
1689990 595
1690000 595
1690010 592
1690020 590
1690030 590
1690040 588
1690050 585
1690060 585
1690070 582
1690080 578
1690090 578
1690100 575
1690110 571
1690120 569
1690130 569
1690140 568
1690150 567
1690160 567
1690170 566
1690180 565
1690190 565
1690200 563
1690210 563
1690220 563
1690230 562
1690240 560
1690250 560
1690260 560
1690270 559
1690280 559
1690290 558
1690300 557
1690310 556
1690320 556
1690330 555
1690340 553
1690350 553
1690360 551
1690370 550
1690380 550
1690390 547
1690400 544
1690410 544
1690420 541
1690430 538
1690440 538
1690450 536
1690460 533
1690470 530
1690480 530
1690490 525
1690500 525
1690510 525
1690520 523
1690530 520
1690540 520
1690550 518
1690560 515
1690570 515
1690580 512
1690590 508
1690600 508
1690610 506
1690620 504
1690630 504
1690640 499
1690650 500
1690660 497
1690670 497
1690680 495
1690690 492
1690700 492
1690710 489
1690720 483
1690730 483
1690740 480
1690750 475
1690760 475
1690770 471
1690780 468
1690790 468
1690800 471
1690810 471
1690820 473
1690830 473
1690840 473
1690850 473
1690860 473
1690870 473
1690880 472
1690890 472
1690900 472
1690910 471
1690920 471
1690930 470
1690940 470
1690950 470
1690960 470
1690970 470
1690980 470
1690990 467
1691000 468
1691010 466
1691020 466
1691030 465
1691040 463
1691050 463
1691060 461
1691070 458
1691080 458
1691090 456
1691100 453
1691110 453
1691120 451
1691130 448
1691140 448
1691150 445
1691160 442
1691170 440
1691180 440
1691190 437
1691200 435
1691210 435
1691220 433
1691230 430
1691240 430
1691250 428
1691260 427
1691270 427
1691280 425
1691290 425
1691300 425
1691310 424
1691320 424
1691330 424
1691340 423
1691350 423
1691360 423
1691370 423
1691380 423
1691390 423
1691400 423
1691410 423
1691420 422
1691430 422
1691440 422
1691450 422
1691460 422
1691470 422
1691480 422
1691490 422
1691500 422
1691510 421
1691520 421
1691530 421
1691540 421
1691550 421
1691560 421
1691570 421
1691580 420
1691590 420
1691600 420
1691610 420
1691620 420
1691630 420
1691640 420
1691650 420
1691660 419
1691670 419
1691680 419
1691690 418
1691700 420
1691710 419
1691720 419
1691730 419
1691740 419
1691750 419
1691760 419
1691770 419
1691780 419
1691790 419
1691800 419
1691810 419
1691820 418
1691830 418
1691840 418
1691850 418
1691860 418
1691870 418
1691880 418
1691890 419
1691900 419
1691910 419
1691920 419
1691930 419
1691940 419
1691950 419
1691960 420
1691970 420
1691980 421
1691990 421
1692000 421
1692010 422
1692020 423
1692030 423
1692040 425
1692050 428
1692060 432
1692070 432
1692080 435
1692090 438
1692100 438
1692110 440
1692120 443
1692130 443
1692140 445
1692150 446
1692160 446
1692170 448
1692180 451
1692190 451
1692200 452
1692210 454
1692220 455
1692230 455
1692240 456
1692250 454
1692260 454
1692270 451
1692280 449
1692290 449
1692300 450
1692310 452
1692320 452
1692330 451
1692340 452
1692350 452
1692360 454
1692370 456
1692380 456
1692390 459
1692400 461
1692410 463
1692420 463
1692430 466
1692440 467
1692450 467
1692460 469
1692470 471
1692480 471
1692490 472
1692500 474
1692510 474
1692520 474
1692530 473
1692540 473
1692550 473
1692560 472
1692570 470
1692580 470
1692590 468
1692600 467
1692610 467
1692620 466
1692630 464
1692640 464
1692650 462
1692660 460
1692670 460
1692680 458
1692690 456
1692700 456
1692710 455
1692720 454
1692730 454
1692740 453
1692750 453
1692760 453
1692770 453
1692780 454
1692790 455
1692800 455
1692810 455
1692820 456
1692830 456
1692840 457
1692850 457
1692860 457
1692870 458
1692880 458
1692890 458
1692900 458
1692910 458
1692920 458
1692930 458
1692940 457
1692950 457
1692960 457
1692970 456
1692980 455
1692990 455
1693000 454
1693010 451
1693020 451
1693030 449
1693040 449
1693050 449
1693060 449
1693070 446
1693080 444
1693090 444
1693100 439
1693110 437
1693120 437
1693130 435
1693140 432
1693150 432
1693160 430
1693170 428
1693180 428
1693190 431
1693200 433
1693210 433
1693220 433
1693230 434
1693240 434
1693250 434
1693260 433
1693270 433
1693280 433
1693290 432
1693300 431
1693310 431
1693320 430
1693330 429
1693340 429
1693350 427
1693360 424
1693370 424
1693380 423
1693390 419
1693400 419
1693410 416
1693420 415
1693430 414
1693440 414
1693450 414
1693460 416
1693470 416
1693480 416
1693490 416
1693500 416
1693510 416
1693520 417
1693530 417
1693540 416
1693550 412
1693560 412
1693570 412
1693580 411
1693590 411
1693600 411
1693610 410
1693620 409
1693630 409
1693640 408
1693650 407
1693660 407
1693670 405
1693680 403
1693690 403
1693700 401
1693710 400
1693720 400
1693730 399
1693740 397
1693750 397
1693760 396
1693770 397
1693780 395
1693790 395
1693800 394
1693810 393
1693820 393
1693830 393
1693840 392
1693850 392
1693860 392
1693870 392
1693880 392
1693890 392
1693900 392
1693910 392
1693920 392
1693930 392
1693940 392
1693950 392
1693960 391
1693970 391
1693980 391
1693990 391
1694000 391
1694010 391
1694020 391
1694030 390
1694040 390
1694050 390
1694060 390
1694070 390
1694080 389
1694090 389
1694100 389
1694110 389
1694120 389
1694130 388
1694140 388
1694150 387
1694160 387
1694170 387
1694180 387
1694190 387
1694200 387
1694210 387
1694220 386
1694230 386
1694240 386
1694250 385
1694260 385
1694270 385
1694280 385
1694290 385
1694300 385
1694310 383
1694320 383
1694330 383
1694340 382
1694350 381
1694360 381
1694370 382
1694380 380
1694390 380
1694400 379
1694410 379
1694420 379
1694430 379
1694440 380
1694450 380
1694460 380
1694470 379
1694480 379
1694490 379
1694500 379
1694510 379
1694520 379
1694530 379
1694540 380
1694550 380
1694560 380
1694570 384
1694580 384
1694590 388
1694600 389
1694610 389
1694620 389
1694630 393
1694640 393
1694650 395
1694660 398
1694670 400
1694680 400
1694690 402
1694700 403
1694710 403
1694720 404
1694730 405
1694740 405
1694750 405
1694760 404
1694770 404
1694780 403
1694790 401
1694800 401
1694810 399
1694820 398
1694830 396
1694840 396
1694850 395
1694860 394
1694870 394
1694880 394
1694890 393
1694900 393
1694910 393
1694920 392
1694930 392
1694940 392
1694950 392
1694960 392
1694970 391
1694980 392
1694990 392
1695000 392
1695010 391
1695020 391
1695030 391
1695040 391
1695050 391
1695060 391
1695070 391
1695080 390
1695090 390
1695100 390
1695110 390
1695120 390
1695130 390
1695140 390
1695150 390
1695160 390
1695170 390
1695180 390
1695190 390
1695200 389
1695210 389
1695220 389
1695230 388
1695240 388
1695250 388
1695260 387
1695270 387
1695280 387
1695290 386
1695300 386
1695310 386
1695320 385
1695330 385
1695340 385
1695350 384
1695360 384
1695370 383
1695380 383
1695390 383
1695400 382
1695410 382
1695420 383
1695430 382
1695440 382
1695450 381
1695460 381
1695470 381
1695480 380
1695490 380
1695500 380
1695510 380
1695520 379
1695530 379
1695540 379
1695550 380
1695560 380
1695570 380
1695580 380
1695590 380
1695600 380
1695610 380
1695620 381
1695630 381
1695640 380
1695650 380
1695660 380
1695670 380
1695680 380
1695690 380
1695700 380
1695710 380
1695720 379
1695730 379
1695740 379
1695750 379
1695760 379
1695770 378
1695780 378
1695790 378
1695800 378
1695810 378
1695820 378
1695830 378
1695840 377
1695850 377
1695860 377
1695870 377
1695880 377
1695890 377
1695900 376
1695910 376
1695920 376
1695930 376
1695940 376
1695950 376
1695960 375
1695970 375
1695980 375
1695990 375
1696000 374
1696010 374
1696020 374
1696030 374
1696040 374
1696050 373
1696060 373
1696070 373
1696080 373
1696090 373
1696100 372
1696110 372
1696120 372
1696130 372
1696140 372
1696150 371
1696160 371
1696170 371
1696180 371
1696190 371
1696200 371
1696210 370
1696220 370
1696230 370
1696240 370
1696250 370
1696260 370
1696270 370
1696280 370
1696290 370
1696300 370
1696310 369
1696320 369
1696330 369
1696340 369
1696350 369
1696360 369
1696370 369
1696380 369
1696390 369
1696400 369
1696410 369
1696420 368
1696430 368
1696440 368
1696450 368
1696460 368
1696470 368
1696480 368
1696490 368
1696500 368
1696510 368
1696520 368
1696530 368
1696540 367
1696550 367
1696560 367
1696570 367
1696580 367
1696590 367
1696600 367
1696610 367
1696620 367
1696630 367
1696640 367
1696650 367
1696660 367
1696670 367
1696680 367
1696690 367
1696700 366
1696710 366
1696720 366
1696730 366
1696740 366
1696750 366
1696760 366
1696770 366
1696780 366
1696790 366
1696800 366
1696810 366
1696820 365
1696830 365
1696840 365
1696850 365
1696860 365
1696870 365
1696880 365
1696890 365
1696900 365
1696910 365
1696920 365
1696930 364
1696940 364
1696950 364
1696960 364
1696970 364
1696980 364
1696990 364
1697000 364
1697010 364
1697020 364
1697030 364
1697040 364
1697050 364
1697060 364
1697070 363
1697080 363
1697090 363
1697100 363
1697110 363
1697120 363
1697130 363
1697140 363
1697150 363
1697160 363
1697170 363
1697180 362
1697190 362
1697200 362
1697210 362
1697220 362
1697230 362
1697240 362
1697250 362
1697260 362
1697270 362
1697280 362
1697290 362
1697300 362
1697310 361
1697320 361
1697330 361
1697340 361
1697350 361
1697360 361
1697370 361
1697380 361
1697390 361
1697400 361
1697410 361
1697420 361
1697430 361
1697440 361
1697450 361
1697460 361
1697470 361
1697480 361
1697490 361
1697500 361
1697510 361
1697520 360
1697530 360
1697540 360
1697550 360
1697560 360
1697570 360
1697580 360
1697590 359
1697600 359
1697610 359
1697620 359
1697630 359
1697640 359
1697650 359
1697660 358
1697670 358
1697680 358
1697690 358
1697700 358
1697710 358
1697720 358
1697730 358
1697740 357
1697750 357
1697760 357
1697770 356
1697780 356
1697790 354
1697800 354
1697810 355
1697820 356
1697830 356
1697840 356
1697850 353
1697860 353
1697870 352
1697880 352
1697890 352
1697900 354
1697910 355
1697920 355
1697930 356
1697940 356
1697950 356
1697960 356
1697970 354
1697980 347
1697990 347
1698000 346
1698010 345
1698020 345
1698030 344
1698040 346
1698050 346
1698060 346
1698070 346
1698080 346
1698090 346
1698100 346
1698110 346
1698120 346
1698130 346
1698140 346
1698150 346
1698160 346
1698170 346
1698180 346
1698190 346
1698200 346
1698210 346
1698220 346
1698230 345
1698240 345
1698250 346
1698260 346
1698270 346
1698280 346
1698290 347
1698300 347
1698310 348
1698320 350
1698330 350
1698340 350
1698350 353
1698360 355
1698370 355
1698380 356
1698390 357
1698400 357
1698410 359
1698420 360
1698430 360
1698440 362
1698450 363
1698460 363
1698470 365
1698480 368
1698490 372
1698500 372
1698510 374
1698520 376
1698530 376
1698540 381
1698550 382
1698560 382
1698570 383
1698580 378
1698590 378
1698600 376
1698610 378
1698620 378
1698630 381
1698640 385
1698650 385
1698660 391
1698670 393
1698680 391
1698690 391
1698700 390
1698710 387
1698720 387
1698730 386
1698740 384
1698750 384
1698760 382
1698770 379
1698780 379
1698790 377
1698800 375
1698810 375
1698820 372
1698830 370
1698840 368
1698850 368
1698860 367
1698870 366
1698880 366
1698890 365
1698900 362
1698910 362
1698920 360
1698930 358
1698940 358
1698950 355
1698960 347
1698970 347
1698980 346
1698990 346
1699000 346
1699010 346
1699020 346
1699030 348
1699040 348
1699050 349
1699060 351
1699070 351
1699080 355
1699090 359
1699100 359
1699110 363
1699120 365
1699130 365
1699140 367
1699150 369
1699160 369
1699170 370
1699180 369
1699190 367
1699200 367
1699210 364
1699220 362
1699230 362
1699240 360
1699250 360
1699260 360
1699270 360
1699280 360
1699290 360
1699300 359
1699310 355
1699320 355
1699330 355
1699340 355
1699350 355
1699360 356
1699370 356
1699380 358
1699390 358
1699400 359
1699410 364
1699420 364
1699430 366
1699440 374
1699450 374
1699460 373
1699470 372
1699480 372
1699490 373
1699500 375
1699510 375
1699520 379
1699530 380
1699540 379
1699550 379
1699560 380
1699570 383
1699580 383
1699590 385
1699600 385
1699610 385
1699620 390
1699630 392
1699640 392
1699650 395
1699660 397
1699670 397
1699680 399
1699690 402
1699700 402
1699710 405
1699720 406
1699730 407
1699740 407
1699750 407
1699760 406
1699770 406
1699780 405
1699790 406
1699800 406
1699810 407
1699820 407
1699830 407
1699840 406
1699850 406
1699860 406
1699870 406
1699880 406
1699890 406
1699900 406
1699910 404
1699920 401
1699930 401
1699940 398
1699950 397
1699960 397
1699970 397
1699980 400
1699990 400
