1680000 1306
1680010 1305
1680020 1304
1680030 1303
1680040 1303
1680050 1302
1680060 1298
1680070 1298
1680080 1295
1680090 1292
1680100 1292
1680110 1290
1680120 1287
1680130 1287
1680140 1285
1680150 1284
1680160 1284
1680170 1283
1680180 1281
1680190 1281
1680200 1279
1680210 1276
1680220 1274
1680230 1274
1680240 1271
1680250 1267
1680260 1267
1680270 1262
1680280 1259
1680290 1259
1680300 1254
1680310 1249
1680320 1249
1680330 1244
1680340 1238
1680350 1238
1680360 1234
1680370 1230
1680380 1226
1680390 1226
1680400 1222
1680410 1218
1680420 1218
1680430 1214
1680440 1211
1680450 1211
1680460 1209
1680470 1208
1680480 1208
1680490 1208
1680500 1207
1680510 1207
1680520 1205
1680530 1203
1680540 1203
1680550 1202
1680560 1202
1680570 1201
1680580 1201
1680590 1201
1680600 1201
1680610 1201
1680620 1199
1680630 1198
1680640 1198
1680650 1196
1680660 1193
1680670 1193
1680680 1191
1680690 1188
1680700 1188
1680710 1187
1680720 1187
1680730 1186
1680740 1186
1680750 1185
1680760 1184
1680770 1184
1680780 1184
1680790 1184
1680800 1184
1680810 1184
1680820 1182
1680830 1182
1680840 1182
1680850 1182
1680860 1182
1680870 1182
1680880 1182
1680890 1182
1680900 1184
1680910 1185
1680920 1186
1680930 1186
1680940 1187
1680950 1188
1680960 1188
1680970 1188
1680980 1189
1680990 1189
1681000 1190
1681010 1193
1681020 1193
1681030 1197
1681040 1200
1681050 1200
1681060 1204
1681070 1204
1681080 1206
1681090 1206
1681100 1207
1681110 1208
1681120 1208
1681130 1209
1681140 1211
1681150 1211
1681160 1212
1681170 1212
1681180 1212
1681190 1212
1681200 1213
1681210 1213
1681220 1214
1681230 1214
1681240 1214
1681250 1214
1681260 1212
1681270 1210
1681280 1210
1681290 1209
1681300 1207
1681310 1207
1681320 1204
1681330 1201
1681340 1201
1681350 1193
1681360 1190
1681370 1190
1681380 1187
1681390 1184
1681400 1184
1681410 1182
1681420 1179
1681430 1176
1681440 1176
1681450 1173
1681460 1168
1681470 1168
1681480 1165
1681490 1160
1681500 1160
1681510 1156
1681520 1153
1681530 1153
1681540 1151
1681550 1148
1681560 1148
1681570 1145
1681580 1142
1681590 1138
1681600 1138
1681610 1135
1681620 1132
1681630 1132
1681640 1127
1681650 1123
1681660 1123
1681670 1118
1681680 1112
1681690 1112
1681700 1106
1681710 1100
1681720 1100
1681730 1097
1681740 1095
1681750 1095
1681760 1093
1681770 1091
1681780 1089
1681790 1089
1681800 1087
1681810 1084
1681820 1084
1681830 1080
1681840 1074
1681850 1074
1681860 1070
1681870 1067
1681880 1067
1681890 1063
1681900 1060
1681910 1060
1681920 1059
1681930 1058
1681940 1054
1681950 1054
1681960 1048
1681970 1044
1681980 1044
1681990 1041
1682000 1036
1682010 1036
1682020 1034
1682030 1033
1682040 1033
1682050 1033
1682060 1035
1682070 1035
1682080 1039
1682090 1042
1682100 1042
1682110 1046
1682120 1048
1682130 1051
1682140 1051
1682150 1053
1682160 1055
1682170 1055
1682180 1056
1682190 1058
1682200 1058
1682210 1058
1682220 1058
1682230 1058
1682240 1059
1682250 1059
1682260 1059
1682270 1061
1682280 1062
1682290 1063
1682300 1063
1682310 1064
1682320 1064
1682330 1064
1682340 1064
1682350 1063
1682360 1063
1682370 1063
1682380 1063
1682390 1063
1682400 1062
1682410 1060
1682420 1060
1682430 1059
1682440 1055
1682450 1055
1682460 1053
1682470 1049
1682480 1048
1682490 1048
1682500 1046
1682510 1044
1682520 1044
1682530 1043
1682540 1042
1682550 1042
1682560 1040
1682570 1037
1682580 1037
1682590 1034
1682600 1032
1682610 1032
1682620 1030
1682630 1031
1682640 1029
1682650 1029
1682660 1026
1682670 1023
1682680 1023
1682690 1020
1682700 1017
1682710 1017
1682720 1013
1682730 1010
1682740 1010
1682750 1006
1682760 1002
1682770 1002
1682780 998
1682790 994
1682800 994
1682810 990
1682820 987
1682830 983
1682840 983
1682850 980
1682860 977
1682870 977
1682880 973
1682890 968
1682900 968
1682910 963
1682920 959
1682930 959
1682940 954
1682950 951
1682960 951
1682970 947
1682980 942
1682990 938
1683000 938
1683010 934
1683020 927
1683030 927
1683040 922
1683050 924
1683060 924
1683070 922
1683080 922
1683090 922
1683100 922
1683110 921
1683120 921
1683130 921
1683140 920
1683150 920
1683160 919
1683170 917
1683180 915
1683190 915
1683200 914
1683210 913
1683220 913
1683230 909
1683240 905
1683250 905
1683260 904
1683270 903
1683280 903
1683290 901
1683300 899
1683310 899
1683320 897
1683330 896
1683340 893
1683350 893
1683360 892
1683370 891
1683380 891
1683390 891
1683400 890
1683410 890
1683420 889
1683430 888
1683440 888
1683450 886
1683460 885
1683470 885
1683480 885
1683490 884
1683500 884
1683510 883
1683520 882
1683530 881
1683540 881
1683550 878
1683560 876
1683570 876
1683580 874
1683590 873
1683600 873
1683610 871
1683620 868
1683630 868
1683640 868
1683650 865
1683660 865
1683670 863
1683680 862
1683690 860
1683700 860
1683710 859
1683720 857
1683730 857
1683740 856
1683750 855
1683760 855
1683770 854
1683780 853
1683790 853
1683800 853
1683810 853
1683820 853
1683830 853
1683840 853
1683850 853
1683860 853
1683870 854
1683880 855
1683890 855
1683900 853
1683910 850
1683920 850
1683930 846
1683940 842
1683950 842
1683960 839
1683970 835
1683980 835
1683990 831
1684000 827
1684010 827
1684020 821
1684030 815
1684040 808
1684050 808
1684060 801
1684070 794
1684080 794
1684090 788
1684100 783
1684110 783
1684120 781
1684130 781
1684140 781
1684150 783
1684160 788
1684170 788
1684180 790
1684190 789
1684200 789
1684210 791
1684220 791
1684230 789
1684240 789
1684250 789
1684260 787
1684270 787
1684280 785
1684290 784
1684300 784
1684310 783
1684320 782
1684330 782
1684340 781
1684350 780
1684360 780
1684370 778
1684380 777
1684390 774
1684400 774
1684410 770
1684420 767
1684430 767
1684440 762
1684450 758
1684460 758
1684470 758
1684480 759
1684490 759
1684500 761
1684510 763
1684520 763
1684530 765
1684540 767
1684550 767
1684560 769
1684570 771
1684580 774
1684590 774
1684600 775
1684610 775
1684620 775
1684630 777
1684640 779
1684650 779
1684660 782
1684670 783
1684680 783
1684690 784
1684700 784
1684710 784
1684720 783
1684730 783
1684740 782
1684750 782
1684760 781
1684770 779
1684780 779
1684790 777
1684800 776
1684810 776
1684820 776
1684830 776
1684840 776
1684850 775
1684860 771
1684870 771
1684880 769
1684890 767
1684900 767
1684910 764
1684920 764
1684930 763
1684940 763
1684950 762
1684960 760
1684970 760
1684980 757
1684990 755
1685000 755
1685010 753
1685020 749
1685030 749
1685040 745
1685050 743
1685060 743
1685070 741
1685080 739
1685090 738
1685100 738
1685110 736
1685120 734
1685130 734
1685140 731
1685150 728
1685160 728
1685170 727
1685180 726
1685190 726
1685200 725
1685210 722
1685220 722
1685230 719
1685240 718
1685250 718
1685260 726
1685270 720
1685280 719
1685290 719
1685300 704
1685310 697
1685320 697
1685330 693
1685340 690
1685350 690
1685360 687
1685370 681
1685380 681
1685390 674
1685400 665
1685410 665
1685420 657
1685430 650
1685440 642
1685450 642
1685460 635
1685470 629
1685480 629
1685490 623
1685500 619
1685510 619
1685520 618
1685530 619
1685540 619
1685550 606
1685560 597
1685570 597
1685580 591
1685590 586
1685600 586
1685610 586
1685620 586
1685630 589
1685640 589
1685650 590
1685660 594
1685670 594
1685680 597
1685690 602
1685700 602
1685710 616
1685720 625
1685730 625
1685740 627
1685750 627
1685760 627
1685770 632
1685780 637
1685790 641
1685800 641
1685810 651
1685820 660
1685830 660
1685840 667
1685850 673
1685860 673
1685870 679
1685880 685
1685890 685
1685900 692
1685910 696
1685920 696
1685930 701
1685940 707
1685950 707
1685960 711
1685970 714
1685980 719
1685990 719
1686000 722
1686010 725
1686020 725
1686030 729
1686040 732
1686050 732
1686060 737
1686070 743
1686080 743
1686090 750
1686100 756
1686110 756
1686120 763
1686130 769
1686140 776
1686150 776
1686160 782
1686170 788
1686180 788
1686190 792
1686200 799
1686210 799
1686220 803
1686230 808
1686240 808
1686250 814
1686260 819
1686270 819
1686280 825
1686290 827
1686300 827
1686310 830
1686320 833
1686330 836
1686340 836
1686350 838
1686360 841
1686370 841
1686380 844
1686390 848
1686400 848
1686410 850
1686420 855
1686430 855
1686440 859
1686450 864
1686460 864
1686470 869
1686480 874
1686490 880
1686500 880
1686510 883
1686520 888
1686530 888
1686540 893
1686550 898
1686560 898
1686570 902
1686580 906
1686590 906
1686600 909
1686610 909
1686620 909
1686630 907
1686640 907
1686650 907
1686660 908
1686670 909
1686680 913
1686690 913
1686700 917
1686710 922
1686720 922
1686730 926
1686740 930
1686750 930
1686760 933
1686770 936
1686780 936
1686790 939
1686800 942
1686810 942
1686820 942
1686830 943
1686840 943
1686850 943
1686860 943
1686870 944
1686880 944
1686890 945
1686900 946
1686910 946
1686920 946
1686930 947
1686940 947
1686950 947
1686960 948
1686970 948
1686980 950
1686990 951
1687000 952
1687010 952
1687020 953
1687030 954
1687040 954
1687050 956
1687060 957
1687070 957
1687080 959
1687090 960
1687100 960
1687110 960
1687120 960
1687130 960
1687140 959
1687150 959
1687160 959
1687170 958
1687180 957
1687190 956
1687200 956
1687210 955
1687220 954
1687230 954
1687240 952
1687250 951
1687260 951
1687270 949
1687280 947
1687290 947
1687300 946
1687310 946
1687320 946
1687330 945
1687340 943
1687350 942
1687360 942
1687370 939
1687380 938
1687390 938
1687400 936
1687410 934
1687420 934
1687430 933
1687440 932
1687450 932
1687460 931
1687470 930
1687480 930
1687490 929
1687500 928
1687510 928
1687520 925
1687530 924
1687540 923
1687550 923
1687560 920
1687570 917
1687580 917
1687590 912
1687600 908
1687610 908
1687620 905
1687630 902
1687640 902
1687650 899
1687660 896
1687670 896
1687680 893
1687690 891
1687700 888
1687710 888
1687720 886
1687730 882
1687740 882
1687750 879
1687760 877
1687770 877
1687780 874
1687790 873
1687800 873
1687810 872
1687820 869
1687830 869
1687840 865
1687850 862
1687860 862
1687870 857
1687880 852
1687890 846
1687900 846
1687910 843
1687920 840
1687930 840
1687940 838
1687950 836
1687960 836
1687970 834
1687980 832
1687990 832
1688000 829
1688010 826
1688020 826
1688030 824
1688040 822
1688050 819
1688060 819
1688070 816
1688080 814
1688090 814
1688100 811
1688110 808
1688120 808
1688130 804
1688140 802
1688150 802
1688160 800
1688170 798
1688180 798
1688190 795
1688200 794
1688210 794
1688220 791
1688230 786
1688240 783
1688250 783
1688260 779
1688270 775
1688280 775
1688290 770
1688300 767
1688310 767
1688320 765
1688330 763
1688340 763
1688350 761
1688360 758
1688370 758
1688380 755
1688390 753
1688400 749
1688410 749
1688420 746
1688430 746
1688440 746
1688450 744
1688460 741
1688470 741
1688480 738
1688490 735
1688500 735
1688510 732
1688520 727
1688530 727
1688540 725
1688550 724
1688560 724
1688570 722
1688580 720
1688590 719
1688600 719
1688610 717
1688620 716
1688630 716
1688640 714
1688650 711
1688660 711
1688670 707
1688680 702
1688690 702
1688700 696
1688710 689
1688720 689
1688730 687
1688740 689
1688750 692
1688760 692
1688770 692
1688780 692
1688790 692
1688800 692
1688810 693
1688820 693
1688830 693
1688840 693
1688850 693
1688860 692
1688870 691
1688880 691
1688890 690
1688900 687
1688910 687
1688920 684
1688930 682
1688940 681
1688950 681
1688960 680
1688970 679
1688980 679
1688990 678
1689000 677
1689010 677
1689020 675
1689030 673
1689040 673
1689050 671
1689060 668
1689070 668
1689080 666
1689090 664
1689100 664
1689110 664
1689120 662
1689130 661
1689140 661
1689150 660
1689160 658
1689170 658
1689180 657
1689190 657
1689200 657
1689210 658
1689220 659
1689230 659
1689240 659
1689250 659
1689260 659
1689270 659
1689280 659
1689290 659
1689300 659
1689310 658
1689320 657
1689330 657
1689340 656
1689350 655
1689360 655
1689370 654
1689380 653
1689390 653
1689400 652
1689410 651
1689420 651
1689430 650
1689440 649
1689450 648
1689460 648
1689470 646
1689480 644
1689490 644
1689500 642
1689510 637
1689520 637
1689530 635
1689540 634
1689550 634
1689560 632
1689570 630
1689580 630
1689590 628
1689600 627
1689610 627
1689620 626
1689630 624
1689640 622
1689650 622
1689660 620
1689670 618
1689680 618
1689690 617
1689700 615
1689710 615
1689720 613
1689730 610
1689740 610
1689750 608
1689760 605
1689770 605
1689780 602
1689790 600
1689800 599
1689810 599
1689820 596
1689830 595
1689840 595
1689850 593
1689860 591
1689870 591
1689880 588
1689890 585
1689900 585
1689910 582
1689920 578
1689930 578
1689940 575
1689950 572
1689960 572
1689970 569
1689980 567
1689990 564
1690000 564
1690010 562
1690020 561
1690030 561
1690040 560
1690050 559
1690060 559
1690070 558
1690080 557
1690090 557
1690100 556
1690110 555
1690120 555
1690130 555
1690140 554
1690150 553
1690160 553
1690170 552
1690180 550
1690190 550
1690200 548
1690210 547
1690220 547
1690230 545
1690240 544
1690250 544
1690260 542
1690270 542
1690280 542
1690290 541
1690300 540
1690310 540
1690320 539
1690330 537
1690340 536
1690350 536
1690360 534
1690370 533
1690380 533
1690390 532
1690400 530
1690410 530
1690420 529
1690430 527
1690440 527
1690450 526
1690460 524
1690470 524
1690480 523
1690490 522
1690500 521
1690510 521
1690520 520
1690530 518
1690540 518
1690550 517
1690560 515
1690570 515
1690580 513
1690590 512
1690600 512
1690610 510
1690620 508
1690630 508
1690640 505
1690650 502
1690660 502
1690670 499
1690680 496
1690690 494
1690700 494
1690710 492
1690720 489
1690730 489
1690740 487
1690750 484
1690760 484
1690770 481
1690780 476
1690790 476
1690800 471
1690810 468
1690820 468
1690830 464
1690840 460
1690850 456
1690860 456
1690870 452
1690880 449
1690890 449
1690900 447
1690910 444
1690920 444
1690930 441
1690940 440
1690950 440
1690960 437
1690970 436
1690980 436
1690990 434
1691000 433
1691010 433
1691020 432
1691030 432
1691040 431
1691050 431
1691060 431
1691070 431
1691080 431
1691090 431
1691100 430
1691110 430
1691120 429
1691130 429
1691140 429
1691150 428
1691160 427
1691170 427
1691180 426
1691190 426
1691200 426
1691210 426
1691220 424
1691230 426
1691240 426
1691250 425
1691260 425
1691270 425
1691280 425
1691290 425
1691300 425
1691310 425
1691320 425
1691330 425
1691340 426
1691350 426
1691360 426
1691370 427
1691380 427
1691390 427
1691400 427
1691410 427
1691420 429
1691430 429
1691440 430
1691450 431
1691460 431
1691470 432
1691480 432
1691490 432
1691500 434
1691510 435
1691520 435
1691530 437
1691540 437
1691550 438
1691560 438
1691570 438
1691580 440
1691590 440
1691600 442
1691610 443
1691620 443
1691630 443
1691640 444
1691650 444
1691660 446
1691670 447
1691680 447
1691690 449
1691700 450
1691710 450
1691720 451
1691730 454
1691740 455
1691750 455
1691760 457
1691770 459
1691780 459
1691790 460
1691800 462
1691810 462
1691820 462
1691830 463
1691840 463
1691850 462
1691860 462
1691870 462
1691880 467
1691890 469
1691900 470
1691910 470
1691920 473
1691930 475
1691940 475
1691950 477
1691960 479
1691970 479
1691980 481
1691990 484
1692000 484
1692010 486
1692020 487
1692030 487
1692040 489
1692050 490
1692060 490
1692070 490
1692080 490
1692090 489
1692100 489
1692110 489
1692120 488
1692130 488
1692140 487
1692150 485
1692160 485
1692170 483
1692180 479
1692190 479
1692200 474
1692210 469
1692220 469
1692230 464
1692240 462
1692250 464
1692260 464
1692270 464
1692280 465
1692290 465
1692300 467
1692310 467
1692320 467
1692330 468
1692340 469
1692350 469
1692360 470
1692370 471
1692380 471
1692390 473
1692400 474
1692410 474
1692420 476
1692430 477
1692440 477
1692450 477
1692460 478
1692470 478
1692480 478
1692490 478
1692500 478
1692510 478
1692520 478
1692530 478
1692540 478
1692550 478
1692560 477
1692570 477
1692580 476
1692590 474
1692600 472
1692610 472
1692620 469
1692630 466
1692640 466
1692650 462
1692660 458
1692670 458
1692680 454
1692690 454
1692700 454
1692710 453
1692720 451
1692730 451
1692740 449
1692750 447
1692760 445
1692770 445
1692780 443
1692790 441
1692800 441
1692810 438
1692820 434
1692830 434
1692840 430
1692850 427
1692860 427
1692870 423
1692880 420
1692890 420
1692900 415
1692910 411
1692920 411
1692930 416
1692940 413
1692950 418
1692960 418
1692970 420
1692980 422
1692990 422
1693000 422
1693010 424
1693020 424
1693030 425
1693040 427
1693050 427
1693060 427
1693070 428
1693080 428
1693090 427
1693100 427
1693110 427
1693120 427
1693130 425
1693140 424
1693150 424
1693160 417
1693170 416
1693180 416
1693190 422
1693200 421
1693210 421
1693220 419
1693230 417
1693240 417
1693250 415
1693260 420
1693270 420
1693280 418
1693290 423
1693300 424
1693310 424
1693320 424
1693330 424
1693340 424
1693350 424
1693360 424
1693370 424
1693380 424
1693390 425
1693400 425
1693410 426
1693420 427
1693430 427
1693440 429
1693450 429
1693460 429
1693470 429
1693480 429
1693490 429
1693500 429
1693510 430
1693520 430
1693530 430
1693540 429
1693550 429
1693560 429
1693570 429
1693580 429
1693590 429
1693600 428
1693610 428
1693620 428
1693630 428
1693640 428
1693650 429
1693660 429
1693670 429
1693680 430
1693690 430
1693700 430
1693710 430
1693720 430
1693730 430
1693740 430
1693750 430
1693760 429
1693770 429
1693780 429
1693790 428
1693800 427
1693810 427
1693820 427
1693830 427
1693840 426
1693850 426
1693860 426
1693870 425
1693880 425
1693890 425
1693900 424
1693910 424
1693920 423
1693930 422
1693940 422
1693950 420
1693960 419
1693970 419
1693980 417
1693990 416
1694000 415
1694010 415
1694020 415
1694030 413
1694040 413
1694050 412
1694060 411
1694070 411
1694080 409
1694090 407
1694100 407
1694110 406
1694120 404
1694130 404
1694140 404
1694150 401
1694160 400
1694170 400
1694180 399
1694190 398
1694200 398
1694210 396
1694220 394
1694230 394
1694240 392
1694250 390
1694260 390
1694270 388
1694280 388
1694290 388
1694300 386
1694310 385
1694320 385
1694330 384
1694340 383
1694350 382
1694360 382
1694370 381
1694380 381
1694390 381
1694400 381
1694410 381
1694420 381
1694430 381
1694440 381
1694450 381
1694460 381
1694470 381
1694480 381
1694490 382
1694500 382
1694510 384
1694520 384
1694530 386
1694540 388
1694550 388
1694560 391
1694570 393
1694580 393
1694590 396
1694600 400
1694610 400
1694620 403
1694630 406
1694640 406
1694650 409
1694660 411
1694670 411
1694680 413
1694690 415
1694700 417
1694710 417
1694720 418
1694730 419
1694740 419
1694750 419
1694760 419
1694770 419
1694780 418
1694790 419
1694800 419
1694810 419
1694820 420
1694830 420
1694840 422
1694850 423
1694860 424
1694870 424
1694880 425
1694890 425
1694900 425
1694910 426
1694920 426
1694930 426
1694940 426
1694950 426
1694960 426
1694970 428
1694980 428
1694990 428
1695000 429
1695010 429
1695020 429
1695030 430
1695040 432
1695050 433
1695060 433
1695070 434
1695080 436
1695090 436
1695100 436
1695110 437
1695120 437
1695130 437
1695140 438
1695150 438
1695160 438
1695170 436
1695180 436
1695190 436
1695200 435
1695210 434
1695220 434
1695230 432
1695240 431
1695250 431
1695260 425
1695270 422
1695280 422
1695290 422
1695300 421
1695310 421
1695320 419
1695330 419
1695340 419
1695350 418
1695360 415
1695370 415
1695380 414
1695390 412
1695400 410
1695410 410
1695420 408
1695430 406
1695440 406
1695450 405
1695460 404
1695470 404
1695480 403
1695490 403
1695500 403
1695510 402
1695520 400
1695530 400
1695540 398
1695550 397
1695560 395
1695570 395
1695580 394
1695590 394
1695600 394
1695610 393
1695620 393
1695630 393
1695640 393
1695650 393
1695660 393
1695670 393
1695680 393
1695690 393
1695700 393
1695710 392
1695720 392
1695730 392
1695740 392
1695750 392
1695760 392
1695770 392
1695780 391
1695790 391
1695800 391
1695810 390
1695820 390
1695830 388
1695840 387
1695850 387
1695860 386
1695870 386
1695880 386
1695890 384
1695900 383
1695910 382
1695920 382
1695930 381
1695940 380
1695950 380
1695960 380
1695970 379
1695980 379
1695990 378
1696000 377
1696010 377
1696020 377
1696030 376
1696040 376
1696050 376
1696060 375
1696070 375
1696080 375
1696090 375
1696100 375
1696110 375
1696120 375
1696130 374
1696140 374
1696150 374
1696160 374
1696170 374
1696180 373
1696190 373
1696200 373
1696210 373
1696220 373
1696230 373
1696240 373
1696250 372
1696260 372
1696270 372
1696280 372
1696290 372
1696300 372
1696310 371
1696320 371
1696330 371
1696340 371
1696350 371
1696360 371
1696370 371
1696380 370
1696390 370
1696400 370
1696410 370
1696420 370
1696430 370
1696440 370
1696450 369
1696460 369
1696470 369
1696480 369
1696490 369
1696500 369
1696510 369
1696520 369
1696530 369
1696540 369
1696550 369
1696560 368
1696570 368
1696580 368
1696590 368
1696600 368
1696610 367
1696620 367
1696630 368
1696640 368
1696650 368
1696660 367
1696670 367
1696680 367
1696690 367
1696700 367
1696710 367
1696720 367
1696730 367
1696740 367
1696750 367
1696760 367
1696770 367
1696780 367
1696790 366
1696800 366
1696810 366
1696820 366
1696830 366
1696840 366
1696850 366
1696860 366
1696870 366
1696880 365
1696890 365
1696900 365
1696910 365
1696920 365
1696930 365
1696940 365
1696950 365
1696960 365
1696970 365
1696980 365
1696990 365
1697000 365
1697010 365
1697020 365
1697030 365
1697040 364
1697050 364
1697060 364
1697070 364
1697080 364
1697090 364
1697100 364
1697110 364
1697120 364
1697130 364
1697140 364
1697150 364
1697160 364
1697170 363
1697180 363
1697190 363
1697200 363
1697210 362
1697220 362
1697230 362
1697240 362
1697250 362
1697260 362
1697270 361
1697280 361
1697290 361
1697300 361
1697310 360
1697320 360
1697330 359
1697340 359
1697350 359
1697360 359
1697370 359
1697380 359
1697390 357
1697400 357
1697410 357
1697420 356
1697430 354
1697440 354
1697450 353
1697460 352
1697470 352
1697480 351
1697490 350
1697500 350
1697510 350
1697520 351
1697530 352
1697540 352
1697550 354
1697560 355
1697570 355
1697580 355
1697590 355
1697600 355
1697610 354
1697620 354
1697630 354
1697640 354
1697650 355
1697660 355
1697670 355
1697680 355
1697690 355
1697700 355
1697710 354
1697720 354
1697730 354
1697740 354
1697750 353
1697760 353
1697770 353
1697780 353
1697790 353
1697800 353
1697810 352
1697820 352
1697830 352
1697840 352
1697850 351
1697860 351
1697870 351
1697880 350
1697890 350
1697900 350
1697910 349
1697920 349
1697930 349
1697940 349
1697950 349
1697960 349
1697970 348
1697980 348
1697990 348
1698000 347
1698010 347
1698020 347
1698030 347
1698040 347
1698050 347
1698060 347
1698070 346
1698080 346
1698090 345
1698100 347
1698110 347
1698120 347
1698130 348
1698140 348
1698150 349
1698160 349
1698170 349
1698180 350
1698190 355
1698200 359
1698210 359
1698220 364
1698230 368
1698240 368
1698250 373
1698260 377
1698270 377
1698280 380
1698290 380
1698300 380
1698310 377
1698320 375
1698330 375
1698340 375
1698350 376
1698360 375
1698370 375
1698380 380
1698390 381
1698400 381
1698410 384
1698420 385
1698430 385
1698440 386
1698450 388
1698460 388
1698470 392
1698480 394
1698490 394
1698500 397
1698510 399
1698520 397
1698530 397
1698540 395
1698550 395
1698560 395
1698570 395
1698580 395
1698590 395
1698600 395
1698610 395
1698620 395
1698630 396
1698640 396
1698650 396
1698660 396
1698670 395
1698680 395
1698690 393
1698700 391
1698710 388
1698720 388
1698730 384
1698740 381
1698750 381
1698760 377
1698770 374
1698780 374
1698790 373
1698800 372
1698810 372
1698820 370
1698830 368
1698840 368
1698850 363
1698860 357
1698870 352
1698880 352
1698890 349
1698900 347
1698910 347
1698920 348
1698930 349
1698940 349
1698950 350
1698960 351
1698970 351
1698980 351
1698990 351
1699000 351
1699010 351
1699020 352
1699030 352
1699040 353
1699050 354
1699060 356
1699070 356
1699080 358
1699090 363
1699100 363
1699110 368
1699120 369
1699130 369
1699140 370
1699150 369
1699160 369
1699170 367
1699180 366
1699190 366
1699200 373
1699210 377
1699220 380
1699230 380
1699240 383
1699250 384
1699260 384
1699270 388
1699280 390
1699290 390
1699300 393
1699310 396
1699320 396
1699330 398
1699340 400
1699350 400
1699360 400
1699370 403
1699380 403
1699390 403
1699400 402
1699410 401
1699420 401
1699430 400
1699440 400
1699450 400
1699460 400
1699470 400
1699480 400
1699490 403
1699500 406
1699510 406
1699520 409
1699530 410
1699540 410
1699550 413
1699560 416
1699570 418
1699580 418
1699590 420
1699600 423
1699610 423
1699620 424
1699630 425
1699640 425
1699650 424
1699660 423
1699670 423
1699680 421
1699690 415
1699700 415
1699710 412
1699720 410
1699730 410
1699740 406
1699750 403
1699760 401
1699770 401
1699780 400
1699790 400
1699800 400
1699810 398
1699820 397
1699830 397
1699840 396
1699850 392
1699860 392
1699870 390
1699880 387
1699890 387
1699900 384
1699910 379
1699920 374
1699930 374
1699940 367
1699950 359
1699960 359
1699970 358
1699980 363
1699990 363
