1680000 1308
1680010 1309
1680020 1310
1680030 1310
1680040 1310
1680050 1310
1680060 1309
1680070 1309
1680080 1308
1680090 1307
1680100 1307
1680110 1306
1680120 1305
1680130 1305
1680140 1304
1680150 1302
1680160 1302
1680170 1301
1680180 1301
1680190 1301
1680200 1300
1680210 1300
1680220 1300
1680230 1300
1680240 1298
1680250 1295
1680260 1295
1680270 1293
1680280 1290
1680290 1290
1680300 1286
1680310 1283
1680320 1283
1680330 1280
1680340 1277
1680350 1277
1680360 1273
1680370 1271
1680380 1270
1680390 1270
1680400 1268
1680410 1266
1680420 1266
1680430 1264
1680440 1260
1680450 1260
1680460 1256
1680470 1252
1680480 1252
1680490 1248
1680500 1244
1680510 1244
1680520 1240
1680530 1236
1680540 1236
1680550 1232
1680560 1227
1680570 1223
1680580 1223
1680590 1219
1680600 1215
1680610 1215
1680620 1210
1680630 1205
1680640 1205
1680650 1201
1680660 1197
1680670 1197
1680680 1192
1680690 1188
1680700 1188
1680710 1184
1680720 1181
1680730 1178
1680740 1178
1680750 1175
1680760 1170
1680770 1170
1680780 1168
1680790 1164
1680800 1164
1680810 1161
1680820 1157
1680830 1157
1680840 1153
1680850 1150
1680860 1150
1680870 1146
1680880 1143
1680890 1143
1680900 1139
1680910 1138
1680920 1132
1680930 1132
1680940 1131
1680950 1131
1680960 1131
1680970 1132
1680980 1134
1680990 1134
1681000 1135
1681010 1136
1681020 1136
1681030 1136
1681040 1137
1681050 1137
1681060 1136
1681070 1133
1681080 1133
1681090 1133
1681100 1132
1681110 1131
1681120 1131
1681130 1129
1681140 1130
1681150 1130
1681160 1130
1681170 1130
1681180 1130
1681190 1131
1681200 1132
1681210 1132
1681220 1133
1681230 1135
1681240 1135
1681250 1137
1681260 1139
1681270 1141
1681280 1141
1681290 1141
1681300 1141
1681310 1141
1681320 1144
1681330 1146
1681340 1146
1681350 1148
1681360 1151
1681370 1151
1681380 1153
1681390 1157
1681400 1157
1681410 1162
1681420 1161
1681430 1159
1681440 1159
1681450 1152
1681460 1148
1681470 1148
1681480 1146
1681490 1144
1681500 1144
1681510 1143
1681520 1140
1681530 1140
1681540 1139
1681550 1138
1681560 1138
1681570 1137
1681580 1135
1681590 1135
1681600 1133
1681610 1132
1681620 1130
1681630 1130
1681640 1128
1681650 1126
1681660 1126
1681670 1124
1681680 1121
1681690 1121
1681700 1119
1681710 1116
1681720 1116
1681730 1112
1681740 1111
1681750 1111
1681760 1111
1681770 1110
1681780 1108
1681790 1108
1681800 1107
1681810 1103
1681820 1103
1681830 1100
1681840 1097
1681850 1097
1681860 1092
1681870 1085
1681880 1085
1681890 1077
1681900 1074
1681910 1074
1681920 1073
1681930 1068
1681940 1068
1681950 1063
1681960 1059
1681970 1056
1681980 1056
1681990 1052
1682000 1046
1682010 1046
1682020 1041
1682030 1037
1682040 1037
1682050 1033
1682060 1029
1682070 1029
1682080 1025
1682090 1023
1682100 1023
1682110 1019
1682120 1015
1682130 1013
1682140 1013
1682150 1007
1682160 1002
1682170 1002
1682180 997
1682190 990
1682200 990
1682210 986
1682220 994
1682230 994
1682240 995
1682250 994
1682260 994
1682270 995
1682280 998
1682290 998
1682300 1001
1682310 1003
1682320 1003
1682330 1003
1682340 1006
1682350 1006
1682360 1006
1682370 1007
1682380 1006
1682390 1006
1682400 1006
1682410 1006
1682420 1006
1682430 1006
1682440 1004
1682450 1004
1682460 1003
1682470 1001
1682480 999
1682490 999
1682500 996
1682510 993
1682520 993
1682530 990
1682540 988
1682550 988
1682560 986
1682570 985
1682580 985
1682590 983
1682600 981
1682610 981
1682620 979
1682630 977
1682640 977
1682650 973
1682660 971
1682670 969
1682680 969
1682690 966
1682700 962
1682710 962
1682720 959
1682730 956
1682740 956
1682750 952
1682760 948
1682770 948
1682780 942
1682790 935
1682800 935
1682810 932
1682820 926
1682830 921
1682840 921
1682850 916
1682860 912
1682870 912
1682880 909
1682890 906
1682900 906
1682910 903
1682920 900
1682930 900
1682940 896
1682950 892
1682960 892
1682970 888
1682980 885
1682990 885
1683000 878
1683010 873
1683020 870
1683030 870
1683040 865
1683050 864
1683060 864
1683070 860
1683080 859
1683090 859
1683100 854
1683110 850
1683120 850
1683130 847
1683140 844
1683150 844
1683160 840
1683170 837
1683180 835
1683190 835
1683200 836
1683210 836
1683220 836
1683230 835
1683240 836
1683250 836
1683260 834
1683270 831
1683280 831
1683290 828
1683300 825
1683310 825
1683320 823
1683330 820
1683340 820
1683350 817
1683360 815
1683370 813
1683380 813
1683390 809
1683400 808
1683410 808
1683420 804
1683430 802
1683440 802
1683450 802
1683460 802
1683470 802
1683480 802
1683490 802
1683500 802
1683510 801
1683520 801
1683530 798
1683540 798
1683550 797
1683560 795
1683570 795
1683580 793
1683590 791
1683600 791
1683610 787
1683620 785
1683630 780
1683640 779
1683650 777
1683660 777
1683670 776
1683680 774
1683690 774
1683700 773
1683710 771
1683720 770
1683730 770
1683740 769
1683750 766
1683760 766
1683770 763
1683780 760
1683790 760
1683800 757
1683810 755
1683820 755
1683830 752
1683840 748
1683850 748
1683860 747
1683870 746
1683880 745
1683890 745
1683900 743
1683910 742
1683920 742
1683930 741
1683940 740
1683950 740
1683960 739
1683970 737
1683980 737
1683990 738
1684000 734
1684010 734
1684020 733
1684030 732
1684040 732
1684050 731
1684060 731
1684070 730
1684080 730
1684090 730
1684100 730
1684110 730
1684120 730
1684130 729
1684140 729
1684150 730
1684160 731
1684170 731
1684180 734
1684190 738
1684200 738
1684210 740
1684220 739
1684230 740
1684240 740
1684250 739
1684260 736
1684270 736
1684280 732
1684290 728
1684300 728
1684310 725
1684320 720
1684330 720
1684340 716
1684350 711
1684360 711
1684370 707
1684380 704
1684390 704
1684400 701
1684410 698
1684420 696
1684430 696
1684440 694
1684450 691
1684460 691
1684470 689
1684480 686
1684490 686
1684500 685
1684510 684
1684520 684
1684530 683
1684540 679
1684550 679
1684560 678
1684570 680
1684580 683
1684590 683
1684600 685
1684610 686
1684620 686
1684630 687
1684640 689
1684650 689
1684660 692
1684670 694
1684680 694
1684690 703
1684700 706
1684710 706
1684720 710
1684730 710
1684740 710
1684750 708
1684760 704
1684770 700
1684780 700
1684790 699
1684800 703
1684810 703
1684820 699
1684830 695
1684840 695
1684850 690
1684860 686
1684870 686
1684880 684
1684890 686
1684900 686
1684910 688
1684920 689
1684930 689
1684940 689
1684950 690
1684960 690
1684970 690
1684980 690
1684990 689
1685000 689
1685010 688
1685020 685
1685030 685
1685040 683
1685050 679
1685060 679
1685070 674
1685080 669
1685090 669
1685100 664
1685110 660
1685120 655
1685130 655
1685140 651
1685150 647
1685160 647
1685170 643
1685180 640
1685190 640
1685200 638
1685210 638
1685220 638
1685230 639
1685240 638
1685250 638
1685260 637
1685270 637
1685280 637
1685290 637
1685300 637
1685310 635
1685320 635
1685330 632
1685340 630
1685350 630
1685360 628
1685370 626
1685380 626
1685390 627
1685400 629
1685410 629
1685420 631
1685430 624
1685440 624
1685450 607
1685460 599
1685470 595
1685480 595
1685490 593
1685500 594
1685510 594
1685520 596
1685530 608
1685540 608
1685550 618
1685560 632
1685570 632
1685580 640
1685590 648
1685600 648
1685610 654
1685620 661
1685630 675
1685640 675
1685650 681
1685660 688
1685670 688
1685680 696
1685690 705
1685700 705
1685710 711
1685720 716
1685730 716
1685740 720
1685750 723
1685760 723
1685770 726
1685780 727
1685790 727
1685800 726
1685810 726
1685820 728
1685830 728
1685840 730
1685850 731
1685860 731
1685870 729
1685880 729
1685890 729
1685900 730
1685910 736
1685920 736
1685930 735
1685940 736
1685950 736
1685960 741
1685970 747
1685980 751
1685990 751
1686000 756
1686010 761
1686020 761
1686030 765
1686040 770
1686050 770
1686060 775
1686070 779
1686080 779
1686090 787
1686100 794
1686110 794
1686120 800
1686130 804
1686140 804
1686150 809
1686160 815
1686170 823
1686180 823
1686190 827
1686200 830
1686210 830
1686220 833
1686230 839
1686240 839
1686250 842
1686260 846
1686270 846
1686280 848
1686290 852
1686300 852
1686310 855
1686320 859
1686330 862
1686340 862
1686350 865
1686360 869
1686370 869
1686380 873
1686390 876
1686400 876
1686410 879
1686420 882
1686430 882
1686440 885
1686450 887
1686460 887
1686470 890
1686480 893
1686490 893
1686500 895
1686510 898
1686520 900
1686530 900
1686540 903
1686550 905
1686560 905
1686570 908
1686580 910
1686590 910
1686600 912
1686610 917
1686620 917
1686630 920
1686640 922
1686650 922
1686660 925
1686670 927
1686680 929
1686690 929
1686700 930
1686710 932
1686720 932
1686730 934
1686740 936
1686750 936
1686760 938
1686770 940
1686780 940
1686790 941
1686800 943
1686810 943
1686820 944
1686830 945
1686840 945
1686850 945
1686860 945
1686870 945
1686880 945
1686890 944
1686900 944
1686910 944
1686920 942
1686930 941
1686940 941
1686950 941
1686960 939
1686970 939
1686980 939
1686990 937
1687000 937
1687010 936
1687020 935
1687030 933
1687040 933
1687050 932
1687060 930
1687070 930
1687080 928
1687090 926
1687100 926
1687110 924
1687120 922
1687130 922
1687140 920
1687150 919
1687160 919
1687170 917
1687180 914
1687190 914
1687200 912
1687210 911
1687220 909
1687230 909
1687240 907
1687250 906
1687260 906
1687270 905
1687280 905
1687290 905
1687300 904
1687310 902
1687320 902
1687330 901
1687340 899
1687350 899
1687360 897
1687370 895
1687380 894
1687390 894
1687400 892
1687410 888
1687420 888
1687430 886
1687440 881
1687450 881
1687460 875
1687470 868
1687480 868
1687490 865
1687500 864
1687510 864
1687520 862
1687530 859
1687540 859
1687550 858
1687560 857
1687570 855
1687580 855
1687590 854
1687600 852
1687610 852
1687620 849
1687630 847
1687640 847
1687650 845
1687660 843
1687670 843
1687680 841
1687690 839
1687700 839
1687710 840
1687720 836
1687730 832
1687740 832
1687750 830
1687760 826
1687770 826
1687780 823
1687790 820
1687800 820
1687810 818
1687820 816
1687830 816
1687840 814
1687850 812
1687860 812
1687870 810
1687880 807
1687890 807
1687900 806
1687910 804
1687920 803
1687930 803
1687940 801
1687950 799
1687960 799
1687970 797
1687980 795
1687990 795
1688000 793
1688010 791
1688020 791
1688030 789
1688040 787
1688050 787
1688060 785
1688070 783
1688080 780
1688090 780
1688100 777
1688110 773
1688120 773
1688130 767
1688140 766
1688150 766
1688160 763
1688170 764
1688180 764
1688190 762
1688200 760
1688210 760
1688220 757
1688230 756
1688240 756
1688250 753
1688260 752
1688270 750
1688280 750
1688290 748
1688300 746
1688310 746
1688320 744
1688330 743
1688340 743
1688350 741
1688360 740
1688370 740
1688380 738
1688390 736
1688400 736
1688410 735
1688420 735
1688430 735
1688440 735
1688450 735
1688460 735
1688470 735
1688480 736
1688490 736
1688500 736
1688510 737
1688520 737
1688530 737
1688540 737
1688550 738
1688560 738
1688570 738
1688580 738
1688590 738
1688600 738
1688610 738
1688620 738
1688630 738
1688640 739
1688650 739
1688660 739
1688670 739
1688680 739
1688690 739
1688700 739
1688710 739
1688720 739
1688730 739
1688740 738
1688750 738
1688760 738
1688770 737
1688780 736
1688790 736
1688800 736
1688810 734
1688820 734
1688830 732
1688840 730
1688850 730
1688860 728
1688870 726
1688880 726
1688890 725
1688900 723
1688910 723
1688920 721
1688930 718
1688940 714
1688950 714
1688960 711
1688970 708
1688980 708
1688990 706
1689000 702
1689010 702
1689020 700
1689030 698
1689040 698
1689050 694
1689060 691
1689070 691
1689080 686
1689090 683
1689100 683
1689110 678
1689120 675
1689130 672
1689140 672
1689150 669
1689160 666
1689170 666
1689180 664
1689190 661
1689200 661
1689210 659
1689220 654
1689230 654
1689240 650
1689250 648
1689260 648
1689270 644
1689280 641
1689290 638
1689300 638
1689310 635
1689320 633
1689330 633
1689340 631
1689350 626
1689360 626
1689370 623
1689380 620
1689390 620
1689400 617
1689410 614
1689420 614
1689430 611
1689440 609
1689450 609
1689460 605
1689470 602
1689480 601
1689490 601
1689500 600
1689510 597
1689520 597
1689530 595
1689540 592
1689550 592
1689560 590
1689570 588
1689580 588
1689590 586
1689600 583
1689610 583
1689620 581
1689630 578
1689640 577
1689650 577
1689660 575
1689670 573
1689680 573
1689690 574
1689700 573
1689710 573
1689720 571
1689730 570
1689740 570
1689750 570
1689760 572
1689770 572
1689780 571
1689790 570
1689800 570
1689810 569
1689820 569
1689830 569
1689840 569
1689850 568
1689860 568
1689870 568
1689880 568
1689890 567
1689900 567
1689910 567
1689920 566
1689930 566
1689940 566
1689950 564
1689960 564
1689970 563
1689980 562
1689990 562
1690000 562
1690010 561
1690020 560
1690030 560
1690040 558
1690050 557
1690060 557
1690070 556
1690080 555
1690090 555
1690100 553
1690110 551
1690120 551
1690130 549
1690140 548
1690150 548
1690160 546
1690170 544
1690180 542
1690190 542
1690200 539
1690210 537
1690220 537
1690230 535
1690240 531
1690250 531
1690260 528
1690270 523
1690280 523
1690290 519
1690300 515
1690310 515
1690320 511
1690330 507
1690340 503
1690350 503
1690360 498
1690370 492
1690380 492
1690390 487
1690400 481
1690410 481
1690420 475
1690430 473
1690440 473
1690450 469
1690460 468
1690470 468
1690480 466
1690490 467
1690500 467
1690510 466
1690520 464
1690530 464
1690540 464
1690550 462
1690560 461
1690570 461
1690580 460
1690590 459
1690600 459
1690610 458
1690620 457
1690630 457
1690640 455
1690650 453
1690660 453
1690670 453
1690680 450
1690690 447
1690700 447
1690710 446
1690720 445
1690730 445
1690740 444
1690750 443
1690760 443
1690770 442
1690780 440
1690790 440
1690800 438
1690810 436
1690820 436
1690830 434
1690840 432
1690850 432
1690860 433
1690870 433
1690880 432
1690890 432
1690900 431
1690910 431
1690920 431
1690930 430
1690940 431
1690950 431
1690960 431
1690970 430
1690980 430
1690990 430
1691000 430
1691010 430
1691020 430
1691030 430
1691040 432
1691050 432
1691060 434
1691070 437
1691080 437
1691090 440
1691100 441
1691110 441
1691120 443
1691130 445
1691140 445
1691150 448
1691160 450
1691170 450
1691180 453
1691190 458
1691200 458
1691210 462
1691220 464
1691230 468
1691240 468
1691250 470
1691260 472
1691270 472
1691280 470
1691290 465
1691300 465
1691310 460
1691320 455
1691330 455
1691340 449
1691350 445
1691360 445
1691370 443
1691380 442
1691390 441
1691400 441
1691410 439
1691420 436
1691430 436
1691440 436
1691450 438
1691460 438
1691470 440
1691480 442
1691490 442
1691500 444
1691510 449
1691520 449
1691530 452
1691540 455
1691550 455
1691560 459
1691570 462
1691580 464
1691590 464
1691600 466
1691610 471
1691620 471
1691630 476
1691640 479
1691650 479
1691660 482
1691670 485
1691680 485
1691690 488
1691700 491
1691710 491
1691720 494
1691730 496
1691740 499
1691750 499
1691760 502
1691770 503
1691780 503
1691790 504
1691800 506
1691810 506
1691820 507
1691830 508
1691840 508
1691850 509
1691860 510
1691870 510
1691880 510
1691890 510
1691900 510
1691910 509
1691920 507
1691930 506
1691940 506
1691950 506
1691960 505
1691970 505
1691980 502
1691990 498
1692000 498
1692010 498
1692020 497
1692030 497
1692040 496
1692050 494
1692060 494
1692070 492
1692080 489
1692090 487
1692100 487
1692110 484
1692120 482
1692130 482
1692140 480
1692150 478
1692160 478
1692170 476
1692180 473
1692190 473
1692200 470
1692210 468
1692220 468
1692230 465
1692240 462
1692250 462
1692260 458
1692270 453
1692280 449
1692290 449
1692300 444
1692310 438
1692320 438
1692330 439
1692340 442
1692350 442
1692360 441
1692370 441
1692380 441
1692390 440
1692400 439
1692410 439
1692420 437
1692430 436
1692440 432
1692450 432
1692460 431
1692470 430
1692480 430
1692490 429
1692500 427
1692510 427
1692520 424
1692530 424
1692540 424
1692550 424
1692560 422
1692570 422
1692580 421
1692590 420
1692600 420
1692610 420
1692620 419
1692630 419
1692640 419
1692650 418
1692660 417
1692670 417
1692680 416
1692690 414
1692700 414
1692710 414
1692720 414
1692730 414
1692740 414
1692750 414
1692760 414
1692770 416
1692780 415
1692790 416
1692800 416
1692810 416
1692820 417
1692830 417
1692840 417
1692850 417
1692860 417
1692870 417
1692880 417
1692890 417
1692900 417
1692910 418
1692920 418
1692930 418
1692940 419
1692950 419
1692960 419
1692970 419
1692980 420
1692990 420
1693000 420
1693010 419
1693020 419
1693030 419
1693040 420
1693050 420
1693060 420
1693070 420
1693080 420
1693090 420
1693100 418
1693110 418
1693120 417
1693130 416
1693140 417
1693150 417
1693160 416
1693170 416
1693180 416
1693190 416
1693200 415
1693210 415
1693220 413
1693230 412
1693240 412
1693250 411
1693260 411
1693270 411
1693280 411
1693290 410
1693300 410
1693310 409
1693320 408
1693330 406
1693340 406
1693350 405
1693360 403
1693370 403
1693380 401
1693390 398
1693400 398
1693410 397
1693420 396
1693430 396
1693440 396
1693450 395
1693460 395
1693470 395
1693480 394
1693490 394
1693500 394
1693510 394
1693520 394
1693530 394
1693540 393
1693550 393
1693560 393
1693570 393
1693580 393
1693590 393
1693600 392
1693610 392
1693620 392
1693630 391
1693640 391
1693650 391
1693660 391
1693670 391
1693680 391
1693690 391
1693700 391
1693710 391
1693720 391
1693730 390
1693740 390
1693750 390
1693760 390
1693770 390
1693780 390
1693790 390
1693800 390
1693810 390
1693820 390
1693830 390
1693840 390
1693850 390
1693860 390
1693870 390
1693880 390
1693890 389
1693900 388
1693910 388
1693920 388
1693930 388
1693940 388
1693950 388
1693960 388
1693970 388
1693980 388
1693990 389
1694000 389
1694010 389
1694020 390
1694030 389
1694040 389
1694050 389
1694060 389
1694070 389
1694080 390
1694090 389
1694100 389
1694110 388
1694120 388
1694130 388
1694140 387
1694150 387
1694160 387
1694170 386
1694180 385
1694190 385
1694200 385
1694210 385
1694220 385
1694230 385
1694240 386
1694250 386
1694260 386
1694270 386
1694280 387
1694290 387
1694300 388
1694310 389
1694320 389
1694330 389
1694340 388
1694350 388
1694360 391
1694370 396
1694380 398
1694390 398
1694400 400
1694410 405
1694420 405
1694430 408
1694440 410
1694450 410
1694460 409
1694470 406
1694480 406
1694490 403
1694500 401
1694510 401
1694520 399
1694530 398
1694540 397
1694550 397
1694560 396
1694570 395
1694580 395
1694590 394
1694600 390
1694610 390
1694620 388
1694630 388
1694640 388
1694650 389
1694660 391
1694670 391
1694680 393
1694690 396
1694700 396
1694710 397
1694720 398
1694730 400
1694740 400
1694750 402
1694760 403
1694770 403
1694780 405
1694790 405
1694800 405
1694810 406
1694820 407
1694830 407
1694840 408
1694850 411
1694860 411
1694870 413
1694880 415
1694890 416
1694900 416
1694910 418
1694920 420
1694930 420
1694940 421
1694950 423
1694960 423
1694970 424
1694980 426
1694990 426
1695000 427
1695010 429
1695020 429
1695030 431
1695040 432
1695050 432
1695060 434
1695070 436
1695080 436
1695090 436
1695100 438
1695110 439
1695120 439
1695130 440
1695140 441
1695150 441
1695160 442
1695170 442
1695180 442
1695190 442
1695200 441
1695210 441
1695220 440
1695230 439
1695240 438
1695250 438
1695260 436
1695270 435
1695280 435
1695290 433
1695300 432
1695310 432
1695320 431
1695330 430
1695340 430
1695350 429
1695360 428
1695370 428
1695380 428
1695390 427
1695400 427
1695410 426
1695420 425
1695430 424
1695440 424
1695450 423
1695460 421
1695470 421
1695480 418
1695490 416
1695500 416
1695510 413
1695520 410
1695530 410
1695540 408
1695550 407
1695560 407
1695570 406
1695580 405
1695590 403
1695600 403
1695610 402
1695620 402
1695630 402
1695640 401
1695650 400
1695660 400
1695670 399
1695680 398
1695690 398
1695700 396
1695710 396
1695720 396
1695730 395
1695740 395
1695750 395
1695760 394
1695770 393
1695780 392
1695790 392
1695800 390
1695810 390
1695820 390
1695830 389
1695840 387
1695850 387
1695860 387
1695870 385
1695880 385
1695890 384
1695900 383
1695910 383
1695920 382
1695930 381
1695940 381
1695950 381
1695960 380
1695970 380
1695980 380
1695990 379
1696000 378
1696010 378
1696020 379
1696030 379
1696040 379
1696050 378
1696060 378
1696070 378
1696080 378
1696090 378
1696100 378
1696110 377
1696120 377
1696130 377
1696140 377
1696150 376
1696160 376
1696170 376
1696180 376
1696190 376
1696200 376
1696210 375
1696220 375
1696230 375
1696240 375
1696250 375
1696260 375
1696270 374
1696280 374
1696290 374
1696300 374
1696310 374
1696320 373
1696330 373
1696340 373
1696350 373
1696360 373
1696370 373
1696380 372
1696390 372
1696400 372
1696410 372
1696420 372
1696430 371
1696440 371
1696450 371
1696460 371
1696470 371
1696480 371
1696490 371
1696500 370
1696510 370
1696520 370
1696530 370
1696540 370
1696550 370
1696560 370
1696570 369
1696580 369
1696590 369
1696600 369
1696610 369
1696620 369
1696630 369
1696640 369
1696650 369
1696660 369
1696670 369
1696680 369
1696690 369
1696700 368
1696710 368
1696720 368
1696730 368
1696740 368
1696750 368
1696760 367
1696770 367
1696780 367
1696790 367
1696800 367
1696810 367
1696820 366
1696830 366
1696840 366
1696850 366
1696860 366
1696870 366
1696880 365
1696890 365
1696900 365
1696910 365
1696920 365
1696930 365
1696940 365
1696950 365
1696960 365
1696970 364
1696980 364
1696990 364
1697000 364
1697010 364
1697020 364
1697030 364
1697040 364
1697050 363
1697060 363
1697070 363
1697080 363
1697090 363
1697100 362
1697110 361
1697120 361
1697130 360
1697140 360
1697150 360
1697160 359
1697170 359
1697180 359
1697190 359
1697200 359
1697210 359
1697220 359
1697230 360
1697240 359
1697250 359
1697260 359
1697270 359
1697280 359
1697290 358
1697300 357
1697310 357
1697320 357
1697330 356
1697340 356
1697350 356
1697360 355
1697370 355
1697380 355
1697390 355
1697400 354
1697410 354
1697420 353
1697430 352
1697440 352
1697450 352
1697460 352
1697470 352
1697480 352
1697490 352
1697500 352
1697510 351
1697520 351
1697530 351
1697540 351
1697550 351
1697560 351
1697570 351
1697580 350
1697590 350
1697600 350
1697610 348
1697620 350
1697630 350
1697640 350
1697650 349
1697660 349
1697670 349
1697680 349
1697690 349
1697700 349
1697710 349
1697720 349
1697730 349
1697740 349
1697750 349
1697760 349
1697770 349
1697780 349
1697790 349
1697800 349
1697810 349
1697820 349
1697830 349
1697840 349
1697850 349
1697860 350
1697870 351
1697880 352
1697890 352
1697900 353
1697910 356
1697920 356
1697930 358
1697940 359
1697950 359
1697960 359
1697970 360
1697980 360
1697990 362
1698000 364
1698010 364
1698020 366
1698030 370
1698040 378
1698050 378
1698060 383
1698070 392
1698080 392
1698090 401
1698100 406
1698110 406
1698120 410
1698130 412
1698140 412
1698150 414
1698160 417
1698170 417
1698180 420
1698190 422
1698200 422
1698210 424
1698220 426
1698230 426
1698240 426
1698250 424
1698260 420
1698270 420
1698280 417
1698290 412
1698300 412
1698310 409
1698320 405
1698330 405
1698340 402
1698350 398
1698360 398
1698370 395
1698380 392
1698390 390
1698400 390
1698410 385
1698420 384
1698430 384
1698440 381
1698450 379
1698460 379
1698470 376
1698480 372
1698490 372
1698500 369
1698510 365
1698520 365
1698530 364
1698540 363
1698550 362
1698560 362
1698570 361
1698580 361
1698590 361
1698600 360
1698610 360
1698620 360
1698630 360
1698640 359
1698650 359
1698660 360
1698670 360
1698680 360
1698690 359
1698700 359
1698710 359
1698720 359
1698730 358
1698740 359
1698750 359
1698760 359
1698770 358
1698780 358
1698790 356
1698800 352
1698810 352
1698820 350
1698830 351
1698840 351
1698850 351
1698860 351
1698870 351
1698880 351
1698890 355
1698900 361
1698910 361
1698920 365
1698930 370
1698940 370
1698950 374
1698960 378
1698970 378
1698980 382
1698990 386
1699000 386
1699010 390
1699020 393
1699030 393
1699040 396
1699050 399
1699060 399
1699070 398
1699080 397
1699090 394
1699100 394
1699110 391
1699120 388
1699130 388
1699140 386
1699150 385
1699160 385
1699170 384
1699180 384
1699190 384
1699200 384
1699210 385
1699220 385
1699230 386
1699240 385
1699250 386
1699260 386
1699270 386
1699280 386
1699290 386
1699300 387
1699310 388
1699320 388
1699330 388
1699340 389
1699350 389
1699360 388
1699370 391
1699380 391
1699390 390
1699400 388
1699410 388
1699420 391
1699430 391
1699440 393
1699450 393
1699460 394
1699470 397
1699480 397
1699490 400
1699500 403
1699510 403
1699520 406
1699530 410
1699540 410
1699550 412
1699560 414
1699570 414
1699580 413
1699590 417
1699600 417
1699610 417
1699620 415
1699630 413
1699640 413
1699650 410
1699660 406
1699670 406
1699680 403
1699690 400
1699700 400
1699710 397
1699720 394
1699730 394
1699740 392
1699750 389
1699760 389
1699770 387
1699780 383
1699790 379
1699800 379
1699810 376
1699820 374
1699830 374
1699840 372
1699850 368
1699860 368
1699870 364
1699880 361
1699890 361
1699900 362
1699910 365
1699920 365
1699930 367
1699940 367
1699950 366
1699960 366
1699970 365
1699980 363
1699990 363
