1680000 1074
1680010 1074
1680020 1073
1680030 1072
1680040 1072
1680050 1071
1680060 1070
1680070 1069
1680080 1069
1680090 1067
1680100 1066
1680110 1066
1680120 1064
1680130 1063
1680140 1063
1680150 1061
1680160 1060
1680170 1060
1680180 1060
1680190 1059
1680200 1059
1680210 1059
1680220 1057
1680230 1056
1680240 1056
1680250 1056
1680260 1055
1680270 1055
1680280 1054
1680290 1054
1680300 1054
1680310 1054
1680320 1054
1680330 1054
1680340 1053
1680350 1053
1680360 1053
1680370 1052
1680380 1052
1680390 1052
1680400 1051
1680410 1051
1680420 1051
1680430 1051
1680440 1050
1680450 1050
1680460 1050
1680470 1050
1680480 1050
1680490 1050
1680500 1050
1680510 1049
1680520 1049
1680530 1049
1680540 1049
1680550 1049
1680560 1049
1680570 1050
1680580 1050
1680590 1049
1680600 1050
1680610 1049
1680620 1049
1680630 1049
1680640 1049
1680650 1049
1680660 1049
1680670 1048
1680680 1048
1680690 1048
1680700 1047
1680710 1047
1680720 1046
1680730 1045
1680740 1045
1680750 1045
1680760 1044
1680770 1043
1680780 1043
1680790 1042
1680800 1041
1680810 1041
1680820 1039
1680830 1038
1680840 1038
1680850 1035
1680860 1033
1680870 1033
1680880 1028
1680890 1022
1680900 1022
1680910 1019
1680920 1016
1680930 1016
1680940 1014
1680950 1013
1680960 1012
1680970 1012
1680980 1011
1680990 1011
1681000 1011
1681010 1011
1681020 1010
1681030 1010
1681040 1009
1681050 1008
1681060 1008
1681070 1005
1681080 1003
1681090 1003
1681100 1002
1681110 1001
1681120 1001
1681130 1001
1681140 1001
1681150 1001
1681160 1001
1681170 1001
1681180 1001
1681190 1001
1681200 1001
1681210 1002
1681220 1002
1681230 1002
1681240 1002
1681250 1002
1681260 1002
1681270 1002
1681280 1002
1681290 1002
1681300 1003
1681310 1003
1681320 1003
1681330 1004
1681340 1004
1681350 1004
1681360 1004
1681370 1004
1681380 1004
1681390 1004
1681400 1003
1681410 1003
1681420 1003
1681430 1003
1681440 1003
1681450 1003
1681460 1003
1681470 1003
1681480 1003
1681490 1002
1681500 1002
1681510 1002
1681520 1001
1681530 1001
1681540 1001
1681550 1000
1681560 1000
1681570 1000
1681580 998
1681590 996
1681600 996
1681610 994
1681620 992
1681630 992
1681640 991
1681650 989
1681660 989
1681670 987
1681680 986
1681690 983
1681700 983
1681710 981
1681720 980
1681730 980
1681740 978
1681750 978
1681760 978
1681770 977
1681780 976
1681790 976
1681800 975
1681810 975
1681820 975
1681830 974
1681840 973
1681850 973
1681860 973
1681870 973
1681880 973
1681890 973
1681900 972
1681910 972
1681920 972
1681930 972
1681940 972
1681950 972
1681960 972
1681970 972
1681980 972
1681990 972
1682000 971
1682010 971
1682020 971
1682030 971
1682040 971
1682050 971
1682060 970
1682070 970
1682080 970
1682090 969
1682100 968
1682110 968
1682120 967
1682130 967
1682140 967
1682150 966
1682160 966
1682170 966
1682180 965
1682190 965
1682200 965
1682210 964
1682220 964
1682230 963
1682240 963
1682250 962
1682260 960
1682270 960
1682280 959
1682290 958
1682300 958
1682310 957
1682320 955
1682330 955
1682340 954
1682350 954
1682360 954
1682370 953
1682380 952
1682390 952
1682400 951
1682410 950
1682420 949
1682430 949
1682440 948
1682450 947
1682460 947
1682470 945
1682480 944
1682490 944
1682500 942
1682510 941
1682520 941
1682530 940
1682540 939
1682550 939
1682560 937
1682570 936
1682580 936
1682590 931
1682600 929
1682610 927
1682620 927
1682630 924
1682640 920
1682650 920
1682660 918
1682670 915
1682680 915
1682690 914
1682700 914
1682710 914
1682720 913
1682730 912
1682740 912
1682750 910
1682760 909
1682770 908
1682780 908
1682790 906
1682800 905
1682810 905
1682820 903
1682830 901
1682840 901
1682850 900
1682860 899
1682870 899
1682880 897
1682890 896
1682900 896
1682910 895
1682920 895
1682930 895
1682940 893
1682950 893
1682960 891
1682970 891
1682980 890
1682990 888
1683000 888
1683010 886
1683020 884
1683030 884
1683040 882
1683050 881
1683060 881
1683070 879
1683080 876
1683090 876
1683100 873
1683110 869
1683120 869
1683130 868
1683140 866
1683150 865
1683160 865
1683170 861
1683180 859
1683190 859
1683200 860
1683210 860
1683220 860
1683230 859
1683240 859
1683250 859
1683260 859
1683270 859
1683280 859
1683290 859
1683300 859
1683310 858
1683320 858
1683330 858
1683340 857
1683350 857
1683360 857
1683370 854
1683380 854
1683390 853
1683400 853
1683410 853
1683420 853
1683430 854
1683440 854
1683450 853
1683460 852
1683470 852
1683480 851
1683490 850
1683500 851
1683510 851
1683520 851
1683530 851
1683540 851
1683550 850
1683560 849
1683570 849
1683580 849
1683590 850
1683600 850
1683610 851
1683620 851
1683630 851
1683640 852
1683650 853
1683660 853
1683670 853
1683680 853
1683690 854
1683700 854
1683710 854
1683720 853
1683730 853
1683740 852
1683750 851
1683760 851
1683770 848
1683780 845
1683790 845
1683800 843
1683810 843
1683820 843
1683830 843
1683840 845
1683850 849
1683860 849
1683870 850
1683880 853
1683890 853
1683900 856
1683910 858
1683920 858
1683930 860
1683940 861
1683950 861
1683960 863
1683970 864
1683980 864
1683990 866
1684000 867
1684010 867
1684020 868
1684030 868
1684040 868
1684050 868
1684060 868
1684070 868
1684080 868
1684090 867
1684100 862
1684110 862
1684120 857
1684130 851
1684140 851
1684150 845
1684160 839
1684170 839
1684180 833
1684190 827
1684200 827
1684210 821
1684220 815
1684230 809
1684240 809
1684250 802
1684260 795
1684270 795
1684280 788
1684290 781
1684300 781
1684310 774
1684320 766
1684330 766
1684340 766
1684350 769
1684360 769
1684370 774
1684380 775
1684390 775
1684400 777
1684410 777
1684420 779
1684430 779
1684440 780
1684450 782
1684460 782
1684470 785
1684480 787
1684490 787
1684500 791
1684510 793
1684520 793
1684530 796
1684540 799
1684550 799
1684560 801
1684570 805
1684580 805
1684590 805
1684600 808
1684610 809
1684620 809
1684630 811
1684640 813
1684650 813
1684660 815
1684670 817
1684680 817
1684690 820
1684700 821
1684710 821
1684720 823
1684730 824
1684740 824
1684750 826
1684760 827
1684770 829
1684780 829
1684790 830
1684800 831
1684810 831
1684820 832
1684830 834
1684840 834
1684850 834
1684860 835
1684870 835
1684880 836
1684890 836
1684900 836
1684910 837
1684920 838
1684930 838
1684940 839
1684950 839
1684960 840
1684970 840
1684980 841
1684990 841
1685000 841
1685010 842
1685020 842
1685030 842
1685040 843
1685050 844
1685060 844
1685070 845
1685080 846
1685090 846
1685100 846
1685110 847
1685120 848
1685130 848
1685140 847
1685150 848
1685160 848
1685170 850
1685180 851
1685190 851
1685200 850
1685210 849
1685220 849
1685230 846
1685240 844
1685250 844
1685260 843
1685270 841
1685280 841
1685290 837
1685300 833
1685310 829
1685320 829
1685330 827
1685340 825
1685350 825
1685360 824
1685370 823
1685380 823
1685390 823
1685400 824
1685410 824
1685420 822
1685430 821
1685440 821
1685450 819
1685460 816
1685470 816
1685480 814
1685490 812
1685500 810
1685510 810
1685520 802
1685530 794
1685540 794
1685550 788
1685560 780
1685570 780
1685580 774
1685590 768
1685600 768
1685610 763
1685620 756
1685630 756
1685640 748
1685650 744
1685660 744
1685670 747
1685680 748
1685690 747
1685700 747
1685710 747
1685720 746
1685730 746
1685740 744
1685750 743
1685760 743
1685770 741
1685780 740
1685790 740
1685800 739
1685810 737
1685820 737
1685830 734
1685840 733
1685850 732
1685860 732
1685870 732
1685880 731
1685890 731
1685900 731
1685910 733
1685920 733
1685930 735
1685940 737
1685950 737
1685960 737
1685970 735
1685980 735
1685990 734
1686000 732
1686010 732
1686020 726
1686030 720
1686040 713
1686050 713
1686060 707
1686070 699
1686080 699
1686090 692
1686100 688
1686110 688
1686120 689
1686130 691
1686140 691
1686150 692
1686160 686
1686170 686
1686180 681
1686190 685
1686200 685
1686210 692
1686220 696
1686230 699
1686240 699
1686250 701
1686260 703
1686270 703
1686280 706
1686290 710
1686300 710
1686310 712
1686320 715
1686330 715
1686340 718
1686350 719
1686360 719
1686370 720
1686380 721
1686390 722
1686400 722
1686410 724
1686420 725
1686430 725
1686440 725
1686450 722
1686460 722
1686470 718
1686480 713
1686490 713
1686500 708
1686510 703
1686520 703
1686530 698
1686540 691
1686550 691
1686560 685
1686570 679
1686580 674
1686590 674
1686600 668
1686610 665
1686620 665
1686630 662
1686640 657
1686650 657
1686660 651
1686670 655
1686680 655
1686690 657
1686700 653
1686710 653
1686720 656
1686730 662
1686740 662
1686750 668
1686760 673
1686770 681
1686780 681
1686790 687
1686800 691
1686810 691
1686820 696
1686830 703
1686840 703
1686850 710
1686860 715
1686870 715
1686880 720
1686890 726
1686900 726
1686910 731
1686920 735
1686930 735
1686940 738
1686950 739
1686960 739
1686970 739
1686980 739
1686990 739
1687000 739
1687010 738
1687020 737
1687030 737
1687040 736
1687050 736
1687060 736
1687070 736
1687080 737
1687090 737
1687100 738
1687110 739
1687120 740
1687130 740
1687140 740
1687150 740
1687160 740
1687170 739
1687180 739
1687190 739
1687200 737
1687210 732
1687220 732
1687230 727
1687240 722
1687250 722
1687260 717
1687270 710
1687280 710
1687290 705
1687300 699
1687310 692
1687320 692
1687330 688
1687340 692
1687350 692
1687360 695
1687370 698
1687380 698
1687390 701
1687400 704
1687410 704
1687420 709
1687430 713
1687440 713
1687450 717
1687460 721
1687470 721
1687480 723
1687490 724
1687500 724
1687510 724
1687520 722
1687530 720
1687540 720
1687550 721
1687560 722
1687570 722
1687580 724
1687590 726
1687600 726
1687610 730
1687620 732
1687630 732
1687640 736
1687650 739
1687660 742
1687670 742
1687680 745
1687690 748
1687700 748
1687710 751
1687720 754
1687730 754
1687740 756
1687750 757
1687760 757
1687770 756
1687780 754
1687790 754
1687800 751
1687810 745
1687820 745
1687830 739
1687840 734
1687850 732
1687860 732
1687870 732
1687880 733
1687890 733
1687900 734
1687910 736
1687920 736
1687930 738
1687940 740
1687950 740
1687960 741
1687970 742
1687980 742
1687990 740
1688000 736
1688010 736
1688020 734
1688030 733
1688040 732
1688050 732
1688060 731
1688070 731
1688080 731
1688090 731
1688100 731
1688110 731
1688120 732
1688130 731
1688140 731
1688150 731
1688160 730
1688170 730
1688180 729
1688190 728
1688200 727
1688210 727
1688220 726
1688230 725
1688240 725
1688250 723
1688260 720
1688270 720
1688280 717
1688290 713
1688300 713
1688310 709
1688320 705
1688330 705
1688340 701
1688350 697
1688360 697
1688370 693
1688380 689
1688390 684
1688400 684
1688410 680
1688420 675
1688430 675
1688440 670
1688450 664
1688460 664
1688470 660
1688480 656
1688490 656
1688500 652
1688510 647
1688520 647
1688530 643
1688540 639
1688550 639
1688560 636
1688570 634
1688580 630
1688590 630
1688600 625
1688610 619
1688620 619
1688630 613
1688640 608
1688650 608
1688660 603
1688670 597
1688680 597
1688690 593
1688700 587
1688710 587
1688720 581
1688730 575
1688740 575
1688750 570
1688760 565
1688770 561
1688780 561
1688790 559
1688800 555
1688810 555
1688820 549
1688830 544
1688840 544
1688850 540
1688860 537
1688870 537
1688880 533
1688890 529
1688900 529
1688910 525
1688920 521
1688930 518
1688940 518
1688950 513
1688960 509
1688970 509
1688980 505
1688990 500
1689000 500
1689010 495
1689020 490
1689030 490
1689040 483
1689050 484
1689060 484
1689070 493
1689080 499
1689090 499
1689100 506
1689110 512
1689120 519
1689130 519
1689140 527
1689150 533
1689160 533
1689170 541
1689180 548
1689190 548
1689200 556
1689210 563
1689220 563
1689230 568
1689240 576
1689250 576
1689260 583
1689270 590
1689280 590
1689290 597
1689300 604
1689310 612
1689320 612
1689330 620
1689340 629
1689350 629
1689360 638
1689370 642
1689380 642
1689390 645
1689400 650
1689410 650
1689420 655
1689430 660
1689440 660
1689450 664
1689460 668
1689470 673
1689480 673
1689490 676
1689500 681
1689510 681
1689520 685
1689530 689
1689540 689
1689550 692
1689560 696
1689570 696
1689580 699
1689590 703
1689600 703
1689610 705
1689620 711
1689630 711
1689640 716
1689650 721
1689660 725
1689670 725
1689680 728
1689690 729
1689700 729
1689710 731
1689720 732
1689730 732
1689740 734
1689750 737
1689760 737
1689770 739
1689780 742
1689790 742
1689800 744
1689810 746
1689820 746
1689830 746
1689840 747
1689850 747
1689860 747
1689870 748
1689880 748
1689890 748
1689900 749
1689910 750
1689920 750
1689930 750
1689940 751
1689950 751
1689960 752
1689970 753
1689980 753
1689990 754
1690000 755
1690010 755
1690020 755
1690030 755
1690040 754
1690050 754
1690060 753
1690070 751
1690080 751
1690090 748
1690100 745
1690110 745
1690120 742
1690130 739
1690140 739
1690150 737
1690160 734
1690170 734
1690180 729
1690190 725
1690200 722
1690210 722
1690220 720
1690230 719
1690240 719
1690250 719
1690260 719
1690270 720
1690280 720
1690290 719
1690300 719
1690310 716
1690320 713
1690330 713
1690340 708
1690350 706
1690360 706
1690370 705
1690380 703
1690390 702
1690400 702
1690410 701
1690420 701
1690430 701
1690440 700
1690450 697
1690460 697
1690470 697
1690480 696
1690490 696
1690500 696
1690510 695
1690520 695
1690530 694
1690540 692
1690550 692
1690560 693
1690570 694
1690580 696
1690590 696
1690600 696
1690610 696
1690620 696
1690630 696
1690640 696
1690650 696
1690660 695
1690670 694
1690680 694
1690690 694
1690700 693
1690710 693
1690720 691
1690730 690
1690740 688
1690750 688
1690760 687
1690770 686
1690780 686
1690790 685
1690800 684
1690810 684
1690820 682
1690830 681
1690840 681
1690850 679
1690860 676
1690870 676
1690880 675
1690890 675
1690900 675
1690910 673
1690920 673
1690930 670
1690940 670
1690950 668
1690960 666
1690970 666
1690980 664
1690990 660
1691000 660
1691010 656
1691020 652
1691030 652
1691040 647
1691050 642
1691060 642
1691070 634
1691080 637
1691090 637
1691100 636
1691110 636
1691120 638
1691130 638
1691140 641
1691150 641
1691160 641
1691170 643
1691180 645
1691190 645
1691200 646
1691210 647
1691220 647
1691230 648
1691240 647
1691250 647
1691260 644
1691270 641
1691280 636
1691290 636
1691300 633
1691310 631
1691320 631
1691330 630
1691340 631
1691350 631
1691360 630
1691370 631
1691380 631
1691390 632
1691400 633
1691410 633
1691420 635
1691430 640
1691440 640
1691450 643
1691460 645
1691470 646
1691480 646
1691490 647
1691500 648
1691510 648
1691520 649
1691530 650
1691540 650
1691550 651
1691560 652
1691570 652
1691580 652
1691590 653
1691600 653
1691610 652
1691620 652
1691630 652
1691640 651
1691650 650
1691660 648
1691670 648
1691680 646
1691690 646
1691700 646
1691710 647
1691720 648
1691730 648
1691740 648
1691750 649
1691760 649
1691770 649
1691780 649
1691790 649
1691800 649
1691810 648
1691820 648
1691830 648
1691840 647
1691850 645
1691860 645
1691870 644
1691880 642
1691890 642
1691900 641
1691910 637
1691920 637
1691930 633
1691940 629
1691950 629
1691960 625
1691970 622
1691980 622
1691990 621
1692000 620
1692010 619
1692020 619
1692030 617
1692040 614
1692050 614
1692060 611
1692070 609
1692080 609
1692090 608
1692100 606
1692110 606
1692120 605
1692130 602
1692140 602
1692150 600
1692160 600
1692170 600
1692180 599
1692190 597
1692200 595
1692210 595
1692220 593
1692230 592
1692240 592
1692250 589
1692260 586
1692270 586
1692280 582
1692290 578
1692300 578
1692310 573
1692320 571
1692330 571
1692340 568
1692350 563
1692360 563
1692370 560
1692380 555
1692390 552
1692400 552
1692410 548
1692420 545
1692430 545
1692440 542
1692450 540
1692460 540
1692470 539
1692480 538
1692490 538
1692500 536
1692510 534
1692520 534
1692530 532
1692540 530
1692550 527
1692560 527
1692570 524
1692580 521
1692590 521
1692600 517
1692610 515
1692620 515
1692630 512
1692640 510
1692650 510
1692660 510
1692670 508
1692680 508
1692690 505
1692700 505
1692710 505
1692720 505
1692730 504
1692740 502
1692750 502
1692760 499
1692770 498
1692780 498
1692790 496
1692800 494
1692810 494
1692820 492
1692830 490
1692840 490
1692850 487
1692860 484
1692870 484
1692880 481
1692890 478
1692900 478
1692910 474
1692920 470
1692930 465
1692940 465
1692950 460
1692960 456
1692970 456
1692980 452
1692990 449
1693000 449
1693010 445
1693020 441
1693030 441
1693040 437
1693050 435
1693060 435
1693070 434
1693080 430
1693090 430
1693100 427
1693110 426
1693120 424
1693130 424
1693140 422
1693150 422
1693160 422
1693170 420
1693180 418
1693190 418
1693200 417
1693210 416
1693220 416
1693230 415
1693240 413
1693250 413
1693260 412
1693270 410
1693280 409
1693290 409
1693300 408
1693310 406
1693320 406
1693330 402
1693340 401
1693350 401
1693360 401
1693370 402
1693380 402
1693390 401
1693400 400
1693410 400
1693420 400
1693430 399
1693440 399
1693450 398
1693460 397
1693470 396
1693480 396
1693490 395
1693500 394
1693510 394
1693520 393
1693530 393
1693540 393
1693550 399
1693560 402
1693570 402
1693580 405
1693590 406
1693600 406
1693610 403
1693620 404
1693630 404
1693640 405
1693650 412
1693660 414
1693670 414
1693680 416
1693690 417
1693700 417
1693710 419
1693720 421
1693730 421
1693740 423
1693750 424
1693760 424
1693770 425
1693780 425
1693790 425
1693800 425
1693810 424
1693820 422
1693830 422
1693840 421
1693850 420
1693860 420
1693870 419
1693880 418
1693890 418
1693900 416
1693910 414
1693920 414
1693930 413
1693940 412
1693950 412
1693960 412
1693970 411
1693980 411
1693990 410
1694000 410
1694010 409
1694020 409
1694030 408
1694040 408
1694050 408
1694060 407
1694070 407
1694080 407
1694090 406
1694100 406
1694110 406
1694120 404
1694130 402
1694140 402
1694150 400
1694160 399
1694170 399
1694180 398
1694190 397
1694200 396
1694210 396
1694220 394
1694230 393
1694240 393
1694250 392
1694260 391
1694270 391
1694280 390
1694290 389
1694300 389
1694310 388
1694320 387
1694330 387
1694340 386
1694350 385
1694360 384
1694370 384
1694380 383
1694390 382
1694400 382
1694410 381
1694420 380
1694430 380
1694440 379
1694450 378
1694460 378
1694470 378
1694480 377
1694490 377
1694500 377
1694510 376
1694520 376
1694530 375
1694540 374
1694550 374
1694560 374
1694570 373
1694580 373
1694590 373
1694600 372
1694610 372
1694620 372
1694630 371
1694640 371
1694650 371
1694660 370
1694670 370
1694680 370
1694690 369
1694700 369
1694710 369
1694720 368
1694730 368
1694740 367
1694750 367
1694760 367
1694770 367
1694780 367
1694790 366
1694800 366
1694810 366
1694820 365
1694830 365
1694840 365
1694850 365
1694860 364
1694870 364
1694880 364
1694890 363
1694900 363
1694910 363
1694920 363
1694930 362
1694940 362
1694950 362
1694960 362
1694970 362
1694980 362
1694990 361
1695000 361
1695010 361
1695020 361
1695030 361
1695040 361
1695050 360
1695060 360
1695070 360
1695080 359
1695090 359
1695100 359
1695110 358
1695120 357
1695130 357
1695140 357
1695150 356
1695160 356
1695170 356
1695180 356
1695190 356
1695200 355
1695210 355
1695220 355
1695230 355
1695240 355
1695250 355
1695260 355
1695270 354
1695280 358
1695290 358
1695300 358
1695310 355
1695320 355
1695330 355
1695340 355
1695350 355
1695360 355
1695370 355
1695380 355
1695390 355
1695400 355
1695410 355
1695420 354
1695430 354
1695440 354
1695450 354
1695460 354
1695470 353
1695480 353
1695490 356
1695500 357
1695510 357
1695520 353
1695530 353
1695540 353
1695550 350
1695560 350
1695570 350
1695580 350
1695590 350
1695600 350
1695610 350
1695620 350
1695630 350
1695640 350
1695650 350
1695660 350
1695670 350
1695680 350
1695690 349
1695700 349
1695710 349
1695720 349
1695730 349
1695740 349
1695750 349
1695760 348
1695770 349
1695780 348
1695790 348
1695800 348
1695810 348
1695820 348
1695830 348
1695840 348
1695850 348
1695860 348
1695870 348
1695880 348
1695890 348
1695900 348
1695910 348
1695920 348
1695930 348
1695940 347
1695950 347
1695960 347
1695970 347
1695980 347
1695990 347
1696000 347
1696010 347
1696020 347
1696030 347
1696040 347
1696050 347
1696060 347
1696070 346
1696080 346
1696090 347
1696100 347
1696110 347
1696120 346
1696130 345
1696140 345
1696150 345
1696160 345
1696170 345
1696180 345
1696190 345
1696200 345
1696210 345
1696220 344
1696230 344
1696240 344
1696250 344
1696260 344
1696270 344
1696280 344
1696290 344
1696300 344
1696310 341
1696320 341
1696330 341
1696340 342
1696350 342
1696360 341
1696370 341
1696380 343
1696390 343
1696400 343
1696410 343
1696420 343
1696430 343
1696440 342
1696450 342
1696460 342
1696470 341
1696480 340
1696490 340
1696500 340
1696510 342
1696520 342
1696530 343
1696540 345
1696550 347
1696560 347
1696570 349
1696580 352
1696590 352
1696600 355
1696610 358
1696620 358
1696630 361
1696640 362
1696650 362
1696660 363
1696670 366
1696680 366
1696690 367
1696700 370
1696710 370
1696720 371
1696730 375
1696740 380
1696750 380
1696760 390
1696770 392
1696780 392
1696790 391
1696800 390
1696810 390
1696820 390
1696830 389
1696840 389
1696850 388
1696860 387
1696870 387
1696880 386
1696890 384
1696900 383
1696910 383
1696920 381
1696930 379
1696940 379
1696950 377
1696960 375
1696970 375
1696980 373
1696990 371
1697000 371
1697010 369
1697020 366
1697030 366
1697040 364
1697050 363
1697060 363
1697070 360
1697080 358
1697090 357
1697100 357
1697110 356
1697120 356
1697130 356
1697140 356
1697150 355
1697160 355
1697170 352
1697180 351
1697190 351
1697200 350
1697210 349
1697220 349
1697230 348
1697240 347
1697250 347
1697260 346
1697270 344
1697280 343
1697290 343
1697300 341
1697310 340
1697320 340
1697330 339
1697340 338
1697350 338
1697360 338
1697370 337
1697380 337
1697390 336
1697400 335
1697410 335
1697420 335
1697430 335
1697440 335
1697450 335
1697460 335
1697470 335
1697480 335
1697490 335
1697500 334
1697510 334
1697520 335
1697530 336
1697540 336
1697550 336
1697560 336
1697570 336
1697580 336
1697590 336
1697600 336
1697610 335
1697620 335
1697630 334
1697640 334
1697650 334
1697660 334
1697670 334
1697680 334
1697690 334
1697700 334
1697710 333
1697720 333
1697730 333
1697740 333
1697750 333
1697760 333
1697770 334
1697780 334
1697790 334
1697800 334
1697810 334
1697820 334
1697830 334
1697840 333
1697850 330
1697860 330
1697870 333
1697880 333
1697890 333
1697900 333
1697910 333
1697920 333
1697930 333
1697940 333
1697950 333
1697960 333
1697970 333
1697980 333
1697990 334
1698000 334
1698010 334
1698020 334
1698030 334
1698040 333
1698050 333
1698060 332
1698070 332
1698080 332
1698090 332
1698100 332
1698110 332
1698120 332
1698130 332
1698140 332
1698150 331
1698160 331
1698170 329
1698180 329
1698190 329
1698200 331
1698210 331
1698220 331
1698230 331
1698240 331
1698250 331
1698260 331
1698270 331
1698280 330
1698290 330
1698300 330
1698310 330
1698320 332
1698330 332
1698340 333
1698350 333
1698360 332
1698370 332
1698380 333
1698390 334
1698400 334
1698410 333
1698420 335
1698430 335
1698440 337
1698450 338
1698460 338
1698470 339
1698480 340
1698490 340
1698500 340
1698510 341
1698520 341
1698530 342
1698540 343
1698550 344
1698560 344
1698570 343
1698580 343
1698590 343
1698600 342
1698610 341
1698620 341
1698630 342
1698640 343
1698650 343
1698660 344
1698670 345
1698680 345
1698690 345
1698700 345
1698710 346
1698720 346
1698730 346
1698740 346
1698750 346
1698760 347
1698770 347
1698780 347
1698790 342
1698800 344
1698810 344
1698820 344
1698830 344
1698840 344
1698850 345
1698860 346
1698870 346
1698880 347
1698890 349
1698900 351
1698910 351
1698920 352
1698930 351
1698940 351
1698950 352
1698960 353
1698970 353
1698980 356
1698990 359
1699000 359
1699010 360
1699020 361
1699030 361
1699040 362
1699050 363
1699060 363
1699070 364
1699080 364
1699090 364
1699100 364
1699110 365
1699120 366
1699130 366
1699140 365
1699150 367
1699160 367
1699170 368
1699180 369
1699190 369
1699200 369
1699210 369
1699220 369
1699230 369
1699240 369
1699250 369
1699260 369
1699270 369
1699280 369
1699290 369
1699300 369
1699310 369
1699320 369
1699330 369
1699340 369
1699350 369
1699360 368
1699370 368
1699380 368
1699390 368
1699400 368
1699410 368
1699420 368
1699430 368
1699440 368
1699450 368
1699460 368
1699470 369
1699480 369
1699490 369
1699500 369
1699510 369
1699520 369
1699530 369
1699540 369
1699550 369
1699560 368
1699570 368
1699580 368
1699590 368
1699600 368
1699610 367
1699620 367
1699630 367
1699640 367
1699650 367
1699660 367
1699670 367
1699680 366
1699690 366
1699700 366
1699710 366
1699720 365
1699730 365
1699740 365
1699750 364
1699760 364
1699770 363
1699780 362
1699790 362
1699800 361
1699810 360
1699820 360
1699830 360
1699840 359
1699850 358
1699860 358
1699870 358
1699880 356
1699890 356
1699900 355
1699910 355
1699920 355
1699930 355
1699940 356
1699950 356
1699960 356
1699970 356
1699980 357
1699990 357
