1680000 1132
1680010 1132
1680020 1133
1680030 1134
1680040 1134
1680050 1135
1680060 1136
1680070 1136
1680080 1136
1680090 1135
1680100 1133
1680110 1133
1680120 1129
1680130 1127
1680140 1127
1680150 1124
1680160 1122
1680170 1122
1680180 1119
1680190 1117
1680200 1117
1680210 1116
1680220 1115
1680230 1115
1680240 1114
1680250 1112
1680260 1110
1680270 1110
1680280 1107
1680290 1104
1680300 1104
1680310 1102
1680320 1100
1680330 1100
1680340 1098
1680350 1097
1680360 1097
1680370 1095
1680380 1092
1680390 1092
1680400 1091
1680410 1089
1680420 1089
1680430 1086
1680440 1082
1680450 1078
1680460 1078
1680470 1074
1680480 1072
1680490 1072
1680500 1069
1680510 1067
1680520 1067
1680530 1063
1680540 1061
1680550 1061
1680560 1058
1680570 1056
1680580 1056
1680590 1054
1680600 1053
1680610 1053
1680620 1053
1680630 1052
1680640 1051
1680650 1051
1680660 1050
1680670 1047
1680680 1047
1680690 1047
1680700 1044
1680710 1044
1680720 1044
1680730 1042
1680740 1042
1680750 1040
1680760 1037
1680770 1037
1680780 1034
1680790 1031
1680800 1031
1680810 1027
1680820 1025
1680830 1022
1680840 1022
1680850 1018
1680860 1014
1680870 1014
1680880 1010
1680890 1007
1680900 1007
1680910 1004
1680920 1001
1680930 1001
1680940 998
1680950 996
1680960 996
1680970 993
1680980 991
1680990 990
1681000 990
1681010 987
1681020 986
1681030 986
1681040 983
1681050 981
1681060 981
1681070 980
1681080 980
1681090 980
1681100 980
1681110 980
1681120 980
1681130 979
1681140 979
1681150 979
1681160 977
1681170 977
1681180 975
1681190 975
1681200 975
1681210 974
1681220 974
1681230 973
1681240 971
1681250 971
1681260 968
1681270 965
1681280 965
1681290 964
1681300 963
1681310 963
1681320 961
1681330 959
1681340 959
1681350 958
1681360 956
1681370 955
1681380 955
1681390 953
1681400 951
1681410 951
1681420 949
1681430 947
1681440 947
1681450 945
1681460 943
1681470 943
1681480 941
1681490 939
1681500 939
1681510 937
1681520 935
1681530 933
1681540 933
1681550 930
1681560 927
1681570 927
1681580 924
1681590 919
1681600 919
1681610 914
1681620 910
1681630 910
1681640 907
1681650 906
1681660 906
1681670 903
1681680 900
1681690 900
1681700 898
1681710 895
1681720 893
1681730 893
1681740 892
1681750 891
1681760 891
1681770 890
1681780 887
1681790 887
1681800 884
1681810 885
1681820 885
1681830 885
1681840 886
1681850 886
1681860 887
1681870 887
1681880 887
1681890 886
1681900 886
1681910 887
1681920 887
1681930 887
1681940 887
1681950 887
1681960 887
1681970 887
1681980 887
1681990 886
1682000 885
1682010 885
1682020 884
1682030 884
1682040 884
1682050 883
1682060 883
1682070 883
1682080 883
1682090 883
1682100 884
1682110 884
1682120 883
1682130 883
1682140 883
1682150 884
1682160 884
1682170 884
1682180 883
1682190 883
1682200 883
1682210 882
1682220 882
1682230 882
1682240 881
1682250 880
1682260 879
1682270 879
1682280 878
1682290 879
1682300 879
1682310 879
1682320 879
1682330 879
1682340 880
1682350 880
1682360 880
1682370 879
1682380 879
1682390 879
1682400 879
1682410 879
1682420 879
1682430 879
1682440 879
1682450 879
1682460 879
1682470 879
1682480 878
1682490 878
1682500 877
1682510 876
1682520 876
1682530 875
1682540 874
1682550 874
1682560 873
1682570 871
1682580 871
1682590 870
1682600 869
1682610 869
1682620 869
1682630 867
1682640 866
1682650 866
1682660 865
1682670 863
1682680 863
1682690 860
1682700 857
1682710 857
1682720 854
1682730 851
1682740 851
1682750 846
1682760 839
1682770 839
1682780 833
1682790 827
1682800 821
1682810 821
1682820 816
1682830 812
1682840 812
1682850 808
1682860 804
1682870 804
1682880 800
1682890 794
1682900 794
1682910 784
1682920 778
1682930 778
1682940 771
1682950 773
1682960 773
1682970 771
1682980 769
1682990 770
1683000 770
1683010 772
1683020 772
1683030 772
1683040 771
1683050 770
1683060 770
1683070 769
1683080 769
1683090 769
1683100 767
1683110 766
1683120 766
1683130 763
1683140 760
1683150 760
1683160 756
1683170 751
1683180 746
1683190 746
1683200 740
1683210 735
1683220 735
1683230 731
1683240 726
1683250 726
1683260 721
1683270 713
1683280 713
1683290 705
1683300 697
1683310 697
1683320 689
1683330 680
1683340 680
1683350 677
1683360 683
1683370 689
1683380 689
1683390 695
1683400 700
1683410 700
1683420 703
1683430 706
1683440 706
1683450 706
1683460 710
1683470 710
1683480 709
1683490 714
1683500 714
1683510 719
1683520 723
1683530 729
1683540 729
1683550 735
1683560 737
1683570 737
1683580 738
1683590 738
1683600 738
1683610 737
1683620 731
1683630 731
1683640 727
1683650 721
1683660 721
1683670 715
1683680 709
1683690 709
1683700 702
1683710 695
1683720 689
1683730 689
1683740 681
1683750 676
1683760 676
1683770 666
1683780 657
1683790 657
1683800 650
1683810 646
1683820 646
1683830 642
1683840 639
1683850 639
1683860 639
1683870 646
1683880 646
1683890 653
1683900 657
1683910 662
1683920 662
1683930 666
1683940 672
1683950 672
1683960 678
1683970 686
1683980 686
1683990 695
1684000 701
1684010 701
1684020 707
1684030 709
1684040 709
1684050 716
1684060 721
1684070 721
1684080 725
1684090 729
1684100 731
1684110 731
1684120 733
1684130 735
1684140 735
1684150 737
1684160 736
1684170 736
1684180 736
1684190 735
1684200 735
1684210 735
1684220 734
1684230 734
1684240 734
1684250 735
1684260 737
1684270 737
1684280 739
1684290 742
1684300 742
1684310 743
1684320 744
1684330 744
1684340 745
1684350 745
1684360 745
1684370 745
1684380 745
1684390 745
1684400 746
1684410 746
1684420 746
1684430 746
1684440 747
1684450 748
1684460 748
1684470 748
1684480 749
1684490 749
1684500 751
1684510 751
1684520 751
1684530 750
1684540 748
1684550 748
1684560 746
1684570 741
1684580 741
1684590 739
1684600 734
1684610 734
1684620 727
1684630 720
1684640 714
1684650 714
1684660 708
1684670 701
1684680 701
1684690 693
1684700 685
1684710 685
1684720 679
1684730 674
1684740 674
1684750 668
1684760 664
1684770 664
1684780 661
1684790 661
1684800 661
1684810 661
1684820 660
1684830 659
1684840 659
1684850 655
1684860 655
1684870 655
1684880 655
1684890 656
1684900 656
1684910 656
1684920 657
1684930 657
1684940 660
1684950 662
1684960 662
1684970 665
1684980 668
1684990 671
1685000 671
1685010 674
1685020 678
1685030 678
1685040 682
1685050 685
1685060 685
1685070 688
1685080 693
1685090 693
1685100 698
1685110 702
1685120 702
1685130 705
1685140 709
1685150 709
1685160 710
1685170 710
1685180 710
1685190 710
1685200 711
1685210 711
1685220 711
1685230 710
1685240 710
1685250 710
1685260 709
1685270 709
1685280 709
1685290 708
1685300 706
1685310 706
1685320 703
1685330 701
1685340 701
1685350 699
1685360 696
1685370 693
1685380 693
1685390 690
1685400 686
1685410 686
1685420 684
1685430 681
1685440 681
1685450 678
1685460 676
1685470 676
1685480 672
1685490 669
1685500 669
1685510 665
1685520 662
1685530 658
1685540 658
1685550 654
1685560 649
1685570 649
1685580 646
1685590 643
1685600 643
1685610 639
1685620 635
1685630 635
1685640 631
1685650 626
1685660 626
1685670 622
1685680 619
1685690 619
1685700 615
1685710 612
1685720 608
1685730 608
1685740 602
1685750 599
1685760 599
1685770 593
1685780 587
1685790 587
1685800 580
1685810 571
1685820 571
1685830 566
1685840 565
1685850 565
1685860 563
1685870 567
1685880 567
1685890 568
1685900 568
1685910 568
1685920 568
1685930 568
1685940 567
1685950 567
1685960 567
1685970 567
1685980 567
1685990 567
1686000 566
1686010 566
1686020 566
1686030 566
1686040 566
1686050 564
1686060 562
1686070 562
1686080 560
1686090 559
1686100 559
1686110 559
1686120 559
1686130 559
1686140 559
1686150 558
1686160 558
1686170 558
1686180 559
1686190 559
1686200 559
1686210 559
1686220 560
1686230 560
1686240 563
1686250 563
1686260 562
1686270 562
1686280 563
1686290 564
1686300 564
1686310 564
1686320 566
1686330 566
1686340 566
1686350 567
1686360 567
1686370 567
1686380 566
1686390 566
1686400 565
1686410 562
1686420 562
1686430 560
1686440 560
1686450 557
1686460 557
1686470 555
1686480 553
1686490 553
1686500 554
1686510 559
1686520 559
1686530 569
1686540 576
1686550 576
1686560 580
1686570 584
1686580 584
1686590 586
1686600 586
1686610 586
1686620 586
1686630 586
1686640 583
1686650 583
1686660 580
1686670 578
1686680 578
1686690 577
1686700 575
1686710 575
1686720 575
1686730 575
1686740 575
1686750 574
1686760 574
1686770 574
1686780 573
1686790 571
1686800 568
1686810 568
1686820 569
1686830 569
1686840 569
1686850 568
1686860 567
1686870 567
1686880 565
1686890 564
1686900 564
1686910 565
1686920 567
1686930 567
1686940 572
1686950 570
1686960 570
1686970 571
1686980 573
1686990 572
1687000 572
1687010 575
1687020 575
1687030 575
1687040 575
1687050 576
1687060 576
1687070 574
1687080 566
1687090 566
1687100 559
1687110 547
1687120 547
1687130 542
1687140 540
1687150 540
1687160 545
1687170 547
1687180 550
1687190 550
1687200 565
1687210 567
1687220 567
1687230 566
1687240 565
1687250 565
1687260 564
1687270 564
1687280 564
1687290 567
1687300 571
1687310 571
1687320 571
1687330 570
1687340 570
1687350 569
1687360 568
1687370 567
1687380 567
1687390 565
1687400 564
1687410 564
1687420 562
1687430 562
1687440 562
1687450 560
1687460 557
1687470 557
1687480 556
1687490 555
1687500 555
1687510 554
1687520 552
1687530 550
1687540 550
1687550 547
1687560 543
1687570 543
1687580 538
1687590 536
1687600 536
1687610 535
1687620 533
1687630 533
1687640 532
1687650 532
1687660 532
1687670 534
1687680 535
1687690 535
1687700 534
1687710 536
1687720 537
1687730 537
1687740 539
1687750 541
1687760 541
1687770 545
1687780 551
1687790 551
1687800 560
1687810 569
1687820 569
1687830 573
1687840 579
1687850 579
1687860 581
1687870 579
1687880 579
1687890 575
1687900 570
1687910 565
1687920 565
1687930 560
1687940 556
1687950 556
1687960 552
1687970 549
1687980 549
1687990 544
1688000 544
1688010 544
1688020 544
1688030 544
1688040 544
1688050 545
1688060 545
1688070 548
1688080 548
1688090 549
1688100 552
1688110 552
1688120 554
1688130 558
1688140 558
1688150 561
1688160 564
1688170 564
1688180 567
1688190 572
1688200 572
1688210 576
1688220 582
1688230 582
1688240 589
1688250 594
1688260 601
1688270 601
1688280 608
1688290 614
1688300 614
1688310 621
1688320 627
1688330 627
1688340 632
1688350 637
1688360 637
1688370 640
1688380 642
1688390 642
1688400 642
1688410 641
1688420 641
1688430 640
1688440 639
1688450 637
1688460 637
1688470 634
1688480 631
1688490 631
1688500 627
1688510 624
1688520 624
1688530 620
1688540 616
1688550 616
1688560 613
1688570 609
1688580 609
1688590 606
1688600 600
1688610 600
1688620 595
1688630 591
1688640 587
1688650 587
1688660 583
1688670 579
1688680 579
1688690 575
1688700 572
1688710 572
1688720 569
1688730 565
1688740 565
1688750 562
1688760 558
1688770 558
1688780 558
1688790 556
1688800 556
1688810 556
1688820 555
1688830 552
1688840 552
1688850 548
1688860 543
1688870 543
1688880 535
1688890 530
1688900 530
1688910 524
1688920 518
1688930 518
1688940 513
1688950 508
1688960 508
1688970 503
1688980 498
1688990 499
1689000 499
1689010 501
1689020 504
1689030 504
1689040 508
1689050 517
1689060 517
1689070 537
1689080 544
1689090 544
1689100 551
1689110 560
1689120 560
1689130 564
1689140 568
1689150 568
1689160 573
1689170 578
1689180 581
1689190 581
1689200 585
1689210 589
1689220 589
1689230 594
1689240 598
1689250 598
1689260 603
1689270 607
1689280 607
1689290 609
1689300 614
1689310 614
1689320 618
1689330 621
1689340 621
1689350 626
1689360 630
1689370 636
1689380 636
1689390 641
1689400 644
1689410 644
1689420 647
1689430 652
1689440 652
1689450 657
1689460 660
1689470 660
1689480 664
1689490 670
1689500 670
1689510 676
1689520 681
1689530 685
1689540 685
1689550 690
1689560 695
1689570 695
1689580 699
1689590 704
1689600 704
1689610 707
1689620 710
1689630 710
1689640 712
1689650 714
1689660 714
1689670 719
1689680 725
1689690 725
1689700 729
1689710 733
1689720 737
1689730 737
1689740 743
1689750 749
1689760 749
1689770 754
1689780 762
1689790 762
1689800 770
1689810 775
1689820 775
1689830 781
1689840 787
1689850 787
1689860 792
1689870 797
1689880 797
1689890 801
1689900 806
1689910 811
1689920 811
1689930 813
1689940 815
1689950 815
1689960 815
1689970 815
1689980 815
1689990 817
1690000 819
1690010 819
1690020 820
1690030 821
1690040 821
1690050 823
1690060 824
1690070 825
1690080 825
1690090 824
1690100 824
1690110 824
1690120 822
1690130 822
1690140 822
1690150 822
1690160 822
1690170 822
1690180 822
1690190 822
1690200 822
1690210 822
1690220 821
1690230 821
1690240 819
1690250 817
1690260 816
1690270 816
1690280 814
1690290 811
1690300 811
1690310 809
1690320 806
1690330 806
1690340 804
1690350 801
1690360 801
1690370 799
1690380 797
1690390 797
1690400 794
1690410 791
1690420 791
1690430 788
1690440 786
1690450 785
1690460 785
1690470 784
1690480 782
1690490 782
1690500 782
1690510 780
1690520 780
1690530 779
1690540 779
1690550 779
1690560 779
1690570 778
1690580 778
1690590 778
1690600 777
1690610 777
1690620 777
1690630 777
1690640 775
1690650 775
1690660 774
1690670 772
1690680 772
1690690 771
1690700 770
1690710 770
1690720 769
1690730 768
1690740 768
1690750 766
1690760 765
1690770 765
1690780 765
1690790 765
1690800 763
1690810 763
1690820 765
1690830 763
1690840 763
1690850 761
1690860 758
1690870 758
1690880 755
1690890 750
1690900 750
1690910 745
1690920 738
1690930 738
1690940 734
1690950 730
1690960 730
1690970 724
1690980 720
1690990 716
1691000 716
1691010 713
1691020 710
1691030 710
1691040 708
1691050 706
1691060 706
1691070 704
1691080 703
1691090 703
1691100 701
1691110 699
1691120 699
1691130 697
1691140 691
1691150 691
1691160 687
1691170 684
1691180 678
1691190 678
1691200 676
1691210 671
1691220 671
1691230 667
1691240 664
1691250 664
1691260 662
1691270 659
1691280 659
1691290 655
1691300 653
1691310 653
1691320 649
1691330 645
1691340 641
1691350 641
1691360 635
1691370 631
1691380 631
1691390 628
1691400 626
1691410 626
1691420 623
1691430 622
1691440 622
1691450 620
1691460 617
1691470 617
1691480 616
1691490 614
1691500 614
1691510 612
1691520 610
1691530 608
1691540 608
1691550 607
1691560 605
1691570 605
1691580 602
1691590 600
1691600 600
1691610 597
1691620 595
1691630 595
1691640 593
1691650 591
1691660 591
1691670 588
1691680 584
1691690 584
1691700 580
1691710 577
1691720 574
1691730 574
1691740 571
1691750 564
1691760 564
1691770 562
1691780 558
1691790 558
1691800 555
1691810 553
1691820 553
1691830 552
1691840 552
1691850 552
1691860 550
1691870 547
1691880 547
1691890 544
1691900 539
1691910 532
1691920 532
1691930 526
1691940 524
1691950 524
1691960 523
1691970 521
1691980 521
1691990 520
1692000 519
1692010 519
1692020 517
1692030 515
1692040 515
1692050 513
1692060 511
1692070 508
1692080 508
1692090 506
1692100 504
1692110 504
1692120 501
1692130 498
1692140 498
1692150 494
1692160 489
1692170 489
1692180 486
1692190 481
1692200 481
1692210 477
1692220 473
1692230 473
1692240 469
1692250 467
1692260 462
1692270 462
1692280 462
1692290 462
1692300 462
1692310 461
1692320 461
1692330 461
1692340 458
1692350 456
1692360 456
1692370 454
1692380 452
1692390 452
1692400 450
1692410 448
1692420 448
1692430 446
1692440 444
1692450 442
1692460 442
1692470 440
1692480 438
1692490 438
1692500 438
1692510 434
1692520 434
1692530 431
1692540 427
1692550 427
1692560 429
1692570 430
1692580 430
1692590 431
1692600 431
1692610 431
1692620 431
1692630 430
1692640 429
1692650 429
1692660 428
1692670 428
1692680 428
1692690 428
1692700 427
1692710 427
1692720 426
1692730 425
1692740 425
1692750 424
1692760 424
1692770 424
1692780 422
1692790 420
1692800 420
1692810 420
1692820 419
1692830 419
1692840 419
1692850 419
1692860 419
1692870 419
1692880 418
1692890 418
1692900 418
1692910 418
1692920 417
1692930 417
1692940 417
1692950 416
1692960 416
1692970 415
1692980 415
1692990 414
1693000 414
1693010 413
1693020 413
1693030 413
1693040 412
1693050 411
1693060 411
1693070 411
1693080 410
1693090 410
1693100 410
1693110 409
1693120 409
1693130 409
1693140 408
1693150 408
1693160 407
1693170 406
1693180 405
1693190 405
1693200 403
1693210 401
1693220 401
1693230 400
1693240 396
1693250 396
1693260 394
1693270 395
1693280 395
1693290 397
1693300 396
1693310 396
1693320 396
1693330 397
1693340 397
1693350 397
1693360 396
1693370 396
1693380 396
1693390 396
1693400 395
1693410 395
1693420 395
1693430 395
1693440 395
1693450 394
1693460 394
1693470 394
1693480 394
1693490 393
1693500 393
1693510 392
1693520 391
1693530 390
1693540 390
1693550 390
1693560 389
1693570 389
1693580 387
1693590 382
1693600 382
1693610 381
1693620 381
1693630 381
1693640 381
1693650 381
1693660 381
1693670 381
1693680 380
1693690 380
1693700 380
1693710 380
1693720 379
1693730 379
1693740 379
1693750 379
1693760 379
1693770 378
1693780 378
1693790 378
1693800 378
1693810 378
1693820 378
1693830 377
1693840 376
1693850 376
1693860 375
1693870 375
1693880 375
1693890 375
1693900 374
1693910 374
1693920 374
1693930 373
1693940 373
1693950 373
1693960 373
1693970 373
1693980 373
1693990 372
1694000 372
1694010 372
1694020 373
1694030 373
1694040 373
1694050 373
1694060 372
1694070 372
1694080 372
1694090 372
1694100 372
1694110 372
1694120 372
1694130 372
1694140 372
1694150 372
1694160 371
1694170 371
1694180 371
1694190 371
1694200 371
1694210 371
1694220 370
1694230 370
1694240 370
1694250 370
1694260 370
1694270 370
1694280 370
1694290 369
1694300 369
1694310 369
1694320 369
1694330 369
1694340 369
1694350 368
1694360 368
1694370 368
1694380 368
1694390 368
1694400 368
1694410 368
1694420 368
1694430 368
1694440 368
1694450 368
1694460 368
1694470 368
1694480 368
1694490 368
1694500 367
1694510 367
1694520 367
1694530 366
1694540 365
1694550 365
1694560 364
1694570 364
1694580 364
1694590 363
1694600 363
1694610 363
1694620 363
1694630 363
1694640 363
1694650 363
1694660 362
1694670 362
1694680 362
1694690 362
1694700 362
1694710 362
1694720 362
1694730 362
1694740 362
1694750 361
1694760 362
1694770 362
1694780 361
1694790 361
1694800 361
1694810 361
1694820 361
1694830 361
1694840 361
1694850 360
1694860 360
1694870 360
1694880 360
1694890 360
1694900 360
1694910 360
1694920 360
1694930 360
1694940 360
1694950 360
1694960 360
1694970 360
1694980 359
1694990 359
1695000 359
1695010 359
1695020 359
1695030 359
1695040 358
1695050 358
1695060 358
1695070 358
1695080 358
1695090 358
1695100 358
1695110 358
1695120 358
1695130 357
1695140 357
1695150 357
1695160 357
1695170 357
1695180 357
1695190 357
1695200 357
1695210 357
1695220 357
1695230 357
1695240 356
1695250 356
1695260 356
1695270 356
1695280 356
1695290 356
1695300 356
1695310 356
1695320 356
1695330 355
1695340 355
1695350 355
1695360 355
1695370 355
1695380 355
1695390 355
1695400 355
1695410 355
1695420 355
1695430 354
1695440 354
1695450 354
1695460 354
1695470 354
1695480 354
1695490 354
1695500 354
1695510 354
1695520 354
1695530 354
1695540 354
1695550 354
1695560 353
1695570 353
1695580 353
1695590 353
1695600 353
1695610 353
1695620 353
1695630 353
1695640 352
1695650 352
1695660 352
1695670 351
1695680 351
1695690 351
1695700 350
1695710 350
1695720 350
1695730 350
1695740 350
1695750 350
1695760 350
1695770 350
1695780 350
1695790 350
1695800 349
1695810 350
1695820 350
1695830 350
1695840 350
1695850 350
1695860 350
1695870 350
1695880 350
1695890 350
1695900 350
1695910 350
1695920 350
1695930 350
1695940 350
1695950 350
1695960 350
1695970 352
1695980 352
1695990 353
1696000 354
1696010 354
1696020 356
1696030 357
1696040 357
1696050 358
1696060 359
1696070 361
1696080 361
1696090 362
1696100 366
1696110 366
1696120 369
1696130 372
1696140 372
1696150 375
1696160 376
1696170 376
1696180 378
1696190 381
1696200 381
1696210 385
1696220 387
1696230 387
1696240 392
1696250 395
1696260 396
1696270 396
1696280 396
1696290 394
1696300 394
1696310 394
1696320 393
1696330 393
1696340 393
1696350 392
1696360 392
1696370 391
1696380 391
1696390 391
1696400 389
1696410 388
1696420 388
1696430 386
1696440 384
1696450 383
1696460 383
1696470 381
1696480 380
1696490 380
1696500 379
1696510 379
1696520 379
1696530 378
1696540 377
1696550 377
1696560 376
1696570 376
1696580 376
1696590 375
1696600 375
1696610 372
1696620 372
1696630 371
1696640 369
1696650 369
1696660 369
1696670 367
1696680 367
1696690 366
1696700 365
1696710 365
1696720 364
1696730 363
1696740 363
1696750 361
1696760 360
1696770 360
1696780 360
1696790 359
1696800 359
1696810 359
1696820 358
1696830 356
1696840 356
1696850 354
1696860 352
1696870 352
1696880 349
1696890 347
1696900 347
1696910 345
1696920 345
1696930 345
1696940 344
1696950 343
1696960 343
1696970 344
1696980 343
1696990 343
1697000 343
1697010 343
1697020 343
1697030 343
1697040 342
1697050 341
1697060 341
1697070 341
1697080 340
1697090 340
1697100 339
1697110 339
1697120 339
1697130 338
1697140 338
1697150 338
1697160 338
1697170 336
1697180 338
1697190 338
1697200 338
1697210 338
1697220 338
1697230 338
1697240 338
1697250 338
1697260 337
1697270 337
1697280 337
1697290 337
1697300 337
1697310 337
1697320 337
1697330 337
1697340 337
1697350 337
1697360 337
1697370 337
1697380 337
1697390 337
1697400 337
1697410 337
1697420 337
1697430 337
1697440 337
1697450 338
1697460 338
1697470 338
1697480 339
1697490 340
1697500 340
1697510 340
1697520 341
1697530 341
1697540 341
1697550 342
1697560 342
1697570 342
1697580 343
1697590 344
1697600 344
1697610 346
1697620 347
1697630 347
1697640 348
1697650 349
1697660 349
1697670 350
1697680 352
1697690 352
1697700 353
1697710 354
1697720 356
1697730 356
1697740 357
1697750 358
1697760 358
1697770 359
1697780 359
1697790 359
1697800 360
1697810 360
1697820 360
1697830 360
1697840 360
1697850 360
1697860 361
1697870 362
1697880 362
1697890 362
1697900 363
1697910 364
1697920 364
1697930 365
1697940 365
1697950 365
1697960 366
1697970 367
1697980 367
1697990 368
1698000 369
1698010 369
1698020 369
1698030 370
1698040 370
1698050 370
1698060 370
1698070 369
1698080 369
1698090 368
1698100 367
1698110 367
1698120 366
1698130 365
1698140 365
1698150 363
1698160 362
1698170 362
1698180 360
1698190 359
1698200 359
1698210 358
1698220 356
1698230 356
1698240 353
1698250 351
1698260 357
1698270 357
1698280 358
1698290 357
1698300 357
1698310 354
1698320 356
1698330 356
1698340 359
1698350 361
1698360 361
1698370 363
1698380 364
1698390 364
1698400 365
1698410 367
1698420 367
1698430 369
1698440 369
1698450 370
1698460 370
1698470 373
1698480 374
1698490 374
1698500 375
1698510 376
1698520 376
1698530 378
1698540 380
1698550 380
1698560 381
1698570 383
1698580 383
1698590 384
1698600 386
1698610 388
1698620 388
1698630 389
1698640 389
1698650 389
1698660 390
1698670 389
1698680 389
1698690 388
1698700 387
1698710 387
1698720 386
1698730 385
1698740 385
1698750 384
1698760 383
1698770 383
1698780 382
1698790 381
1698800 379
1698810 379
1698820 378
1698830 377
1698840 377
1698850 375
1698860 374
1698870 374
1698880 376
1698890 377
1698900 377
1698910 377
1698920 377
1698930 377
1698940 377
1698950 378
1698960 378
1698970 378
1698980 379
1698990 379
1699000 379
1699010 379
1699020 379
1699030 379
1699040 381
1699050 381
1699060 381
1699070 382
1699080 382
1699090 382
1699100 382
1699110 383
1699120 383
1699130 383
1699140 383
1699150 383
1699160 383
1699170 383
1699180 383
1699190 383
1699200 383
1699210 383
1699220 383
1699230 383
1699240 383
1699250 383
1699260 383
1699270 383
1699280 383
1699290 383
1699300 382
1699310 382
1699320 382
1699330 382
1699340 382
1699350 382
1699360 382
1699370 381
1699380 381
1699390 381
1699400 380
1699410 380
1699420 380
1699430 379
1699440 379
1699450 376
1699460 377
1699470 377
1699480 376
1699490 374
1699500 374
1699510 373
1699520 372
1699530 371
1699540 371
1699550 370
1699560 369
1699570 369
1699580 368
1699590 367
1699600 367
1699610 367
1699620 367
1699630 367
1699640 366
1699650 366
1699660 366
1699670 367
1699680 368
1699690 368
1699700 368
1699710 367
1699720 367
1699730 367
1699740 367
1699750 367
1699760 367
1699770 365
1699780 364
1699790 364
1699800 362
1699810 361
1699820 361
1699830 360
1699840 360
1699850 360
1699860 360
1699870 359
1699880 359
1699890 358
1699900 357
1699910 356
1699920 356
1699930 355
1699940 355
1699950 355
1699960 354
1699970 354
1699980 354
1699990 354
