1680000 967
1680010 967
1680020 968
1680030 969
1680040 969
1680050 970
1680060 970
1680070 970
1680080 970
1680090 969
1680100 969
1680110 968
1680120 966
1680130 966
1680140 964
1680150 962
1680160 959
1680170 959
1680180 957
1680190 955
1680200 955
1680210 953
1680220 951
1680230 951
1680240 949
1680250 946
1680260 946
1680270 943
1680280 938
1680290 938
1680300 932
1680310 926
1680320 926
1680330 920
1680340 914
1680350 910
1680360 910
1680370 906
1680380 899
1680390 899
1680400 892
1680410 883
1680420 883
1680430 874
1680440 867
1680450 867
1680460 866
1680470 869
1680480 869
1680490 875
1680500 879
1680510 879
1680520 884
1680530 889
1680540 892
1680550 892
1680560 897
1680570 901
1680580 901
1680590 910
1680600 919
1680610 919
1680620 926
1680630 934
1680640 934
1680650 943
1680660 950
1680670 950
1680680 954
1680690 958
1680700 958
1680710 961
1680720 965
1680730 966
1680740 966
1680750 971
1680760 973
1680770 973
1680780 976
1680790 978
1680800 978
1680810 981
1680820 983
1680830 983
1680840 987
1680850 989
1680860 989
1680870 991
1680880 994
1680890 996
1680900 996
1680910 998
1680920 998
1680930 998
1680940 997
1680950 995
1680960 995
1680970 993
1680980 992
1680990 992
1681000 993
1681010 994
1681020 994
1681030 996
1681040 998
1681050 998
1681060 1000
1681070 1004
1681080 1009
1681090 1009
1681100 1013
1681110 1019
1681120 1019
1681130 1019
1681140 1020
1681150 1020
1681160 1021
1681170 1022
1681180 1022
1681190 1023
1681200 1023
1681210 1023
1681220 1024
1681230 1024
1681240 1024
1681250 1024
1681260 1024
1681270 1023
1681280 1023
1681290 1022
1681300 1021
1681310 1021
1681320 1019
1681330 1018
1681340 1018
1681350 1016
1681360 1014
1681370 1014
1681380 1013
1681390 1011
1681400 1011
1681410 1010
1681420 1007
1681430 1007
1681440 1006
1681450 1004
1681460 1004
1681470 1004
1681480 1002
1681490 1000
1681500 1000
1681510 999
1681520 997
1681530 997
1681540 995
1681550 991
1681560 991
1681570 986
1681580 983
1681590 983
1681600 984
1681610 984
1681620 986
1681630 986
1681640 987
1681650 988
1681660 988
1681670 989
1681680 989
1681690 989
1681700 990
1681710 991
1681720 991
1681730 992
1681740 993
1681750 993
1681760 995
1681770 995
1681780 995
1681790 995
1681800 995
1681810 994
1681820 994
1681830 993
1681840 992
1681850 992
1681860 990
1681870 989
1681880 989
1681890 988
1681900 987
1681910 987
1681920 985
1681930 983
1681940 983
1681950 981
1681960 980
1681970 980
1681980 978
1681990 975
1682000 973
1682010 973
1682020 971
1682030 969
1682040 969
1682050 967
1682060 965
1682070 965
1682080 963
1682090 958
1682100 958
1682110 959
1682120 960
1682130 960
1682140 964
1682150 962
1682160 962
1682170 961
1682180 962
1682190 962
1682200 962
1682210 963
1682220 964
1682230 964
1682240 964
1682250 964
1682260 964
1682270 964
1682280 963
1682290 963
1682300 961
1682310 959
1682320 959
1682330 957
1682340 954
1682350 950
1682360 950
1682370 947
1682380 946
1682390 946
1682400 946
1682410 945
1682420 945
1682430 944
1682440 943
1682450 943
1682460 942
1682470 941
1682480 941
1682490 941
1682500 941
1682510 941
1682520 941
1682530 941
1682540 941
1682550 941
1682560 942
1682570 941
1682580 941
1682590 940
1682600 940
1682610 940
1682620 939
1682630 938
1682640 938
1682650 937
1682660 937
1682670 937
1682680 938
1682690 937
1682700 937
1682710 938
1682720 937
1682730 935
1682740 935
1682750 934
1682760 935
1682770 935
1682780 934
1682790 933
1682800 933
1682810 931
1682820 929
1682830 929
1682840 927
1682850 926
1682860 926
1682870 924
1682880 922
1682890 922
1682900 921
1682910 919
1682920 917
1682930 917
1682940 915
1682950 913
1682960 913
1682970 910
1682980 907
1682990 907
1683000 902
1683010 896
1683020 896
1683030 891
1683040 885
1683050 885
1683060 884
1683070 882
1683080 880
1683090 880
1683100 879
1683110 880
1683120 880
1683130 882
1683140 884
1683150 884
1683160 886
1683170 888
1683180 888
1683190 890
1683200 891
1683210 891
1683220 891
1683230 891
1683240 891
1683250 892
1683260 891
1683270 888
1683280 888
1683290 887
1683300 883
1683310 883
1683320 878
1683330 874
1683340 874
1683350 868
1683360 862
1683370 862
1683380 855
1683390 852
1683400 852
1683410 845
1683420 841
1683430 841
1683440 838
1683450 846
1683460 852
1683470 852
1683480 853
1683490 847
1683500 847
1683510 844
1683520 843
1683530 843
1683540 843
1683550 840
1683560 840
1683570 836
1683580 832
1683590 832
1683600 828
1683610 822
1683620 822
1683630 816
1683640 811
1683650 804
1683660 804
1683670 801
1683680 794
1683690 794
1683700 788
1683710 782
1683720 782
1683730 777
1683740 771
1683750 771
1683760 765
1683770 760
1683780 760
1683790 755
1683800 751
1683810 751
1683820 747
1683830 742
1683840 739
1683850 739
1683860 736
1683870 732
1683880 732
1683890 732
1683900 728
1683910 728
1683920 722
1683930 717
1683940 717
1683950 712
1683960 708
1683970 708
1683980 702
1683990 696
1684000 691
1684010 691
1684020 684
1684030 676
1684040 676
1684050 665
1684060 660
1684070 660
1684080 652
1684090 646
1684100 646
1684110 640
1684120 634
1684130 634
1684140 628
1684150 620
1684160 620
1684170 611
1684180 610
1684190 612
1684200 612
1684210 617
1684220 620
1684230 620
1684240 630
1684250 635
1684260 635
1684270 641
1684280 645
1684290 645
1684300 650
1684310 655
1684320 655
1684330 660
1684340 665
1684350 665
1684360 670
1684370 676
1684380 682
1684390 682
1684400 688
1684410 693
1684420 693
1684430 698
1684440 703
1684450 703
1684460 708
1684470 713
1684480 713
1684490 718
1684500 723
1684510 723
1684520 727
1684530 731
1684540 731
1684550 735
1684560 738
1684570 744
1684580 744
1684590 749
1684600 753
1684610 753
1684620 758
1684630 764
1684640 764
1684650 768
1684660 772
1684670 772
1684680 776
1684690 779
1684700 779
1684710 782
1684720 785
1684730 788
1684740 788
1684750 791
1684760 794
1684770 794
1684780 798
1684790 801
1684800 801
1684810 804
1684820 808
1684830 808
1684840 810
1684850 813
1684860 813
1684870 816
1684880 819
1684890 819
1684900 821
1684910 823
1684920 825
1684930 825
1684940 827
1684950 829
1684960 829
1684970 831
1684980 832
1684990 832
1685000 833
1685010 833
1685020 833
1685030 833
1685040 833
1685050 833
1685060 833
1685070 834
1685080 834
1685090 835
1685100 837
1685110 838
1685120 838
1685130 839
1685140 840
1685150 840
1685160 841
1685170 841
1685180 841
1685190 842
1685200 842
1685210 842
1685220 843
1685230 844
1685240 844
1685250 845
1685260 845
1685270 845
1685280 845
1685290 845
1685300 845
1685310 845
1685320 845
1685330 845
1685340 845
1685350 846
1685360 846
1685370 846
1685380 846
1685390 846
1685400 846
1685410 846
1685420 847
1685430 847
1685440 847
1685450 848
1685460 847
1685470 847
1685480 848
1685490 848
1685500 848
1685510 849
1685520 848
1685530 848
1685540 849
1685550 852
1685560 852
1685570 851
1685580 851
1685590 851
1685600 851
1685610 852
1685620 852
1685630 852
1685640 852
1685650 851
1685660 851
1685670 851
1685680 851
1685690 851
1685700 850
1685710 848
1685720 848
1685730 846
1685740 845
1685750 845
1685760 846
1685770 847
1685780 847
1685790 847
1685800 847
1685810 847
1685820 847
1685830 847
1685840 847
1685850 847
1685860 847
1685870 847
1685880 847
1685890 847
1685900 847
1685910 847
1685920 846
1685930 846
1685940 846
1685950 845
1685960 845
1685970 845
1685980 844
1685990 843
1686000 843
1686010 842
1686020 842
1686030 841
1686040 841
1686050 838
1686060 837
1686070 837
1686080 836
1686090 835
1686100 835
1686110 833
1686120 831
1686130 831
1686140 828
1686150 824
1686160 824
1686170 821
1686180 818
1686190 818
1686200 814
1686210 810
1686220 805
1686230 805
1686240 801
1686250 796
1686260 796
1686270 791
1686280 786
1686290 786
1686300 783
1686310 779
1686320 779
1686330 778
1686340 778
1686350 778
1686360 778
1686370 777
1686380 776
1686390 776
1686400 773
1686410 770
1686420 771
1686430 767
1686440 764
1686450 764
1686460 761
1686470 758
1686480 758
1686490 756
1686500 755
1686510 755
1686520 751
1686530 747
1686540 747
1686550 742
1686560 739
1686570 738
1686580 738
1686590 736
1686600 734
1686610 734
1686620 732
1686630 730
1686640 730
1686650 731
1686660 734
1686670 734
1686680 735
1686690 736
1686700 736
1686710 738
1686720 740
1686730 740
1686740 742
1686750 744
1686760 745
1686770 745
1686780 746
1686790 747
1686800 747
1686810 748
1686820 749
1686830 749
1686840 750
1686850 749
1686860 749
1686870 748
1686880 746
1686890 746
1686900 743
1686910 742
1686920 742
1686930 739
1686940 736
1686950 732
1686960 732
1686970 727
1686980 722
1686990 722
1687000 720
1687010 720
1687020 720
1687030 722
1687040 723
1687050 723
1687060 723
1687070 722
1687080 722
1687090 720
1687100 719
1687110 718
1687120 718
1687130 715
1687140 713
1687150 713
1687160 711
1687170 710
1687180 710
1687190 708
1687200 705
1687210 705
1687220 700
1687230 696
1687240 696
1687250 693
1687260 690
1687270 690
1687280 687
1687290 685
1687300 682
1687310 682
1687320 679
1687330 675
1687340 675
1687350 672
1687360 668
1687370 668
1687380 664
1687390 662
1687400 662
1687410 657
1687420 653
1687430 653
1687440 648
1687450 644
1687460 644
1687470 636
1687480 633
1687490 627
1687500 627
1687510 624
1687520 620
1687530 620
1687540 615
1687550 608
1687560 608
1687570 610
1687580 615
1687590 615
1687600 619
1687610 622
1687620 622
1687630 624
1687640 626
1687650 626
1687660 628
1687670 631
1687680 633
1687690 633
1687700 635
1687710 637
1687720 637
1687730 640
1687740 639
1687750 639
1687760 640
1687770 644
1687780 644
1687790 647
1687800 648
1687810 648
1687820 649
1687830 650
1687840 650
1687850 650
1687860 653
1687870 655
1687880 655
1687890 656
1687900 656
1687910 656
1687920 657
1687930 655
1687940 655
1687950 653
1687960 653
1687970 653
1687980 654
1687990 657
1688000 657
1688010 662
1688020 662
1688030 662
1688040 662
1688050 660
1688060 658
1688070 658
1688080 654
1688090 649
1688100 649
1688110 645
1688120 640
1688130 640
1688140 640
1688150 638
1688160 638
1688170 637
1688180 635
1688190 635
1688200 635
1688210 633
1688220 632
1688230 632
1688240 632
1688250 630
1688260 630
1688270 632
1688280 631
1688290 631
1688300 629
1688310 628
1688320 628
1688330 627
1688340 625
1688350 625
1688360 624
1688370 623
1688380 623
1688390 620
1688400 614
1688410 607
1688420 607
1688430 600
1688440 603
1688450 603
1688460 603
1688470 603
1688480 603
1688490 601
1688500 601
1688510 601
1688520 601
1688530 601
1688540 601
1688550 598
1688560 596
1688570 596
1688580 591
1688590 585
1688600 578
1688610 578
1688620 575
1688630 577
1688640 577
1688650 578
1688660 579
1688670 579
1688680 580
1688690 581
1688700 581
1688710 581
1688720 581
1688730 581
1688740 582
1688750 583
1688760 583
1688770 583
1688780 583
1688790 584
1688800 584
1688810 584
1688820 585
1688830 585
1688840 585
1688850 584
1688860 584
1688870 586
1688880 586
1688890 586
1688900 587
1688910 588
1688920 588
1688930 589
1688940 591
1688950 591
1688960 591
1688970 592
1688980 593
1688990 593
1689000 594
1689010 596
1689020 596
1689030 595
1689040 596
1689050 596
1689060 596
1689070 596
1689080 596
1689090 596
1689100 596
1689110 596
1689120 596
1689130 595
1689140 594
1689150 594
1689160 593
1689170 591
1689180 591
1689190 585
1689200 579
1689210 579
1689220 572
1689230 565
1689240 565
1689250 560
1689260 558
1689270 558
1689280 557
1689290 556
1689300 556
1689310 556
1689320 555
1689330 555
1689340 555
1689350 556
1689360 557
1689370 557
1689380 558
1689390 561
1689400 561
1689410 560
1689420 560
1689430 560
1689440 556
1689450 555
1689460 555
1689470 551
1689480 548
1689490 543
1689500 543
1689510 541
1689520 539
1689530 539
1689540 538
1689550 535
1689560 535
1689570 534
1689580 533
1689590 533
1689600 532
1689610 530
1689620 530
1689630 528
1689640 526
1689650 526
1689660 522
1689670 519
1689680 517
1689690 517
1689700 515
1689710 513
1689720 513
1689730 510
1689740 506
1689750 506
1689760 502
1689770 494
1689780 494
1689790 489
1689800 483
1689810 483
1689820 480
1689830 477
1689840 477
1689850 476
1689860 474
1689870 472
1689880 472
1689890 469
1689900 469
1689910 469
1689920 469
1689930 470
1689940 470
1689950 471
1689960 473
1689970 473
1689980 475
1689990 475
1690000 475
1690010 476
1690020 478
1690030 478
1690040 481
1690050 485
1690060 489
1690070 489
1690080 492
1690090 495
1690100 495
1690110 498
1690120 499
1690130 499
1690140 500
1690150 501
1690160 501
1690170 500
1690180 499
1690190 499
1690200 498
1690210 496
1690220 493
1690230 493
1690240 490
1690250 481
1690260 481
1690270 475
1690280 468
1690290 468
1690300 462
1690310 456
1690320 456
1690330 453
1690340 456
1690350 456
1690360 459
1690370 462
1690380 462
1690390 465
1690400 468
1690410 472
1690420 472
1690430 476
1690440 481
1690450 481
1690460 484
1690470 487
1690480 487
1690490 489
1690500 492
1690510 492
1690520 495
1690530 497
1690540 497
1690550 499
1690560 500
1690570 500
1690580 502
1690590 503
1690600 504
1690610 504
1690620 504
1690630 505
1690640 505
1690650 505
1690660 504
1690670 504
1690680 502
1690690 502
1690700 502
1690710 502
1690720 500
1690730 500
1690740 498
1690750 495
1690760 495
1690770 491
1690780 487
1690790 482
1690800 482
1690810 479
1690820 477
1690830 477
1690840 475
1690850 474
1690860 474
1690870 473
1690880 472
1690890 472
1690900 471
1690910 470
1690920 470
1690930 469
1690940 467
1690950 467
1690960 465
1690970 462
1690980 460
1690990 460
1691000 459
1691010 458
1691020 458
1691030 456
1691040 456
1691050 456
1691060 455
1691070 453
1691080 453
1691090 451
1691100 449
1691110 449
1691120 448
1691130 447
1691140 445
1691150 445
1691160 442
1691170 440
1691180 440
1691190 438
1691200 437
1691210 437
1691220 435
1691230 433
1691240 433
1691250 431
1691260 429
1691270 429
1691280 428
1691290 427
1691300 427
1691310 425
1691320 422
1691330 420
1691340 420
1691350 420
1691360 420
1691370 420
1691380 419
1691390 418
1691400 418
1691410 417
1691420 417
1691430 417
1691440 416
1691450 415
1691460 415
1691470 414
1691480 412
1691490 412
1691500 411
1691510 409
1691520 407
1691530 407
1691540 404
1691550 402
1691560 402
1691570 401
1691580 401
1691590 401
1691600 400
1691610 400
1691620 400
1691630 400
1691640 400
1691650 400
1691660 400
1691670 400
1691680 400
1691690 399
1691700 399
1691710 399
1691720 399
1691730 399
1691740 399
1691750 399
1691760 399
1691770 399
1691780 399
1691790 399
1691800 399
1691810 399
1691820 398
1691830 399
1691840 399
1691850 398
1691860 398
1691870 398
1691880 398
1691890 397
1691900 396
1691910 396
1691920 394
1691930 394
1691940 394
1691950 395
1691960 395
1691970 395
1691980 394
1691990 393
1692000 393
1692010 394
1692020 395
1692030 395
1692040 395
1692050 395
1692060 394
1692070 394
1692080 394
1692090 393
1692100 393
1692110 393
1692120 393
1692130 393
1692140 393
1692150 393
1692160 393
1692170 391
1692180 391
1692190 391
1692200 391
1692210 390
1692220 390
1692230 390
1692240 391
1692250 391
1692260 391
1692270 391
1692280 391
1692290 391
1692300 390
1692310 391
1692320 391
1692330 391
1692340 392
1692350 392
1692360 391
1692370 392
1692380 392
1692390 392
1692400 392
1692410 392
1692420 392
1692430 391
1692440 391
1692450 391
1692460 392
1692470 393
1692480 393
1692490 394
1692500 394
1692510 394
1692520 394
1692530 394
1692540 394
1692550 394
1692560 393
1692570 393
1692580 393
1692590 393
1692600 393
1692610 393
1692620 392
1692630 392
1692640 392
1692650 392
1692660 392
1692670 392
1692680 392
1692690 392
1692700 392
1692710 391
1692720 391
1692730 391
1692740 391
1692750 391
1692760 391
1692770 391
1692780 391
1692790 391
1692800 391
1692810 391
1692820 390
1692830 390
1692840 390
1692850 393
1692860 393
1692870 393
1692880 394
1692890 394
1692900 393
1692910 393
1692920 393
1692930 393
1692940 393
1692950 393
1692960 394
1692970 394
1692980 395
1692990 395
1693000 395
1693010 396
1693020 396
1693030 397
1693040 397
1693050 397
1693060 397
1693070 398
1693080 398
1693090 398
1693100 400
1693110 400
1693120 400
1693130 401
1693140 401
1693150 401
1693160 401
1693170 402
1693180 402
1693190 404
1693200 405
1693210 405
1693220 406
1693230 406
1693240 406
1693250 408
1693260 409
1693270 409
1693280 410
1693290 412
1693300 412
1693310 413
1693320 414
1693330 414
1693340 415
1693350 415
1693360 416
1693370 416
1693380 417
1693390 417
1693400 417
1693410 418
1693420 419
1693430 419
1693440 420
1693450 420
1693460 420
1693470 420
1693480 419
1693490 419
1693500 417
1693510 415
1693520 413
1693530 413
1693540 412
1693550 411
1693560 411
1693570 410
1693580 409
1693590 409
1693600 408
1693610 406
1693620 406
1693630 404
1693640 403
1693650 403
1693660 401
1693670 399
1693680 399
1693690 397
1693700 395
1693710 393
1693720 393
1693730 393
1693740 391
1693750 391
1693760 390
1693770 388
1693780 388
1693790 387
1693800 384
1693810 384
1693820 380
1693830 380
1693840 380
1693850 377
1693860 378
1693870 378
1693880 380
1693890 381
1693900 381
1693910 381
1693920 383
1693930 385
1693940 385
1693950 388
1693960 390
1693970 390
1693980 392
1693990 393
1694000 393
1694010 396
1694020 399
1694030 399
1694040 400
1694050 401
1694060 401
1694070 403
1694080 405
1694090 408
1694100 408
1694110 409
1694120 411
1694130 411
1694140 412
1694150 413
1694160 413
1694170 414
1694180 416
1694190 416
1694200 417
1694210 418
1694220 418
1694230 419
1694240 419
1694250 421
1694260 421
1694270 422
1694280 423
1694290 423
1694300 424
1694310 426
1694320 426
1694330 427
1694340 429
1694350 429
1694360 431
1694370 432
1694380 432
1694390 433
1694400 435
1694410 435
1694420 436
1694430 437
1694440 438
1694450 438
1694460 438
1694470 436
1694480 436
1694490 436
1694500 434
1694510 434
1694520 434
1694530 434
1694540 434
1694550 430
1694560 429
1694570 429
1694580 427
1694590 425
1694600 425
1694610 423
1694620 421
1694630 417
1694640 417
1694650 418
1694660 421
1694670 421
1694680 421
1694690 420
1694700 420
1694710 419
1694720 418
1694730 418
1694740 417
1694750 415
1694760 415
1694770 414
1694780 413
1694790 413
1694800 411
1694810 410
1694820 410
1694830 410
1694840 409
1694850 408
1694860 408
1694870 407
1694880 406
1694890 406
1694900 404
1694910 402
1694920 402
1694930 400
1694940 399
1694950 399
1694960 398
1694970 397
1694980 395
1694990 395
1695000 393
1695010 390
1695020 390
1695030 389
1695040 388
1695050 388
1695060 388
1695070 387
1695080 387
1695090 386
1695100 384
1695110 384
1695120 380
1695130 378
1695140 378
1695150 381
1695160 378
1695170 377
1695180 377
1695190 378
1695200 384
1695210 384
1695220 386
1695230 385
1695240 385
1695250 386
1695260 386
1695270 386
1695280 387
1695290 387
1695300 387
1695310 387
1695320 388
1695330 388
1695340 388
1695350 389
1695360 389
1695370 389
1695380 390
1695390 391
1695400 391
1695410 392
1695420 392
1695430 392
1695440 391
1695450 392
1695460 392
1695470 392
1695480 392
1695490 392
1695500 392
1695510 392
1695520 392
1695530 392
1695540 392
1695550 392
1695560 392
1695570 392
1695580 391
1695590 391
1695600 391
1695610 391
1695620 391
1695630 391
1695640 391
1695650 391
1695660 390
1695670 389
1695680 389
1695690 389
1695700 388
1695710 388
1695720 387
1695730 386
1695740 385
1695750 385
1695760 384
1695770 382
1695780 382
1695790 381
1695800 379
1695810 379
1695820 378
1695830 377
1695840 377
1695850 376
1695860 375
1695870 375
1695880 374
1695890 373
1695900 372
1695910 372
1695920 371
1695930 371
1695940 371
1695950 370
1695960 370
1695970 370
1695980 368
1695990 366
1696000 366
1696010 364
1696020 362
1696030 362
1696040 360
1696050 359
1696060 359
1696070 358
1696080 357
1696090 356
1696100 356
1696110 355
1696120 354
1696130 354
1696140 354
1696150 354
1696160 354
1696170 354
1696180 353
1696190 353
1696200 353
1696210 353
1696220 353
1696230 353
1696240 353
1696250 353
1696260 353
1696270 353
1696280 353
1696290 353
1696300 352
1696310 352
1696320 352
1696330 352
1696340 353
1696350 353
1696360 351
1696370 351
1696380 351
1696390 351
1696400 351
1696410 351
1696420 351
1696430 350
1696440 350
1696450 350
1696460 350
1696470 350
1696480 350
1696490 350
1696500 350
1696510 350
1696520 350
1696530 350
1696540 350
1696550 350
1696560 350
1696570 350
1696580 348
1696590 350
1696600 350
1696610 349
1696620 349
1696630 349
1696640 349
1696650 349
1696660 349
1696670 349
1696680 349
1696690 349
1696700 349
1696710 349
1696720 349
1696730 349
1696740 350
1696750 350
1696760 350
1696770 351
1696780 353
1696790 353
1696800 354
1696810 355
1696820 356
1696830 356
1696840 357
1696850 358
1696860 358
1696870 359
1696880 361
1696890 361
1696900 364
1696910 367
1696920 367
1696930 368
1696940 370
1696950 370
1696960 372
1696970 373
1696980 373
1696990 375
1697000 376
1697010 378
1697020 378
1697030 379
1697040 380
1697050 380
1697060 382
1697070 382
1697080 382
1697090 382
1697100 382
1697110 382
1697120 382
1697130 382
1697140 382
1697150 382
1697160 382
1697170 382
1697180 382
1697190 382
1697200 383
1697210 383
1697220 384
1697230 386
1697240 386
1697250 387
1697260 388
1697270 388
1697280 389
1697290 390
1697300 390
1697310 392
1697320 393
1697330 393
1697340 395
1697350 397
1697360 399
1697370 399
1697380 402
1697390 404
1697400 404
1697410 407
1697420 410
1697430 410
1697440 411
1697450 411
1697460 411
1697470 411
1697480 410
1697490 410
1697500 408
1697510 406
1697520 406
1697530 405
1697540 404
1697550 403
1697560 403
1697570 402
1697580 402
1697590 402
1697600 401
1697610 401
1697620 401
1697630 400
1697640 399
1697650 399
1697660 398
1697670 397
1697680 397
1697690 394
1697700 393
1697710 393
1697720 391
1697730 390
1697740 388
1697750 388
1697760 387
1697770 386
1697780 386
1697790 384
1697800 383
1697810 383
1697820 382
1697830 381
1697840 381
1697850 379
1697860 379
1697870 379
1697880 378
1697890 377
1697900 377
1697910 377
1697920 377
1697930 376
1697940 376
1697950 376
1697960 376
1697970 376
1697980 375
1697990 371
1698000 371
1698010 371
1698020 370
1698030 370
1698040 370
1698050 370
1698060 370
1698070 370
1698080 370
1698090 370
1698100 370
1698110 370
1698120 369
1698130 369
1698140 369
1698150 368
1698160 368
1698170 368
1698180 367
1698190 367
1698200 365
1698210 361
1698220 361
1698230 356
1698240 352
1698250 352
1698260 348
1698270 345
1698280 343
1698290 343
1698300 343
1698310 343
1698320 343
1698330 343
1698340 343
1698350 343
1698360 343
1698370 342
1698380 342
1698390 342
1698400 344
1698410 344
1698420 347
1698430 348
1698440 348
1698450 349
1698460 349
1698470 349
1698480 349
1698490 350
1698500 352
1698510 352
1698520 352
1698530 353
1698540 353
1698550 354
1698560 355
1698570 355
1698580 356
1698590 357
1698600 357
1698610 358
1698620 357
1698630 357
1698640 356
1698650 354
1698660 355
1698670 355
1698680 358
1698690 359
1698700 359
1698710 360
1698720 361
1698730 361
1698740 362
1698750 363
1698760 363
1698770 364
1698780 364
1698790 364
1698800 364
1698810 363
1698820 363
1698830 362
1698840 362
1698850 363
1698860 363
1698870 364
1698880 364
1698890 364
1698900 365
1698910 366
1698920 366
1698930 367
1698940 367
1698950 367
1698960 367
1698970 366
1698980 366
1698990 363
1699000 361
1699010 360
1699020 360
1699030 359
1699040 358
1699050 358
1699060 357
1699070 356
1699080 356
1699090 355
1699100 354
1699110 354
1699120 353
1699130 351
1699140 351
1699150 350
1699160 348
1699170 348
1699180 347
1699190 345
1699200 344
1699210 344
1699220 342
1699230 341
1699240 341
1699250 339
1699260 338
1699270 338
1699280 336
1699290 334
1699300 334
1699310 331
1699320 330
1699330 330
1699340 330
1699350 331
1699360 331
1699370 332
1699380 332
1699390 332
1699400 332
1699410 332
1699420 332
1699430 332
1699440 331
1699450 331
1699460 331
1699470 331
1699480 331
1699490 331
1699500 331
1699510 331
1699520 331
1699530 331
1699540 331
1699550 331
1699560 331
1699570 332
1699580 333
1699590 333
1699600 334
1699610 334
1699620 334
1699630 335
1699640 337
1699650 337
1699660 338
1699670 339
1699680 339
1699690 340
1699700 341
1699710 341
1699720 342
1699730 344
1699740 345
1699750 345
1699760 346
1699770 348
1699780 348
1699790 349
1699800 350
1699810 350
1699820 353
1699830 356
1699840 356
1699850 360
1699860 363
1699870 363
1699880 368
1699890 372
1699900 372
1699910 370
1699920 371
1699930 372
1699940 372
1699950 372
1699960 373
1699970 373
1699980 375
1699990 377
