1680000 1061
1680010 1061
1680020 1061
1680030 1062
1680040 1062
1680050 1065
1680060 1067
1680070 1067
1680080 1069
1680090 1072
1680100 1072
1680110 1075
1680120 1078
1680130 1078
1680140 1082
1680150 1084
1680160 1084
1680170 1085
1680180 1086
1680190 1086
1680200 1085
1680210 1084
1680220 1083
1680230 1083
1680240 1081
1680250 1079
1680260 1079
1680270 1076
1680280 1074
1680290 1074
1680300 1073
1680310 1072
1680320 1072
1680330 1072
1680340 1073
1680350 1073
1680360 1074
1680370 1075
1680380 1075
1680390 1077
1680400 1079
1680410 1080
1680420 1080
1680430 1081
1680440 1081
1680450 1081
1680460 1081
1680470 1080
1680480 1080
1680490 1079
1680500 1077
1680510 1077
1680520 1076
1680530 1075
1680540 1075
1680550 1073
1680560 1071
1680570 1071
1680580 1070
1680590 1069
1680600 1067
1680610 1067
1680620 1065
1680630 1063
1680640 1063
1680650 1062
1680660 1060
1680670 1060
1680680 1057
1680690 1056
1680700 1056
1680710 1054
1680720 1052
1680730 1052
1680740 1049
1680750 1046
1680760 1044
1680770 1044
1680780 1043
1680790 1042
1680800 1042
1680810 1041
1680820 1041
1680830 1041
1680840 1041
1680850 1040
1680860 1040
1680870 1039
1680880 1038
1680890 1038
1680900 1036
1680910 1034
1680920 1034
1680930 1033
1680940 1030
1680950 1028
1680960 1028
1680970 1025
1680980 1023
1680990 1023
1681000 1022
1681010 1021
1681020 1021
1681030 1020
1681040 1019
1681050 1019
1681060 1018
1681070 1017
1681080 1017
1681090 1015
1681100 1014
1681110 1014
1681120 1010
1681130 1009
1681140 1007
1681150 1007
1681160 1006
1681170 1006
1681180 1006
1681190 1005
1681200 1004
1681210 1004
1681220 1003
1681230 1001
1681240 1001
1681250 998
1681260 997
1681270 997
1681280 996
1681290 995
1681300 995
1681310 994
1681320 994
1681330 993
1681340 993
1681350 991
1681360 990
1681370 990
1681380 988
1681390 985
1681400 985
1681410 982
1681420 981
1681430 981
1681440 980
1681450 979
1681460 979
1681470 977
1681480 976
1681490 976
1681500 975
1681510 974
1681520 974
1681530 974
1681540 972
1681550 971
1681560 971
1681570 970
1681580 967
1681590 967
1681600 967
1681610 966
1681620 966
1681630 964
1681640 961
1681650 961
1681660 961
1681670 961
1681680 960
1681690 960
1681700 957
1681710 958
1681720 958
1681730 957
1681740 958
1681750 958
1681760 956
1681770 954
1681780 954
1681790 953
1681800 951
1681810 951
1681820 950
1681830 952
1681840 952
1681850 953
1681860 953
1681870 953
1681880 953
1681890 953
1681900 954
1681910 956
1681920 956
1681930 955
1681940 955
1681950 954
1681960 953
1681970 953
1681980 952
1681990 950
1682000 950
1682010 949
1682020 947
1682030 947
1682040 946
1682050 943
1682060 937
1682070 937
1682080 930
1682090 927
1682100 927
1682110 927
1682120 927
1682130 927
1682140 926
1682150 925
1682160 925
1682170 924
1682180 924
1682190 924
1682200 922
1682210 922
1682220 922
1682230 922
1682240 922
1682250 923
1682260 923
1682270 923
1682280 922
1682290 922
1682300 924
1682310 927
1682320 927
1682330 929
1682340 930
1682350 930
1682360 931
1682370 932
1682380 932
1682390 932
1682400 932
1682410 932
1682420 932
1682430 932
1682440 932
1682450 932
1682460 932
1682470 932
1682480 932
1682490 931
1682500 931
1682510 931
1682520 930
1682530 929
1682540 929
1682550 929
1682560 928
1682570 928
1682580 928
1682590 927
1682600 927
1682610 927
1682620 925
1682630 925
1682640 925
1682650 926
1682660 927
1682670 927
1682680 928
1682690 927
1682700 927
1682710 926
1682720 924
1682730 924
1682740 922
1682750 920
1682760 920
1682770 917
1682780 914
1682790 912
1682800 912
1682810 909
1682820 907
1682830 907
1682840 904
1682850 901
1682860 901
1682870 897
1682880 894
1682890 894
1682900 889
1682910 882
1682920 882
1682930 875
1682940 866
1682950 866
1682960 858
1682970 851
1682980 843
1682990 843
1683000 836
1683010 829
1683020 829
1683030 823
1683040 818
1683050 818
1683060 816
1683070 812
1683080 812
1683090 809
1683100 806
1683110 806
1683120 802
1683130 799
1683140 799
1683150 796
1683160 793
1683170 791
1683180 791
1683190 789
1683200 785
1683210 785
1683220 780
1683230 772
1683240 772
1683250 770
1683260 768
1683270 768
1683280 765
1683290 759
1683300 759
1683310 755
1683320 749
1683330 744
1683340 744
1683350 738
1683360 734
1683370 734
1683380 731
1683390 728
1683400 728
1683410 724
1683420 720
1683430 720
1683440 717
1683450 713
1683460 713
1683470 708
1683480 706
1683490 706
1683500 704
1683510 702
1683520 699
1683530 699
1683540 695
1683550 692
1683560 692
1683570 689
1683580 686
1683590 686
1683600 682
1683610 676
1683620 676
1683630 672
1683640 668
1683650 668
1683660 664
1683670 662
1683680 662
1683690 657
1683700 654
1683710 654
1683720 654
1683730 653
1683740 665
1683750 665
1683760 679
1683770 681
1683780 681
1683790 679
1683800 676
1683810 676
1683820 669
1683830 665
1683840 665
1683850 665
1683860 666
1683870 666
1683880 659
1683890 654
1683900 647
1683910 647
1683920 643
1683930 643
1683940 643
1683950 642
1683960 645
1683970 645
1683980 647
1683990 647
1684000 647
1684010 649
1684020 652
1684030 652
1684040 656
1684050 663
1684060 663
1684070 668
1684080 670
1684090 669
1684100 669
1684110 677
1684120 683
1684130 683
1684140 687
1684150 692
1684160 692
1684170 699
1684180 705
1684190 705
1684200 712
1684210 719
1684220 719
1684230 726
1684240 733
1684250 739
1684260 739
1684270 746
1684280 750
1684290 750
1684300 756
1684310 760
1684320 760
1684330 763
1684340 766
1684350 766
1684360 769
1684370 772
1684380 772
1684390 775
1684400 778
1684410 778
1684420 781
1684430 784
1684440 786
1684450 786
1684460 789
1684470 792
1684480 792
1684490 793
1684500 795
1684510 795
1684520 796
1684530 797
1684540 797
1684550 797
1684560 798
1684570 798
1684580 798
1684590 799
1684600 799
1684610 801
1684620 802
1684630 799
1684640 799
1684650 800
1684660 801
1684670 801
1684680 801
1684690 800
1684700 800
1684710 800
1684720 799
1684730 799
1684740 798
1684750 797
1684760 797
1684770 796
1684780 795
1684790 795
1684800 793
1684810 791
1684820 790
1684830 790
1684840 790
1684850 789
1684860 789
1684870 787
1684880 784
1684890 784
1684900 781
1684910 779
1684920 779
1684930 776
1684940 775
1684950 775
1684960 774
1684970 774
1684980 774
1684990 774
1685000 774
1685010 775
1685020 775
1685030 776
1685040 776
1685050 776
1685060 776
1685070 776
1685080 776
1685090 777
1685100 777
1685110 777
1685120 776
1685130 775
1685140 775
1685150 775
1685160 774
1685170 773
1685180 773
1685190 772
1685200 770
1685210 770
1685220 770
1685230 769
1685240 769
1685250 767
1685260 766
1685270 766
1685280 765
1685290 762
1685300 762
1685310 758
1685320 757
1685330 757
1685340 757
1685350 756
1685360 755
1685370 755
1685380 754
1685390 751
1685400 751
1685410 747
1685420 745
1685430 745
1685440 742
1685450 738
1685460 738
1685470 734
1685480 730
1685490 730
1685500 726
1685510 722
1685520 722
1685530 718
1685540 715
1685550 712
1685560 712
1685570 709
1685580 707
1685590 707
1685600 705
1685610 703
1685620 703
1685630 701
1685640 699
1685650 699
1685660 698
1685670 700
1685680 700
1685690 701
1685700 702
1685710 702
1685720 702
1685730 702
1685740 701
1685750 701
1685760 699
1685770 697
1685780 697
1685790 695
1685800 693
1685810 693
1685820 692
1685830 691
1685840 691
1685850 689
1685860 688
1685870 688
1685880 686
1685890 684
1685900 684
1685910 682
1685920 680
1685930 677
1685940 677
1685950 674
1685960 671
1685970 671
1685980 667
1685990 664
1686000 664
1686010 660
1686020 657
1686030 657
1686040 654
1686050 651
1686060 651
1686070 649
1686080 646
1686090 643
1686100 643
1686110 642
1686120 641
1686130 641
1686140 640
1686150 639
1686160 639
1686170 636
1686180 633
1686190 633
1686200 631
1686210 629
1686220 629
1686230 625
1686240 620
1686250 620
1686260 615
1686270 609
1686280 603
1686290 603
1686300 596
1686310 589
1686320 589
1686330 581
1686340 570
1686350 570
1686360 563
1686370 557
1686380 557
1686390 551
1686400 545
1686410 545
1686420 544
1686430 544
1686440 544
1686450 545
1686460 545
1686470 546
1686480 546
1686490 548
1686500 550
1686510 550
1686520 555
1686530 558
1686540 558
1686550 562
1686560 564
1686570 564
1686580 566
1686590 567
1686600 567
1686610 567
1686620 567
1686630 567
1686640 567
1686650 567
1686660 566
1686670 566
1686680 566
1686690 567
1686700 567
1686710 567
1686720 569
1686730 569
1686740 571
1686750 574
1686760 574
1686770 576
1686780 580
1686790 580
1686800 583
1686810 586
1686820 586
1686830 588
1686840 587
1686850 585
1686860 585
1686870 583
1686880 581
1686890 581
1686900 579
1686910 577
1686920 577
1686930 574
1686940 571
1686950 571
1686960 568
1686970 563
1686980 563
1686990 563
1687000 559
1687010 555
1687020 555
1687030 550
1687040 546
1687050 546
1687060 542
1687070 539
1687080 539
1687090 534
1687100 529
1687110 529
1687120 526
1687130 523
1687140 523
1687150 520
1687160 516
1687170 516
1687180 512
1687190 508
1687200 503
1687210 503
1687220 498
1687230 493
1687240 493
1687250 488
1687260 486
1687270 486
1687280 480
1687290 476
1687300 476
1687310 476
1687320 483
1687330 483
1687340 488
1687350 490
1687360 490
1687370 490
1687380 490
1687390 488
1687400 488
1687410 485
1687420 487
1687430 487
1687440 489
1687450 491
1687460 491
1687470 492
1687480 495
1687490 495
1687500 498
1687510 501
1687520 501
1687530 504
1687540 502
1687550 502
1687560 500
1687570 498
1687580 497
1687590 497
1687600 497
1687610 495
1687620 495
1687630 496
1687640 497
1687650 497
1687660 498
1687670 499
1687680 499
1687690 499
1687700 499
1687710 499
1687720 500
1687730 502
1687740 502
1687750 501
1687760 502
1687770 505
1687780 505
1687790 509
1687800 512
1687810 512
1687820 513
1687830 511
1687840 511
1687850 504
1687860 499
1687870 499
1687880 501
1687890 504
1687900 504
1687910 507
1687920 509
1687930 506
1687940 506
1687950 503
1687960 499
1687970 499
1687980 495
1687990 491
1688000 491
1688010 483
1688020 477
1688030 477
1688040 469
1688050 464
1688060 464
1688070 459
1688080 459
1688090 459
1688100 460
1688110 462
1688120 466
1688130 466
1688140 470
1688150 470
1688160 470
1688170 469
1688180 468
1688190 468
1688200 464
1688210 460
1688220 460
1688230 458
1688240 456
1688250 456
1688260 457
1688270 461
1688280 461
1688290 468
1688300 474
1688310 480
1688320 480
1688330 485
1688340 490
1688350 490
1688360 494
1688370 495
1688380 495
1688390 492
1688400 487
1688410 487
1688420 481
1688430 477
1688440 477
1688450 471
1688460 469
1688470 469
1688480 466
1688490 471
1688500 472
1688510 472
1688520 475
1688530 478
1688540 478
1688550 484
1688560 489
1688570 489
1688580 491
1688590 494
1688600 494
1688610 497
1688620 499
1688630 499
1688640 502
1688650 506
1688660 506
1688670 510
1688680 516
1688690 523
1688700 523
1688710 528
1688720 533
1688730 533
1688740 539
1688750 545
1688760 545
1688770 551
1688780 556
1688790 556
1688800 561
1688810 565
1688820 565
1688830 569
1688840 571
1688850 574
1688860 574
1688870 575
1688880 573
1688890 573
1688900 570
1688910 566
1688920 566
1688930 559
1688940 553
1688950 553
1688960 547
1688970 540
1688980 540
1688990 535
1689000 531
1689010 531
1689020 528
1689030 524
1689040 519
1689050 519
1689060 515
1689070 511
1689080 511
1689090 515
1689100 523
1689110 523
1689120 530
1689130 537
1689140 537
1689150 542
1689160 545
1689170 545
1689180 546
1689190 547
1689200 547
1689210 547
1689220 547
1689230 547
1689240 547
1689250 548
1689260 548
1689270 548
1689280 549
1689290 550
1689300 550
1689310 549
1689320 550
1689330 550
1689340 549
1689350 547
1689360 547
1689370 544
1689380 538
1689390 538
1689400 537
1689410 534
1689420 534
1689430 534
1689440 538
1689450 538
1689460 538
1689470 535
1689480 538
1689490 538
1689500 539
1689510 541
1689520 541
1689530 543
1689540 546
1689550 546
1689560 549
1689570 551
1689580 551
1689590 553
1689600 554
1689610 556
1689620 556
1689630 556
1689640 557
1689650 557
1689660 558
1689670 559
1689680 559
1689690 559
1689700 560
1689710 560
1689720 560
1689730 560
1689740 560
1689750 560
1689760 561
1689770 560
1689780 560
1689790 559
1689800 558
1689810 558
1689820 556
1689830 555
1689840 555
1689850 556
1689860 554
1689870 554
1689880 553
1689890 551
1689900 551
1689910 550
1689920 549
1689930 549
1689940 547
1689950 545
1689960 543
1689970 543
1689980 540
1689990 537
1690000 537
1690010 536
1690020 535
1690030 535
1690040 534
1690050 532
1690060 532
1690070 530
1690080 527
1690090 527
1690100 524
1690110 520
1690120 520
1690130 518
1690140 515
1690150 510
1690160 510
1690170 504
1690180 497
1690190 497
1690200 492
1690210 488
1690220 488
1690230 492
1690240 496
1690250 496
1690260 497
1690270 499
1690280 499
1690290 500
1690300 502
1690310 502
1690320 503
1690330 505
1690340 505
1690350 505
1690360 507
1690370 508
1690380 508
1690390 510
1690400 512
1690410 512
1690420 513
1690430 513
1690440 513
1690450 512
1690460 510
1690470 510
1690480 509
1690490 508
1690500 508
1690510 508
1690520 508
1690530 508
1690540 508
1690550 509
1690560 510
1690570 510
1690580 511
1690590 513
1690600 513
1690610 516
1690620 518
1690630 518
1690640 520
1690650 523
1690660 523
1690670 525
1690680 527
1690690 530
1690700 530
1690710 532
1690720 534
1690730 534
1690740 536
1690750 537
1690760 537
1690770 539
1690780 540
1690790 540
1690800 540
1690810 539
1690820 539
1690830 539
1690840 538
1690850 538
1690860 538
1690870 536
1690880 534
1690890 534
1690900 533
1690910 530
1690920 530
1690930 527
1690940 524
1690950 524
1690960 522
1690970 520
1690980 520
1690990 517
1691000 514
1691010 514
1691020 512
1691030 508
1691040 508
1691050 504
1691060 500
1691070 497
1691080 497
1691090 494
1691100 489
1691110 489
1691120 485
1691130 482
1691140 482
1691150 479
1691160 476
1691170 476
1691180 474
1691190 472
1691200 472
1691210 469
1691220 467
1691230 467
1691240 464
1691250 464
1691260 464
1691270 464
1691280 462
1691290 461
1691300 461
1691310 458
1691320 455
1691330 455
1691340 453
1691350 453
1691360 453
1691370 450
1691380 448
1691390 448
1691400 446
1691410 444
1691420 444
1691430 443
1691440 442
1691450 439
1691460 439
1691470 432
1691480 432
1691490 432
1691500 428
1691510 427
1691520 427
1691530 428
1691540 428
1691550 428
1691560 425
1691570 425
1691580 425
1691590 424
1691600 427
1691610 428
1691620 428
1691630 428
1691640 427
1691650 427
1691660 427
1691670 428
1691680 428
1691690 430
1691700 432
1691710 432
1691720 434
1691730 435
1691740 435
1691750 437
1691760 439
1691770 439
1691780 439
1691790 436
1691800 441
1691810 441
1691820 445
1691830 446
1691840 446
1691850 448
1691860 449
1691870 449
1691880 450
1691890 451
1691900 451
1691910 453
1691920 454
1691930 454
1691940 457
1691950 459
1691960 459
1691970 461
1691980 462
1691990 465
1692000 465
1692010 467
1692020 471
1692030 471
1692040 473
1692050 475
1692060 475
1692070 476
1692080 478
1692090 478
1692100 480
1692110 482
1692120 482
1692130 484
1692140 485
1692150 485
1692160 485
1692170 486
1692180 485
1692190 485
1692200 484
1692210 483
1692220 483
1692230 481
1692240 479
1692250 479
1692260 477
1692270 475
1692280 475
1692290 473
1692300 472
1692310 472
1692320 471
1692330 470
1692340 470
1692350 470
1692360 469
1692370 470
1692380 470
1692390 470
1692400 470
1692410 470
1692420 471
1692430 472
1692440 472
1692450 472
1692460 472
1692470 472
1692480 472
1692490 472
1692500 472
1692510 468
1692520 465
1692530 463
1692540 463
1692550 461
1692560 458
1692570 458
1692580 455
1692590 453
1692600 453
1692610 451
1692620 449
1692630 449
1692640 447
1692650 445
1692660 445
1692670 445
1692680 443
1692690 443
1692700 441
1692710 440
1692720 437
1692730 437
1692740 437
1692750 436
1692760 436
1692770 433
1692780 433
1692790 433
1692800 432
1692810 431
1692820 431
1692830 429
1692840 428
1692850 428
1692860 428
1692870 427
1692880 427
1692890 425
1692900 424
1692910 422
1692920 422
1692930 422
1692940 420
1692950 420
1692960 418
1692970 414
1692980 414
1692990 415
1693000 415
1693010 415
1693020 414
1693030 412
1693040 412
1693050 407
1693060 404
1693070 404
1693080 404
1693090 405
1693100 405
1693110 405
1693120 405
1693130 404
1693140 404
1693150 404
1693160 404
1693170 404
1693180 401
1693190 403
1693200 403
1693210 404
1693220 403
1693230 403
1693240 402
1693250 401
1693260 401
1693270 406
1693280 407
1693290 408
1693300 408
1693310 410
1693320 412
1693330 412
1693340 413
1693350 414
1693360 414
1693370 415
1693380 416
1693390 416
1693400 417
1693410 418
1693420 418
1693430 419
1693440 420
1693450 422
1693460 422
1693470 423
1693480 424
1693490 424
1693500 425
1693510 426
1693520 426
1693530 426
1693540 427
1693550 427
1693560 427
1693570 426
1693580 426
1693590 426
1693600 425
1693610 425
1693620 424
1693630 424
1693640 423
1693650 423
1693660 423
1693670 425
1693680 425
1693690 427
1693700 429
1693710 429
1693720 431
1693730 432
1693740 432
1693750 433
1693760 434
1693770 434
1693780 436
1693790 437
1693800 437
1693810 438
1693820 440
1693830 441
1693840 441
1693850 443
1693860 443
1693870 443
1693880 444
1693890 444
1693900 444
1693910 444
1693920 444
1693930 444
1693940 444
1693950 442
1693960 442
1693970 442
1693980 440
1693990 440
1694000 439
1694010 437
1694020 435
1694030 435
1694040 433
1694050 431
1694060 431
1694070 430
1694080 428
1694090 428
1694100 427
1694110 426
1694120 426
1694130 424
1694140 420
1694150 420
1694160 418
1694170 415
1694180 415
1694190 414
1694200 412
1694210 411
1694220 411
1694230 408
1694240 406
1694250 406
1694260 404
1694270 405
1694280 405
1694290 405
1694300 404
1694310 404
1694320 404
1694330 405
1694340 405
1694350 403
1694360 398
1694370 398
1694380 398
1694390 401
1694400 401
1694410 401
1694420 401
1694430 403
1694440 403
1694450 404
1694460 402
1694470 402
1694480 399
1694490 396
1694500 396
1694510 399
1694520 401
1694530 401
1694540 401
1694550 400
1694560 399
1694570 399
1694580 395
1694590 394
1694600 394
1694610 396
1694620 397
1694630 397
1694640 400
1694650 401
1694660 401
1694670 401
1694680 402
1694690 402
1694700 403
1694710 403
1694720 403
1694730 403
1694740 402
1694750 403
1694760 403
1694770 403
1694780 403
1694790 403
1694800 403
1694810 404
1694820 404
1694830 404
1694840 404
1694850 404
1694860 404
1694870 404
1694880 404
1694890 404
1694900 404
1694910 404
1694920 404
1694930 403
1694940 403
1694950 403
1694960 403
1694970 402
1694980 402
1694990 401
1695000 400
1695010 400
1695020 399
1695030 397
1695040 397
1695050 394
1695060 391
1695070 391
1695080 390
1695090 390
1695100 390
1695110 388
1695120 387
1695130 385
1695140 385
1695150 384
1695160 384
1695170 384
1695180 385
1695190 388
1695200 388
1695210 390
1695220 390
1695230 390
1695240 390
1695250 390
1695260 390
1695270 391
1695280 391
1695290 391
1695300 391
1695310 391
1695320 391
1695330 391
1695340 391
1695350 391
1695360 391
1695370 391
1695380 391
1695390 391
1695400 391
1695410 392
1695420 392
1695430 392
1695440 391
1695450 391
1695460 390
1695470 389
1695480 387
1695490 387
1695500 386
1695510 385
1695520 385
1695530 384
1695540 383
1695550 383
1695560 382
1695570 381
1695580 381
1695590 381
1695600 380
1695610 380
1695620 378
1695630 376
1695640 376
1695650 374
1695660 372
1695670 371
1695680 371
1695690 369
1695700 368
1695710 368
1695720 366
1695730 366
1695740 366
1695750 365
1695760 367
1695770 367
1695780 365
1695790 364
1695800 364
1695810 364
1695820 364
1695830 364
1695840 364
1695850 364
1695860 364
1695870 364
1695880 364
1695890 364
1695900 364
1695910 363
1695920 363
1695930 363
1695940 363
1695950 364
1695960 364
1695970 363
1695980 363
1695990 363
1696000 363
1696010 363
1696020 363
1696030 362
1696040 358
1696050 359
1696060 359
1696070 361
1696080 361
1696090 361
1696100 361
1696110 360
1696120 360
1696130 360
1696140 360
1696150 360
1696160 360
1696170 360
1696180 360
1696190 360
1696200 360
1696210 360
1696220 360
1696230 360
1696240 360
1696250 360
1696260 360
1696270 361
1696280 361
1696290 363
1696300 366
1696310 366
1696320 367
1696330 368
1696340 368
1696350 370
1696360 370
1696370 370
1696380 371
1696390 371
1696400 372
1696410 372
1696420 373
1696430 374
1696440 374
1696450 374
1696460 374
1696470 374
1696480 374
1696490 372
1696500 372
1696510 374
1696520 375
1696530 375
1696540 377
1696550 378
1696560 378
1696570 379
1696580 381
1696590 383
1696600 383
1696610 385
1696620 386
1696630 386
1696640 388
1696650 389
1696660 389
1696670 390
1696680 390
1696690 390
1696700 391
1696710 392
1696720 392
1696730 394
1696740 395
1696750 395
1696760 396
1696770 397
1696780 398
1696790 398
1696800 399
1696810 400
1696820 400
1696830 401
1696840 402
1696850 402
1696860 403
1696870 404
1696880 404
1696890 405
1696900 406
1696910 406
1696920 407
1696930 407
1696940 407
1696950 406
1696960 406
1696970 405
1696980 405
1696990 404
1697000 403
1697010 403
1697020 400
1697030 398
1697040 398
1697050 397
1697060 397
1697070 397
1697080 397
1697090 397
1697100 397
1697110 397
1697120 397
1697130 397
1697140 397
1697150 397
1697160 396
1697170 396
1697180 396
1697190 395
1697200 395
1697210 393
1697220 392
1697230 392
1697240 392
1697250 392
1697260 392
1697270 392
1697280 392
1697290 392
1697300 391
1697310 391
1697320 391
1697330 391
1697340 391
1697350 391
1697360 391
1697370 391
1697380 391
1697390 391
1697400 390
1697410 390
1697420 390
1697430 390
1697440 389
1697450 389
1697460 389
1697470 389
1697480 389
1697490 390
1697500 393
1697510 394
1697520 394
1697530 393
1697540 393
1697550 393
1697560 393
1697570 393
1697580 393
1697590 392
1697600 392
1697610 392
1697620 391
1697630 391
1697640 391
1697650 390
1697660 389
1697670 389
1697680 388
1697690 387
1697700 386
1697710 386
1697720 384
1697730 383
1697740 383
1697750 382
1697760 381
1697770 381
1697780 377
1697790 373
1697800 373
1697810 373
1697820 369
1697830 369
1697840 368
1697850 373
1697860 373
1697870 379
1697880 380
1697890 381
1697900 381
1697910 381
1697920 382
1697930 382
1697940 382
1697950 382
1697960 382
1697970 382
1697980 381
1697990 381
1698000 381
1698010 381
1698020 381
1698030 380
1698040 380
1698050 380
1698060 380
1698070 380
1698080 379
1698090 379
1698100 378
1698110 377
1698120 377
1698130 376
1698140 376
1698150 376
1698160 375
1698170 375
1698180 375
1698190 374
1698200 373
1698210 373
1698220 371
1698230 370
1698240 368
1698250 368
1698260 367
1698270 366
1698280 366
1698290 365
1698300 364
1698310 364
1698320 362
1698330 360
1698340 360
1698350 356
1698360 354
1698370 354
1698380 352
1698390 351
1698400 351
1698410 349
1698420 346
1698430 345
1698440 345
1698450 345
1698460 344
1698470 344
1698480 344
1698490 344
1698500 344
1698510 343
1698520 344
1698530 344
1698540 346
1698550 345
1698560 345
1698570 343
1698580 341
1698590 341
1698600 343
1698610 343
1698620 343
1698630 343
1698640 342
1698650 342
1698660 342
1698670 342
1698680 341
1698690 341
1698700 340
1698710 340
1698720 340
1698730 339
1698740 339
1698750 339
1698760 338
1698770 337
1698780 337
1698790 337
1698800 337
1698810 336
1698820 336
1698830 336
1698840 336
1698850 336
1698860 336
1698870 336
1698880 336
1698890 336
1698900 336
1698910 336
1698920 336
1698930 336
1698940 336
1698950 336
1698960 336
1698970 336
1698980 336
1698990 336
1699000 336
1699010 336
1699020 336
1699030 336
1699040 336
1699050 335
1699060 336
1699070 336
1699080 335
1699090 335
1699100 335
1699110 335
1699120 336
1699130 336
1699140 336
1699150 336
1699160 336
1699170 336
1699180 336
1699190 336
1699200 336
1699210 337
1699220 338
1699230 338
1699240 341
1699250 344
1699260 344
1699270 345
1699280 346
1699290 346
1699300 347
1699310 348
1699320 348
1699330 349
1699340 351
1699350 353
1699360 353
1699370 355
1699380 356
1699390 356
1699400 357
1699410 357
1699420 357
1699430 357
1699440 358
1699450 358
1699460 359
1699470 361
1699480 361
1699490 363
1699500 365
1699510 365
1699520 366
1699530 367
1699540 369
1699550 369
1699560 370
1699570 371
1699580 371
1699590 372
1699600 373
1699610 373
1699620 376
1699630 377
1699640 377
1699650 378
1699660 380
1699670 380
1699680 380
1699690 382
1699700 382
1699710 384
1699720 385
1699730 385
1699740 385
1699750 387
1699760 389
1699770 389
1699780 390
1699790 391
1699800 391
1699810 393
1699820 394
1699830 394
1699840 395
1699850 397
1699860 397
1699870 398
1699880 398
1699890 398
1699900 398
1699910 398
1699920 397
1699930 397
1699940 395
1699950 394
1699960 394
1699970 393
1699980 392
1699990 392
