1680000 1002
1680010 1001
1680020 999
1680030 999
1680040 997
1680050 996
1680060 996
1680070 994
1680080 993
1680090 990
1680100 990
1680110 987
1680120 984
1680130 984
1680140 981
1680150 979
1680160 979
1680170 977
1680180 976
1680190 976
1680200 974
1680210 972
1680220 972
1680230 971
1680240 971
1680250 971
1680260 970
1680270 970
1680280 967
1680290 967
1680300 968
1680310 969
1680320 969
1680330 970
1680340 971
1680350 971
1680360 972
1680370 972
1680380 972
1680390 973
1680400 975
1680410 975
1680420 975
1680430 973
1680440 973
1680450 971
1680460 970
1680470 968
1680480 968
1680490 967
1680500 967
1680510 967
1680520 964
1680530 961
1680540 961
1680550 961
1680560 960
1680570 960
1680580 960
1680590 959
1680600 959
1680610 957
1680620 955
1680630 955
1680640 954
1680650 954
1680660 953
1680670 953
1680680 952
1680690 951
1680700 951
1680710 950
1680720 950
1680730 950
1680740 949
1680750 947
1680760 947
1680770 947
1680780 947
1680790 947
1680800 946
1680810 943
1680820 943
1680830 943
1680840 944
1680850 944
1680860 944
1680870 943
1680880 945
1680890 945
1680900 945
1680910 943
1680920 943
1680930 943
1680940 943
1680950 943
1680960 943
1680970 943
1680980 943
1680990 943
1681000 943
1681010 943
1681020 943
1681030 942
1681040 941
1681050 941
1681060 940
1681070 939
1681080 939
1681090 939
1681100 938
1681110 938
1681120 936
1681130 936
1681140 936
1681150 936
1681160 935
1681170 935
1681180 935
1681190 934
1681200 934
1681210 934
1681220 934
1681230 933
1681240 933
1681250 934
1681260 934
1681270 934
1681280 933
1681290 933
1681300 933
1681310 932
1681320 930
1681330 930
1681340 928
1681350 927
1681360 927
1681370 925
1681380 923
1681390 921
1681400 921
1681410 920
1681420 919
1681430 919
1681440 917
1681450 916
1681460 916
1681470 913
1681480 912
1681490 912
1681500 910
1681510 909
1681520 909
1681530 905
1681540 903
1681550 903
1681560 901
1681570 899
1681580 897
1681590 897
1681600 895
1681610 893
1681620 893
1681630 891
1681640 889
1681650 889
1681660 887
1681670 885
1681680 885
1681690 883
1681700 881
1681710 881
1681720 879
1681730 878
1681740 878
1681750 876
1681760 873
1681770 871
1681780 871
1681790 869
1681800 867
1681810 867
1681820 865
1681830 863
1681840 863
1681850 859
1681860 852
1681870 852
1681880 844
1681890 840
1681900 840
1681910 834
1681920 831
1681930 831
1681940 827
1681950 823
1681960 821
1681970 821
1681980 820
1681990 819
1682000 819
1682010 817
1682020 816
1682030 816
1682040 815
1682050 813
1682060 813
1682070 812
1682080 811
1682090 811
1682100 810
1682110 810
1682120 810
1682130 809
1682140 807
1682150 806
1682160 806
1682170 804
1682180 800
1682190 800
1682200 795
1682210 787
1682220 787
1682230 780
1682240 773
1682250 773
1682260 762
1682270 756
1682280 756
1682290 754
1682300 759
1682310 759
1682320 763
1682330 766
1682340 769
1682350 769
1682360 770
1682370 772
1682380 772
1682390 773
1682400 773
1682410 773
1682420 773
1682430 772
1682440 772
1682450 771
1682460 770
1682470 770
1682480 770
1682490 769
1682500 768
1682510 768
1682520 767
1682530 767
1682540 767
1682550 766
1682560 763
1682570 763
1682580 761
1682590 760
1682600 760
1682610 758
1682620 756
1682630 756
1682640 755
1682650 753
1682660 753
1682670 751
1682680 749
1682690 747
1682700 747
1682710 744
1682720 743
1682730 743
1682740 740
1682750 738
1682760 738
1682770 736
1682780 733
1682790 733
1682800 730
1682810 729
1682820 729
1682830 727
1682840 726
1682850 726
1682860 723
1682870 721
1682880 719
1682890 719
1682900 717
1682910 715
1682920 715
1682930 705
1682940 699
1682950 699
1682960 699
1682970 704
1682980 704
1682990 710
1683000 714
1683010 714
1683020 720
1683030 726
1683040 726
1683050 732
1683060 738
1683070 744
1683080 744
1683090 749
1683100 756
1683110 756
1683120 762
1683130 768
1683140 768
1683150 774
1683160 780
1683170 780
1683180 785
1683190 791
1683200 791
1683210 796
1683220 801
1683230 801
1683240 806
1683250 811
1683260 816
1683270 816
1683280 822
1683290 823
1683300 823
1683310 826
1683320 830
1683330 830
1683340 833
1683350 834
1683360 834
1683370 836
1683380 837
1683390 837
1683400 838
1683410 839
1683420 839
1683430 839
1683440 840
1683450 840
1683460 840
1683470 840
1683480 840
1683490 840
1683500 839
1683510 839
1683520 839
1683530 838
1683540 837
1683550 837
1683560 836
1683570 835
1683580 835
1683590 833
1683600 832
1683610 830
1683620 830
1683630 828
1683640 826
1683650 826
1683660 825
1683670 824
1683680 824
1683690 822
1683700 820
1683710 820
1683720 817
1683730 815
1683740 815
1683750 813
1683760 810
1683770 810
1683780 808
1683790 807
1683800 805
1683810 805
1683820 803
1683830 802
1683840 802
1683850 800
1683860 798
1683870 798
1683880 796
1683890 793
1683900 793
1683910 792
1683920 789
1683930 789
1683940 786
1683950 784
1683960 784
1683970 781
1683980 777
1683990 775
1684000 775
1684010 772
1684020 769
1684030 769
1684040 765
1684050 760
1684060 760
1684070 756
1684080 752
1684090 752
1684100 747
1684110 744
1684120 744
1684130 739
1684140 735
1684150 735
1684160 730
1684170 726
1684180 722
1684190 722
1684200 719
1684210 716
1684220 716
1684230 713
1684240 709
1684250 709
1684260 706
1684270 702
1684280 702
1684290 698
1684300 694
1684310 694
1684320 689
1684330 684
1684340 684
1684350 679
1684360 673
1684370 666
1684380 666
1684390 659
1684400 652
1684410 652
1684420 643
1684430 636
1684440 636
1684450 628
1684460 618
1684470 618
1684480 610
1684490 600
1684500 600
1684510 592
1684520 591
1684530 591
1684540 600
1684550 608
1684560 619
1684570 619
1684580 621
1684590 623
1684600 623
1684610 625
1684620 628
1684630 628
1684640 628
1684650 626
1684660 626
1684670 629
1684680 630
1684690 630
1684700 630
1684710 632
1684720 632
1684730 636
1684740 642
1684750 651
1684760 651
1684770 657
1684780 663
1684790 663
1684800 668
1684810 674
1684820 674
1684830 678
1684840 684
1684850 684
1684860 688
1684870 691
1684880 691
1684890 692
1684900 692
1684910 685
1684920 685
1684930 682
1684940 676
1684950 676
1684960 671
1684970 667
1684980 667
1684990 663
1685000 657
1685010 657
1685020 655
1685030 660
1685040 660
1685050 665
1685060 669
1685070 669
1685080 673
1685090 678
1685100 683
1685110 683
1685120 687
1685130 690
1685140 690
1685150 693
1685160 695
1685170 695
1685180 692
1685190 687
1685200 687
1685210 682
1685220 676
1685230 676
1685240 670
1685250 664
1685260 664
1685270 658
1685280 653
1685290 646
1685300 646
1685310 654
1685320 658
1685330 658
1685340 659
1685350 657
1685360 657
1685370 654
1685380 650
1685390 650
1685400 652
1685410 655
1685420 655
1685430 662
1685440 669
1685450 669
1685460 676
1685470 683
1685480 688
1685490 688
1685500 692
1685510 697
1685520 697
1685530 703
1685540 708
1685550 708
1685560 713
1685570 717
1685580 717
1685590 721
1685600 723
1685610 723
1685620 725
1685630 725
1685640 725
1685650 725
1685660 723
1685670 720
1685680 720
1685690 716
1685700 711
1685710 711
1685720 705
1685730 703
1685740 703
1685750 704
1685760 706
1685770 706
1685780 707
1685790 709
1685800 709
1685810 712
1685820 714
1685830 714
1685840 713
1685850 705
1685860 696
1685870 696
1685880 693
1685890 691
1685900 691
1685910 690
1685920 687
1685930 687
1685940 682
1685950 676
1685960 676
1685970 671
1685980 674
1685990 674
1686000 679
1686010 682
1686020 687
1686030 687
1686040 692
1686050 698
1686060 698
1686070 703
1686080 710
1686090 710
1686100 718
1686110 726
1686120 726
1686130 736
1686140 740
1686150 740
1686160 742
1686170 742
1686180 742
1686190 743
1686200 746
1686210 750
1686220 750
1686230 756
1686240 761
1686250 761
1686260 762
1686270 766
1686280 766
1686290 777
1686300 782
1686310 782
1686320 787
1686330 792
1686340 792
1686350 795
1686360 798
1686370 798
1686380 799
1686390 801
1686400 804
1686410 804
1686420 808
1686430 811
1686440 811
1686450 814
1686460 815
1686470 815
1686480 816
1686490 818
1686500 818
1686510 819
1686520 822
1686530 822
1686540 824
1686550 825
1686560 825
1686570 827
1686580 828
1686590 824
1686600 824
1686610 822
1686620 821
1686630 821
1686640 820
1686650 819
1686660 819
1686670 818
1686680 817
1686690 817
1686700 816
1686710 817
1686720 817
1686730 818
1686740 819
1686750 819
1686760 820
1686770 824
1686780 830
1686790 830
1686800 835
1686810 840
1686820 840
1686830 845
1686840 849
1686850 849
1686860 852
1686870 855
1686880 855
1686890 858
1686900 861
1686910 861
1686920 863
1686930 865
1686940 865
1686950 868
1686960 870
1686970 873
1686980 873
1686990 875
1687000 877
1687010 877
1687020 879
1687030 881
1687040 881
1687050 882
1687060 883
1687070 883
1687080 884
1687090 884
1687100 884
1687110 884
1687120 883
1687130 882
1687140 882
1687150 880
1687160 878
1687170 878
1687180 874
1687190 872
1687200 872
1687210 866
1687220 861
1687230 861
1687240 857
1687250 850
1687260 850
1687270 844
1687280 838
1687290 838
1687300 832
1687310 826
1687320 819
1687330 819
1687340 813
1687350 808
1687360 808
1687370 802
1687380 796
1687390 796
1687400 791
1687410 784
1687420 784
1687430 777
1687440 771
1687450 771
1687460 764
1687470 758
1687480 758
1687490 754
1687500 748
1687510 743
1687520 743
1687530 738
1687540 733
1687550 733
1687560 727
1687570 722
1687580 722
1687590 717
1687600 713
1687610 713
1687620 709
1687630 708
1687640 708
1687650 712
1687660 712
1687670 712
1687680 713
1687690 714
1687700 715
1687710 715
1687720 716
1687730 718
1687740 718
1687750 719
1687760 720
1687770 720
1687780 721
1687790 722
1687800 722
1687810 725
1687820 730
1687830 730
1687840 734
1687850 738
1687860 738
1687870 741
1687880 742
1687890 744
1687900 744
1687910 745
1687920 747
1687930 747
1687940 749
1687950 750
1687960 750
1687970 752
1687980 753
1687990 753
1688000 753
1688010 753
1688020 753
1688030 753
1688040 753
1688050 753
1688060 753
1688070 752
1688080 752
1688090 752
1688100 753
1688110 754
1688120 754
1688130 755
1688140 754
1688150 754
1688160 753
1688170 751
1688180 751
1688190 751
1688200 752
1688210 752
1688220 755
1688230 758
1688240 758
1688250 760
1688260 762
1688270 764
1688280 764
1688290 765
1688300 767
1688310 767
1688320 767
1688330 767
1688340 767
1688350 772
1688360 773
1688370 773
1688380 774
1688390 775
1688400 775
1688410 776
1688420 777
1688430 778
1688440 778
1688450 778
1688460 778
1688470 778
1688480 779
1688490 779
1688500 779
1688510 780
1688520 781
1688530 781
1688540 783
1688550 784
1688560 784
1688570 785
1688580 783
1688590 783
1688600 780
1688610 782
1688620 784
1688630 784
1688640 786
1688650 789
1688660 789
1688670 791
1688680 792
1688690 792
1688700 793
1688710 793
1688720 793
1688730 793
1688740 794
1688750 794
1688760 792
1688770 794
1688780 794
1688790 793
1688800 790
1688810 787
1688820 787
1688830 784
1688840 781
1688850 781
1688860 777
1688870 775
1688880 775
1688890 770
1688900 771
1688910 771
1688920 772
1688930 773
1688940 773
1688950 774
1688960 774
1688970 774
1688980 775
1688990 776
1689000 776
1689010 776
1689020 777
1689030 777
1689040 777
1689050 777
1689060 776
1689070 776
1689080 775
1689090 775
1689100 775
1689110 775
1689120 774
1689130 774
1689140 773
1689150 772
1689160 772
1689170 770
1689180 769
1689190 768
1689200 768
1689210 766
1689220 765
1689230 765
1689240 764
1689250 763
1689260 763
1689270 763
1689280 762
1689290 762
1689300 761
1689310 760
1689320 760
1689330 758
1689340 757
1689350 757
1689360 754
1689370 751
1689380 749
1689390 749
1689400 747
1689410 746
1689420 746
1689430 744
1689440 742
1689450 742
1689460 739
1689470 737
1689480 737
1689490 736
1689500 733
1689510 733
1689520 732
1689530 730
1689540 728
1689550 728
1689560 725
1689570 724
1689580 724
1689590 722
1689600 721
1689610 721
1689620 719
1689630 717
1689640 717
1689650 716
1689660 715
1689670 715
1689680 714
1689690 713
1689700 713
1689710 712
1689720 710
1689730 708
1689740 708
1689750 706
1689760 705
1689770 705
1689780 703
1689790 702
1689800 702
1689810 700
1689820 698
1689830 698
1689840 697
1689850 696
1689860 696
1689870 695
1689880 693
1689890 693
1689900 693
1689910 691
1689920 690
1689930 690
1689940 688
1689950 686
1689960 686
1689970 684
1689980 681
1689990 681
1690000 678
1690010 676
1690020 676
1690030 674
1690040 672
1690050 672
1690060 669
1690070 667
1690080 667
1690090 665
1690100 663
1690110 661
1690120 661
1690130 659
1690140 656
1690150 656
1690160 652
1690170 649
1690180 649
1690190 645
1690200 643
1690210 643
1690220 641
1690230 637
1690240 637
1690250 634
1690260 629
1690270 629
1690280 625
1690290 621
1690300 618
1690310 618
1690320 615
1690330 611
1690340 611
1690350 608
1690360 603
1690370 603
1690380 599
1690390 595
1690400 595
1690410 592
1690420 588
1690430 588
1690440 584
1690450 581
1690460 581
1690470 576
1690480 570
1690490 564
1690500 564
1690510 567
1690520 570
1690530 570
1690540 572
1690550 572
1690560 572
1690570 570
1690580 570
1690590 570
1690600 567
1690610 569
1690620 569
1690630 574
1690640 578
1690650 580
1690660 580
1690670 582
1690680 583
1690690 583
1690700 583
1690710 585
1690720 585
1690730 593
1690740 598
1690750 598
1690760 603
1690770 606
1690780 606
1690790 611
1690800 615
1690810 615
1690820 618
1690830 621
1690840 624
1690850 624
1690860 626
1690870 628
1690880 628
1690890 631
1690900 631
1690910 631
1690920 633
1690930 632
1690940 632
1690950 635
1690960 636
1690970 636
1690980 636
1690990 636
1691000 636
1691010 635
1691020 634
1691030 633
1691040 633
1691050 631
1691060 628
1691070 628
1691080 626
1691090 623
1691100 623
1691110 620
1691120 616
1691130 616
1691140 611
1691150 607
1691160 607
1691170 604
1691180 600
1691190 600
1691200 599
1691210 601
1691220 602
1691230 602
1691240 604
1691250 606
1691260 606
1691270 608
1691280 610
1691290 610
1691300 612
1691310 615
1691320 615
1691330 617
1691340 619
1691350 619
1691360 621
1691370 622
1691380 622
1691390 624
1691400 625
1691410 625
1691420 625
1691430 626
1691440 626
1691450 626
1691460 625
1691470 625
1691480 625
1691490 627
1691500 627
1691510 627
1691520 629
1691530 629
1691540 629
1691550 628
1691560 628
1691570 628
1691580 626
1691590 623
1691600 621
1691610 621
1691620 620
1691630 619
1691640 619
1691650 619
1691660 619
1691670 619
1691680 620
1691690 620
1691700 620
1691710 620
1691720 621
1691730 621
1691740 621
1691750 621
1691760 621
1691770 620
1691780 619
1691790 619
1691800 619
1691810 617
1691820 614
1691830 614
1691840 613
1691850 615
1691860 615
1691870 615
1691880 615
1691890 615
1691900 615
1691910 614
1691920 614
1691930 614
1691940 614
1691950 614
1691960 614
1691970 614
1691980 614
1691990 614
1692000 614
1692010 614
1692020 614
1692030 613
1692040 614
1692050 614
1692060 613
1692070 613
1692080 613
1692090 613
1692100 614
1692110 614
1692120 615
1692130 616
1692140 616
1692150 616
1692160 616
1692170 614
1692180 614
1692190 612
1692200 609
1692210 609
1692220 606
1692230 601
1692240 601
1692250 598
1692260 593
1692270 593
1692280 590
1692290 588
1692300 588
1692310 586
1692320 585
1692330 586
1692340 586
1692350 588
1692360 591
1692370 591
1692380 592
1692390 591
1692400 591
1692410 591
1692420 592
1692430 592
1692440 592
1692450 592
1692460 592
1692470 592
1692480 593
1692490 593
1692500 595
1692510 596
1692520 596
1692530 596
1692540 596
1692550 596
1692560 596
1692570 595
1692580 594
1692590 594
1692600 592
1692610 590
1692620 590
1692630 587
1692640 584
1692650 584
1692660 584
1692670 581
1692680 581
1692690 578
1692700 576
1692710 576
1692720 576
1692730 575
1692740 574
1692750 574
1692760 572
1692770 570
1692780 570
1692790 569
1692800 567
1692810 567
1692820 566
1692830 564
1692840 564
1692850 562
1692860 561
1692870 561
1692880 559
1692890 557
1692900 555
1692910 555
1692920 554
1692930 552
1692940 552
1692950 550
1692960 548
1692970 548
1692980 545
1692990 542
1693000 542
1693010 540
1693020 535
1693030 535
1693040 530
1693050 528
1693060 522
1693070 522
1693080 522
1693090 523
1693100 523
1693110 523
1693120 522
1693130 522
1693140 523
1693150 523
1693160 523
1693170 520
1693180 520
1693190 520
1693200 519
1693210 517
1693220 517
1693230 516
1693240 515
1693250 511
1693260 511
1693270 509
1693280 507
1693290 507
1693300 505
1693310 502
1693320 502
1693330 501
1693340 498
1693350 498
1693360 496
1693370 494
1693380 494
1693390 493
1693400 491
1693410 491
1693420 489
1693430 487
1693440 483
1693450 483
1693460 481
1693470 478
1693480 478
1693490 476
1693500 473
1693510 473
1693520 471
1693530 469
1693540 469
1693550 467
1693560 465
1693570 465
1693580 464
1693590 461
1693600 461
1693610 461
1693620 459
1693630 457
1693640 457
1693650 455
1693660 454
1693670 454
1693680 452
1693690 451
1693700 451
1693710 449
1693720 447
1693730 447
1693740 446
1693750 445
1693760 445
1693770 444
1693780 442
1693790 442
1693800 440
1693810 439
1693820 437
1693830 437
1693840 434
1693850 433
1693860 433
1693870 430
1693880 431
1693890 431
1693900 430
1693910 430
1693920 430
1693930 429
1693940 428
1693950 428
1693960 427
1693970 427
1693980 427
1693990 426
1694000 426
1694010 425
1694020 425
1694030 426
1694040 426
1694050 426
1694060 423
1694070 420
1694080 420
1694090 421
1694100 420
1694110 420
1694120 420
1694130 421
1694140 421
1694150 419
1694160 419
1694170 419
1694180 419
1694190 419
1694200 419
1694210 419
1694220 418
1694230 418
1694240 418
1694250 417
1694260 416
1694270 416
1694280 415
1694290 415
1694300 415
1694310 414
1694320 413
1694330 413
1694340 412
1694350 411
1694360 410
1694370 410
1694380 409
1694390 407
1694400 407
1694410 406
1694420 404
1694430 404
1694440 403
1694450 402
1694460 402
1694470 400
1694480 399
1694490 399
1694500 398
1694510 397
1694520 397
1694530 397
1694540 397
1694550 396
1694560 396
1694570 395
1694580 394
1694590 394
1694600 395
1694610 394
1694620 394
1694630 394
1694640 394
1694650 394
1694660 394
1694670 393
1694680 393
1694690 393
1694700 393
1694710 393
1694720 393
1694730 393
1694740 392
1694750 392
1694760 392
1694770 392
1694780 392
1694790 392
1694800 391
1694810 391
1694820 391
1694830 391
1694840 391
1694850 391
1694860 390
1694870 390
1694880 390
1694890 390
1694900 390
1694910 390
1694920 389
1694930 389
1694940 389
1694950 389
1694960 389
1694970 389
1694980 389
1694990 388
1695000 388
1695010 388
1695020 388
1695030 388
1695040 387
1695050 387
1695060 387
1695070 387
1695080 387
1695090 387
1695100 386
1695110 386
1695120 386
1695130 386
1695140 386
1695150 386
1695160 386
1695170 385
1695180 385
1695190 385
1695200 384
1695210 384
1695220 384
1695230 384
1695240 384
1695250 384
1695260 385
1695270 384
1695280 384
1695290 385
1695300 385
1695310 385
1695320 385
1695330 385
1695340 385
1695350 385
1695360 385
1695370 385
1695380 385
1695390 385
1695400 385
1695410 385
1695420 387
1695430 388
1695440 388
1695450 388
1695460 389
1695470 389
1695480 389
1695490 389
1695500 390
1695510 390
1695520 391
1695530 392
1695540 392
1695550 393
1695560 394
1695570 394
1695580 394
1695590 395
1695600 395
1695610 397
1695620 399
1695630 399
1695640 401
1695650 403
1695660 405
1695670 405
1695680 406
1695690 407
1695700 407
1695710 409
1695720 411
1695730 411
1695740 412
1695750 414
1695760 414
1695770 414
1695780 416
1695790 416
1695800 417
1695810 419
1695820 419
1695830 419
1695840 419
1695850 418
1695860 418
1695870 417
1695880 417
1695890 417
1695900 416
1695910 415
1695920 415
1695930 414
1695940 414
1695950 414
1695960 412
1695970 411
1695980 411
1695990 411
1696000 410
1696010 410
1696020 409
1696030 408
1696040 408
1696050 408
1696060 406
1696070 406
1696080 406
1696090 405
1696100 404
1696110 404
1696120 403
1696130 401
1696140 401
1696150 400
1696160 398
1696170 398
1696180 396
1696190 395
1696200 395
1696210 394
1696220 393
1696230 389
1696240 389
1696250 392
1696260 390
1696270 390
1696280 388
1696290 386
1696300 386
1696310 384
1696320 385
1696330 385
1696340 384
1696350 383
1696360 383
1696370 383
1696380 380
1696390 380
1696400 383
1696410 384
1696420 385
1696430 385
1696440 384
1696450 384
1696460 384
1696470 383
1696480 383
1696490 383
1696500 383
1696510 382
1696520 382
1696530 381
1696540 381
1696550 381
1696560 380
1696570 379
1696580 379
1696590 379
1696600 378
1696610 378
1696620 378
1696630 377
1696640 376
1696650 376
1696660 376
1696670 375
1696680 375
1696690 374
1696700 374
1696710 374
1696720 373
1696730 372
1696740 372
1696750 372
1696760 371
1696770 370
1696780 370
1696790 369
1696800 369
1696810 369
1696820 368
1696830 367
1696840 367
1696850 366
1696860 366
1696870 366
1696880 365
1696890 364
1696900 364
1696910 364
1696920 363
1696930 363
1696940 362
1696950 361
1696960 361
1696970 361
1696980 360
1696990 359
1697000 359
1697010 359
1697020 358
1697030 358
1697040 357
1697050 357
1697060 357
1697070 356
1697080 355
1697090 355
1697100 355
1697110 354
1697120 354
1697130 354
1697140 354
1697150 354
1697160 354
1697170 354
1697180 353
1697190 353
1697200 353
1697210 353
1697220 353
1697230 353
1697240 352
1697250 352
1697260 352
1697270 351
1697280 351
1697290 351
1697300 351
1697310 351
1697320 351
1697330 350
1697340 350
1697350 350
1697360 350
1697370 351
1697380 351
1697390 351
1697400 351
1697410 351
1697420 351
1697430 351
1697440 351
1697450 349
1697460 351
1697470 351
1697480 351
1697490 350
1697500 350
1697510 349
1697520 349
1697530 348
1697540 348
1697550 348
1697560 348
1697570 348
1697580 348
1697590 348
1697600 348
1697610 348
1697620 347
1697630 347
1697640 347
1697650 347
1697660 347
1697670 347
1697680 346
1697690 346
1697700 346
1697710 346
1697720 346
1697730 346
1697740 346
1697750 347
1697760 347
1697770 347
1697780 347
1697790 347
1697800 348
1697810 348
1697820 348
1697830 348
1697840 348
1697850 348
1697860 347
1697870 347
1697880 347
1697890 347
1697900 347
1697910 346
1697920 346
1697930 346
1697940 345
1697950 345
1697960 344
1697970 344
1697980 344
1697990 343
1698000 341
1698010 341
1698020 344
1698030 344
1698040 344
1698050 344
1698060 344
1698070 344
1698080 344
1698090 343
1698100 344
1698110 344
1698120 344
1698130 344
1698140 344
1698150 344
1698160 345
1698170 345
1698180 346
1698190 348
1698200 348
1698210 349
1698220 350
1698230 350
1698240 350
1698250 350
1698260 351
1698270 351
1698280 351
1698290 352
1698300 352
1698310 353
1698320 354
1698330 354
1698340 355
1698350 356
1698360 356
1698370 357
1698380 357
1698390 357
1698400 358
1698410 359
1698420 359
1698430 360
1698440 361
1698450 362
1698460 362
1698470 362
1698480 363
1698490 363
1698500 364
1698510 364
1698520 364
1698530 365
1698540 366
1698550 366
1698560 367
1698570 368
1698580 368
1698590 369
1698600 369
1698610 369
1698620 370
1698630 372
1698640 375
1698650 375
1698660 380
1698670 383
1698680 383
1698690 385
1698700 387
1698710 387
1698720 388
1698730 389
1698740 389
1698750 391
1698760 393
1698770 393
1698780 394
1698790 395
1698800 395
1698810 397
1698820 400
1698830 401
1698840 401
1698850 402
1698860 403
1698870 403
1698880 403
1698890 402
1698900 402
1698910 401
1698920 399
1698930 399
1698940 397
1698950 395
1698960 395
1698970 394
1698980 394
1698990 394
1699000 394
1699010 394
1699020 395
1699030 395
1699040 396
1699050 397
1699060 397
1699070 397
1699080 397
1699090 397
1699100 397
1699110 398
1699120 398
1699130 398
1699140 399
1699150 399
1699160 398
1699170 397
1699180 395
1699190 395
1699200 394
1699210 393
1699220 393
1699230 392
1699240 392
1699250 392
1699260 392
1699270 391
1699280 391
1699290 390
1699300 390
1699310 390
1699320 388
1699330 387
1699340 387
1699350 386
1699360 385
1699370 384
1699380 384
1699390 382
1699400 380
1699410 380
1699420 379
1699430 378
1699440 378
1699450 377
1699460 377
1699470 377
1699480 376
1699490 376
1699500 376
1699510 375
1699520 375
1699530 375
1699540 374
1699550 373
1699560 372
1699570 372
1699580 371
1699590 368
1699600 368
1699610 366
1699620 364
1699630 364
1699640 364
1699650 365
1699660 365
1699670 364
1699680 366
1699690 366
1699700 367
1699710 366
1699720 366
1699730 365
1699740 364
1699750 363
1699760 363
1699770 362
1699780 360
1699790 360
1699800 359
1699810 357
1699820 357
1699830 357
1699840 356
1699850 356
1699860 355
1699870 355
1699880 355
1699890 355
1699900 355
1699910 355
1699920 355
1699930 355
1699940 356
1699950 356
1699960 357
1699970 357
1699980 357
1699990 358
