1680000 836
1680010 834
1680020 832
1680030 832
1680040 832
1680050 832
1680060 832
1680070 830
1680080 830
1680090 830
1680100 829
1680110 829
1680120 829
1680130 829
1680140 827
1680150 827
1680160 825
1680170 824
1680180 824
1680190 824
1680200 824
1680210 825
1680220 825
1680230 826
1680240 826
1680250 826
1680260 826
1680270 825
1680280 825
1680290 823
1680300 822
1680310 822
1680320 821
1680330 819
1680340 819
1680350 817
1680360 816
1680370 816
1680380 816
1680390 814
1680400 814
1680410 814
1680420 811
1680430 808
1680440 808
1680450 803
1680460 799
1680470 799
1680480 797
1680490 794
1680500 794
1680510 791
1680520 787
1680530 787
1680540 784
1680550 783
1680560 786
1680570 786
1680580 790
1680590 800
1680600 800
1680610 808
1680620 815
1680630 815
1680640 820
1680650 824
1680660 824
1680670 828
1680680 830
1680690 830
1680700 832
1680710 833
1680720 833
1680730 834
1680740 835
1680750 835
1680760 835
1680770 834
1680780 832
1680790 832
1680800 833
1680810 835
1680820 835
1680830 835
1680840 836
1680850 836
1680860 840
1680870 842
1680880 842
1680890 845
1680900 848
1680910 848
1680920 851
1680930 852
1680940 853
1680950 853
1680960 852
1680970 850
1680980 850
1680990 848
1681000 848
1681010 848
1681020 848
1681030 850
1681040 850
1681050 852
1681060 854
1681070 854
1681080 857
1681090 860
1681100 863
1681110 863
1681120 866
1681130 866
1681140 866
1681150 867
1681160 867
1681170 867
1681180 866
1681190 865
1681200 865
1681210 861
1681220 857
1681230 857
1681240 854
1681250 851
1681260 851
1681270 851
1681280 852
1681290 853
1681300 853
1681310 855
1681320 855
1681330 855
1681340 856
1681350 857
1681360 857
1681370 857
1681380 857
1681390 857
1681400 858
1681410 858
1681420 858
1681430 859
1681440 859
1681450 859
1681460 859
1681470 859
1681480 858
1681490 858
1681500 858
1681510 857
1681520 857
1681530 856
1681540 856
1681550 856
1681560 855
1681570 853
1681580 853
1681590 851
1681600 850
1681610 850
1681620 847
1681630 843
1681640 843
1681650 839
1681660 835
1681670 831
1681680 831
1681690 826
1681700 822
1681710 822
1681720 818
1681730 814
1681740 814
1681750 809
1681760 803
1681770 803
1681780 796
1681790 792
1681800 792
1681810 788
1681820 784
1681830 784
1681840 779
1681850 775
1681860 771
1681870 771
1681880 770
1681890 769
1681900 769
1681910 768
1681920 767
1681930 767
1681940 767
1681950 768
1681960 768
1681970 771
1681980 774
1681990 774
1682000 779
1682010 784
1682020 784
1682030 791
1682040 798
1682050 803
1682060 803
1682070 808
1682080 813
1682090 813
1682100 817
1682110 820
1682120 820
1682130 823
1682140 826
1682150 826
1682160 828
1682170 830
1682180 830
1682190 832
1682200 834
1682210 834
1682220 837
1682230 839
1682240 842
1682250 842
1682260 844
1682270 846
1682280 846
1682290 848
1682300 850
1682310 850
1682320 851
1682330 853
1682340 853
1682350 853
1682360 853
1682370 853
1682380 854
1682390 855
1682400 855
1682410 855
1682420 855
1682430 855
1682440 855
1682450 854
1682460 855
1682470 855
1682480 853
1682490 852
1682500 852
1682510 851
1682520 851
1682530 851
1682540 849
1682550 848
1682560 848
1682570 846
1682580 844
1682590 844
1682600 841
1682610 839
1682620 838
1682630 838
1682640 837
1682650 833
1682660 833
1682670 833
1682680 830
1682690 830
1682700 827
1682710 824
1682720 824
1682730 822
1682740 820
1682750 820
1682760 816
1682770 812
1682780 809
1682790 809
1682800 804
1682810 801
1682820 801
1682830 796
1682840 792
1682850 792
1682860 788
1682870 783
1682880 783
1682890 778
1682900 773
1682910 773
1682920 771
1682930 768
1682940 768
1682950 765
1682960 763
1682970 759
1682980 759
1682990 756
1683000 753
1683010 753
1683020 749
1683030 743
1683040 743
1683050 737
1683060 733
1683070 733
1683080 734
1683090 734
1683100 734
1683110 734
1683120 735
1683130 735
1683140 735
1683150 733
1683160 727
1683170 727
1683180 719
1683190 712
1683200 712
1683210 706
1683220 701
1683230 701
1683240 693
1683250 686
1683260 686
1683270 677
1683280 677
1683290 677
1683300 679
1683310 683
1683320 683
1683330 689
1683340 695
1683350 700
1683360 700
1683370 703
1683380 706
1683390 706
1683400 710
1683410 715
1683420 715
1683430 719
1683440 726
1683450 726
1683460 732
1683470 739
1683480 739
1683490 744
1683500 749
1683510 749
1683520 754
1683530 759
1683540 765
1683550 765
1683560 771
1683570 773
1683580 773
1683590 779
1683600 783
1683610 783
1683620 786
1683630 790
1683640 790
1683650 794
1683660 798
1683670 798
1683680 802
1683690 805
1683700 805
1683710 809
1683720 812
1683730 815
1683740 815
1683750 818
1683760 820
1683770 820
1683780 823
1683790 826
1683800 826
1683810 829
1683820 832
1683830 832
1683840 834
1683850 837
1683860 837
1683870 838
1683880 840
1683890 840
1683900 842
1683910 843
1683920 845
1683930 845
1683940 847
1683950 848
1683960 848
1683970 849
1683980 850
1683990 850
1684000 851
1684010 851
1684020 851
1684030 852
1684040 852
1684050 852
1684060 851
1684070 850
1684080 850
1684090 850
1684100 851
1684110 853
1684120 853
1684130 856
1684140 856
1684150 856
1684160 856
1684170 856
1684180 856
1684190 856
1684200 856
1684210 856
1684220 859
1684230 862
1684240 862
1684250 865
1684260 866
1684270 866
1684280 866
1684290 867
1684300 867
1684310 867
1684320 867
1684330 868
1684340 868
1684350 868
1684360 868
1684370 868
1684380 868
1684390 868
1684400 868
1684410 868
1684420 866
1684430 866
1684440 865
1684450 862
1684460 859
1684470 859
1684480 856
1684490 855
1684500 855
1684510 852
1684520 845
1684530 845
1684540 848
1684550 853
1684560 853
1684570 858
1684580 862
1684590 862
1684600 866
1684610 870
1684620 870
1684630 872
1684640 873
1684650 874
1684660 874
1684670 873
1684680 873
1684690 873
1684700 870
1684710 863
1684720 863
1684730 856
1684740 852
1684750 852
1684760 850
1684770 848
1684780 848
1684790 846
1684800 848
1684810 848
1684820 850
1684830 854
1684840 857
1684850 857
1684860 859
1684870 860
1684880 860
1684890 862
1684900 863
1684910 863
1684920 864
1684930 865
1684940 865
1684950 865
1684960 867
1684970 867
1684980 868
1684990 870
1685000 870
1685010 871
1685020 874
1685030 876
1685040 876
1685050 878
1685060 880
1685070 880
1685080 882
1685090 885
1685100 885
1685110 885
1685120 887
1685130 887
1685140 888
1685150 888
1685160 888
1685170 886
1685180 883
1685190 883
1685200 882
1685210 885
1685220 891
1685230 891
1685240 895
1685250 898
1685260 898
1685270 902
1685280 903
1685290 903
1685300 906
1685310 909
1685320 909
1685330 913
1685340 916
1685350 916
1685360 919
1685370 922
1685380 922
1685390 924
1685400 927
1685410 931
1685420 931
1685430 933
1685440 936
1685450 936
1685460 938
1685470 940
1685480 940
1685490 942
1685500 944
1685510 944
1685520 947
1685530 951
1685540 951
1685550 954
1685560 958
1685570 958
1685580 960
1685590 962
1685600 966
1685610 966
1685620 968
1685630 970
1685640 970
1685650 971
1685660 974
1685670 974
1685680 976
1685690 978
1685700 978
1685710 979
1685720 981
1685730 981
1685740 984
1685750 986
1685760 986
1685770 988
1685780 990
1685790 992
1685800 992
1685810 995
1685820 998
1685830 998
1685840 1000
1685850 1003
1685860 1003
1685870 1006
1685880 1008
1685890 1008
1685900 1011
1685910 1013
1685920 1013
1685930 1015
1685940 1016
1685950 1018
1685960 1018
1685970 1018
1685980 1019
1685990 1019
1686000 1021
1686010 1022
1686020 1022
1686030 1024
1686040 1025
1686050 1025
1686060 1026
1686070 1028
1686080 1028
1686090 1029
1686100 1031
1686110 1031
1686120 1033
1686130 1034
1686140 1036
1686150 1036
1686160 1037
1686170 1038
1686180 1038
1686190 1040
1686200 1040
1686210 1040
1686220 1042
1686230 1043
1686240 1043
1686250 1043
1686260 1046
1686270 1046
1686280 1047
1686290 1048
1686300 1048
1686310 1049
1686320 1050
1686330 1051
1686340 1051
1686350 1051
1686360 1051
1686370 1051
1686380 1051
1686390 1052
1686400 1052
1686410 1051
1686420 1051
1686430 1051
1686440 1051
1686450 1052
1686460 1052
1686470 1053
1686480 1054
1686490 1054
1686500 1055
1686510 1056
1686520 1056
1686530 1056
1686540 1056
1686550 1057
1686560 1057
1686570 1058
1686580 1059
1686590 1059
1686600 1062
1686610 1061
1686620 1061
1686630 1060
1686640 1060
1686650 1060
1686660 1060
1686670 1060
1686680 1060
1686690 1060
1686700 1060
1686710 1060
1686720 1060
1686730 1060
1686740 1060
1686750 1060
1686760 1060
1686770 1061
1686780 1061
1686790 1061
1686800 1061
1686810 1061
1686820 1062
1686830 1062
1686840 1062
1686850 1062
1686860 1061
1686870 1061
1686880 1060
1686890 1059
1686900 1058
1686910 1058
1686920 1057
1686930 1055
1686940 1055
1686950 1053
1686960 1052
1686970 1052
1686980 1052
1686990 1052
1687000 1052
1687010 1051
1687020 1051
1687030 1051
1687040 1051
1687050 1051
1687060 1051
1687070 1050
1687080 1050
1687090 1049
1687100 1049
1687110 1047
1687120 1043
1687130 1043
1687140 1040
1687150 1039
1687160 1039
1687170 1039
1687180 1039
1687190 1039
1687200 1040
1687210 1040
1687220 1040
1687230 1041
1687240 1041
1687250 1041
1687260 1041
1687270 1041
1687280 1041
1687290 1041
1687300 1042
1687310 1042
1687320 1042
1687330 1042
1687340 1041
1687350 1041
1687360 1041
1687370 1039
1687380 1039
1687390 1038
1687400 1038
1687410 1038
1687420 1037
1687430 1036
1687440 1036
1687450 1035
1687460 1033
1687470 1031
1687480 1031
1687490 1031
1687500 1029
1687510 1029
1687520 1028
1687530 1025
1687540 1025
1687550 1024
1687560 1022
1687570 1022
1687580 1020
1687590 1018
1687600 1018
1687610 1016
1687620 1013
1687630 1009
1687640 1009
1687650 1006
1687660 1003
1687670 1003
1687680 1003
1687690 1001
1687700 1001
1687710 1000
1687720 998
1687730 998
1687740 996
1687750 992
1687760 992
1687770 989
1687780 986
1687790 986
1687800 982
1687810 979
1687820 979
1687830 979
1687840 979
1687850 979
1687860 979
1687870 981
1687880 983
1687890 983
1687900 983
1687910 984
1687920 984
1687930 983
1687940 982
1687950 982
1687960 980
1687970 979
1687980 979
1687990 976
1688000 975
1688010 972
1688020 972
1688030 970
1688040 968
1688050 968
1688060 965
1688070 961
1688080 961
1688090 956
1688100 951
1688110 951
1688120 948
1688130 945
1688140 945
1688150 943
1688160 942
1688170 942
1688180 940
1688190 938
1688200 935
1688210 935
1688220 933
1688230 930
1688240 930
1688250 926
1688260 922
1688270 922
1688280 919
1688290 918
1688300 918
1688310 916
1688320 914
1688330 914
1688340 910
1688350 909
1688360 909
1688370 908
1688380 906
1688390 903
1688400 903
1688410 900
1688420 896
1688430 896
1688440 892
1688450 892
1688460 892
1688470 893
1688480 895
1688490 895
1688500 896
1688510 897
1688520 897
1688530 895
1688540 894
1688550 894
1688560 894
1688570 894
1688580 893
1688590 893
1688600 893
1688610 892
1688620 892
1688630 892
1688640 891
1688650 891
1688660 891
1688670 890
1688680 890
1688690 890
1688700 889
1688710 889
1688720 889
1688730 888
1688740 888
1688750 887
1688760 887
1688770 886
1688780 886
1688790 885
1688800 884
1688810 884
1688820 883
1688830 883
1688840 883
1688850 882
1688860 881
1688870 881
1688880 881
1688890 880
1688900 880
1688910 880
1688920 880
1688930 880
1688940 881
1688950 880
1688960 879
1688970 879
1688980 878
1688990 877
1689000 877
1689010 876
1689020 875
1689030 875
1689040 874
1689050 872
1689060 872
1689070 871
1689080 870
1689090 870
1689100 870
1689110 869
1689120 869
1689130 868
1689140 866
1689150 864
1689160 864
1689170 862
1689180 860
1689190 860
1689200 858
1689210 855
1689220 855
1689230 853
1689240 851
1689250 851
1689260 849
1689270 848
1689280 848
1689290 846
1689300 844
1689310 842
1689320 842
1689330 839
1689340 837
1689350 837
1689360 835
1689370 833
1689380 833
1689390 830
1689400 827
1689410 827
1689420 825
1689430 821
1689440 821
1689450 818
1689460 816
1689470 816
1689480 815
1689490 813
1689500 812
1689510 812
1689520 811
1689530 808
1689540 808
1689550 805
1689560 802
1689570 802
1689580 800
1689590 798
1689600 798
1689610 795
1689620 793
1689630 793
1689640 790
1689650 787
1689660 787
1689670 784
1689680 779
1689690 775
1689700 775
1689710 771
1689720 765
1689730 765
1689740 762
1689750 758
1689760 758
1689770 753
1689780 749
1689790 749
1689800 746
1689810 744
1689820 744
1689830 739
1689840 733
1689850 733
1689860 728
1689870 724
1689880 722
1689890 722
1689900 720
1689910 720
1689920 720
1689930 723
1689940 726
1689950 726
1689960 725
1689970 722
1689980 722
1689990 717
1690000 717
1690010 717
1690020 718
1690030 720
1690040 720
1690050 719
1690060 719
1690070 719
1690080 719
1690090 720
1690100 720
1690110 720
1690120 720
1690130 719
1690140 719
1690150 717
1690160 713
1690170 713
1690180 710
1690190 708
1690200 708
1690210 706
1690220 704
1690230 704
1690240 703
1690250 703
1690260 702
1690270 702
1690280 702
1690290 701
1690300 701
1690310 700
1690320 700
1690330 700
1690340 699
1690350 699
1690360 699
1690370 699
1690380 698
1690390 698
1690400 698
1690410 698
1690420 698
1690430 697
1690440 696
1690450 695
1690460 695
1690470 693
1690480 691
1690490 691
1690500 689
1690510 687
1690520 687
1690530 685
1690540 684
1690550 684
1690560 681
1690570 679
1690580 679
1690590 677
1690600 674
1690610 674
1690620 671
1690630 668
1690640 665
1690650 665
1690660 662
1690670 657
1690680 657
1690690 651
1690700 643
1690710 643
1690720 636
1690730 629
1690740 629
1690750 622
1690760 616
1690770 616
1690780 607
1690790 608
1690800 608
1690810 614
1690820 620
1690830 623
1690840 623
1690850 623
1690860 621
1690870 621
1690880 619
1690890 618
1690900 618
1690910 616
1690920 615
1690930 615
1690940 615
1690950 616
1690960 616
1690970 617
1690980 618
1690990 619
1691000 619
1691010 619
1691020 618
1691030 618
1691040 616
1691050 615
1691060 615
1691070 613
1691080 611
1691090 611
1691100 609
1691110 607
1691120 607
1691130 603
1691140 600
1691150 600
1691160 599
1691170 599
1691180 600
1691190 600
1691200 602
1691210 604
1691220 604
1691230 606
1691240 608
1691250 608
1691260 610
1691270 611
1691280 611
1691290 614
1691300 616
1691310 616
1691320 619
1691330 620
1691340 620
1691350 622
1691360 623
1691370 623
1691380 623
1691390 622
1691400 621
1691410 621
1691420 620
1691430 618
1691440 618
1691450 617
1691460 616
1691470 616
1691480 615
1691490 614
1691500 614
1691510 612
1691520 610
1691530 610
1691540 608
1691550 605
1691560 602
1691570 602
1691580 600
1691590 597
1691600 597
1691610 592
1691620 588
1691630 588
1691640 583
1691650 579
1691660 579
1691670 579
1691680 577
1691690 577
1691700 576
1691710 573
1691720 573
1691730 570
1691740 567
1691750 563
1691760 563
1691770 556
1691780 550
1691790 550
1691800 542
1691810 541
1691820 541
1691830 539
1691840 539
1691850 539
1691860 538
1691870 542
1691880 542
1691890 542
1691900 543
1691910 543
1691920 542
1691930 541
1691940 540
1691950 540
1691960 539
1691970 536
1691980 536
1691990 532
1692000 530
1692010 530
1692020 526
1692030 525
1692040 525
1692050 520
1692060 517
1692070 517
1692080 514
1692090 511
1692100 511
1692110 508
1692120 502
1692130 496
1692140 496
1692150 496
1692160 499
1692170 499
1692180 502
1692190 502
1692200 502
1692210 494
1692220 489
1692230 489
1692240 483
1692250 478
1692260 478
1692270 477
1692280 468
1692290 468
1692300 465
1692310 464
1692320 464
1692330 464
1692340 465
1692350 466
1692360 466
1692370 465
1692380 463
1692390 463
1692400 459
1692410 458
1692420 458
1692430 456
1692440 456
1692450 456
1692460 456
1692470 456
1692480 456
1692490 480
1692500 483
1692510 484
1692520 484
1692530 486
1692540 494
1692550 494
1692560 492
1692570 494
1692580 494
1692590 496
1692600 485
1692610 485
1692620 469
1692630 459
1692640 459
1692650 459
1692660 468
1692670 472
1692680 472
1692690 479
1692700 487
1692710 487
1692720 488
1692730 488
1692740 488
1692750 489
1692760 493
1692770 493
1692780 493
1692790 492
1692800 492
1692810 498
1692820 512
1692830 512
1692840 522
1692850 527
1692860 533
1692870 533
1692880 535
1692890 536
1692900 536
1692910 539
1692920 541
1692930 541
1692940 543
1692950 546
1692960 546
1692970 546
1692980 548
1692990 548
1693000 547
1693010 545
1693020 545
1693030 545
1693040 543
1693050 542
1693060 542
1693070 540
1693080 538
1693090 538
1693100 533
1693110 531
1693120 531
1693130 528
1693140 519
1693150 519
1693160 516
1693170 513
1693180 513
1693190 509
1693200 507
1693210 507
1693220 506
1693230 505
1693240 505
1693250 505
1693260 505
1693270 504
1693280 504
1693290 503
1693300 500
1693310 500
1693320 497
1693330 494
1693340 494
1693350 492
1693360 489
1693370 489
1693380 486
1693390 484
1693400 484
1693410 482
1693420 480
1693430 475
1693440 475
1693450 471
1693460 473
1693470 473
1693480 474
1693490 471
1693500 471
1693510 469
1693520 469
1693530 469
1693540 470
1693550 465
1693560 465
1693570 462
1693580 456
1693590 456
1693600 451
1693610 454
1693620 455
1693630 455
1693640 455
1693650 456
1693660 456
1693670 459
1693680 462
1693690 462
1693700 464
1693710 465
1693720 465
1693730 467
1693740 467
1693750 467
1693760 467
1693770 466
1693780 466
1693790 465
1693800 464
1693810 463
1693820 463
1693830 463
1693840 462
1693850 462
1693860 462
1693870 461
1693880 461
1693890 461
1693900 461
1693910 461
1693920 462
1693930 462
1693940 462
1693950 462
1693960 462
1693970 462
1693980 461
1693990 460
1694000 459
1694010 459
1694020 456
1694030 454
1694040 454
1694050 451
1694060 447
1694070 447
1694080 445
1694090 443
1694100 443
1694110 441
1694120 437
1694130 437
1694140 434
1694150 432
1694160 432
1694170 435
1694180 434
1694190 434
1694200 434
1694210 433
1694220 433
1694230 433
1694240 433
1694250 433
1694260 433
1694270 435
1694280 435
1694290 435
1694300 435
1694310 435
1694320 435
1694330 436
1694340 435
1694350 433
1694360 433
1694370 431
1694380 429
1694390 429
1694400 427
1694410 423
1694420 423
1694430 422
1694440 420
1694450 420
1694460 419
1694470 417
1694480 417
1694490 414
1694500 413
1694510 413
1694520 411
1694530 408
1694540 407
1694550 407
1694560 407
1694570 407
1694580 407
1694590 407
1694600 407
1694610 407
1694620 408
1694630 407
1694640 407
1694650 408
1694660 410
1694670 410
1694680 410
1694690 410
1694700 410
1694710 408
1694720 405
1694730 403
1694740 403
1694750 400
1694760 398
1694770 398
1694780 396
1694790 396
1694800 396
1694810 399
1694820 399
1694830 399
1694840 398
1694850 395
1694860 395
1694870 393
1694880 390
1694890 390
1694900 391
1694910 390
1694920 388
1694930 388
1694940 387
1694950 384
1694960 384
1694970 383
1694980 384
1694990 384
1695000 382
1695010 383
1695020 383
1695030 382
1695040 381
1695050 381
1695060 380
1695070 380
1695080 380
1695090 381
1695100 379
1695110 379
1695120 379
1695130 379
1695140 379
1695150 379
1695160 379
1695170 379
1695180 379
1695190 379
1695200 379
1695210 379
1695220 378
1695230 378
1695240 378
1695250 378
1695260 377
1695270 377
1695280 377
1695290 376
1695300 376
1695310 376
1695320 376
1695330 376
1695340 376
1695350 375
1695360 375
1695370 375
1695380 374
1695390 374
1695400 374
1695410 373
1695420 373
1695430 373
1695440 373
1695450 372
1695460 372
1695470 372
1695480 371
1695490 371
1695500 371
1695510 371
1695520 369
1695530 369
1695540 371
1695550 371
1695560 371
1695570 370
1695580 370
1695590 370
1695600 370
1695610 370
1695620 370
1695630 370
1695640 371
1695650 371
1695660 371
1695670 372
1695680 372
1695690 372
1695700 373
1695710 373
1695720 373
1695730 374
1695740 374
1695750 374
1695760 375
1695770 376
1695780 376
1695790 379
1695800 380
1695810 380
1695820 381
1695830 382
1695840 382
1695850 382
1695860 383
1695870 382
1695880 382
1695890 381
1695900 380
1695910 380
1695920 379
1695930 377
1695940 377
1695950 377
1695960 377
1695970 377
1695980 378
1695990 378
1696000 378
1696010 378
1696020 378
1696030 378
1696040 378
1696050 378
1696060 377
1696070 377
1696080 377
1696090 377
1696100 377
1696110 377
1696120 377
1696130 377
1696140 377
1696150 377
1696160 377
1696170 377
1696180 376
1696190 376
1696200 376
1696210 376
1696220 376
1696230 376
1696240 377
1696250 378
1696260 378
1696270 379
1696280 380
1696290 380
1696300 381
1696310 382
1696320 382
1696330 383
1696340 383
1696350 383
1696360 383
1696370 384
1696380 384
1696390 384
1696400 383
1696410 382
1696420 382
1696430 381
1696440 380
1696450 380
1696460 378
1696470 377
1696480 377
1696490 375
1696500 374
1696510 374
1696520 372
1696530 370
1696540 370
1696550 369
1696560 367
1696570 367
1696580 365
1696590 363
1696600 362
1696610 362
1696620 361
1696630 361
1696640 361
1696650 361
1696660 361
1696670 361
1696680 361
1696690 361
1696700 361
1696710 361
1696720 362
1696730 362
1696740 362
1696750 361
1696760 361
1696770 363
1696780 364
1696790 366
1696800 366
1696810 367
1696820 368
1696830 368
1696840 369
1696850 370
1696860 370
1696870 371
1696880 373
1696890 373
1696900 374
1696910 376
1696920 376
1696930 377
1696940 378
1696950 378
1696960 380
1696970 382
1696980 384
1696990 384
1697000 385
1697010 386
1697020 386
1697030 386
1697040 385
1697050 385
1697060 384
1697070 384
1697080 384
1697090 382
1697100 380
1697110 380
1697120 379
1697130 378
1697140 378
1697150 378
1697160 377
1697170 377
1697180 377
1697190 377
1697200 377
1697210 377
1697220 376
1697230 376
1697240 376
1697250 376
1697260 375
1697270 375
1697280 374
1697290 374
1697300 374
1697310 374
1697320 374
1697330 374
1697340 374
1697350 375
1697360 377
1697370 377
1697380 380
1697390 381
1697400 381
1697410 382
1697420 383
1697430 383
1697440 384
1697450 385
1697460 385
1697470 385
1697480 385
1697490 385
1697500 386
1697510 388
1697520 390
1697530 390
1697540 391
1697550 393
1697560 393
1697570 394
1697580 395
1697590 395
1697600 395
1697610 395
1697620 395
1697630 395
1697640 395
1697650 395
1697660 394
1697670 394
1697680 394
1697690 394
1697700 393
1697710 393
1697720 393
1697730 393
1697740 392
1697750 392
1697760 393
1697770 393
1697780 393
1697790 394
1697800 395
1697810 395
1697820 396
1697830 397
1697840 397
1697850 399
1697860 400
1697870 400
1697880 400
1697890 401
1697900 400
1697910 400
1697920 400
1697930 400
1697940 400
1697950 400
1697960 400
1697970 400
1697980 400
1697990 400
1698000 400
1698010 399
1698020 399
1698030 399
1698040 399
1698050 399
1698060 399
1698070 399
1698080 398
1698090 398
1698100 398
1698110 398
1698120 397
1698130 397
1698140 396
1698150 395
1698160 395
1698170 394
1698180 393
1698190 393
1698200 392
1698210 392
1698220 392
1698230 391
1698240 390
1698250 390
1698260 389
1698270 386
1698280 378
1698290 378
1698300 376
1698310 374
1698320 374
1698330 373
1698340 377
1698350 377
1698360 380
1698370 379
1698380 379
1698390 380
1698400 380
1698410 380
1698420 381
1698430 383
1698440 383
1698450 385
1698460 390
1698470 393
1698480 393
1698490 395
1698500 398
1698510 398
1698520 401
1698530 403
1698540 403
1698550 405
1698560 407
1698570 407
1698580 408
1698590 409
1698600 409
1698610 410
1698620 411
1698630 411
1698640 412
1698650 412
1698660 414
1698670 414
1698680 412
1698690 412
1698700 412
1698710 412
1698720 411
1698730 411
1698740 410
1698750 409
1698760 409
1698770 409
1698780 408
1698790 408
1698800 407
1698810 406
1698820 406
1698830 404
1698840 403
1698850 401
1698860 401
1698870 399
1698880 398
1698890 398
1698900 396
1698910 394
1698920 394
1698930 393
1698940 391
1698950 391
1698960 391
1698970 390
1698980 390
1698990 390
1699000 390
1699010 390
1699020 390
1699030 390
1699040 390
1699050 390
1699060 389
1699070 389
1699080 389
1699090 390
1699100 391
1699110 391
1699120 391
1699130 391
1699140 391
1699150 390
1699160 389
1699170 389
1699180 388
1699190 387
1699200 386
1699210 386
1699220 384
1699230 383
1699240 383
1699250 382
1699260 382
1699270 382
1699280 381
1699290 382
1699300 382
1699310 381
1699320 381
1699330 381
1699340 381
1699350 380
1699360 380
1699370 379
1699380 377
1699390 375
1699400 375
1699410 372
1699420 368
1699430 368
1699440 366
1699450 364
1699460 364
1699470 364
1699480 367
1699490 367
1699500 370
1699510 370
1699520 370
1699530 371
1699540 373
1699550 373
1699560 374
1699570 375
1699580 376
1699590 376
1699600 377
1699610 377
1699620 377
1699630 376
1699640 374
1699650 374
1699660 372
1699670 371
1699680 371
1699690 369
1699700 369
1699710 369
1699720 372
1699730 375
1699740 375
1699750 379
1699760 382
1699770 388
1699780 388
1699790 390
1699800 392
1699810 392
1699820 394
1699830 396
1699840 396
1699850 399
1699860 400
1699870 400
1699880 401
1699890 402
1699900 402
1699910 403
1699920 403
1699930 403
1699940 402
1699950 401
1699960 401
1699970 401
1699980 400
1699990 400
