1680000 1149
1680010 1146
1680020 1146
1680030 1143
1680040 1140
1680050 1140
1680060 1137
1680070 1134
1680080 1134
1680090 1131
1680100 1128
1680110 1128
1680120 1125
1680130 1122
1680140 1119
1680150 1119
1680160 1116
1680170 1112
1680180 1112
1680190 1109
1680200 1105
1680210 1105
1680220 1102
1680230 1099
1680240 1099
1680250 1095
1680260 1092
1680270 1092
1680280 1088
1680290 1083
1680300 1083
1680310 1079
1680320 1078
1680330 1077
1680340 1077
1680350 1075
1680360 1073
1680370 1073
1680380 1072
1680390 1070
1680400 1070
1680410 1068
1680420 1067
1680430 1067
1680440 1066
1680450 1064
1680460 1064
1680470 1062
1680480 1061
1680490 1061
1680500 1058
1680510 1058
1680520 1056
1680530 1056
1680540 1053
1680550 1051
1680560 1051
1680570 1049
1680580 1048
1680590 1048
1680600 1047
1680610 1046
1680620 1046
1680630 1045
1680640 1044
1680650 1044
1680660 1044
1680670 1042
1680680 1042
1680690 1041
1680700 1041
1680710 1041
1680720 1041
1680730 1041
1680740 1042
1680750 1042
1680760 1042
1680770 1041
1680780 1041
1680790 1041
1680800 1040
1680810 1040
1680820 1039
1680830 1038
1680840 1038
1680850 1037
1680860 1037
1680870 1037
1680880 1035
1680890 1034
1680900 1033
1680910 1033
1680920 1032
1680930 1031
1680940 1031
1680950 1029
1680960 1027
1680970 1027
1680980 1025
1680990 1024
1681000 1024
1681010 1023
1681020 1020
1681030 1020
1681040 1019
1681050 1017
1681060 1017
1681070 1016
1681080 1016
1681090 1016
1681100 1016
1681110 1015
1681120 1014
1681130 1014
1681140 1013
1681150 1010
1681160 1010
1681170 1006
1681180 1003
1681190 1003
1681200 1000
1681210 997
1681220 997
1681230 995
1681240 992
1681250 992
1681260 989
1681270 986
1681280 983
1681290 983
1681300 980
1681310 976
1681320 976
1681330 973
1681340 969
1681350 969
1681360 964
1681370 960
1681380 960
1681390 954
1681400 948
1681410 948
1681420 944
1681430 940
1681440 940
1681450 935
1681460 930
1681470 925
1681480 925
1681490 920
1681500 916
1681510 916
1681520 913
1681530 908
1681540 908
1681550 902
1681560 896
1681570 896
1681580 892
1681590 888
1681600 888
1681610 885
1681620 883
1681630 883
1681640 882
1681650 879
1681660 874
1681670 874
1681680 868
1681690 862
1681700 862
1681710 854
1681720 852
1681730 852
1681740 851
1681750 853
1681760 853
1681770 859
1681780 861
1681790 861
1681800 866
1681810 872
1681820 872
1681830 878
1681840 885
1681850 890
1681860 890
1681870 894
1681880 898
1681890 898
1681900 902
1681910 905
1681920 905
1681930 908
1681940 912
1681950 912
1681960 915
1681970 920
1681980 920
1681990 920
1682000 921
1682010 921
1682020 921
1682030 919
1682040 916
1682050 916
1682060 912
1682070 907
1682080 907
1682090 902
1682100 895
1682110 895
1682120 890
1682130 885
1682140 885
1682150 878
1682160 871
1682170 871
1682180 868
1682190 865
1682200 865
1682210 863
1682220 857
1682230 850
1682240 850
1682250 843
1682260 834
1682270 834
1682280 827
1682290 825
1682300 825
1682310 827
1682320 830
1682330 830
1682340 834
1682350 837
1682360 837
1682370 840
1682380 843
1682390 843
1682400 845
1682410 848
1682420 852
1682430 852
1682440 856
1682450 859
1682460 859
1682470 861
1682480 863
1682490 863
1682500 865
1682510 867
1682520 867
1682530 869
1682540 871
1682550 871
1682560 871
1682570 874
1682580 874
1682590 877
1682600 880
1682610 885
1682620 885
1682630 890
1682640 895
1682650 895
1682660 898
1682670 903
1682680 903
1682690 907
1682700 910
1682710 910
1682720 913
1682730 915
1682740 915
1682750 917
1682760 920
1682770 920
1682780 923
1682790 926
1682800 928
1682810 928
1682820 931
1682830 933
1682840 933
1682850 935
1682860 937
1682870 937
1682880 939
1682890 941
1682900 941
1682910 943
1682920 945
1682930 945
1682940 946
1682950 948
1682960 948
1682970 949
1682980 950
1682990 951
1683000 951
1683010 954
1683020 956
1683030 956
1683040 957
1683050 959
1683060 959
1683070 960
1683080 962
1683090 962
1683100 964
1683110 966
1683120 966
1683130 967
1683140 969
1683150 969
1683160 972
1683170 975
1683180 977
1683190 977
1683200 979
1683210 981
1683220 981
1683230 983
1683240 985
1683250 985
1683260 986
1683270 987
1683280 987
1683290 989
1683300 991
1683310 991
1683320 993
1683330 994
1683340 994
1683350 996
1683360 997
1683370 998
1683380 998
1683390 999
1683400 999
1683410 999
1683420 1000
1683430 1001
1683440 1001
1683450 1002
1683460 1003
1683470 1003
1683480 1004
1683490 1005
1683500 1005
1683510 1006
1683520 1008
1683530 1008
1683540 1010
1683550 1012
1683560 1014
1683570 1014
1683580 1014
1683590 1014
1683600 1014
1683610 1015
1683620 1015
1683630 1015
1683640 1016
1683650 1017
1683660 1017
1683670 1017
1683680 1018
1683690 1018
1683700 1018
1683710 1019
1683720 1019
1683730 1019
1683740 1020
1683750 1021
1683760 1021
1683770 1023
1683780 1025
1683790 1025
1683800 1026
1683810 1028
1683820 1028
1683830 1029
1683840 1031
1683850 1031
1683860 1034
1683870 1036
1683880 1036
1683890 1038
1683900 1040
1683910 1040
1683920 1042
1683930 1045
1683940 1046
1683950 1046
1683960 1048
1683970 1050
1683980 1050
1683990 1054
1684000 1057
1684010 1057
1684020 1060
1684030 1061
1684040 1061
1684050 1062
1684060 1065
1684070 1065
1684080 1067
1684090 1068
1684100 1068
1684110 1069
1684120 1070
1684130 1072
1684140 1072
1684150 1073
1684160 1075
1684170 1075
1684180 1076
1684190 1077
1684200 1077
1684210 1078
1684220 1079
1684230 1079
1684240 1081
1684250 1082
1684260 1082
1684270 1084
1684280 1085
1684290 1085
1684300 1085
1684310 1087
1684320 1088
1684330 1088
1684340 1089
1684350 1091
1684360 1091
1684370 1093
1684380 1094
1684390 1094
1684400 1096
1684410 1098
1684420 1098
1684430 1101
1684440 1103
1684450 1103
1684460 1105
1684470 1107
1684480 1107
1684490 1109
1684500 1111
1684510 1112
1684520 1112
1684530 1113
1684540 1114
1684550 1114
1684560 1115
1684570 1116
1684580 1116
1684590 1118
1684600 1119
1684610 1119
1684620 1121
1684630 1123
1684640 1123
1684650 1124
1684660 1125
1684670 1125
1684680 1126
1684690 1129
1684700 1131
1684710 1131
1684720 1133
1684730 1135
1684740 1135
1684750 1137
1684760 1139
1684770 1139
1684780 1142
1684790 1144
1684800 1144
1684810 1146
1684820 1149
1684830 1149
1684840 1151
1684850 1155
1684860 1155
1684870 1157
1684880 1159
1684890 1161
1684900 1161
1684910 1163
1684920 1164
1684930 1164
1684940 1167
1684950 1170
1684960 1170
1684970 1173
1684980 1175
1684990 1175
1685000 1178
1685010 1181
1685020 1181
1685030 1184
1685040 1185
1685050 1185
1685060 1187
1685070 1189
1685080 1192
1685090 1192
1685100 1194
1685110 1196
1685120 1196
1685130 1197
1685140 1198
1685150 1198
1685160 1200
1685170 1202
1685180 1202
1685190 1203
1685200 1203
1685210 1203
1685220 1205
1685230 1206
1685240 1206
1685250 1208
1685260 1211
1685270 1214
1685280 1214
1685290 1218
1685300 1221
1685310 1221
1685320 1223
1685330 1225
1685340 1225
1685350 1227
1685360 1229
1685370 1229
1685380 1231
1685390 1233
1685400 1233
1685410 1235
1685420 1237
1685430 1239
1685440 1239
1685450 1240
1685460 1242
1685470 1242
1685480 1245
1685490 1248
1685500 1248
1685510 1250
1685520 1251
1685530 1251
1685540 1253
1685550 1255
1685560 1255
1685570 1258
1685580 1260
1685590 1260
1685600 1262
1685610 1264
1685620 1266
1685630 1266
1685640 1269
1685650 1271
1685660 1271
1685670 1273
1685680 1275
1685690 1275
1685700 1278
1685710 1279
1685720 1279
1685730 1281
1685740 1283
1685750 1283
1685760 1286
1685770 1289
1685780 1289
1685790 1292
1685800 1294
1685810 1296
1685820 1296
1685830 1298
1685840 1299
1685850 1299
1685860 1301
1685870 1303
1685880 1303
1685890 1304
1685900 1305
1685910 1305
1685920 1307
1685930 1308
1685940 1308
1685950 1309
1685960 1311
1685970 1311
1685980 1312
1685990 1314
1686000 1316
1686010 1316
1686020 1318
1686030 1320
1686040 1320
1686050 1323
1686060 1325
1686070 1325
1686080 1328
1686090 1330
1686100 1330
1686110 1332
1686120 1334
1686130 1334
1686140 1336
1686150 1338
1686160 1338
1686170 1341
1686180 1343
1686190 1345
1686200 1345
1686210 1347
1686220 1348
1686230 1348
1686240 1350
1686250 1351
1686260 1351
1686270 1352
1686280 1353
1686290 1353
1686300 1354
1686310 1354
1686320 1354
1686330 1354
1686340 1354
1686350 1354
1686360 1354
1686370 1352
1686380 1350
1686390 1350
1686400 1345
1686410 1342
1686420 1342
1686430 1340
1686440 1338
1686450 1338
1686460 1336
1686470 1334
1686480 1334
1686490 1332
1686500 1330
1686510 1330
1686520 1328
1686530 1325
1686540 1325
1686550 1323
1686560 1321
1686570 1319
1686580 1319
1686590 1317
1686600 1314
1686610 1314
1686620 1313
1686630 1310
1686640 1310
1686650 1309
1686660 1307
1686670 1307
1686680 1305
1686690 1303
1686700 1303
1686710 1301
1686720 1299
1686730 1299
1686740 1296
1686750 1294
1686760 1291
1686770 1291
1686780 1289
1686790 1286
1686800 1286
1686810 1284
1686820 1282
1686830 1282
1686840 1279
1686850 1277
1686860 1277
1686870 1275
1686880 1274
1686890 1274
1686900 1272
1686910 1269
1686920 1269
1686930 1263
1686940 1259
1686950 1255
1686960 1255
1686970 1252
1686980 1249
1686990 1249
1687000 1246
1687010 1244
1687020 1244
1687030 1241
1687040 1239
1687050 1239
1687060 1238
1687070 1236
1687080 1236
1687090 1234
1687100 1232
1687110 1232
1687120 1229
1687130 1226
1687140 1223
1687150 1223
1687160 1221
1687170 1219
1687180 1219
1687190 1216
1687200 1214
1687210 1214
1687220 1212
1687230 1211
1687240 1211
1687250 1209
1687260 1207
1687270 1207
1687280 1206
1687290 1203
1687300 1203
1687310 1201
1687320 1199
1687330 1198
1687340 1198
1687350 1195
1687360 1192
1687370 1192
1687380 1190
1687390 1188
1687400 1188
1687410 1186
1687420 1183
1687430 1183
1687440 1181
1687450 1179
1687460 1179
1687470 1177
1687480 1176
1687490 1176
1687500 1174
1687510 1172
1687520 1169
1687530 1169
1687540 1168
1687550 1166
1687560 1166
1687570 1165
1687580 1165
1687590 1165
1687600 1164
1687610 1164
1687620 1164
1687630 1163
1687640 1162
1687650 1162
1687660 1161
1687670 1161
1687680 1161
1687690 1160
1687700 1160
1687710 1160
1687720 1160
1687730 1159
1687740 1158
1687750 1158
1687760 1156
1687770 1154
1687780 1154
1687790 1151
1687800 1149
1687810 1149
1687820 1147
1687830 1145
1687840 1145
1687850 1144
1687860 1142
1687870 1142
1687880 1141
1687890 1140
1687900 1139
1687910 1139
1687920 1138
1687930 1136
1687940 1136
1687950 1135
1687960 1134
1687970 1134
1687980 1133
1687990 1132
1688000 1132
1688010 1131
1688020 1130
1688030 1130
1688040 1130
1688050 1129
1688060 1129
1688070 1128
1688080 1128
1688090 1128
1688100 1128
1688110 1128
1688120 1128
1688130 1128
1688140 1129
1688150 1128
1688160 1128
1688170 1126
1688180 1124
1688190 1124
1688200 1123
1688210 1123
1688220 1123
1688230 1121
1688240 1117
1688250 1117
1688260 1115
1688270 1113
1688280 1111
1688290 1111
1688300 1108
1688310 1105
1688320 1105
1688330 1103
1688340 1100
1688350 1100
1688360 1098
1688370 1096
1688380 1096
1688390 1093
1688400 1092
1688410 1092
1688420 1089
1688430 1087
1688440 1087
1688450 1084
1688460 1083
1688470 1082
1688480 1082
1688490 1081
1688500 1081
1688510 1081
1688520 1080
1688530 1077
1688540 1077
1688550 1073
1688560 1070
1688570 1070
1688580 1070
1688590 1069
1688600 1069
1688610 1067
1688620 1065
1688630 1065
1688640 1063
1688650 1062
1688660 1061
1688670 1061
1688680 1061
1688690 1060
1688700 1060
1688710 1059
1688720 1056
1688730 1056
1688740 1054
1688750 1053
1688760 1053
1688770 1053
1688780 1052
1688790 1052
1688800 1052
1688810 1052
1688820 1052
1688830 1051
1688840 1050
1688850 1049
1688860 1049
1688870 1047
1688880 1046
1688890 1046
1688900 1046
1688910 1042
1688920 1042
1688930 1040
1688940 1037
1688950 1037
1688960 1034
1688970 1033
1688980 1033
1688990 1031
1689000 1029
1689010 1029
1689020 1028
1689030 1026
1689040 1025
1689050 1025
1689060 1024
1689070 1023
1689080 1023
1689090 1021
1689100 1018
1689110 1018
1689120 1017
1689130 1017
1689140 1017
1689150 1017
1689160 1015
1689170 1015
1689180 1012
1689190 1009
1689200 1009
1689210 1007
1689220 1005
1689230 1003
1689240 1003
1689250 1001
1689260 998
1689270 998
1689280 996
1689290 993
1689300 993
1689310 991
1689320 989
1689330 989
1689340 987
1689350 985
1689360 985
1689370 983
1689380 982
1689390 982
1689400 979
1689410 975
1689420 973
1689430 973
1689440 971
1689450 969
1689460 969
1689470 967
1689480 964
1689490 964
1689500 962
1689510 961
1689520 961
1689530 959
1689540 958
1689550 958
1689560 957
1689570 956
1689580 956
1689590 956
1689600 954
1689610 953
1689620 953
1689630 951
1689640 951
1689650 951
1689660 949
1689670 948
1689680 948
1689690 946
1689700 945
1689710 945
1689720 943
1689730 942
1689740 942
1689750 942
1689760 941
1689770 941
1689780 941
1689790 940
1689800 940
1689810 940
1689820 940
1689830 939
1689840 939
1689850 937
1689860 937
1689870 937
1689880 936
1689890 935
1689900 935
1689910 935
1689920 934
1689930 934
1689940 932
1689950 931
1689960 931
1689970 929
1689980 926
1689990 925
1690000 925
1690010 924
1690020 922
1690030 922
1690040 920
1690050 916
1690060 916
1690070 915
1690080 913
1690090 913
1690100 910
1690110 907
1690120 907
1690130 904
1690140 900
1690150 900
1690160 898
1690170 896
1690180 896
1690190 896
1690200 896
1690210 896
1690220 896
1690230 896
1690240 897
1690250 897
1690260 896
1690270 895
1690280 895
1690290 893
1690300 891
1690310 891
1690320 890
1690330 888
1690340 888
1690350 886
1690360 885
1690370 883
1690380 883
1690390 882
1690400 880
1690410 880
1690420 879
1690430 878
1690440 878
1690450 878
1690460 878
1690470 878
1690480 876
1690490 874
1690500 874
1690510 872
1690520 870
1690530 870
1690540 868
1690550 861
1690560 856
1690570 856
1690580 857
1690590 857
1690600 857
1690610 857
1690620 857
1690630 857
1690640 858
1690650 858
1690660 858
1690670 858
1690680 858
1690690 858
1690700 858
1690710 857
1690720 857
1690730 857
1690740 857
1690750 856
1690760 856
1690770 855
1690780 853
1690790 853
1690800 851
1690810 849
1690820 849
1690830 848
1690840 846
1690850 846
1690860 845
1690870 842
1690880 842
1690890 841
1690900 839
1690910 839
1690920 836
1690930 833
1690940 831
1690950 831
1690960 829
1690970 831
1690980 831
1690990 830
1691000 830
1691010 830
1691020 830
1691030 829
1691040 829
1691050 829
1691060 828
1691070 828
1691080 828
1691090 827
1691100 827
1691110 825
1691120 823
1691130 821
1691140 821
1691150 818
1691160 816
1691170 816
1691180 814
1691190 813
1691200 813
1691210 812
1691220 811
1691230 811
1691240 809
1691250 805
1691260 805
1691270 798
1691280 793
1691290 793
1691300 793
1691310 794
1691320 795
1691330 795
1691340 795
1691350 795
1691360 795
1691370 795
1691380 795
1691390 795
1691400 796
1691410 796
1691420 796
1691430 797
1691440 798
1691450 798
1691460 799
1691470 800
1691480 800
1691490 801
1691500 802
1691510 802
1691520 802
1691530 803
1691540 802
1691550 802
1691560 803
1691570 802
1691580 802
1691590 801
1691600 801
1691610 801
1691620 800
1691630 799
1691640 799
1691650 797
1691660 796
1691670 796
1691680 795
1691690 794
1691700 791
1691710 791
1691720 792
1691730 792
1691740 789
1691750 789
1691760 789
1691770 789
1691780 789
1691790 789
1691800 789
1691810 789
1691820 789
1691830 789
1691840 789
1691850 789
1691860 789
1691870 788
1691880 787
1691890 786
1691900 786
1691910 785
1691920 784
1691930 784
1691940 782
1691950 780
1691960 780
1691970 779
1691980 777
1691990 777
1692000 776
1692010 774
1692020 774
1692030 773
1692040 772
1692050 772
1692060 771
1692070 769
1692080 766
1692090 766
1692100 763
1692110 763
1692120 763
1692130 761
1692140 759
1692150 759
1692160 757
1692170 755
1692180 755
1692190 753
1692200 751
1692210 751
1692220 748
1692230 743
1692240 743
1692250 737
1692260 731
1692270 730
1692280 730
1692290 731
1692300 731
1692310 731
1692320 731
1692330 730
1692340 730
1692350 730
1692360 729
1692370 729
1692380 729
1692390 728
1692400 728
1692410 726
1692420 725
1692430 725
1692440 723
1692450 721
1692460 722
1692470 722
1692480 721
1692490 721
1692500 721
1692510 719
1692520 718
1692530 718
1692540 716
1692550 714
1692560 714
1692570 712
1692580 710
1692590 710
1692600 708
1692610 705
1692620 705
1692630 704
1692640 701
1692650 698
1692660 698
1692670 695
1692680 692
1692690 692
1692700 689
1692710 686
1692720 686
1692730 684
1692740 682
1692750 682
1692760 679
1692770 674
1692780 674
1692790 668
1692800 662
1692810 662
1692820 659
1692830 657
1692840 658
1692850 658
1692860 659
1692870 657
1692880 657
1692890 657
1692900 657
1692910 657
1692920 657
1692930 658
1692940 658
1692950 657
1692960 658
1692970 658
1692980 658
1692990 658
1693000 658
1693010 658
1693020 657
1693030 657
1693040 657
1693050 657
1693060 657
1693070 657
1693080 656
1693090 655
1693100 655
1693110 654
1693120 654
1693130 654
1693140 654
1693150 655
1693160 655
1693170 655
1693180 655
1693190 655
1693200 656
1693210 656
1693220 656
1693230 656
1693240 654
1693250 654
1693260 654
1693270 652
1693280 651
1693290 651
1693300 649
1693310 646
1693320 646
1693330 643
1693340 640
1693350 640
1693360 636
1693370 633
1693380 633
1693390 629
1693400 627
1693410 626
1693420 626
1693430 624
1693440 623
1693450 623
1693460 620
1693470 614
1693480 614
1693490 609
1693500 602
1693510 602
1693520 595
1693530 593
1693540 593
1693550 594
1693560 595
1693570 595
1693580 597
1693590 598
1693600 600
1693610 600
1693620 601
1693630 602
1693640 602
1693650 602
1693660 603
1693670 603
1693680 603
1693690 603
1693700 603
1693710 603
1693720 602
1693730 602
1693740 602
1693750 601
1693760 601
1693770 599
1693780 595
1693790 592
1693800 592
1693810 593
1693820 595
1693830 595
1693840 596
1693850 597
1693860 597
1693870 597
1693880 600
1693890 600
1693900 601
1693910 602
1693920 602
1693930 603
1693940 605
1693950 605
1693960 607
1693970 607
1693980 608
1693990 608
1694000 609
1694010 609
1694020 609
1694030 608
1694040 608
1694050 608
1694060 607
1694070 606
1694080 606
1694090 605
1694100 604
1694110 604
1694120 604
1694130 602
1694140 601
1694150 601
1694160 600
1694170 597
1694180 597
1694190 594
1694200 591
1694210 591
1694220 588
1694230 585
1694240 585
1694250 585
1694260 584
1694270 584
1694280 582
1694290 581
1694300 581
1694310 578
1694320 576
1694330 573
1694340 573
1694350 572
1694360 571
1694370 571
1694380 569
1694390 568
1694400 568
1694410 566
1694420 565
1694430 565
1694440 564
1694450 564
1694460 564
1694470 563
1694480 562
1694490 562
1694500 561
1694510 561
1694520 560
1694530 560
1694540 559
1694550 555
1694560 555
1694570 560
1694580 562
1694590 562
1694600 562
1694610 563
1694620 563
1694630 564
1694640 565
1694650 565
1694660 567
1694670 569
1694680 569
1694690 571
1694700 573
1694710 575
1694720 575
1694730 577
1694740 578
1694750 578
1694760 579
1694770 579
1694780 579
1694790 579
1694800 580
1694810 580
1694820 579
1694830 577
1694840 577
1694850 576
1694860 575
1694870 575
1694880 574
1694890 574
1694900 573
1694910 573
1694920 572
1694930 571
1694940 571
1694950 570
1694960 568
1694970 568
1694980 566
1694990 564
1695000 564
1695010 562
1695020 560
1695030 560
1695040 558
1695050 556
1695060 556
1695070 554
1695080 553
1695090 551
1695100 551
1695110 550
1695120 549
1695130 549
1695140 548
1695150 546
1695160 546
1695170 545
1695180 544
1695190 544
1695200 542
1695210 541
1695220 541
1695230 541
1695240 540
1695250 540
1695260 539
1695270 537
1695280 536
1695290 536
1695300 536
1695310 536
1695320 536
1695330 536
1695340 535
1695350 535
1695360 535
1695370 534
1695380 534
1695390 533
1695400 532
1695410 532
1695420 530
1695430 528
1695440 528
1695450 526
1695460 524
1695470 523
1695480 523
1695490 522
1695500 520
1695510 520
1695520 517
1695530 514
1695540 514
1695550 510
1695560 505
1695570 505
1695580 500
1695590 497
1695600 497
1695610 495
1695620 493
1695630 493
1695640 491
1695650 489
1695660 486
1695670 486
1695680 482
1695690 479
1695700 479
1695710 477
1695720 474
1695730 474
1695740 472
1695750 470
1695760 470
1695770 469
1695780 469
1695790 469
1695800 468
1695810 468
1695820 468
1695830 466
1695840 464
1695850 461
1695860 461
1695870 460
1695880 460
1695890 460
1695900 459
1695910 459
1695920 459
1695930 459
1695940 457
1695950 457
1695960 455
1695970 452
1695980 452
1695990 448
1696000 444
1696010 444
1696020 442
1696030 440
1696040 438
1696050 438
1696060 436
1696070 435
1696080 435
1696090 434
1696100 432
1696110 432
1696120 430
1696130 428
1696140 428
1696150 424
1696160 423
1696170 423
1696180 421
1696190 419
1696200 419
1696210 419
1696220 417
1696230 417
1696240 417
1696250 418
1696260 418
1696270 418
1696280 418
1696290 419
1696300 419
1696310 419
1696320 418
1696330 418
1696340 418
1696350 417
1696360 417
1696370 418
1696380 417
1696390 417
1696400 416
1696410 415
1696420 414
1696430 414
1696440 413
1696450 412
1696460 412
1696470 411
1696480 411
1696490 411
1696500 409
1696510 407
1696520 407
1696530 405
1696540 404
1696550 404
1696560 402
1696570 398
1696580 398
1696590 396
1696600 394
1696610 391
1696620 391
1696630 389
1696640 385
1696650 385
1696660 382
1696670 380
1696680 380
1696690 378
1696700 374
1696710 374
1696720 375
1696730 375
1696740 375
1696750 375
1696760 374
1696770 374
1696780 374
1696790 370
1696800 368
1696810 368
1696820 367
1696830 366
1696840 366
1696850 366
1696860 365
1696870 365
1696880 365
1696890 365
1696900 365
1696910 365
1696920 364
1696930 364
1696940 364
1696950 363
1696960 363
1696970 363
1696980 363
1696990 363
1697000 363
1697010 363
1697020 363
1697030 363
1697040 363
1697050 362
1697060 362
1697070 362
1697080 362
1697090 362
1697100 362
1697110 361
1697120 361
1697130 361
1697140 361
1697150 361
1697160 361
1697170 361
1697180 360
1697190 360
1697200 360
1697210 360
1697220 360
1697230 360
1697240 360
1697250 360
1697260 359
1697270 359
1697280 359
1697290 359
1697300 359
1697310 359
1697320 359
1697330 359
1697340 359
1697350 358
1697360 358
1697370 358
1697380 358
1697390 357
1697400 357
1697410 357
1697420 357
1697430 357
1697440 357
1697450 357
1697460 357
1697470 357
1697480 357
1697490 356
1697500 356
1697510 356
1697520 356
1697530 356
1697540 356
1697550 356
1697560 355
1697570 355
1697580 355
1697590 355
1697600 355
1697610 355
1697620 354
1697630 354
1697640 354
1697650 354
1697660 354
1697670 354
1697680 354
1697690 354
1697700 353
1697710 353
1697720 353
1697730 352
1697740 352
1697750 352
1697760 352
1697770 352
1697780 351
1697790 351
1697800 351
1697810 350
1697820 350
1697830 347
1697840 347
1697850 347
1697860 348
1697870 348
1697880 348
1697890 349
1697900 349
1697910 349
1697920 349
1697930 349
1697940 349
1697950 349
1697960 349
1697970 349
1697980 349
1697990 349
1698000 348
1698010 348
1698020 346
1698030 345
1698040 345
1698050 345
1698060 345
1698070 345
1698080 345
1698090 347
1698100 347
1698110 348
1698120 348
1698130 348
1698140 348
1698150 349
1698160 349
1698170 349
1698180 348
1698190 348
1698200 348
1698210 348
1698220 349
1698230 349
1698240 349
1698250 349
1698260 349
1698270 348
1698280 348
1698290 348
1698300 348
1698310 348
1698320 348
1698330 348
1698340 348
1698350 348
1698360 348
1698370 348
1698380 348
1698390 348
1698400 349
1698410 351
1698420 351
1698430 351
1698440 350
1698450 350
1698460 350
1698470 350
1698480 350
1698490 351
1698500 351
1698510 351
1698520 351
1698530 352
1698540 353
1698550 353
1698560 352
1698570 354
1698580 354
1698590 355
1698600 356
1698610 356
1698620 357
1698630 358
1698640 358
1698650 358
1698660 359
1698670 359
1698680 361
1698690 363
1698700 365
1698710 365
1698720 367
1698730 368
1698740 368
1698750 368
1698760 368
1698770 368
1698780 369
1698790 369
1698800 369
1698810 366
1698820 366
1698830 366
1698840 365
1698850 362
1698860 362
1698870 358
1698880 355
1698890 354
1698900 354
1698910 356
1698920 360
1698930 360
1698940 364
1698950 366
1698960 366
1698970 368
1698980 368
1698990 368
1699000 369
1699010 370
1699020 370
1699030 370
1699040 370
1699050 370
1699060 371
1699070 371
1699080 372
1699090 372
1699100 372
1699110 372
1699120 372
1699130 372
1699140 372
1699150 372
1699160 372
1699170 372
1699180 372
1699190 371
1699200 370
1699210 370
1699220 369
1699230 369
1699240 369
1699250 369
1699260 369
1699270 369
1699280 369
1699290 369
1699300 368
1699310 368
1699320 360
1699330 358
1699340 358
1699350 356
1699360 353
1699370 353
1699380 350
1699390 349
1699400 349
1699410 348
1699420 346
1699430 346
1699440 345
1699450 345
1699460 344
1699470 344
1699480 343
1699490 341
1699500 341
1699510 341
1699520 341
1699530 341
1699540 341
1699550 339
1699560 339
1699570 338
1699580 336
1699590 336
1699600 336
1699610 336
1699620 336
1699630 335
1699640 335
1699650 335
1699660 335
1699670 335
1699680 335
1699690 335
1699700 334
1699710 334
1699720 334
1699730 334
1699740 334
1699750 334
1699760 334
1699770 335
1699780 335
1699790 335
1699800 334
1699810 334
1699820 333
1699830 333
1699840 333
1699850 333
1699860 333
1699870 333
1699880 333
1699890 333
1699900 333
1699910 333
1699920 333
1699930 333
1699940 333
1699950 332
1699960 332
1699970 332
1699980 332
1699990 332
