1680000 1155
1680010 1153
1680020 1153
1680030 1151
1680040 1151
1680050 1151
1680060 1150
1680070 1148
1680080 1148
1680090 1146
1680100 1144
1680110 1144
1680120 1141
1680130 1135
1680140 1131
1680150 1131
1680160 1128
1680170 1121
1680180 1121
1680190 1118
1680200 1114
1680210 1114
1680220 1109
1680230 1105
1680240 1105
1680250 1102
1680260 1099
1680270 1099
1680280 1098
1680290 1096
1680300 1096
1680310 1094
1680320 1092
1680330 1091
1680340 1091
1680350 1088
1680360 1084
1680370 1084
1680380 1080
1680390 1079
1680400 1079
1680410 1078
1680420 1076
1680430 1076
1680440 1073
1680450 1071
1680460 1071
1680470 1068
1680480 1067
1680490 1067
1680500 1064
1680510 1062
1680520 1060
1680530 1060
1680540 1060
1680550 1060
1680560 1060
1680570 1060
1680580 1061
1680590 1061
1680600 1060
1680610 1058
1680620 1058
1680630 1055
1680640 1052
1680650 1052
1680660 1049
1680670 1046
1680680 1046
1680690 1043
1680700 1037
1680710 1032
1680720 1032
1680730 1027
1680740 1023
1680750 1023
1680760 1020
1680770 1018
1680780 1018
1680790 1016
1680800 1014
1680810 1014
1680820 1016
1680830 1015
1680840 1015
1680850 1015
1680860 1014
1680870 1014
1680880 1013
1680890 1013
1680900 1012
1680910 1012
1680920 1010
1680930 1008
1680940 1008
1680950 1005
1680960 1006
1680970 1006
1680980 1006
1680990 1005
1681000 1005
1681010 1003
1681020 1002
1681030 1002
1681040 1001
1681050 1001
1681060 1001
1681070 1000
1681080 998
1681090 996
1681100 996
1681110 995
1681120 993
1681130 993
1681140 991
1681150 989
1681160 989
1681170 988
1681180 987
1681190 987
1681200 985
1681210 983
1681220 983
1681230 981
1681240 980
1681250 980
1681260 977
1681270 974
1681280 971
1681290 971
1681300 967
1681310 963
1681320 963
1681330 960
1681340 954
1681350 954
1681360 948
1681370 943
1681380 943
1681390 937
1681400 933
1681410 933
1681420 929
1681430 924
1681440 924
1681450 918
1681460 910
1681470 903
1681480 903
1681490 897
1681500 892
1681510 892
1681520 886
1681530 879
1681540 879
1681550 873
1681560 868
1681570 868
1681580 868
1681590 875
1681600 875
1681610 882
1681620 886
1681630 886
1681640 887
1681650 889
1681660 893
1681670 893
1681680 894
1681690 896
1681700 896
1681710 897
1681720 899
1681730 899
1681740 901
1681750 901
1681760 901
1681770 903
1681780 905
1681790 905
1681800 908
1681810 912
1681820 912
1681830 916
1681840 919
1681850 923
1681860 923
1681870 925
1681880 928
1681890 928
1681900 930
1681910 931
1681920 931
1681930 930
1681940 928
1681950 928
1681960 925
1681970 921
1681980 921
1681990 918
1682000 914
1682010 914
1682020 911
1682030 908
1682040 905
1682050 905
1682060 903
1682070 900
1682080 900
1682090 895
1682100 893
1682110 893
1682120 889
1682130 887
1682140 887
1682150 884
1682160 880
1682170 880
1682180 877
1682190 873
1682200 873
1682210 868
1682220 864
1682230 858
1682240 858
1682250 853
1682260 848
1682270 848
1682280 843
1682290 839
1682300 839
1682310 834
1682320 829
1682330 829
1682340 831
1682350 834
1682360 834
1682370 838
1682380 839
1682390 839
1682400 841
1682410 839
1682420 837
1682430 837
1682440 836
1682450 840
1682460 840
1682470 849
1682480 854
1682490 854
1682500 860
1682510 865
1682520 865
1682530 869
1682540 874
1682550 874
1682560 878
1682570 881
1682580 881
1682590 886
1682600 888
1682610 893
1682620 893
1682630 897
1682640 900
1682650 900
1682660 904
1682670 907
1682680 907
1682690 910
1682700 912
1682710 912
1682720 912
1682730 916
1682740 916
1682750 916
1682760 917
1682770 917
1682780 918
1682790 918
1682800 919
1682810 919
1682820 920
1682830 921
1682840 921
1682850 922
1682860 923
1682870 923
1682880 925
1682890 925
1682900 925
1682910 927
1682920 929
1682930 929
1682940 930
1682950 932
1682960 932
1682970 934
1682980 936
1682990 937
1683000 937
1683010 939
1683020 940
1683030 940
1683040 942
1683050 943
1683060 943
1683070 945
1683080 947
1683090 947
1683100 949
1683110 951
1683120 951
1683130 953
1683140 955
1683150 955
1683160 956
1683170 958
1683180 960
1683190 960
1683200 962
1683210 965
1683220 965
1683230 967
1683240 970
1683250 970
1683260 972
1683270 974
1683280 974
1683290 976
1683300 978
1683310 978
1683320 981
1683330 984
1683340 984
1683350 987
1683360 990
1683370 992
1683380 992
1683390 995
1683400 996
1683410 996
1683420 998
1683430 999
1683440 999
1683450 1000
1683460 1002
1683470 1002
1683480 1003
1683490 1004
1683500 1004
1683510 1007
1683520 1008
1683530 1008
1683540 1010
1683550 1012
1683560 1013
1683570 1013
1683580 1015
1683590 1017
1683600 1017
1683610 1018
1683620 1020
1683630 1020
1683640 1022
1683650 1025
1683660 1025
1683670 1028
1683680 1030
1683690 1030
1683700 1031
1683710 1033
1683720 1033
1683730 1035
1683740 1036
1683750 1038
1683760 1038
1683770 1039
1683780 1040
1683790 1040
1683800 1041
1683810 1041
1683820 1041
1683830 1043
1683840 1043
1683850 1043
1683860 1045
1683870 1046
1683880 1046
1683890 1047
1683900 1049
1683910 1049
1683920 1051
1683930 1051
1683940 1052
1683950 1052
1683960 1055
1683970 1056
1683980 1056
1683990 1058
1684000 1059
1684010 1059
1684020 1061
1684030 1061
1684040 1061
1684050 1063
1684060 1065
1684070 1065
1684080 1066
1684090 1068
1684100 1068
1684110 1070
1684120 1072
1684130 1074
1684140 1074
1684150 1075
1684160 1076
1684170 1076
1684180 1078
1684190 1079
1684200 1079
1684210 1080
1684220 1080
1684230 1080
1684240 1081
1684250 1081
1684260 1081
1684270 1081
1684280 1081
1684290 1081
1684300 1082
1684310 1082
1684320 1083
1684330 1083
1684340 1083
1684350 1083
1684360 1083
1684370 1084
1684380 1086
1684390 1086
1684400 1087
1684410 1089
1684420 1089
1684430 1092
1684440 1095
1684450 1095
1684460 1096
1684470 1100
1684480 1100
1684490 1102
1684500 1104
1684510 1106
1684520 1106
1684530 1108
1684540 1110
1684550 1110
1684560 1112
1684570 1114
1684580 1114
1684590 1116
1684600 1118
1684610 1118
1684620 1121
1684630 1123
1684640 1123
1684650 1125
1684660 1128
1684670 1128
1684680 1130
1684690 1133
1684700 1135
1684710 1135
1684720 1137
1684730 1139
1684740 1139
1684750 1141
1684760 1143
1684770 1143
1684780 1145
1684790 1148
1684800 1148
1684810 1151
1684820 1154
1684830 1154
1684840 1157
1684850 1159
1684860 1159
1684870 1163
1684880 1165
1684890 1168
1684900 1168
1684910 1170
1684920 1172
1684930 1172
1684940 1173
1684950 1174
1684960 1174
1684970 1176
1684980 1178
1684990 1178
1685000 1180
1685010 1181
1685020 1181
1685030 1182
1685040 1183
1685050 1183
1685060 1184
1685070 1185
1685080 1186
1685090 1186
1685100 1187
1685110 1189
1685120 1189
1685130 1191
1685140 1194
1685150 1194
1685160 1196
1685170 1197
1685180 1197
1685190 1199
1685200 1201
1685210 1201
1685220 1203
1685230 1205
1685240 1205
1685250 1207
1685260 1209
1685270 1211
1685280 1211
1685290 1213
1685300 1215
1685310 1215
1685320 1217
1685330 1219
1685340 1219
1685350 1221
1685360 1223
1685370 1223
1685380 1226
1685390 1230
1685400 1230
1685410 1232
1685420 1234
1685430 1234
1685440 1235
1685450 1236
1685460 1239
1685470 1239
1685480 1242
1685490 1244
1685500 1244
1685510 1245
1685520 1247
1685530 1247
1685540 1249
1685550 1251
1685560 1251
1685570 1253
1685580 1255
1685590 1255
1685600 1257
1685610 1259
1685620 1259
1685630 1261
1685640 1264
1685650 1266
1685660 1266
1685670 1268
1685680 1270
1685690 1270
1685700 1273
1685710 1276
1685720 1276
1685730 1278
1685740 1280
1685750 1280
1685760 1282
1685770 1283
1685780 1283
1685790 1285
1685800 1287
1685810 1287
1685820 1288
1685830 1290
1685840 1292
1685850 1292
1685860 1293
1685870 1295
1685880 1295
1685890 1297
1685900 1299
1685910 1299
1685920 1300
1685930 1303
1685940 1303
1685950 1305
1685960 1308
1685970 1308
1685980 1310
1685990 1312
1686000 1312
1686010 1315
1686020 1318
1686030 1321
1686040 1321
1686050 1323
1686060 1326
1686070 1326
1686080 1328
1686090 1329
1686100 1329
1686110 1331
1686120 1333
1686130 1333
1686140 1333
1686150 1335
1686160 1335
1686170 1335
1686180 1333
1686190 1333
1686200 1333
1686210 1333
1686220 1333
1686230 1333
1686240 1334
1686250 1335
1686260 1335
1686270 1336
1686280 1337
1686290 1337
1686300 1337
1686310 1337
1686320 1337
1686330 1335
1686340 1333
1686350 1333
1686360 1332
1686370 1331
1686380 1331
1686390 1330
1686400 1330
1686410 1330
1686420 1330
1686430 1330
1686440 1328
1686450 1328
1686460 1326
1686470 1323
1686480 1323
1686490 1320
1686500 1317
1686510 1317
1686520 1315
1686530 1312
1686540 1312
1686550 1310
1686560 1307
1686570 1307
1686580 1305
1686590 1302
1686600 1301
1686610 1301
1686620 1297
1686630 1296
1686640 1296
1686650 1294
1686660 1290
1686670 1290
1686680 1288
1686690 1286
1686700 1286
1686710 1285
1686720 1281
1686730 1281
1686740 1278
1686750 1277
1686760 1277
1686770 1276
1686780 1275
1686790 1272
1686800 1272
1686810 1269
1686820 1266
1686830 1266
1686840 1264
1686850 1261
1686860 1261
1686870 1259
1686880 1257
1686890 1257
1686900 1255
1686910 1251
1686920 1251
1686930 1249
1686940 1246
1686950 1246
1686960 1243
1686970 1240
1686980 1237
1686990 1237
1687000 1234
1687010 1233
1687020 1233
1687030 1230
1687040 1228
1687050 1228
1687060 1225
1687070 1222
1687080 1222
1687090 1221
1687100 1219
1687110 1219
1687120 1218
1687130 1216
1687140 1216
1687150 1214
1687160 1213
1687170 1211
1687180 1211
1687190 1209
1687200 1208
1687210 1208
1687220 1206
1687230 1204
1687240 1204
1687250 1201
1687260 1199
1687270 1199
1687280 1197
1687290 1194
1687300 1194
1687310 1192
1687320 1190
1687330 1190
1687340 1188
1687350 1186
1687360 1184
1687370 1184
1687380 1183
1687390 1182
1687400 1182
1687410 1180
1687420 1180
1687430 1180
1687440 1179
1687450 1177
1687460 1177
1687470 1177
1687480 1176
1687490 1176
1687500 1175
1687510 1174
1687520 1174
1687530 1173
1687540 1172
1687550 1169
1687560 1169
1687570 1166
1687580 1164
1687590 1164
1687600 1162
1687610 1160
1687620 1160
1687630 1157
1687640 1154
1687650 1154
1687660 1153
1687670 1152
1687680 1152
1687690 1150
1687700 1146
1687710 1146
1687720 1144
1687730 1142
1687740 1140
1687750 1140
1687760 1139
1687770 1137
1687780 1137
1687790 1136
1687800 1133
1687810 1133
1687820 1132
1687830 1129
1687840 1129
1687850 1128
1687860 1126
1687870 1126
1687880 1125
1687890 1124
1687900 1124
1687910 1123
1687920 1122
1687930 1121
1687940 1121
1687950 1120
1687960 1118
1687970 1118
1687980 1117
1687990 1115
1688000 1115
1688010 1113
1688020 1111
1688030 1111
1688040 1110
1688050 1109
1688060 1109
1688070 1109
1688080 1108
1688090 1108
1688100 1108
1688110 1108
1688120 1108
1688130 1108
1688140 1108
1688150 1106
1688160 1106
1688170 1103
1688180 1099
1688190 1099
1688200 1096
1688210 1093
1688220 1093
1688230 1090
1688240 1089
1688250 1089
1688260 1088
1688270 1087
1688280 1087
1688290 1086
1688300 1085
1688310 1083
1688320 1083
1688330 1080
1688340 1078
1688350 1078
1688360 1076
1688370 1074
1688380 1074
1688390 1072
1688400 1071
1688410 1071
1688420 1069
1688430 1068
1688440 1068
1688450 1066
1688460 1064
1688470 1063
1688480 1063
1688490 1061
1688500 1058
1688510 1058
1688520 1056
1688530 1055
1688540 1055
1688550 1053
1688560 1051
1688570 1051
1688580 1049
1688590 1047
1688600 1047
1688610 1045
1688620 1044
1688630 1044
1688640 1043
1688650 1042
1688660 1041
1688670 1041
1688680 1040
1688690 1039
1688700 1039
1688710 1037
1688720 1035
1688730 1035
1688740 1032
1688750 1031
1688760 1031
1688770 1029
1688780 1028
1688790 1028
1688800 1027
1688810 1026
1688820 1026
1688830 1025
1688840 1024
1688850 1023
1688860 1023
1688870 1022
1688880 1021
1688890 1021
1688900 1018
1688910 1016
1688920 1016
1688930 1014
1688940 1012
1688950 1012
1688960 1011
1688970 1009
1688980 1009
1688990 1008
1689000 1006
1689010 1006
1689020 1004
1689030 1003
1689040 1002
1689050 1002
1689060 1001
1689070 999
1689080 999
1689090 998
1689100 996
1689110 996
1689120 994
1689130 992
1689140 992
1689150 991
1689160 990
1689170 990
1689180 987
1689190 985
1689200 985
1689210 984
1689220 982
1689230 981
1689240 981
1689250 979
1689260 978
1689270 978
1689280 976
1689290 973
1689300 973
1689310 972
1689320 970
1689330 970
1689340 968
1689350 967
1689360 967
1689370 965
1689380 963
1689390 963
1689400 960
1689410 959
1689420 957
1689430 957
1689440 954
1689450 951
1689460 951
1689470 947
1689480 946
1689490 946
1689500 944
1689510 943
1689520 943
1689530 943
1689540 941
1689550 941
1689560 940
1689570 939
1689580 939
1689590 938
1689600 936
1689610 935
1689620 935
1689630 934
1689640 933
1689650 933
1689660 932
1689670 931
1689680 931
1689690 930
1689700 929
1689710 929
1689720 928
1689730 927
1689740 927
1689750 927
1689760 925
1689770 925
1689780 924
1689790 923
1689800 922
1689810 922
1689820 922
1689830 922
1689840 922
1689850 922
1689860 922
1689870 922
1689880 922
1689890 921
1689900 921
1689910 921
1689920 920
1689930 920
1689940 920
1689950 920
1689960 920
1689970 919
1689980 918
1689990 916
1690000 916
1690010 914
1690020 912
1690030 912
1690040 910
1690050 908
1690060 908
1690070 906
1690080 903
1690090 903
1690100 899
1690110 895
1690120 895
1690130 890
1690140 885
1690150 885
1690160 880
1690170 877
1690180 875
1690190 875
1690200 873
1690210 871
1690220 871
1690230 869
1690240 871
1690250 871
1690260 872
1690270 872
1690280 872
1690290 872
1690300 871
1690310 871
1690320 870
1690330 870
1690340 870
1690350 869
1690360 867
1690370 866
1690380 866
1690390 865
1690400 864
1690410 864
1690420 864
1690430 862
1690440 862
1690450 861
1690460 860
1690470 860
1690480 858
1690490 856
1690500 856
1690510 855
1690520 854
1690530 854
1690540 853
1690550 851
1690560 850
1690570 850
1690580 848
1690590 847
1690600 847
1690610 845
1690620 842
1690630 842
1690640 837
1690650 836
1690660 836
1690670 836
1690680 836
1690690 836
1690700 836
1690710 835
1690720 835
1690730 835
1690740 835
1690750 834
1690760 834
1690770 833
1690780 832
1690790 832
1690800 831
1690810 829
1690820 829
1690830 828
1690840 826
1690850 826
1690860 824
1690870 822
1690880 822
1690890 820
1690900 818
1690910 818
1690920 817
1690930 815
1690940 813
1690950 813
1690960 809
1690970 805
1690980 805
1690990 805
1691000 805
1691010 805
1691020 806
1691030 806
1691040 806
1691050 806
1691060 805
1691070 805
1691080 803
1691090 802
1691100 802
1691110 800
1691120 798
1691130 797
1691140 797
1691150 795
1691160 795
1691170 795
1691180 794
1691190 793
1691200 793
1691210 792
1691220 792
1691230 792
1691240 791
1691250 789
1691260 789
1691270 789
1691280 787
1691290 787
1691300 785
1691310 783
1691320 779
1691330 779
1691340 776
1691350 771
1691360 771
1691370 767
1691380 769
1691390 769
1691400 769
1691410 769
1691420 769
1691430 772
1691440 773
1691450 773
1691460 774
1691470 775
1691480 775
1691490 777
1691500 778
1691510 779
1691520 779
1691530 779
1691540 779
1691550 779
1691560 779
1691570 778
1691580 778
1691590 777
1691600 776
1691610 776
1691620 774
1691630 772
1691640 772
1691650 771
1691660 770
1691670 770
1691680 769
1691690 769
1691700 768
1691710 768
1691720 767
1691730 767
1691740 767
1691750 768
1691760 767
1691770 767
1691780 766
1691790 766
1691800 766
1691810 766
1691820 766
1691830 766
1691840 765
1691850 765
1691860 765
1691870 765
1691880 764
1691890 764
1691900 764
1691910 763
1691920 762
1691930 762
1691940 761
1691950 760
1691960 760
1691970 759
1691980 758
1691990 758
1692000 757
1692010 757
1692020 757
1692030 756
1692040 756
1692050 756
1692060 755
1692070 754
1692080 752
1692090 752
1692100 749
1692110 747
1692120 747
1692130 743
1692140 742
1692150 742
1692160 741
1692170 741
1692180 741
1692190 739
1692200 738
1692210 738
1692220 736
1692230 733
1692240 733
1692250 731
1692260 728
1692270 726
1692280 726
1692290 723
1692300 721
1692310 721
1692320 718
1692330 716
1692340 716
1692350 714
1692360 712
1692370 712
1692380 707
1692390 701
1692400 701
1692410 700
1692420 701
1692430 701
1692440 699
1692450 699
1692460 700
1692470 700
1692480 700
1692490 699
1692500 696
1692510 695
1692520 694
1692530 694
1692540 692
1692550 691
1692560 691
1692570 688
1692580 687
1692590 687
1692600 685
1692610 682
1692620 682
1692630 680
1692640 678
1692650 677
1692660 677
1692670 674
1692680 671
1692690 671
1692700 668
1692710 666
1692720 666
1692730 664
1692740 660
1692750 660
1692760 657
1692770 655
1692780 655
1692790 654
1692800 652
1692810 652
1692820 649
1692830 647
1692840 644
1692850 644
1692860 642
1692870 640
1692880 640
1692890 637
1692900 631
1692910 631
1692920 625
1692930 621
1692940 621
1692950 624
1692960 624
1692970 624
1692980 627
1692990 628
1693000 628
1693010 628
1693020 629
1693030 629
1693040 629
1693050 629
1693060 631
1693070 631
1693080 632
1693090 633
1693100 633
1693110 633
1693120 634
1693130 634
1693140 635
1693150 636
1693160 636
1693170 637
1693180 637
1693190 637
1693200 637
1693210 637
1693220 636
1693230 636
1693240 635
1693250 633
1693260 633
1693270 631
1693280 629
1693290 629
1693300 627
1693310 625
1693320 625
1693330 623
1693340 620
1693350 620
1693360 618
1693370 616
1693380 616
1693390 614
1693400 612
1693410 609
1693420 609
1693430 607
1693440 604
1693450 604
1693460 602
1693470 600
1693480 600
1693490 598
1693500 596
1693510 596
1693520 593
1693530 585
1693540 585
1693550 578
1693560 572
1693570 572
1693580 570
1693590 571
1693600 574
1693610 574
1693620 577
1693630 578
1693640 578
1693650 580
1693660 582
1693670 582
1693680 583
1693690 583
1693700 583
1693710 583
1693720 582
1693730 582
1693740 579
1693750 574
1693760 574
1693770 571
1693780 568
1693790 569
1693800 569
1693810 570
1693820 572
1693830 572
1693840 573
1693850 575
1693860 575
1693870 576
1693880 578
1693890 578
1693900 579
1693910 580
1693920 580
1693930 581
1693940 581
1693950 581
1693960 581
1693970 581
1693980 581
1693990 581
1694000 581
1694010 581
1694020 581
1694030 581
1694040 580
1694050 580
1694060 580
1694070 579
1694080 579
1694090 578
1694100 578
1694110 578
1694120 578
1694130 578
1694140 578
1694150 578
1694160 578
1694170 579
1694180 579
1694190 578
1694200 577
1694210 577
1694220 576
1694230 575
1694240 575
1694250 573
1694260 571
1694270 571
1694280 569
1694290 566
1694300 566
1694310 560
1694320 556
1694330 556
1694340 552
1694350 548
1694360 543
1694370 543
1694380 541
1694390 539
1694400 539
1694410 539
1694420 536
1694430 536
1694440 537
1694450 537
1694460 537
1694470 537
1694480 537
1694490 537
1694500 536
1694510 534
1694520 534
1694530 531
1694540 528
1694550 535
1694560 535
1694570 536
1694580 537
1694590 537
1694600 537
1694610 537
1694620 537
1694630 538
1694640 539
1694650 539
1694660 541
1694670 544
1694680 544
1694690 546
1694700 549
1694710 549
1694720 552
1694730 554
1694740 554
1694750 554
1694760 553
1694770 555
1694780 555
1694790 555
1694800 554
1694810 554
1694820 555
1694830 556
1694840 556
1694850 557
1694860 558
1694870 558
1694880 559
1694890 560
1694900 560
1694910 560
1694920 560
1694930 560
1694940 560
1694950 559
1694960 559
1694970 559
1694980 558
1694990 555
1695000 555
1695010 551
1695020 547
1695030 547
1695040 541
1695050 537
1695060 537
1695070 533
1695080 531
1695090 531
1695100 530
1695110 529
1695120 527
1695130 527
1695140 526
1695150 525
1695160 525
1695170 524
1695180 522
1695190 522
1695200 521
1695210 519
1695220 519
1695230 517
1695240 515
1695250 515
1695260 514
1695270 515
1695280 515
1695290 515
1695300 516
1695310 516
1695320 516
1695330 516
1695340 517
1695350 517
1695360 518
1695370 519
1695380 519
1695390 519
1695400 519
1695410 519
1695420 518
1695430 516
1695440 516
1695450 516
1695460 515
1695470 515
1695480 514
1695490 513
1695500 512
1695510 512
1695520 511
1695530 509
1695540 509
1695550 508
1695560 507
1695570 507
1695580 506
1695590 504
1695600 504
1695610 503
1695620 502
1695630 502
1695640 501
1695650 500
1695660 500
1695670 500
1695680 500
1695690 501
1695700 501
1695710 501
1695720 501
1695730 501
1695740 500
1695750 500
1695760 500
1695770 497
1695780 494
1695790 494
1695800 489
1695810 484
1695820 484
1695830 481
1695840 479
1695850 479
1695860 477
1695870 475
1695880 474
1695890 474
1695900 472
1695910 471
1695920 471
1695930 468
1695940 466
1695950 466
1695960 464
1695970 462
1695980 462
1695990 459
1696000 457
1696010 457
1696020 455
1696030 453
1696040 453
1696050 450
1696060 447
1696070 445
1696080 445
1696090 443
1696100 441
1696110 441
1696120 441
1696130 440
1696140 440
1696150 440
1696160 440
1696170 440
1696180 439
1696190 439
1696200 439
1696210 439
1696220 438
1696230 438
1696240 438
1696250 438
1696260 438
1696270 438
1696280 438
1696290 435
1696300 435
1696310 434
1696320 430
1696330 430
1696340 427
1696350 425
1696360 425
1696370 423
1696380 421
1696390 421
1696400 419
1696410 417
1696420 417
1696430 414
1696440 411
1696450 409
1696460 409
1696470 405
1696480 402
1696490 402
1696500 397
1696510 394
1696520 394
1696530 390
1696540 387
1696550 387
1696560 383
1696570 379
1696580 379
1696590 376
1696600 374
1696610 374
1696620 372
1696630 371
1696640 369
1696650 369
1696660 369
1696670 368
1696680 368
1696690 366
1696700 366
1696710 366
1696720 365
1696730 365
1696740 365
1696750 364
1696760 364
1696770 364
1696780 364
1696790 364
1696800 364
1696810 364
1696820 363
1696830 363
1696840 363
1696850 363
1696860 363
1696870 363
1696880 363
1696890 362
1696900 362
1696910 362
1696920 362
1696930 362
1696940 362
1696950 362
1696960 362
1696970 362
1696980 362
1696990 362
1697000 362
1697010 362
1697020 361
1697030 361
1697040 361
1697050 361
1697060 361
1697070 361
1697080 361
1697090 361
1697100 361
1697110 361
1697120 361
1697130 360
1697140 360
1697150 360
1697160 360
1697170 360
1697180 360
1697190 360
1697200 360
1697210 359
1697220 359
1697230 359
1697240 359
1697250 359
1697260 359
1697270 358
1697280 358
1697290 358
1697300 358
1697310 358
1697320 358
1697330 357
1697340 357
1697350 357
1697360 357
1697370 357
1697380 357
1697390 357
1697400 357
1697410 357
1697420 357
1697430 357
1697440 357
1697450 357
1697460 357
1697470 357
1697480 357
1697490 357
1697500 357
1697510 357
1697520 356
1697530 356
1697540 356
1697550 356
1697560 355
1697570 355
1697580 353
1697590 353
1697600 353
1697610 353
1697620 352
1697630 352
1697640 352
1697650 352
1697660 352
1697670 352
1697680 351
1697690 351
1697700 351
1697710 351
1697720 351
1697730 350
1697740 350
1697750 350
1697760 350
1697770 349
1697780 347
1697790 347
1697800 351
1697810 350
1697820 350
1697830 351
1697840 351
1697850 351
1697860 350
1697870 351
1697880 351
1697890 350
1697900 351
1697910 351
1697920 351
1697930 351
1697940 351
1697950 351
1697960 352
1697970 352
1697980 352
1697990 352
1698000 353
1698010 353
1698020 352
1698030 352
1698040 352
1698050 352
1698060 352
1698070 352
1698080 351
1698090 352
1698100 352
1698110 352
1698120 353
1698130 353
1698140 353
1698150 353
1698160 353
1698170 353
1698180 353
1698190 353
1698200 353
1698210 354
1698220 354
1698230 354
1698240 354
1698250 354
1698260 354
1698270 354
1698280 355
1698290 355
1698300 355
1698310 355
1698320 355
1698330 356
1698340 356
1698350 359
1698360 359
1698370 360
1698380 361
1698390 361
1698400 361
1698410 361
1698420 361
1698430 361
1698440 362
1698450 362
1698460 363
1698470 364
1698480 364
1698490 365
1698500 367
1698510 367
1698520 368
1698530 369
1698540 370
1698550 370
1698560 371
1698570 371
1698580 371
1698590 371
1698600 371
1698610 371
1698620 371
1698630 372
1698640 372
1698650 372
1698660 373
1698670 373
1698680 373
1698690 373
1698700 373
1698710 374
1698720 374
1698730 374
1698740 374
1698750 374
1698760 374
1698770 374
1698780 374
1698790 373
1698800 373
1698810 372
1698820 372
1698830 372
1698840 369
1698850 366
1698860 366
1698870 367
1698880 370
1698890 371
1698900 371
1698910 372
1698920 372
1698930 372
1698940 373
1698950 374
1698960 374
1698970 374
1698980 375
1698990 375
1699000 375
1699010 375
1699020 375
1699030 374
1699040 374
1699050 374
1699060 374
1699070 374
1699080 373
1699090 373
1699100 374
1699110 372
1699120 372
1699130 368
1699140 366
1699150 366
1699160 365
1699170 365
1699180 365
1699190 365
1699200 365
1699210 365
1699220 363
1699230 361
1699240 361
1699250 360
1699260 359
1699270 358
1699280 358
1699290 357
1699300 355
1699310 355
1699320 353
1699330 351
1699340 351
1699350 348
1699360 347
1699370 347
1699380 345
1699390 344
1699400 344
1699410 343
1699420 342
1699430 342
1699440 342
1699450 341
1699460 340
1699470 340
1699480 339
1699490 340
1699500 340
1699510 340
1699520 339
1699530 339
1699540 338
1699550 337
1699560 337
1699570 337
1699580 335
1699590 335
1699600 335
1699610 334
1699620 334
1699630 334
1699640 334
1699650 334
1699660 334
1699670 334
1699680 334
1699690 334
1699700 334
1699710 335
1699720 335
1699730 335
1699740 336
1699750 336
1699760 336
1699770 336
1699780 336
1699790 336
1699800 336
1699810 336
1699820 336
1699830 335
1699840 335
1699850 335
1699860 334
1699870 334
1699880 334
1699890 335
1699900 335
1699910 335
1699920 334
1699930 333
1699940 333
1699950 334
1699960 332
1699970 332
1699980 332
1699990 332
