1680000 1205
1680010 1205
1680020 1204
1680030 1201
1680040 1201
1680050 1200
1680060 1199
1680070 1199
1680080 1200
1680090 1201
1680100 1203
1680110 1203
1680120 1205
1680130 1208
1680140 1208
1680150 1212
1680160 1216
1680170 1216
1680180 1219
1680190 1221
1680200 1221
1680210 1221
1680220 1221
1680230 1221
1680240 1220
1680250 1217
1680260 1217
1680270 1213
1680280 1208
1680290 1203
1680300 1203
1680310 1199
1680320 1195
1680330 1195
1680340 1192
1680350 1191
1680360 1191
1680370 1191
1680380 1192
1680390 1192
1680400 1191
1680410 1190
1680420 1190
1680430 1191
1680440 1191
1680450 1191
1680460 1191
1680470 1191
1680480 1191
1680490 1191
1680500 1191
1680510 1192
1680520 1192
1680530 1192
1680540 1190
1680550 1190
1680560 1189
1680570 1189
1680580 1189
1680590 1188
1680600 1186
1680610 1186
1680620 1184
1680630 1181
1680640 1181
1680650 1177
1680660 1173
1680670 1169
1680680 1169
1680690 1166
1680700 1163
1680710 1163
1680720 1160
1680730 1157
1680740 1157
1680750 1156
1680760 1153
1680770 1153
1680780 1150
1680790 1147
1680800 1147
1680810 1144
1680820 1142
1680830 1142
1680840 1139
1680850 1135
1680860 1131
1680870 1131
1680880 1126
1680890 1122
1680900 1122
1680910 1119
1680920 1117
1680930 1117
1680940 1114
1680950 1111
1680960 1111
1680970 1109
1680980 1107
1680990 1107
1681000 1104
1681010 1100
1681020 1100
1681030 1098
1681040 1095
1681050 1095
1681060 1092
1681070 1091
1681080 1092
1681090 1092
1681100 1092
1681110 1094
1681120 1094
1681130 1098
1681140 1103
1681150 1103
1681160 1109
1681170 1113
1681180 1113
1681190 1116
1681200 1120
1681210 1120
1681220 1123
1681230 1127
1681240 1127
1681250 1130
1681260 1133
1681270 1135
1681280 1135
1681290 1136
1681300 1137
1681310 1137
1681320 1138
1681330 1139
1681340 1139
1681350 1140
1681360 1141
1681370 1141
1681380 1141
1681390 1140
1681400 1140
1681410 1137
1681420 1139
1681430 1139
1681440 1141
1681450 1142
1681460 1143
1681470 1143
1681480 1144
1681490 1146
1681500 1146
1681510 1146
1681520 1147
1681530 1147
1681540 1149
1681550 1152
1681560 1152
1681570 1155
1681580 1158
1681590 1158
1681600 1160
1681610 1161
1681620 1161
1681630 1162
1681640 1162
1681650 1162
1681660 1162
1681670 1162
1681680 1162
1681690 1162
1681700 1163
1681710 1163
1681720 1163
1681730 1162
1681740 1159
1681750 1159
1681760 1157
1681770 1154
1681780 1154
1681790 1155
1681800 1156
1681810 1156
1681820 1157
1681830 1159
1681840 1160
1681850 1160
1681860 1162
1681870 1163
1681880 1163
1681890 1164
1681900 1165
1681910 1165
1681920 1165
1681930 1164
1681940 1164
1681950 1163
1681960 1162
1681970 1162
1681980 1161
1681990 1161
1682000 1161
1682010 1160
1682020 1160
1682030 1159
1682040 1159
1682050 1159
1682060 1159
1682070 1159
1682080 1159
1682090 1158
1682100 1158
1682110 1160
1682120 1160
1682130 1160
1682140 1161
1682150 1161
1682160 1161
1682170 1160
1682180 1156
1682190 1156
1682200 1153
1682210 1152
1682220 1151
1682230 1151
1682240 1151
1682250 1151
1682260 1151
1682270 1151
1682280 1151
1682290 1151
1682300 1148
1682310 1142
1682320 1142
1682330 1140
1682340 1139
1682350 1139
1682360 1141
1682370 1141
1682380 1141
1682390 1143
1682400 1144
1682410 1146
1682420 1146
1682430 1146
1682440 1152
1682450 1152
1682460 1156
1682470 1159
1682480 1159
1682490 1161
1682500 1164
1682510 1164
1682520 1167
1682530 1170
1682540 1170
1682550 1173
1682560 1176
1682570 1176
1682580 1179
1682590 1183
1682600 1187
1682610 1187
1682620 1191
1682630 1195
1682640 1195
1682650 1198
1682660 1204
1682670 1204
1682680 1208
1682690 1213
1682700 1213
1682710 1217
1682720 1221
1682730 1221
1682740 1224
1682750 1226
1682760 1226
1682770 1228
1682780 1229
1682790 1230
1682800 1230
1682810 1231
1682820 1233
1682830 1233
1682840 1235
1682850 1237
1682860 1237
1682870 1238
1682880 1240
1682890 1240
1682900 1241
1682910 1243
1682920 1243
1682930 1244
1682940 1245
1682950 1245
1682960 1248
1682970 1250
1682980 1251
1682990 1251
1683000 1252
1683010 1254
1683020 1254
1683030 1255
1683040 1258
1683050 1258
1683060 1260
1683070 1262
1683080 1262
1683090 1264
1683100 1266
1683110 1266
1683120 1268
1683130 1270
1683140 1270
1683150 1271
1683160 1274
1683170 1275
1683180 1275
1683190 1278
1683200 1280
1683210 1280
1683220 1283
1683230 1285
1683240 1285
1683250 1287
1683260 1289
1683270 1289
1683280 1291
1683290 1294
1683300 1294
1683310 1298
1683320 1300
1683330 1300
1683340 1302
1683350 1304
1683360 1307
1683370 1307
1683380 1309
1683390 1311
1683400 1311
1683410 1313
1683420 1315
1683430 1315
1683440 1317
1683450 1319
1683460 1319
1683470 1319
1683480 1317
1683490 1317
1683500 1317
1683510 1315
1683520 1315
1683530 1314
1683540 1312
1683550 1312
1683560 1311
1683570 1309
1683580 1308
1683590 1308
1683600 1306
1683610 1305
1683620 1305
1683630 1304
1683640 1302
1683650 1302
1683660 1302
1683670 1302
1683680 1302
1683690 1301
1683700 1300
1683710 1300
1683720 1296
1683730 1291
1683740 1291
1683750 1288
1683760 1287
1683770 1285
1683780 1285
1683790 1286
1683800 1286
1683810 1286
1683820 1287
1683830 1287
1683840 1287
1683850 1287
1683860 1289
1683870 1289
1683880 1289
1683890 1288
1683900 1288
1683910 1289
1683920 1288
1683930 1288
1683940 1288
1683950 1288
1683960 1289
1683970 1289
1683980 1289
1683990 1290
1684000 1290
1684010 1290
1684020 1291
1684030 1291
1684040 1293
1684050 1295
1684060 1295
1684070 1296
1684080 1297
1684090 1297
1684100 1298
1684110 1300
1684120 1300
1684130 1300
1684140 1301
1684150 1302
1684160 1302
1684170 1302
1684180 1302
1684190 1302
1684200 1303
1684210 1304
1684220 1304
1684230 1305
1684240 1306
1684250 1306
1684260 1307
1684270 1309
1684280 1309
1684290 1310
1684300 1311
1684310 1311
1684320 1312
1684330 1313
1684340 1314
1684350 1314
1684360 1315
1684370 1316
1684380 1316
1684390 1317
1684400 1318
1684410 1318
1684420 1319
1684430 1320
1684440 1320
1684450 1320
1684460 1320
1684470 1320
1684480 1320
1684490 1319
1684500 1319
1684510 1319
1684520 1318
1684530 1316
1684540 1316
1684550 1315
1684560 1314
1684570 1314
1684580 1313
1684590 1312
1684600 1312
1684610 1311
1684620 1311
1684630 1311
1684640 1311
1684650 1313
1684660 1313
1684670 1312
1684680 1309
1684690 1309
1684700 1308
1684710 1307
1684720 1306
1684730 1306
1684740 1304
1684750 1303
1684760 1303
1684770 1302
1684780 1300
1684790 1300
1684800 1299
1684810 1297
1684820 1297
1684830 1295
1684840 1293
1684850 1293
1684860 1292
1684870 1291
1684880 1291
1684890 1291
1684900 1289
1684910 1288
1684920 1288
1684930 1287
1684940 1286
1684950 1286
1684960 1285
1684970 1284
1684980 1284
1684990 1282
1685000 1280
1685010 1280
1685020 1279
1685030 1277
1685040 1277
1685050 1276
1685060 1275
1685070 1275
1685080 1273
1685090 1272
1685100 1270
1685110 1270
1685120 1269
1685130 1268
1685140 1268
1685150 1267
1685160 1265
1685170 1265
1685180 1264
1685190 1262
1685200 1262
1685210 1261
1685220 1261
1685230 1261
1685240 1260
1685250 1259
1685260 1259
1685270 1258
1685280 1258
1685290 1257
1685300 1257
1685310 1256
1685320 1256
1685330 1256
1685340 1256
1685350 1257
1685360 1257
1685370 1258
1685380 1259
1685390 1259
1685400 1258
1685410 1257
1685420 1257
1685430 1256
1685440 1256
1685450 1256
1685460 1255
1685470 1253
1685480 1250
1685490 1250
1685500 1247
1685510 1244
1685520 1244
1685530 1241
1685540 1239
1685550 1239
1685560 1237
1685570 1236
1685580 1236
1685590 1235
1685600 1234
1685610 1234
1685620 1233
1685630 1232
1685640 1232
1685650 1231
1685660 1231
1685670 1230
1685680 1230
1685690 1229
1685700 1228
1685710 1228
1685720 1227
1685730 1226
1685740 1226
1685750 1224
1685760 1222
1685770 1222
1685780 1220
1685790 1218
1685800 1218
1685810 1216
1685820 1214
1685830 1214
1685840 1212
1685850 1210
1685860 1209
1685870 1209
1685880 1205
1685890 1201
1685900 1201
1685910 1198
1685920 1195
1685930 1195
1685940 1193
1685950 1190
1685960 1190
1685970 1188
1685980 1186
1685990 1186
1686000 1184
1686010 1181
1686020 1181
1686030 1176
1686040 1173
1686050 1172
1686060 1172
1686070 1172
1686080 1170
1686090 1170
1686100 1169
1686110 1168
1686120 1168
1686130 1167
1686140 1165
1686150 1165
1686160 1162
1686170 1159
1686180 1159
1686190 1156
1686200 1154
1686210 1154
1686220 1152
1686230 1151
1686240 1151
1686250 1150
1686260 1150
1686270 1148
1686280 1148
1686290 1146
1686300 1142
1686310 1142
1686320 1139
1686330 1138
1686340 1138
1686350 1136
1686360 1135
1686370 1135
1686380 1134
1686390 1133
1686400 1133
1686410 1133
1686420 1132
1686430 1132
1686440 1132
1686450 1131
1686460 1130
1686470 1130
1686480 1130
1686490 1130
1686500 1130
1686510 1129
1686520 1129
1686530 1129
1686540 1128
1686550 1128
1686560 1128
1686570 1126
1686580 1124
1686590 1124
1686600 1122
1686610 1121
1686620 1121
1686630 1119
1686640 1118
1686650 1116
1686660 1116
1686670 1115
1686680 1113
1686690 1113
1686700 1112
1686710 1111
1686720 1111
1686730 1110
1686740 1108
1686750 1108
1686760 1106
1686770 1105
1686780 1105
1686790 1103
1686800 1100
1686810 1100
1686820 1097
1686830 1094
1686840 1091
1686850 1091
1686860 1090
1686870 1089
1686880 1089
1686890 1089
1686900 1087
1686910 1087
1686920 1086
1686930 1085
1686940 1085
1686950 1084
1686960 1083
1686970 1083
1686980 1082
1686990 1082
1687000 1082
1687010 1080
1687020 1077
1687030 1075
1687040 1075
1687050 1072
1687060 1069
1687070 1069
1687080 1067
1687090 1065
1687100 1065
1687110 1062
1687120 1061
1687130 1061
1687140 1060
1687150 1059
1687160 1059
1687170 1057
1687180 1055
1687190 1055
1687200 1055
1687210 1053
1687220 1051
1687230 1051
1687240 1048
1687250 1046
1687260 1046
1687270 1044
1687280 1041
1687290 1041
1687300 1039
1687310 1037
1687320 1037
1687330 1034
1687340 1032
1687350 1032
1687360 1030
1687370 1029
1687380 1029
1687390 1028
1687400 1026
1687410 1024
1687420 1024
1687430 1021
1687440 1019
1687450 1019
1687460 1017
1687470 1014
1687480 1014
1687490 1011
1687500 1009
1687510 1009
1687520 1008
1687530 1008
1687540 1008
1687550 1007
1687560 1006
1687570 1006
1687580 1005
1687590 1004
1687600 1003
1687610 1003
1687620 1001
1687630 1000
1687640 1000
1687650 997
1687660 995
1687670 995
1687680 993
1687690 991
1687700 991
1687710 989
1687720 988
1687730 988
1687740 987
1687750 986
1687760 986
1687770 986
1687780 985
1687790 984
1687800 984
1687810 985
1687820 982
1687830 982
1687840 978
1687850 973
1687860 973
1687870 969
1687880 965
1687890 965
1687900 961
1687910 956
1687920 956
1687930 953
1687940 950
1687950 950
1687960 947
1687970 943
1687980 940
1687990 940
1688000 938
1688010 935
1688020 935
1688030 932
1688040 930
1688050 930
1688060 928
1688070 926
1688080 926
1688090 923
1688100 920
1688110 920
1688120 917
1688130 914
1688140 914
1688150 909
1688160 906
1688170 903
1688180 903
1688190 900
1688200 896
1688210 896
1688220 889
1688230 883
1688240 883
1688250 877
1688260 871
1688270 871
1688280 867
1688290 865
1688300 865
1688310 861
1688320 856
1688330 856
1688340 850
1688350 844
1688360 838
1688370 838
1688380 835
1688390 830
1688400 830
1688410 825
1688420 819
1688430 819
1688440 812
1688450 806
1688460 806
1688470 798
1688480 791
1688490 791
1688500 785
1688510 780
1688520 780
1688530 773
1688540 766
1688550 761
1688560 761
1688570 753
1688580 745
1688590 745
1688600 736
1688610 729
1688620 729
1688630 722
1688640 714
1688650 714
1688660 705
1688670 697
1688680 697
1688690 690
1688700 684
1688710 684
1688720 684
1688730 683
1688740 681
1688750 681
1688760 679
1688770 680
1688780 680
1688790 680
1688800 680
1688810 680
1688820 679
1688830 679
1688840 679
1688850 677
1688860 678
1688870 678
1688880 677
1688890 676
1688900 676
1688910 674
1688920 673
1688930 673
1688940 672
1688950 672
1688960 671
1688970 671
1688980 669
1688990 668
1689000 668
1689010 667
1689020 666
1689030 666
1689040 665
1689050 664
1689060 664
1689070 663
1689080 662
1689090 662
1689100 662
1689110 662
1689120 662
1689130 661
1689140 659
1689150 657
1689160 657
1689170 657
1689180 655
1689190 655
1689200 656
1689210 655
1689220 655
1689230 653
1689240 651
1689250 651
1689260 651
1689270 650
1689280 650
1689290 648
1689300 647
1689310 647
1689320 647
1689330 646
1689340 645
1689350 645
1689360 645
1689370 644
1689380 644
1689390 644
1689400 644
1689410 644
1689420 643
1689430 642
1689440 642
1689450 642
1689460 642
1689470 642
1689480 641
1689490 641
1689500 641
1689510 641
1689520 641
1689530 641
1689540 641
1689550 641
1689560 642
1689570 642
1689580 641
1689590 640
1689600 640
1689610 639
1689620 639
1689630 639
1689640 640
1689650 639
1689660 639
1689670 638
1689680 638
1689690 638
1689700 638
1689710 638
1689720 639
1689730 639
1689740 639
1689750 640
1689760 640
1689770 641
1689780 641
1689790 641
1689800 641
1689810 640
1689820 640
1689830 640
1689840 638
1689850 638
1689860 638
1689870 636
1689880 636
1689890 636
1689900 635
1689910 633
1689920 633
1689930 632
1689940 631
1689950 631
1689960 631
1689970 630
1689980 630
1689990 629
1690000 627
1690010 627
1690020 625
1690030 625
1690040 625
1690050 624
1690060 622
1690070 622
1690080 619
1690090 616
1690100 614
1690110 614
1690120 613
1690130 613
1690140 613
1690150 613
1690160 613
1690170 613
1690180 612
1690190 612
1690200 612
1690210 611
1690220 612
1690230 612
1690240 612
1690250 612
1690260 612
1690270 612
1690280 611
1690290 610
1690300 610
1690310 609
1690320 608
1690330 608
1690340 607
1690350 607
1690360 607
1690370 606
1690380 606
1690390 606
1690400 606
1690410 604
1690420 604
1690430 605
1690440 606
1690450 606
1690460 606
1690470 606
1690480 607
1690490 607
1690500 607
1690510 608
1690520 608
1690530 608
1690540 608
1690550 608
1690560 607
1690570 608
1690580 608
1690590 607
1690600 607
1690610 607
1690620 607
1690630 607
1690640 607
1690650 607
1690660 607
1690670 608
1690680 608
1690690 609
1690700 610
1690710 610
1690720 611
1690730 611
1690740 611
1690750 613
1690760 614
1690770 614
1690780 612
1690790 611
1690800 611
1690810 610
1690820 610
1690830 610
1690840 610
1690850 610
1690860 611
1690870 611
1690880 612
1690890 611
1690900 611
1690910 611
1690920 610
1690930 610
1690940 608
1690950 608
1690960 608
1690970 607
1690980 606
1690990 606
1691000 604
1691010 602
1691020 602
1691030 600
1691040 599
1691050 598
1691060 598
1691070 598
1691080 597
1691090 597
1691100 597
1691110 597
1691120 597
1691130 597
1691140 596
1691150 596
1691160 595
1691170 594
1691180 594
1691190 594
1691200 595
1691210 595
1691220 595
1691230 594
1691240 594
1691250 594
1691260 594
1691270 595
1691280 595
1691290 594
1691300 593
1691310 593
1691320 593
1691330 593
1691340 593
1691350 592
1691360 591
1691370 591
1691380 591
1691390 591
1691400 591
1691410 590
1691420 589
1691430 589
1691440 588
1691450 588
1691460 588
1691470 588
1691480 588
1691490 587
1691500 587
1691510 585
1691520 583
1691530 583
1691540 582
1691550 580
1691560 580
1691570 578
1691580 575
1691590 575
1691600 575
1691610 576
1691620 576
1691630 575
1691640 573
1691650 572
1691660 572
1691670 571
1691680 570
1691690 570
1691700 569
1691710 568
1691720 568
1691730 567
1691740 566
1691750 566
1691760 565
1691770 563
1691780 563
1691790 562
1691800 560
1691810 560
1691820 558
1691830 556
1691840 554
1691850 554
1691860 551
1691870 550
1691880 550
1691890 548
1691900 546
1691910 546
1691920 544
1691930 542
1691940 542
1691950 539
1691960 536
1691970 536
1691980 533
1691990 527
1692000 527
1692010 528
1692020 526
1692030 522
1692040 522
1692050 519
1692060 515
1692070 515
1692080 512
1692090 508
1692100 508
1692110 503
1692120 499
1692130 499
1692140 494
1692150 491
1692160 491
1692170 486
1692180 482
1692190 482
1692200 480
1692210 477
1692220 475
1692230 475
1692240 474
1692250 471
1692260 471
1692270 465
1692280 467
1692290 467
1692300 464
1692310 460
1692320 460
1692330 454
1692340 450
1692350 450
1692360 450
1692370 461
1692380 461
1692390 459
1692400 456
1692410 452
1692420 452
1692430 446
1692440 444
1692450 444
1692460 441
1692470 439
1692480 439
1692490 439
1692500 440
1692510 440
1692520 440
1692530 442
1692540 442
1692550 444
1692560 445
1692570 445
1692580 447
1692590 448
1692600 449
1692610 449
1692620 450
1692630 452
1692640 452
1692650 453
1692660 453
1692670 453
1692680 453
1692690 453
1692700 453
1692710 453
1692720 453
1692730 453
1692740 452
1692750 451
1692760 451
1692770 449
1692780 448
1692790 445
1692800 445
1692810 444
1692820 441
1692830 441
1692840 439
1692850 435
1692860 435
1692870 433
1692880 430
1692890 430
1692900 428
1692910 428
1692920 428
1692930 426
1692940 424
1692950 421
1692960 423
1692970 423
1692980 423
1692990 423
1693000 425
1693010 426
1693020 426
1693030 427
1693040 429
1693050 429
1693060 432
1693070 435
1693080 435
1693090 438
1693100 437
1693110 437
1693120 437
1693130 437
1693140 437
1693150 435
1693160 433
1693170 432
1693180 432
1693190 431
1693200 430
1693210 430
1693220 430
1693230 430
1693240 430
1693250 431
1693260 431
1693270 431
1693280 431
1693290 430
1693300 430
1693310 431
1693320 431
1693330 431
1693340 431
1693350 432
1693360 434
1693370 434
1693380 435
1693390 436
1693400 436
1693410 435
1693420 432
1693430 432
1693440 429
1693450 427
1693460 427
1693470 425
1693480 424
1693490 424
1693500 422
1693510 420
1693520 420
1693530 415
1693540 417
1693550 418
1693560 418
1693570 418
1693580 420
1693590 420
1693600 424
1693610 425
1693620 425
1693630 426
1693640 425
1693650 425
1693660 423
1693670 425
1693680 425
1693690 429
1693700 430
1693710 430
1693720 431
1693730 431
1693740 432
1693750 432
1693760 432
1693770 433
1693780 433
1693790 433
1693800 434
1693810 434
1693820 434
1693830 435
1693840 435
1693850 435
1693860 434
1693870 434
1693880 434
1693890 433
1693900 433
1693910 433
1693920 433
1693930 434
1693940 434
1693950 434
1693960 431
1693970 431
1693980 431
1693990 435
1694000 435
1694010 436
1694020 437
1694030 437
1694040 438
1694050 439
1694060 439
1694070 439
1694080 440
1694090 440
1694100 441
1694110 441
1694120 441
1694130 441
1694140 442
1694150 442
1694160 442
1694170 442
1694180 443
1694190 443
1694200 444
1694210 443
1694220 443
1694230 442
1694240 445
1694250 445
1694260 447
1694270 447
1694280 447
1694290 448
1694300 449
1694310 449
1694320 449
1694330 449
1694340 450
1694350 450
1694360 450
1694370 451
1694380 451
1694390 451
1694400 451
1694410 451
1694420 452
1694430 452
1694440 452
1694450 452
1694460 450
1694470 450
1694480 447
1694490 447
1694500 447
1694510 444
1694520 441
1694530 438
1694540 438
1694550 433
1694560 429
1694570 429
1694580 424
1694590 419
1694600 419
1694610 416
1694620 415
1694630 415
1694640 418
1694650 419
1694660 419
1694670 420
1694680 423
1694690 423
1694700 428
1694710 429
1694720 433
1694730 433
1694740 435
1694750 437
1694760 437
1694770 438
1694780 440
1694790 440
1694800 441
1694810 443
1694820 443
1694830 444
1694840 446
1694850 446
1694860 448
1694870 449
1694880 449
1694890 451
1694900 454
1694910 456
1694920 456
1694930 457
1694940 457
1694950 457
1694960 458
1694970 458
1694980 458
1694990 458
1695000 457
1695010 457
1695020 456
1695030 453
1695040 453
1695050 452
1695060 451
1695070 451
1695080 448
1695090 447
1695100 445
1695110 445
1695120 441
1695130 438
1695140 438
1695150 435
1695160 433
1695170 433
1695180 431
1695190 429
1695200 429
1695210 428
1695220 427
1695230 427
1695240 425
1695250 423
1695260 423
1695270 422
1695280 421
1695290 419
1695300 419
1695310 417
1695320 415
1695330 415
1695340 412
1695350 409
1695360 409
1695370 406
1695380 402
1695390 402
1695400 399
1695410 397
1695420 397
1695430 397
1695440 397
1695450 397
1695460 403
1695470 408
1695480 407
1695490 407
1695500 407
1695510 407
1695520 407
1695530 407
1695540 406
1695550 406
1695560 406
1695570 406
1695580 406
1695590 405
1695600 404
1695610 404
1695620 403
1695630 403
1695640 403
1695650 401
1695660 401
1695670 400
1695680 400
1695690 400
1695700 399
1695710 399
1695720 398
1695730 397
1695740 397
1695750 396
1695760 395
1695770 395
1695780 393
1695790 391
1695800 391
1695810 389
1695820 387
1695830 387
1695840 384
1695850 381
1695860 377
1695870 377
1695880 374
1695890 372
1695900 372
1695910 371
1695920 371
1695930 371
1695940 370
1695950 370
1695960 370
1695970 370
1695980 370
1695990 370
1696000 366
1696010 368
1696020 368
1696030 369
1696040 369
1696050 369
1696060 369
1696070 369
1696080 368
1696090 368
1696100 369
1696110 369
1696120 369
1696130 368
1696140 368
1696150 368
1696160 368
1696170 367
1696180 367
1696190 367
1696200 366
1696210 366
1696220 366
1696230 366
1696240 365
1696250 365
1696260 365
1696270 364
1696280 364
1696290 365
1696300 365
1696310 365
1696320 365
1696330 364
1696340 364
1696350 363
1696360 363
1696370 363
1696380 363
1696390 363
1696400 363
1696410 363
1696420 363
1696430 363
1696440 363
1696450 362
1696460 362
1696470 362
1696480 362
1696490 362
1696500 362
1696510 362
1696520 362
1696530 362
1696540 362
1696550 362
1696560 362
1696570 362
1696580 362
1696590 362
1696600 361
1696610 361
1696620 360
1696630 360
1696640 360
1696650 360
1696660 360
1696670 360
1696680 360
1696690 360
1696700 359
1696710 359
1696720 359
1696730 359
1696740 359
1696750 359
1696760 359
1696770 359
1696780 359
1696790 359
1696800 359
1696810 359
1696820 358
1696830 358
1696840 358
1696850 358
1696860 358
1696870 358
1696880 358
1696890 357
1696900 357
1696910 357
1696920 357
1696930 357
1696940 357
1696950 357
1696960 357
1696970 357
1696980 358
1696990 357
1697000 357
1697010 357
1697020 357
1697030 357
1697040 357
1697050 356
1697060 356
1697070 356
1697080 356
1697090 356
1697100 356
1697110 356
1697120 356
1697130 356
1697140 356
1697150 356
1697160 356
1697170 355
1697180 355
1697190 355
1697200 355
1697210 354
1697220 354
1697230 354
1697240 354
1697250 354
1697260 354
1697270 353
1697280 353
1697290 353
1697300 353
1697310 353
1697320 353
1697330 352
1697340 352
1697350 352
1697360 352
1697370 352
1697380 352
1697390 352
1697400 351
1697410 351
1697420 351
1697430 351
1697440 351
1697450 351
1697460 351
1697470 351
1697480 351
1697490 351
1697500 351
1697510 351
1697520 351
1697530 351
1697540 351
1697550 351
1697560 351
1697570 351
1697580 350
1697590 350
1697600 350
1697610 350
1697620 350
1697630 350
1697640 350
1697650 350
1697660 349
1697670 349
1697680 349
1697690 349
1697700 349
1697710 348
1697720 349
1697730 349
1697740 349
1697750 349
1697760 349
1697770 349
1697780 348
1697790 348
1697800 348
1697810 348
1697820 348
1697830 348
1697840 349
1697850 349
1697860 349
1697870 350
1697880 351
1697890 351
1697900 352
1697910 353
1697920 353
1697930 353
1697940 353
1697950 353
1697960 352
1697970 351
1697980 350
1697990 350
1698000 349
1698010 349
1698020 349
1698030 349
1698040 348
1698050 348
1698060 348
1698070 348
1698080 348
1698090 348
1698100 347
1698110 347
1698120 348
1698130 348
1698140 348
1698150 348
1698160 348
1698170 348
1698180 348
1698190 348
1698200 348
1698210 348
1698220 348
1698230 348
1698240 348
1698250 348
1698260 348
1698270 348
1698280 348
1698290 348
1698300 348
1698310 348
1698320 348
1698330 348
1698340 348
1698350 348
1698360 348
1698370 348
1698380 348
1698390 348
1698400 348
1698410 348
1698420 348
1698430 348
1698440 348
1698450 348
1698460 348
1698470 348
1698480 348
1698490 348
1698500 348
1698510 348
1698520 348
1698530 348
1698540 348
1698550 349
1698560 349
1698570 350
1698580 352
1698590 352
1698600 353
1698610 356
1698620 356
1698630 356
1698640 356
1698650 356
1698660 358
1698670 360
1698680 360
1698690 360
1698700 361
1698710 361
1698720 363
1698730 365
1698740 366
1698750 366
1698760 368
1698770 372
1698780 372
1698790 373
1698800 374
1698810 374
1698820 376
1698830 377
1698840 377
1698850 378
1698860 380
1698870 380
1698880 382
1698890 384
1698900 384
1698910 385
1698920 385
1698930 387
1698940 387
1698950 387
1698960 386
1698970 386
1698980 385
1698990 384
1699000 384
1699010 383
1699020 383
1699030 383
1699040 382
1699050 382
1699060 382
1699070 382
1699080 383
1699090 383
1699100 384
1699110 384
1699120 385
1699130 385
1699140 386
1699150 387
1699160 387
1699170 388
1699180 388
1699190 388
1699200 389
1699210 390
1699220 390
1699230 391
1699240 391
1699250 391
1699260 391
1699270 390
1699280 390
1699290 390
1699300 389
1699310 389
1699320 388
1699330 388
1699340 387
1699350 387
1699360 386
1699370 385
1699380 385
1699390 385
1699400 385
1699410 385
1699420 384
1699430 383
1699440 383
1699450 382
1699460 381
1699470 381
1699480 380
1699490 379
1699500 379
1699510 377
1699520 374
1699530 372
1699540 372
1699550 369
1699560 368
1699570 368
1699580 366
1699590 364
1699600 364
1699610 361
1699620 361
1699630 361
1699640 360
1699650 358
1699660 358
1699670 357
1699680 356
1699690 356
1699700 356
1699710 354
1699720 354
1699730 354
1699740 354
1699750 354
1699760 354
1699770 354
1699780 354
1699790 354
1699800 353
1699810 354
1699820 354
1699830 355
1699840 357
1699850 357
1699860 358
1699870 358
1699880 358
1699890 358
1699900 358
1699910 357
1699920 357
1699930 357
1699940 356
1699950 356
1699960 356
1699970 356
1699980 356
1699990 357
