1680000 1133
1680010 1135
1680020 1137
1680030 1137
1680040 1140
1680050 1142
1680060 1144
1680070 1144
1680080 1147
1680090 1150
1680100 1150
1680110 1153
1680120 1155
1680130 1155
1680140 1158
1680150 1161
1680160 1161
1680170 1165
1680180 1167
1680190 1167
1680200 1170
1680210 1173
1680220 1173
1680230 1176
1680240 1178
1680250 1180
1680260 1180
1680270 1183
1680280 1186
1680290 1186
1680300 1186
1680310 1187
1680320 1187
1680330 1189
1680340 1191
1680350 1191
1680360 1193
1680370 1194
1680380 1194
1680390 1196
1680400 1197
1680410 1197
1680420 1199
1680430 1201
1680440 1204
1680450 1204
1680460 1205
1680470 1208
1680480 1208
1680490 1210
1680500 1212
1680510 1212
1680520 1214
1680530 1216
1680540 1216
1680550 1218
1680560 1220
1680570 1220
1680580 1221
1680590 1222
1680600 1222
1680610 1223
1680620 1225
1680630 1225
1680640 1227
1680650 1229
1680660 1230
1680670 1230
1680680 1232
1680690 1233
1680700 1233
1680710 1234
1680720 1234
1680730 1234
1680740 1235
1680750 1236
1680760 1236
1680770 1236
1680780 1237
1680790 1237
1680800 1238
1680810 1239
1680820 1239
1680830 1240
1680840 1241
1680850 1241
1680860 1241
1680870 1242
1680880 1243
1680890 1243
1680900 1244
1680910 1245
1680920 1245
1680930 1247
1680940 1248
1680950 1248
1680960 1249
1680970 1251
1680980 1251
1680990 1252
1681000 1253
1681010 1253
1681020 1254
1681030 1255
1681040 1256
1681050 1256
1681060 1256
1681070 1255
1681080 1255
1681090 1255
1681100 1254
1681110 1254
1681120 1253
1681130 1252
1681140 1252
1681150 1252
1681160 1252
1681170 1252
1681180 1253
1681190 1254
1681200 1254
1681210 1255
1681220 1256
1681230 1256
1681240 1256
1681250 1257
1681260 1257
1681270 1257
1681280 1258
1681290 1259
1681300 1259
1681310 1259
1681320 1260
1681330 1260
1681340 1260
1681350 1260
1681360 1260
1681370 1259
1681380 1258
1681390 1258
1681400 1255
1681410 1251
1681420 1247
1681430 1247
1681440 1242
1681450 1237
1681460 1237
1681470 1232
1681480 1225
1681490 1225
1681500 1222
1681510 1215
1681520 1215
1681530 1209
1681540 1205
1681550 1205
1681560 1199
1681570 1194
1681580 1194
1681590 1193
1681600 1196
1681610 1201
1681620 1201
1681630 1202
1681640 1204
1681650 1204
1681660 1205
1681670 1206
1681680 1206
1681690 1209
1681700 1212
1681710 1212
1681720 1215
1681730 1218
1681740 1218
1681750 1221
1681760 1224
1681770 1224
1681780 1227
1681790 1230
1681800 1230
1681810 1235
1681820 1238
1681830 1242
1681840 1242
1681850 1246
1681860 1250
1681870 1250
1681880 1253
1681890 1257
1681900 1257
1681910 1260
1681920 1264
1681930 1264
1681940 1266
1681950 1270
1681960 1270
1681970 1272
1681980 1275
1681990 1275
1682000 1278
1682010 1281
1682020 1284
1682030 1284
1682040 1286
1682050 1290
1682060 1290
1682070 1293
1682080 1298
1682090 1298
1682100 1301
1682110 1304
1682120 1304
1682130 1307
1682140 1310
1682150 1310
1682160 1313
1682170 1316
1682180 1316
1682190 1319
1682200 1322
1682210 1325
1682220 1325
1682230 1329
1682240 1332
1682250 1332
1682260 1335
1682270 1337
1682280 1337
1682290 1340
1682300 1343
1682310 1343
1682320 1346
1682330 1350
1682340 1350
1682350 1353
1682360 1355
1682370 1355
1682380 1357
1682390 1359
1682400 1361
1682410 1360
1682420 1361
1682430 1363
1682440 1363
1682450 1365
1682460 1368
1682470 1368
1682480 1371
1682490 1373
1682500 1373
1682510 1376
1682520 1378
1682530 1378
1682540 1379
1682550 1381
1682560 1381
1682570 1383
1682580 1385
1682590 1386
1682600 1386
1682610 1388
1682620 1390
1682630 1390
1682640 1392
1682650 1393
1682660 1393
1682670 1394
1682680 1395
1682690 1395
1682700 1396
1682710 1397
1682720 1397
1682730 1398
1682740 1399
1682750 1399
1682760 1400
1682770 1401
1682780 1402
1682790 1402
1682800 1403
1682810 1404
1682820 1404
1682830 1405
1682840 1405
1682850 1405
1682860 1406
1682870 1406
1682880 1406
1682890 1407
1682900 1408
1682910 1408
1682920 1409
1682930 1409
1682940 1409
1682950 1409
1682960 1410
1682970 1410
1682980 1411
1682990 1411
1683000 1412
1683010 1412
1683020 1412
1683030 1412
1683040 1412
1683050 1413
1683060 1413
1683070 1413
1683080 1414
1683090 1414
1683100 1414
1683110 1413
1683120 1413
1683130 1413
1683140 1412
1683150 1411
1683160 1411
1683170 1409
1683180 1407
1683190 1405
1683200 1405
1683210 1404
1683220 1403
1683230 1403
1683240 1401
1683250 1399
1683260 1399
1683270 1397
1683280 1394
1683290 1394
1683300 1392
1683310 1389
1683320 1389
1683330 1387
1683340 1385
1683350 1385
1683360 1383
1683370 1381
1683380 1378
1683390 1378
1683400 1375
1683410 1372
1683420 1372
1683430 1369
1683440 1366
1683450 1366
1683460 1362
1683470 1359
1683480 1359
1683490 1357
1683500 1354
1683510 1354
1683520 1351
1683530 1348
1683540 1348
1683550 1346
1683560 1343
1683570 1340
1683580 1340
1683590 1339
1683600 1336
1683610 1336
1683620 1335
1683630 1334
1683640 1334
1683650 1333
1683660 1331
1683670 1331
1683680 1330
1683690 1329
1683700 1329
1683710 1328
1683720 1327
1683730 1327
1683740 1325
1683750 1325
1683760 1322
1683770 1322
1683780 1321
1683790 1320
1683800 1320
1683810 1319
1683820 1317
1683830 1317
1683840 1316
1683850 1314
1683860 1314
1683870 1312
1683880 1309
1683890 1309
1683900 1306
1683910 1304
1683920 1304
1683930 1303
1683940 1301
1683950 1300
1683960 1300
1683970 1300
1683980 1298
1683990 1298
1684000 1297
1684010 1300
1684020 1300
1684030 1300
1684040 1297
1684050 1297
1684060 1295
1684070 1294
1684080 1294
1684090 1292
1684100 1292
1684110 1292
1684120 1290
1684130 1290
1684140 1290
1684150 1289
1684160 1288
1684170 1286
1684180 1286
1684190 1284
1684200 1282
1684210 1282
1684220 1281
1684230 1280
1684240 1280
1684250 1279
1684260 1279
1684270 1279
1684280 1278
1684290 1278
1684300 1278
1684310 1277
1684320 1275
1684330 1275
1684340 1273
1684350 1272
1684360 1270
1684370 1270
1684380 1268
1684390 1266
1684400 1266
1684410 1264
1684420 1262
1684430 1262
1684440 1259
1684450 1257
1684460 1257
1684470 1253
1684480 1251
1684490 1251
1684500 1249
1684510 1246
1684520 1246
1684530 1244
1684540 1242
1684550 1241
1684560 1241
1684570 1239
1684580 1238
1684590 1238
1684600 1237
1684610 1235
1684620 1235
1684630 1233
1684640 1232
1684650 1232
1684660 1230
1684670 1228
1684680 1228
1684690 1226
1684700 1224
1684710 1224
1684720 1222
1684730 1220
1684740 1218
1684750 1218
1684760 1216
1684770 1215
1684780 1215
1684790 1213
1684800 1210
1684810 1210
1684820 1208
1684830 1206
1684840 1206
1684850 1203
1684860 1202
1684870 1202
1684880 1201
1684890 1199
1684900 1199
1684910 1196
1684920 1191
1684930 1188
1684940 1188
1684950 1186
1684960 1183
1684970 1183
1684980 1181
1684990 1178
1685000 1178
1685010 1172
1685020 1169
1685030 1169
1685040 1167
1685050 1166
1685060 1166
1685070 1164
1685080 1159
1685090 1159
1685100 1156
1685110 1150
1685120 1144
1685130 1144
1685140 1140
1685150 1137
1685160 1137
1685170 1133
1685180 1135
1685190 1135
1685200 1138
1685210 1140
1685220 1140
1685230 1142
1685240 1143
1685250 1143
1685260 1146
1685270 1149
1685280 1149
1685290 1150
1685300 1150
1685310 1150
1685320 1150
1685330 1151
1685340 1152
1685350 1152
1685360 1152
1685370 1152
1685380 1152
1685390 1153
1685400 1153
1685410 1153
1685420 1153
1685430 1153
1685440 1153
1685450 1153
1685460 1153
1685470 1153
1685480 1153
1685490 1151
1685500 1151
1685510 1153
1685520 1155
1685530 1155
1685540 1155
1685550 1156
1685560 1156
1685570 1156
1685580 1156
1685590 1157
1685600 1157
1685610 1159
1685620 1160
1685630 1160
1685640 1161
1685650 1161
1685660 1161
1685670 1162
1685680 1164
1685690 1164
1685700 1166
1685710 1166
1685720 1167
1685730 1167
1685740 1167
1685750 1168
1685760 1168
1685770 1168
1685780 1168
1685790 1168
1685800 1167
1685810 1166
1685820 1166
1685830 1166
1685840 1165
1685850 1165
1685860 1164
1685870 1163
1685880 1163
1685890 1161
1685900 1159
1685910 1156
1685920 1156
1685930 1156
1685940 1155
1685950 1155
1685960 1153
1685970 1150
1685980 1150
1685990 1147
1686000 1145
1686010 1145
1686020 1143
1686030 1143
1686040 1143
1686050 1143
1686060 1142
1686070 1142
1686080 1141
1686090 1141
1686100 1141
1686110 1141
1686120 1140
1686130 1141
1686140 1141
1686150 1141
1686160 1139
1686170 1139
1686180 1139
1686190 1138
1686200 1138
1686210 1138
1686220 1137
1686230 1137
1686240 1137
1686250 1137
1686260 1137
1686270 1137
1686280 1139
1686290 1140
1686300 1140
1686310 1139
1686320 1138
1686330 1138
1686340 1138
1686350 1136
1686360 1136
1686370 1135
1686380 1135
1686390 1135
1686400 1134
1686410 1133
1686420 1133
1686430 1129
1686440 1125
1686450 1125
1686460 1121
1686470 1118
1686480 1118
1686490 1115
1686500 1113
1686510 1110
1686520 1110
1686530 1108
1686540 1107
1686550 1107
1686560 1105
1686570 1103
1686580 1103
1686590 1097
1686600 1096
1686610 1096
1686620 1096
1686630 1092
1686640 1092
1686650 1090
1686660 1087
1686670 1087
1686680 1085
1686690 1082
1686700 1080
1686710 1080
1686720 1075
1686730 1069
1686740 1069
1686750 1064
1686760 1060
1686770 1060
1686780 1058
1686790 1056
1686800 1056
1686810 1055
1686820 1054
1686830 1054
1686840 1054
1686850 1055
1686860 1055
1686870 1055
1686880 1057
1686890 1060
1686900 1060
1686910 1062
1686920 1064
1686930 1064
1686940 1065
1686950 1064
1686960 1064
1686970 1064
1686980 1064
1686990 1064
1687000 1063
1687010 1063
1687020 1063
1687030 1062
1687040 1061
1687050 1061
1687060 1060
1687070 1059
1687080 1056
1687090 1056
1687100 1054
1687110 1056
1687120 1056
1687130 1058
1687140 1059
1687150 1059
1687160 1059
1687170 1060
1687180 1060
1687190 1060
1687200 1060
1687210 1060
1687220 1059
1687230 1057
1687240 1057
1687250 1055
1687260 1053
1687270 1052
1687280 1052
1687290 1051
1687300 1050
1687310 1050
1687320 1049
1687330 1047
1687340 1047
1687350 1045
1687360 1043
1687370 1043
1687380 1040
1687390 1038
1687400 1038
1687410 1036
1687420 1034
1687430 1034
1687440 1033
1687450 1032
1687460 1029
1687470 1029
1687480 1025
1687490 1021
1687500 1021
1687510 1017
1687520 1014
1687530 1014
1687540 1010
1687550 1007
1687560 1007
1687570 1004
1687580 1001
1687590 1001
1687600 997
1687610 993
1687620 993
1687630 988
1687640 983
1687650 983
1687660 979
1687670 977
1687680 972
1687690 972
1687700 971
1687710 964
1687720 964
1687730 961
1687740 958
1687750 958
1687760 954
1687770 951
1687780 951
1687790 946
1687800 939
1687810 939
1687820 935
1687830 932
1687840 932
1687850 928
1687860 924
1687870 920
1687880 920
1687890 916
1687900 910
1687910 910
1687920 907
1687930 904
1687940 904
1687950 899
1687960 898
1687970 898
1687980 895
1687990 893
1688000 893
1688010 892
1688020 893
1688030 893
1688040 893
1688050 893
1688060 894
1688070 894
1688080 898
1688090 898
1688100 898
1688110 883
1688120 872
1688130 872
1688140 862
1688150 851
1688160 851
1688170 839
1688180 832
1688190 832
1688200 827
1688210 818
1688220 818
1688230 816
1688240 820
1688250 825
1688260 825
1688270 829
1688280 834
1688290 834
1688300 837
1688310 840
1688320 840
1688330 841
1688340 844
1688350 844
1688360 847
1688370 853
1688380 853
1688390 857
1688400 860
1688410 860
1688420 861
1688430 862
1688440 863
1688450 863
1688460 863
1688470 862
1688480 862
1688490 861
1688500 859
1688510 859
1688520 857
1688530 855
1688540 855
1688550 853
1688560 855
1688570 855
1688580 857
1688590 857
1688600 857
1688610 857
1688620 860
1688630 863
1688640 863
1688650 864
1688660 865
1688670 865
1688680 866
1688690 868
1688700 868
1688710 869
1688720 869
1688730 869
1688740 871
1688750 873
1688760 873
1688770 875
1688780 876
1688790 876
1688800 877
1688810 879
1688820 879
1688830 880
1688840 881
1688850 881
1688860 881
1688870 882
1688880 879
1688890 879
1688900 877
1688910 875
1688920 875
1688930 875
1688940 875
1688950 875
1688960 875
1688970 876
1688980 876
1688990 878
1689000 880
1689010 880
1689020 883
1689030 886
1689040 888
1689050 888
1689060 890
1689070 891
1689080 891
1689090 892
1689100 891
1689110 891
1689120 893
1689130 893
1689140 893
1689150 894
1689160 894
1689170 894
1689180 894
1689190 893
1689200 893
1689210 892
1689220 890
1689230 891
1689240 891
1689250 893
1689260 894
1689270 894
1689280 895
1689290 897
1689300 897
1689310 898
1689320 899
1689330 899
1689340 899
1689350 899
1689360 899
1689370 898
1689380 897
1689390 897
1689400 890
1689410 886
1689420 881
1689430 881
1689440 878
1689450 876
1689460 876
1689470 878
1689480 879
1689490 879
1689500 881
1689510 880
1689520 880
1689530 881
1689540 880
1689550 880
1689560 881
1689570 883
1689580 883
1689590 885
1689600 888
1689610 889
1689620 889
1689630 891
1689640 892
1689650 892
1689660 894
1689670 896
1689680 896
1689690 898
1689700 900
1689710 900
1689720 901
1689730 902
1689740 902
1689750 903
1689760 904
1689770 904
1689780 904
1689790 906
1689800 907
1689810 907
1689820 909
1689830 909
1689840 909
1689850 909
1689860 908
1689870 908
1689880 907
1689890 907
1689900 907
1689910 906
1689920 906
1689930 906
1689940 905
1689950 904
1689960 904
1689970 902
1689980 901
1689990 901
1690000 901
1690010 900
1690020 899
1690030 899
1690040 898
1690050 896
1690060 896
1690070 895
1690080 894
1690090 894
1690100 892
1690110 892
1690120 892
1690130 891
1690140 888
1690150 888
1690160 886
1690170 884
1690180 884
1690190 883
1690200 881
1690210 880
1690220 880
1690230 878
1690240 876
1690250 876
1690260 874
1690270 873
1690280 873
1690290 872
1690300 871
1690310 871
1690320 869
1690330 867
1690340 867
1690350 865
1690360 863
1690370 863
1690380 860
1690390 857
1690400 854
1690410 854
1690420 851
1690430 847
1690440 847
1690450 845
1690460 843
1690470 843
1690480 843
1690490 842
1690500 842
1690510 842
1690520 845
1690530 845
1690540 845
1690550 843
1690560 843
1690570 839
1690580 841
1690590 842
1690600 842
1690610 843
1690620 843
1690630 843
1690640 842
1690650 842
1690660 842
1690670 842
1690680 842
1690690 842
1690700 842
1690710 841
1690720 841
1690730 841
1690740 840
1690750 840
1690760 840
1690770 839
1690780 838
1690790 838
1690800 838
1690810 838
1690820 838
1690830 838
1690840 837
1690850 837
1690860 836
1690870 837
1690880 837
1690890 837
1690900 836
1690910 836
1690920 835
1690930 836
1690940 836
1690950 836
1690960 835
1690970 835
1690980 835
1690990 834
1691000 833
1691010 833
1691020 833
1691030 833
1691040 833
1691050 832
1691060 832
1691070 832
1691080 832
1691090 829
1691100 829
1691110 826
1691120 825
1691130 825
1691140 824
1691150 822
1691160 822
1691170 821
1691180 820
1691190 819
1691200 819
1691210 818
1691220 818
1691230 818
1691240 818
1691250 817
1691260 817
1691270 815
1691280 814
1691290 814
1691300 813
1691310 812
1691320 812
1691330 811
1691340 809
1691350 809
1691360 808
1691370 806
1691380 804
1691390 804
1691400 802
1691410 800
1691420 800
1691430 798
1691440 796
1691450 796
1691460 794
1691470 793
1691480 793
1691490 792
1691500 791
1691510 791
1691520 789
1691530 787
1691540 787
1691550 785
1691560 783
1691570 781
1691580 781
1691590 780
1691600 780
1691610 780
1691620 778
1691630 776
1691640 776
1691650 775
1691660 774
1691670 774
1691680 772
1691690 769
1691700 769
1691710 770
1691720 769
1691730 769
1691740 768
1691750 767
1691760 766
1691770 766
1691780 764
1691790 763
1691800 763
1691810 762
1691820 761
1691830 761
1691840 760
1691850 759
1691860 759
1691870 758
1691880 757
1691890 757
1691900 756
1691910 755
1691920 755
1691930 754
1691940 753
1691950 752
1691960 752
1691970 751
1691980 751
1691990 751
1692000 750
1692010 750
1692020 750
1692030 749
1692040 748
1692050 748
1692060 748
1692070 748
1692080 748
1692090 748
1692100 747
1692110 747
1692120 746
1692130 745
1692140 744
1692150 744
1692160 744
1692170 743
1692180 743
1692190 742
1692200 741
1692210 741
1692220 740
1692230 739
1692240 739
1692250 739
1692260 738
1692270 738
1692280 738
1692290 737
1692300 737
1692310 736
1692320 735
1692330 735
1692340 734
1692350 733
1692360 732
1692370 732
1692380 731
1692390 731
1692400 731
1692410 730
1692420 730
1692430 730
1692440 729
1692450 728
1692460 728
1692470 728
1692480 727
1692490 727
1692500 726
1692510 726
1692520 726
1692530 724
1692540 723
1692550 722
1692560 722
1692570 721
1692580 720
1692590 720
1692600 719
1692610 717
1692620 717
1692630 715
1692640 713
1692650 713
1692660 712
1692670 709
1692680 709
1692690 707
1692700 705
1692710 705
1692720 703
1692730 699
1692740 694
1692750 694
1692760 690
1692770 687
1692780 687
1692790 683
1692800 680
1692810 680
1692820 678
1692830 679
1692840 679
1692850 679
1692860 681
1692870 681
1692880 683
1692890 685
1692900 685
1692910 686
1692920 687
1692930 686
1692940 686
1692950 686
1692960 684
1692970 684
1692980 683
1692990 682
1693000 682
1693010 681
1693020 679
1693030 679
1693040 677
1693050 675
1693060 675
1693070 673
1693080 672
1693090 672
1693100 670
1693110 669
1693120 667
1693130 667
1693140 666
1693150 664
1693160 664
1693170 662
1693180 659
1693190 659
1693200 657
1693210 652
1693220 652
1693230 647
1693240 646
1693250 646
1693260 646
1693270 646
1693280 646
1693290 645
1693300 646
1693310 646
1693320 646
1693330 647
1693340 647
1693350 647
1693360 648
1693370 647
1693380 647
1693390 647
1693400 646
1693410 646
1693420 646
1693430 646
1693440 646
1693450 645
1693460 645
1693470 645
1693480 644
1693490 643
1693500 643
1693510 642
1693520 641
1693530 640
1693540 640
1693550 638
1693560 637
1693570 637
1693580 636
1693590 635
1693600 635
1693610 633
1693620 630
1693630 630
1693640 629
1693650 628
1693660 628
1693670 625
1693680 622
1693690 622
1693700 620
1693710 618
1693720 616
1693730 616
1693740 615
1693750 614
1693760 614
1693770 612
1693780 611
1693790 611
1693800 610
1693810 609
1693820 609
1693830 607
1693840 606
1693850 606
1693860 606
1693870 605
1693880 605
1693890 605
1693900 603
1693910 603
1693920 603
1693930 600
1693940 598
1693950 598
1693960 597
1693970 595
1693980 595
1693990 593
1694000 592
1694010 592
1694020 591
1694030 590
1694040 590
1694050 589
1694060 587
1694070 587
1694080 586
1694090 584
1694100 584
1694110 584
1694120 584
1694130 583
1694140 583
1694150 580
1694160 578
1694170 578
1694180 577
1694190 575
1694200 575
1694210 573
1694220 570
1694230 570
1694240 568
1694250 564
1694260 564
1694270 561
1694280 558
1694290 555
1694300 555
1694310 552
1694320 550
1694330 550
1694340 549
1694350 550
1694360 550
1694370 549
1694380 548
1694390 548
1694400 544
1694410 542
1694420 542
1694430 540
1694440 539
1694450 539
1694460 542
1694470 541
1694480 539
1694490 539
1694500 538
1694510 536
1694520 536
1694530 533
1694540 531
1694550 531
1694560 528
1694570 526
1694580 526
1694590 523
1694600 521
1694610 521
1694620 519
1694630 517
1694640 517
1694650 516
1694660 515
1694670 515
1694680 514
1694690 513
1694700 511
1694710 511
1694720 509
1694730 510
1694740 510
1694750 510
1694760 511
1694770 511
1694780 513
1694790 514
1694800 514
1694810 515
1694820 516
1694830 516
1694840 517
1694850 514
1694860 514
1694870 512
1694880 511
1694890 510
1694900 510
1694910 509
1694920 508
1694930 508
1694940 508
1694950 508
1694960 508
1694970 506
1694980 505
1694990 505
1695000 506
1695010 504
1695020 504
1695030 502
1695040 501
1695050 501
1695060 499
1695070 498
1695080 496
1695090 496
1695100 495
1695110 493
1695120 493
1695130 491
1695140 490
1695150 490
1695160 488
1695170 487
1695180 487
1695190 486
1695200 484
1695210 484
1695220 482
1695230 480
1695240 480
1695250 477
1695260 476
1695270 474
1695280 474
1695290 471
1695300 469
1695310 469
1695320 467
1695330 465
1695340 465
1695350 462
1695360 459
1695370 459
1695380 457
1695390 454
1695400 454
1695410 451
1695420 448
1695430 448
1695440 445
1695450 442
1695460 440
1695470 440
1695480 438
1695490 435
1695500 435
1695510 432
1695520 429
1695530 429
1695540 429
1695550 427
1695560 427
1695570 425
1695580 423
1695590 423
1695600 421
1695610 418
1695620 418
1695630 415
1695640 413
1695650 412
1695660 412
1695670 410
1695680 410
1695690 410
1695700 413
1695710 417
1695720 417
1695730 419
1695740 417
1695750 417
1695760 414
1695770 410
1695780 410
1695790 408
1695800 408
1695810 408
1695820 409
1695830 412
1695840 412
1695850 413
1695860 415
1695870 416
1695880 416
1695890 417
1695900 419
1695910 419
1695920 420
1695930 421
1695940 421
1695950 422
1695960 422
1695970 422
1695980 422
1695990 421
1696000 421
1696010 419
1696020 417
1696030 417
1696040 415
1696050 413
1696060 411
1696070 411
1696080 409
1696090 408
1696100 408
1696110 407
1696120 406
1696130 406
1696140 405
1696150 404
1696160 404
1696170 403
1696180 400
1696190 400
1696200 398
1696210 396
1696220 396
1696230 395
1696240 393
1696250 393
1696260 393
1696270 392
1696280 393
1696290 393
1696300 394
1696310 394
1696320 394
1696330 394
1696340 395
1696350 395
1696360 398
1696370 403
1696380 403
1696390 407
1696400 408
1696410 408
1696420 408
1696430 408
1696440 411
1696450 411
1696460 414
1696470 418
1696480 418
1696490 422
1696500 426
1696510 426
1696520 429
1696530 431
1696540 431
1696550 432
1696560 433
1696570 433
1696580 434
1696590 435
1696600 435
1696610 435
1696620 435
1696630 435
1696640 435
1696650 435
1696660 436
1696670 436
1696680 437
1696690 439
1696700 439
1696710 439
1696720 438
1696730 438
1696740 436
1696750 433
1696760 433
1696770 429
1696780 427
1696790 427
1696800 428
1696810 432
1696820 433
1696830 433
1696840 435
1696850 437
1696860 437
1696870 438
1696880 438
1696890 438
1696900 437
1696910 434
1696920 434
1696930 433
1696940 432
1696950 432
1696960 431
1696970 430
1696980 430
1696990 430
1697000 431
1697010 431
1697020 430
1697030 428
1697040 426
1697050 426
1697060 426
1697070 426
1697080 426
1697090 427
1697100 428
1697110 428
1697120 429
1697130 429
1697140 429
1697150 430
1697160 431
1697170 431
1697180 431
1697190 431
1697200 431
1697210 427
1697220 427
1697230 426
1697240 426
1697250 424
1697260 422
1697270 422
1697280 420
1697290 418
1697300 418
1697310 417
1697320 415
1697330 415
1697340 413
1697350 410
1697360 410
1697370 408
1697380 405
1697390 405
1697400 402
1697410 399
1697420 391
1697430 391
1697440 390
1697450 396
1697460 396
1697470 398
1697480 401
1697490 401
1697500 402
1697510 402
1697520 402
1697530 403
1697540 403
1697550 403
1697560 402
1697570 402
1697580 402
1697590 400
1697600 398
1697610 396
1697620 396
1697630 392
1697640 394
1697650 394
1697660 394
1697670 394
1697680 394
1697690 394
1697700 393
1697710 393
1697720 393
1697730 394
1697740 394
1697750 395
1697760 395
1697770 395
1697780 394
1697790 393
1697800 391
1697810 391
1697820 391
1697830 391
1697840 391
1697850 390
1697860 391
1697870 391
1697880 392
1697890 392
1697900 392
1697910 392
1697920 392
1697930 392
1697940 392
1697950 392
1697960 392
1697970 392
1697980 392
1697990 392
1698000 392
1698010 393
1698020 392
1698030 392
1698040 392
1698050 391
1698060 391
1698070 390
1698080 389
1698090 389
1698100 387
1698110 385
1698120 385
1698130 383
1698140 380
1698150 380
1698160 377
1698170 375
1698180 375
1698190 373
1698200 370
1698210 367
1698220 367
1698230 366
1698240 364
1698250 364
1698260 362
1698270 361
1698280 361
1698290 359
1698300 358
1698310 358
1698320 357
1698330 356
1698340 356
1698350 354
1698360 353
1698370 353
1698380 352
1698390 351
1698400 350
1698410 350
1698420 349
1698430 347
1698440 347
1698450 346
1698460 346
1698470 346
1698480 345
1698490 345
1698500 345
1698510 345
1698520 345
1698530 345
1698540 345
1698550 345
1698560 345
1698570 344
1698580 345
1698590 345
1698600 345
1698610 345
1698620 345
1698630 345
1698640 346
1698650 346
1698660 346
1698670 347
1698680 347
1698690 347
1698700 347
1698710 347
1698720 347
1698730 349
1698740 349
1698750 349
1698760 349
1698770 350
1698780 351
1698790 351
1698800 351
1698810 352
1698820 352
1698830 352
1698840 351
1698850 351
1698860 351
1698870 351
1698880 351
1698890 352
1698900 352
1698910 352
1698920 352
1698930 352
1698940 352
1698950 352
1698960 352
1698970 354
1698980 354
1698990 354
1699000 355
1699010 355
1699020 355
1699030 356
1699040 356
1699050 357
1699060 357
1699070 357
1699080 357
1699090 358
1699100 358
1699110 358
1699120 358
1699130 358
1699140 358
1699150 357
1699160 357
1699170 357
1699180 357
1699190 356
1699200 356
1699210 354
1699220 353
1699230 353
1699240 352
1699250 350
1699260 350
1699270 349
1699280 348
1699290 348
1699300 347
1699310 346
1699320 346
1699330 345
1699340 344
1699350 344
1699360 343
1699370 341
1699380 340
1699390 340
1699400 339
1699410 338
1699420 338
1699430 336
1699440 335
1699450 335
1699460 334
1699470 333
1699480 333
1699490 333
1699500 333
1699510 333
1699520 333
1699530 333
1699540 333
1699550 333
1699560 333
1699570 333
1699580 333
1699590 331
1699600 333
1699610 333
1699620 333
1699630 333
1699640 333
1699650 332
1699660 332
1699670 332
1699680 332
1699690 332
1699700 332
1699710 332
1699720 334
1699730 334
1699740 334
1699750 335
1699760 336
1699770 336
1699780 336
1699790 336
1699800 336
1699810 335
1699820 334
1699830 334
1699840 334
1699850 334
1699860 334
1699870 333
1699880 333
1699890 333
1699900 333
1699910 333
1699920 333
1699930 333
1699940 332
1699950 332
1699960 332
1699970 333
1699980 333
1699990 333
