1680000 1137
1680010 1139
1680020 1141
1680030 1141
1680040 1142
1680050 1144
1680060 1145
1680070 1145
1680080 1147
1680090 1149
1680100 1149
1680110 1150
1680120 1152
1680130 1152
1680140 1153
1680150 1155
1680160 1155
1680170 1157
1680180 1160
1680190 1160
1680200 1162
1680210 1165
1680220 1165
1680230 1167
1680240 1169
1680250 1171
1680260 1171
1680270 1173
1680280 1175
1680290 1175
1680300 1176
1680310 1178
1680320 1178
1680330 1182
1680340 1185
1680350 1185
1680360 1190
1680370 1195
1680380 1195
1680390 1198
1680400 1200
1680410 1200
1680420 1203
1680430 1205
1680440 1208
1680450 1208
1680460 1210
1680470 1212
1680480 1212
1680490 1214
1680500 1216
1680510 1216
1680520 1218
1680530 1220
1680540 1220
1680550 1222
1680560 1224
1680570 1224
1680580 1227
1680590 1228
1680600 1228
1680610 1230
1680620 1232
1680630 1234
1680640 1234
1680650 1235
1680660 1238
1680670 1238
1680680 1239
1680690 1241
1680700 1241
1680710 1243
1680720 1245
1680730 1245
1680740 1247
1680750 1248
1680760 1248
1680770 1250
1680780 1251
1680790 1251
1680800 1253
1680810 1254
1680820 1256
1680830 1256
1680840 1258
1680850 1260
1680860 1260
1680870 1262
1680880 1264
1680890 1264
1680900 1267
1680910 1270
1680920 1270
1680930 1270
1680940 1272
1680950 1272
1680960 1274
1680970 1275
1680980 1275
1680990 1276
1681000 1278
1681010 1278
1681020 1280
1681030 1281
1681040 1282
1681050 1282
1681060 1283
1681070 1284
1681080 1284
1681090 1286
1681100 1287
1681110 1287
1681120 1287
1681130 1287
1681140 1287
1681150 1287
1681160 1287
1681170 1287
1681180 1287
1681190 1287
1681200 1287
1681210 1287
1681220 1286
1681230 1285
1681240 1285
1681250 1283
1681260 1281
1681270 1281
1681280 1280
1681290 1279
1681300 1279
1681310 1277
1681320 1276
1681330 1276
1681340 1274
1681350 1272
1681360 1272
1681370 1268
1681380 1264
1681390 1264
1681400 1261
1681410 1257
1681420 1252
1681430 1252
1681440 1248
1681450 1244
1681460 1244
1681470 1243
1681480 1241
1681490 1241
1681500 1238
1681510 1234
1681520 1234
1681530 1229
1681540 1224
1681550 1224
1681560 1218
1681570 1212
1681580 1212
1681590 1206
1681600 1207
1681610 1210
1681620 1210
1681630 1214
1681640 1218
1681650 1218
1681660 1219
1681670 1221
1681680 1221
1681690 1222
1681700 1224
1681710 1224
1681720 1226
1681730 1230
1681740 1230
1681750 1234
1681760 1236
1681770 1236
1681780 1240
1681790 1244
1681800 1248
1681810 1248
1681820 1251
1681830 1255
1681840 1255
1681850 1259
1681860 1263
1681870 1263
1681880 1267
1681890 1271
1681900 1271
1681910 1273
1681920 1277
1681930 1277
1681940 1280
1681950 1285
1681960 1285
1681970 1289
1681980 1292
1681990 1296
1682000 1296
1682010 1301
1682020 1304
1682030 1304
1682040 1308
1682050 1311
1682060 1311
1682070 1313
1682080 1316
1682090 1316
1682100 1319
1682110 1322
1682120 1322
1682130 1323
1682140 1327
1682150 1327
1682160 1330
1682170 1332
1682180 1332
1682190 1335
1682200 1338
1682210 1341
1682220 1341
1682230 1345
1682240 1349
1682250 1349
1682260 1352
1682270 1356
1682280 1356
1682290 1361
1682300 1361
1682310 1361
1682320 1362
1682330 1364
1682340 1364
1682350 1366
1682360 1367
1682370 1367
1682380 1369
1682390 1371
1682400 1373
1682410 1373
1682420 1375
1682430 1377
1682440 1377
1682450 1380
1682460 1381
1682470 1381
1682480 1383
1682490 1385
1682500 1385
1682510 1387
1682520 1389
1682530 1389
1682540 1391
1682550 1392
1682560 1392
1682570 1393
1682580 1394
1682590 1396
1682600 1396
1682610 1397
1682620 1398
1682630 1398
1682640 1398
1682650 1399
1682660 1399
1682670 1402
1682680 1406
1682690 1406
1682700 1407
1682710 1408
1682720 1408
1682730 1409
1682740 1409
1682750 1409
1682760 1409
1682770 1410
1682780 1410
1682790 1410
1682800 1410
1682810 1410
1682820 1410
1682830 1410
1682840 1410
1682850 1410
1682860 1410
1682870 1410
1682880 1410
1682890 1411
1682900 1411
1682910 1411
1682920 1413
1682930 1414
1682940 1414
1682950 1411
1682960 1410
1682970 1408
1682980 1408
1682990 1408
1683000 1407
1683010 1407
1683020 1405
1683030 1405
1683040 1405
1683050 1403
1683060 1402
1683070 1402
1683080 1401
1683090 1400
1683100 1400
1683110 1399
1683120 1397
1683130 1397
1683140 1396
1683150 1394
1683160 1393
1683170 1393
1683180 1391
1683190 1390
1683200 1390
1683210 1388
1683220 1387
1683230 1387
1683240 1385
1683250 1384
1683260 1384
1683270 1383
1683280 1382
1683290 1382
1683300 1380
1683310 1377
1683320 1377
1683330 1376
1683340 1374
1683350 1373
1683360 1373
1683370 1371
1683380 1369
1683390 1369
1683400 1366
1683410 1364
1683420 1364
1683430 1363
1683440 1361
1683450 1361
1683460 1360
1683470 1358
1683480 1358
1683490 1356
1683500 1355
1683510 1355
1683520 1353
1683530 1350
1683540 1350
1683550 1348
1683560 1347
1683570 1346
1683580 1346
1683590 1346
1683600 1345
1683610 1345
1683620 1344
1683630 1343
1683640 1343
1683650 1342
1683660 1340
1683670 1340
1683680 1339
1683690 1338
1683700 1338
1683710 1337
1683720 1335
1683730 1335
1683740 1334
1683750 1333
1683760 1332
1683770 1332
1683780 1331
1683790 1330
1683800 1330
1683810 1329
1683820 1327
1683830 1327
1683840 1326
1683850 1326
1683860 1326
1683870 1324
1683880 1316
1683890 1316
1683900 1311
1683910 1308
1683920 1308
1683930 1304
1683940 1301
1683950 1297
1683960 1297
1683970 1294
1683980 1291
1683990 1291
1684000 1288
1684010 1287
1684020 1287
1684030 1286
1684040 1284
1684050 1284
1684060 1282
1684070 1278
1684080 1278
1684090 1274
1684100 1270
1684110 1270
1684120 1268
1684130 1267
1684140 1266
1684150 1266
1684160 1265
1684170 1263
1684180 1263
1684190 1262
1684200 1262
1684210 1262
1684220 1261
1684230 1260
1684240 1260
1684250 1260
1684260 1259
1684270 1259
1684280 1259
1684290 1258
1684300 1258
1684310 1257
1684320 1256
1684330 1254
1684340 1254
1684350 1253
1684360 1251
1684370 1251
1684380 1249
1684390 1246
1684400 1246
1684410 1243
1684420 1240
1684430 1240
1684440 1238
1684450 1235
1684460 1235
1684470 1231
1684480 1226
1684490 1226
1684500 1221
1684510 1217
1684520 1213
1684530 1213
1684540 1209
1684550 1206
1684560 1206
1684570 1205
1684580 1206
1684590 1206
1684600 1205
1684610 1205
1684620 1205
1684630 1207
1684640 1207
1684650 1207
1684660 1208
1684670 1207
1684680 1207
1684690 1207
1684700 1207
1684710 1207
1684720 1208
1684730 1208
1684740 1208
1684750 1208
1684760 1208
1684770 1207
1684780 1207
1684790 1206
1684800 1204
1684810 1204
1684820 1202
1684830 1200
1684840 1200
1684850 1198
1684860 1197
1684870 1197
1684880 1194
1684890 1192
1684900 1192
1684910 1190
1684920 1188
1684930 1184
1684940 1184
1684950 1181
1684960 1177
1684970 1177
1684980 1173
1684990 1170
1685000 1170
1685010 1168
1685020 1166
1685030 1166
1685040 1164
1685050 1163
1685060 1163
1685070 1161
1685080 1159
1685090 1159
1685100 1154
1685110 1152
1685120 1148
1685130 1148
1685140 1146
1685150 1142
1685160 1142
1685170 1138
1685180 1134
1685190 1134
1685200 1132
1685210 1130
1685220 1130
1685230 1127
1685240 1125
1685250 1125
1685260 1123
1685270 1121
1685280 1121
1685290 1117
1685300 1113
1685310 1110
1685320 1110
1685330 1108
1685340 1107
1685350 1107
1685360 1105
1685370 1104
1685380 1104
1685390 1103
1685400 1102
1685410 1102
1685420 1102
1685430 1104
1685440 1104
1685450 1106
1685460 1106
1685470 1106
1685480 1106
1685490 1107
1685500 1107
1685510 1107
1685520 1106
1685530 1107
1685540 1107
1685550 1108
1685560 1109
1685570 1109
1685580 1110
1685590 1110
1685600 1110
1685610 1111
1685620 1112
1685630 1112
1685640 1112
1685650 1113
1685660 1113
1685670 1113
1685680 1114
1685690 1114
1685700 1114
1685710 1114
1685720 1115
1685730 1115
1685740 1115
1685750 1115
1685760 1115
1685770 1115
1685780 1115
1685790 1115
1685800 1115
1685810 1116
1685820 1116
1685830 1116
1685840 1116
1685850 1116
1685860 1116
1685870 1116
1685880 1116
1685890 1116
1685900 1116
1685910 1115
1685920 1115
1685930 1115
1685940 1114
1685950 1114
1685960 1113
1685970 1112
1685980 1112
1685990 1107
1686000 1103
1686010 1103
1686020 1101
1686030 1100
1686040 1100
1686050 1101
1686060 1101
1686070 1101
1686080 1102
1686090 1103
1686100 1104
1686110 1104
1686120 1104
1686130 1104
1686140 1104
1686150 1104
1686160 1103
1686170 1103
1686180 1103
1686190 1103
1686200 1103
1686210 1102
1686220 1101
1686230 1101
1686240 1101
1686250 1100
1686260 1100
1686270 1099
1686280 1098
1686290 1098
1686300 1098
1686310 1097
1686320 1097
1686330 1097
1686340 1096
1686350 1095
1686360 1095
1686370 1093
1686380 1092
1686390 1092
1686400 1091
1686410 1089
1686420 1089
1686430 1089
1686440 1089
1686450 1089
1686460 1086
1686470 1083
1686480 1081
1686490 1081
1686500 1080
1686510 1077
1686520 1077
1686530 1075
1686540 1073
1686550 1073
1686560 1067
1686570 1061
1686580 1061
1686590 1061
1686600 1061
1686610 1061
1686620 1060
1686630 1061
1686640 1061
1686650 1061
1686660 1062
1686670 1061
1686680 1061
1686690 1061
1686700 1060
1686710 1060
1686720 1060
1686730 1061
1686740 1061
1686750 1060
1686760 1059
1686770 1059
1686780 1057
1686790 1053
1686800 1053
1686810 1051
1686820 1047
1686830 1047
1686840 1043
1686850 1036
1686860 1029
1686870 1029
1686880 1025
1686890 1024
1686900 1024
1686910 1025
1686920 1029
1686930 1029
1686940 1021
1686950 1020
1686960 1020
1686970 1021
1686980 1021
1686990 1021
1687000 1023
1687010 1023
1687020 1023
1687030 1023
1687040 1024
1687050 1024
1687060 1024
1687070 1024
1687080 1024
1687090 1024
1687100 1024
1687110 1021
1687120 1021
1687130 1019
1687140 1018
1687150 1018
1687160 1019
1687170 1020
1687180 1020
1687190 1021
1687200 1022
1687210 1022
1687220 1022
1687230 1022
1687240 1022
1687250 1023
1687260 1022
1687270 1022
1687280 1022
1687290 1022
1687300 1022
1687310 1022
1687320 1022
1687330 1022
1687340 1022
1687350 1022
1687360 1022
1687370 1022
1687380 1022
1687390 1021
1687400 1021
1687410 1020
1687420 1019
1687430 1019
1687440 1018
1687450 1017
1687460 1016
1687470 1016
1687480 1016
1687490 1016
1687500 1016
1687510 1016
1687520 1013
1687530 1013
1687540 1009
1687550 1005
1687560 1005
1687570 1003
1687580 1001
1687590 1001
1687600 1000
1687610 997
1687620 997
1687630 994
1687640 990
1687650 983
1687660 983
1687670 982
1687680 979
1687690 979
1687700 978
1687710 969
1687720 969
1687730 965
1687740 961
1687750 961
1687760 959
1687770 955
1687780 955
1687790 952
1687800 945
1687810 945
1687820 939
1687830 932
1687840 927
1687850 927
1687860 924
1687870 921
1687880 921
1687890 920
1687900 917
1687910 917
1687920 915
1687930 912
1687940 912
1687950 910
1687960 906
1687970 906
1687980 902
1687990 897
1688000 897
1688010 892
1688020 887
1688030 882
1688040 882
1688050 875
1688060 866
1688070 866
1688080 857
1688090 850
1688100 850
1688110 843
1688120 837
1688130 837
1688140 828
1688150 820
1688160 820
1688170 814
1688180 809
1688190 809
1688200 804
1688210 800
1688220 794
1688230 794
1688240 792
1688250 795
1688260 795
1688270 798
1688280 801
1688290 801
1688300 806
1688310 808
1688320 808
1688330 810
1688340 813
1688350 813
1688360 816
1688370 817
1688380 817
1688390 819
1688400 819
1688410 819
1688420 817
1688430 814
1688440 810
1688450 810
1688460 807
1688470 806
1688480 806
1688490 805
1688500 801
1688510 801
1688520 801
1688530 801
1688540 801
1688550 799
1688560 802
1688570 802
1688580 803
1688590 805
1688600 805
1688610 809
1688620 814
1688630 826
1688640 826
1688650 829
1688660 829
1688670 829
1688680 825
1688690 821
1688700 821
1688710 817
1688720 816
1688730 816
1688740 816
1688750 817
1688760 817
1688770 817
1688780 820
1688790 820
1688800 821
1688810 824
1688820 825
1688830 825
1688840 828
1688850 829
1688860 829
1688870 833
1688880 836
1688890 836
1688900 834
1688910 830
1688920 830
1688930 828
1688940 827
1688950 827
1688960 825
1688970 826
1688980 826
1688990 831
1689000 834
1689010 837
1689020 837
1689030 841
1689040 844
1689050 844
1689060 848
1689070 852
1689080 852
1689090 855
1689100 859
1689110 859
1689120 860
1689130 860
1689140 860
1689150 859
1689160 858
1689170 858
1689180 857
1689190 857
1689200 856
1689210 856
1689220 852
1689230 849
1689240 849
1689250 846
1689260 843
1689270 843
1689280 847
1689290 849
1689300 849
1689310 851
1689320 851
1689330 851
1689340 851
1689350 852
1689360 852
1689370 851
1689380 851
1689390 850
1689400 850
1689410 846
1689420 841
1689430 841
1689440 837
1689450 833
1689460 833
1689470 831
1689480 828
1689490 828
1689500 832
1689510 835
1689520 835
1689530 837
1689540 841
1689550 841
1689560 844
1689570 849
1689580 849
1689590 852
1689600 856
1689610 859
1689620 859
1689630 862
1689640 864
1689650 864
1689660 866
1689670 869
1689680 869
1689690 871
1689700 873
1689710 873
1689720 874
1689730 874
1689740 874
1689750 875
1689760 876
1689770 876
1689780 877
1689790 878
1689800 878
1689810 878
1689820 879
1689830 879
1689840 879
1689850 881
1689860 881
1689870 881
1689880 882
1689890 882
1689900 882
1689910 883
1689920 884
1689930 884
1689940 884
1689950 884
1689960 884
1689970 884
1689980 882
1689990 879
1690000 879
1690010 880
1690020 881
1690030 881
1690040 882
1690050 883
1690060 883
1690070 884
1690080 885
1690090 885
1690100 886
1690110 886
1690120 886
1690130 887
1690140 886
1690150 886
1690160 885
1690170 884
1690180 883
1690190 883
1690200 882
1690210 881
1690220 881
1690230 878
1690240 875
1690250 875
1690260 873
1690270 871
1690280 871
1690290 869
1690300 868
1690310 868
1690320 867
1690330 866
1690340 866
1690350 865
1690360 866
1690370 868
1690380 868
1690390 868
1690400 865
1690410 865
1690420 863
1690430 860
1690440 860
1690450 858
1690460 855
1690470 855
1690480 853
1690490 850
1690500 850
1690510 847
1690520 844
1690530 844
1690540 841
1690550 839
1690560 837
1690570 837
1690580 835
1690590 833
1690600 833
1690610 831
1690620 829
1690630 829
1690640 827
1690650 824
1690660 824
1690670 821
1690680 819
1690690 819
1690700 816
1690710 813
1690720 813
1690730 811
1690740 807
1690750 807
1690760 806
1690770 805
1690780 806
1690790 806
1690800 807
1690810 808
1690820 808
1690830 808
1690840 808
1690850 808
1690860 808
1690870 808
1690880 808
1690890 808
1690900 807
1690910 807
1690920 807
1690930 806
1690940 806
1690950 804
1690960 803
1690970 801
1690980 801
1690990 801
1691000 801
1691010 801
1691020 802
1691030 802
1691040 802
1691050 802
1691060 802
1691070 802
1691080 802
1691090 802
1691100 802
1691110 801
1691120 801
1691130 801
1691140 800
1691150 799
1691160 799
1691170 799
1691180 797
1691190 796
1691200 796
1691210 795
1691220 795
1691230 795
1691240 795
1691250 795
1691260 795
1691270 795
1691280 795
1691290 795
1691300 795
1691310 794
1691320 794
1691330 794
1691340 793
1691350 792
1691360 792
1691370 791
1691380 791
1691390 791
1691400 789
1691410 788
1691420 788
1691430 788
1691440 785
1691450 785
1691460 783
1691470 782
1691480 782
1691490 781
1691500 779
1691510 779
1691520 778
1691530 776
1691540 774
1691550 774
1691560 772
1691570 771
1691580 771
1691590 769
1691600 767
1691610 767
1691620 764
1691630 761
1691640 761
1691650 758
1691660 754
1691670 754
1691680 753
1691690 754
1691700 754
1691710 755
1691720 754
1691730 753
1691740 753
1691750 751
1691760 749
1691770 749
1691780 746
1691790 744
1691800 744
1691810 744
1691820 745
1691830 745
1691840 744
1691850 744
1691860 744
1691870 745
1691880 745
1691890 745
1691900 746
1691910 747
1691920 747
1691930 747
1691940 746
1691950 745
1691960 745
1691970 743
1691980 741
1691990 741
1692000 740
1692010 739
1692020 739
1692030 739
1692040 739
1692050 739
1692060 739
1692070 738
1692080 738
1692090 738
1692100 738
1692110 738
1692120 738
1692130 736
1692140 735
1692150 735
1692160 736
1692170 736
1692180 736
1692190 736
1692200 737
1692210 737
1692220 737
1692230 736
1692240 736
1692250 736
1692260 736
1692270 736
1692280 736
1692290 735
1692300 735
1692310 735
1692320 735
1692330 735
1692340 735
1692350 735
1692360 735
1692370 735
1692380 735
1692390 735
1692400 735
1692410 735
1692420 735
1692430 735
1692440 734
1692450 734
1692460 734
1692470 733
1692480 734
1692490 734
1692500 733
1692510 733
1692520 733
1692530 733
1692540 732
1692550 731
1692560 731
1692570 730
1692580 729
1692590 729
1692600 727
1692610 726
1692620 726
1692630 725
1692640 724
1692650 724
1692660 723
1692670 722
1692680 722
1692690 720
1692700 718
1692710 717
1692720 717
1692730 715
1692740 713
1692750 713
1692760 711
1692770 710
1692780 710
1692790 708
1692800 707
1692810 707
1692820 706
1692830 704
1692840 704
1692850 702
1692860 701
1692870 701
1692880 700
1692890 699
1692900 698
1692910 698
1692920 697
1692930 696
1692940 696
1692950 694
1692960 692
1692970 692
1692980 691
1692990 688
1693000 688
1693010 686
1693020 684
1693030 684
1693040 682
1693050 681
1693060 681
1693070 680
1693080 679
1693090 679
1693100 679
1693110 677
1693120 677
1693130 677
1693140 677
1693150 677
1693160 677
1693170 677
1693180 677
1693190 677
1693200 677
1693210 676
1693220 676
1693230 676
1693240 676
1693250 676
1693260 675
1693270 675
1693280 675
1693290 674
1693300 674
1693310 673
1693320 673
1693330 672
1693340 671
1693350 671
1693360 670
1693370 669
1693380 669
1693390 668
1693400 666
1693410 666
1693420 664
1693430 663
1693440 663
1693450 662
1693460 662
1693470 662
1693480 661
1693490 660
1693500 659
1693510 659
1693520 657
1693530 656
1693540 656
1693550 654
1693560 652
1693570 652
1693580 652
1693590 650
1693600 650
1693610 648
1693620 646
1693630 646
1693640 644
1693650 643
1693660 643
1693670 641
1693680 639
1693690 637
1693700 637
1693710 636
1693720 635
1693730 635
1693740 634
1693750 631
1693760 631
1693770 630
1693780 628
1693790 628
1693800 625
1693810 625
1693820 625
1693830 624
1693840 622
1693850 622
1693860 620
1693870 619
1693880 617
1693890 617
1693900 615
1693910 614
1693920 614
1693930 612
1693940 610
1693950 610
1693960 608
1693970 607
1693980 607
1693990 605
1694000 603
1694010 603
1694020 601
1694030 599
1694040 599
1694050 598
1694060 596
1694070 594
1694080 594
1694090 592
1694100 590
1694110 590
1694120 588
1694130 586
1694140 586
1694150 586
1694160 586
1694170 586
1694180 584
1694190 581
1694200 581
1694210 579
1694220 576
1694230 576
1694240 574
1694250 570
1694260 568
1694270 568
1694280 566
1694290 564
1694300 564
1694310 562
1694320 559
1694330 559
1694340 556
1694350 554
1694360 554
1694370 553
1694380 552
1694390 552
1694400 551
1694410 550
1694420 550
1694430 550
1694440 549
1694450 549
1694460 548
1694470 547
1694480 546
1694490 546
1694500 545
1694510 543
1694520 543
1694530 541
1694540 538
1694550 538
1694560 535
1694570 533
1694580 533
1694590 530
1694600 528
1694610 528
1694620 526
1694630 524
1694640 524
1694650 522
1694660 520
1694670 518
1694680 518
1694690 516
1694700 514
1694710 514
1694720 512
1694730 510
1694740 510
1694750 508
1694760 506
1694770 506
1694780 504
1694790 502
1694800 502
1694810 500
1694820 499
1694830 499
1694840 497
1694850 496
1694860 495
1694870 495
1694880 493
1694890 491
1694900 491
1694910 488
1694920 485
1694930 485
1694940 482
1694950 478
1694960 478
1694970 473
1694980 468
1694990 468
1695000 465
1695010 461
1695020 461
1695030 458
1695040 467
1695050 471
1695060 471
1695070 476
1695080 482
1695090 482
1695100 487
1695110 488
1695120 488
1695130 488
1695140 488
1695150 488
1695160 487
1695170 485
1695180 485
1695190 484
1695200 482
1695210 482
1695220 481
1695230 481
1695240 480
1695250 480
1695260 479
1695270 478
1695280 478
1695290 478
1695300 478
1695310 478
1695320 478
1695330 481
1695340 481
1695350 479
1695360 480
1695370 480
1695380 480
1695390 479
1695400 479
1695410 477
1695420 475
1695430 473
1695440 473
1695450 471
1695460 469
1695470 469
1695480 467
1695490 465
1695500 465
1695510 462
1695520 458
1695530 458
1695540 457
1695550 454
1695560 454
1695570 453
1695580 449
1695590 449
1695600 448
1695610 447
1695620 447
1695630 444
1695640 442
1695650 440
1695660 440
1695670 437
1695680 435
1695690 435
1695700 433
1695710 431
1695720 431
1695730 429
1695740 426
1695750 426
1695760 424
1695770 422
1695780 422
1695790 420
1695800 418
1695810 418
1695820 416
1695830 414
1695840 412
1695850 412
1695860 410
1695870 407
1695880 407
1695890 404
1695900 403
1695910 403
1695920 402
1695930 402
1695940 402
1695950 401
1695960 401
1695970 401
1695980 400
1695990 398
1696000 398
1696010 398
1696020 398
1696030 398
1696040 398
1696050 397
1696060 397
1696070 397
1696080 397
1696090 397
1696100 397
1696110 397
1696120 396
1696130 396
1696140 396
1696150 396
1696160 396
1696170 396
1696180 395
1696190 395
1696200 395
1696210 394
1696220 394
1696230 394
1696240 394
1696250 394
1696260 394
1696270 393
1696280 393
1696290 393
1696300 392
1696310 392
1696320 392
1696330 391
1696340 391
1696350 391
1696360 391
1696370 390
1696380 390
1696390 390
1696400 390
1696410 390
1696420 390
1696430 387
1696440 389
1696450 389
1696460 389
1696470 390
1696480 390
1696490 390
1696500 390
1696510 390
1696520 391
1696530 392
1696540 392
1696550 393
1696560 394
1696570 394
1696580 395
1696590 397
1696600 398
1696610 398
1696620 399
1696630 400
1696640 400
1696650 400
1696660 400
1696670 400
1696680 399
1696690 401
1696700 401
1696710 403
1696720 405
1696730 405
1696740 407
1696750 409
1696760 409
1696770 411
1696780 414
1696790 414
1696800 415
1696810 417
1696820 420
1696830 420
1696840 422
1696850 422
1696860 422
1696870 422
1696880 421
1696890 421
1696900 419
1696910 417
1696920 417
1696930 414
1696940 411
1696950 411
1696960 408
1696970 406
1696980 406
1696990 405
1697000 406
1697010 406
1697020 406
1697030 406
1697040 405
1697050 405
1697060 405
1697070 406
1697080 406
1697090 409
1697100 411
1697110 411
1697120 412
1697130 413
1697140 413
1697150 416
1697160 417
1697170 417
1697180 419
1697190 419
1697200 418
1697210 418
1697220 418
1697230 418
1697240 418
1697250 417
1697260 416
1697270 416
1697280 415
1697290 414
1697300 414
1697310 411
1697320 408
1697330 408
1697340 407
1697350 403
1697360 403
1697370 399
1697380 395
1697390 392
1697400 392
1697410 390
1697420 388
1697430 388
1697440 387
1697450 385
1697460 385
1697470 384
1697480 381
1697490 381
1697500 380
1697510 377
1697520 377
1697530 375
1697540 374
1697550 374
1697560 373
1697570 372
1697580 372
1697590 372
1697600 371
1697610 370
1697620 370
1697630 369
1697640 368
1697650 368
1697660 368
1697670 365
1697680 365
1697690 367
1697700 366
1697710 366
1697720 365
1697730 364
1697740 364
1697750 364
1697760 364
1697770 365
1697780 365
1697790 366
1697800 366
1697810 366
1697820 365
1697830 364
1697840 364
1697850 364
1697860 365
1697870 365
1697880 367
1697890 368
1697900 368
1697910 369
1697920 370
1697930 370
1697940 370
1697950 371
1697960 371
1697970 372
1697980 372
1697990 373
1698000 373
1698010 373
1698020 373
1698030 373
1698040 373
1698050 374
1698060 374
1698070 374
1698080 375
1698090 375
1698100 375
1698110 376
1698120 376
1698130 376
1698140 375
1698150 375
1698160 374
1698170 373
1698180 373
1698190 373
1698200 370
1698210 367
1698220 367
1698230 363
1698240 362
1698250 362
1698260 360
1698270 358
1698280 358
1698290 358
1698300 356
1698310 356
1698320 355
1698330 355
1698340 355
1698350 355
1698360 353
1698370 353
1698380 353
1698390 352
1698400 351
1698410 351
1698420 351
1698430 350
1698440 350
1698450 349
1698460 349
1698470 349
1698480 348
1698490 347
1698500 347
1698510 346
1698520 345
1698530 345
1698540 345
1698550 345
1698560 345
1698570 345
1698580 344
1698590 344
1698600 344
1698610 343
1698620 345
1698630 345
1698640 345
1698650 345
1698660 345
1698670 345
1698680 345
1698690 345
1698700 344
1698710 343
1698720 343
1698730 343
1698740 342
1698750 342
1698760 342
1698770 342
1698780 341
1698790 341
1698800 341
1698810 339
1698820 339
1698830 340
1698840 341
1698850 341
1698860 341
1698870 340
1698880 340
1698890 340
1698900 338
1698910 338
1698920 338
1698930 340
1698940 340
1698950 340
1698960 340
1698970 339
1698980 339
1698990 339
1699000 339
1699010 339
1699020 339
1699030 339
1699040 339
1699050 338
1699060 338
1699070 338
1699080 338
1699090 338
1699100 338
1699110 338
1699120 338
1699130 338
1699140 338
1699150 338
1699160 338
1699170 338
1699180 338
1699190 338
1699200 338
1699210 339
1699220 339
1699230 339
1699240 339
1699250 340
1699260 340
1699270 340
1699280 341
1699290 341
1699300 342
1699310 342
1699320 342
1699330 343
1699340 344
1699350 345
1699360 345
1699370 345
1699380 345
1699390 345
1699400 345
1699410 345
1699420 345
1699430 344
1699440 343
1699450 343
1699460 342
1699470 341
1699480 341
1699490 340
1699500 339
1699510 339
1699520 337
1699530 336
1699540 335
1699550 335
1699560 334
1699570 333
1699580 333
1699590 332
1699600 332
1699610 332
1699620 332
1699630 332
1699640 332
1699650 332
1699660 332
1699670 332
1699680 332
1699690 332
1699700 332
1699710 330
1699720 333
1699730 332
1699740 332
1699750 332
1699760 332
1699770 332
1699780 332
1699790 332
1699800 332
1699810 332
1699820 332
1699830 332
1699840 332
1699850 331
1699860 331
1699870 332
1699880 332
1699890 332
1699900 332
1699910 331
1699920 332
1699930 332
1699940 332
1699950 332
1699960 332
1699970 331
1699980 333
1699990 333
