1680000 1070
1680010 1069
1680020 1069
1680030 1069
1680040 1069
1680050 1068
1680060 1068
1680070 1065
1680080 1064
1680090 1064
1680100 1063
1680110 1063
1680120 1063
1680130 1063
1680140 1066
1680150 1067
1680160 1067
1680170 1069
1680180 1071
1680190 1071
1680200 1073
1680210 1077
1680220 1077
1680230 1080
1680240 1081
1680250 1081
1680260 1085
1680270 1089
1680280 1089
1680290 1092
1680300 1096
1680310 1099
1680320 1099
1680330 1103
1680340 1106
1680350 1106
1680360 1110
1680370 1113
1680380 1113
1680390 1116
1680400 1119
1680410 1119
1680420 1123
1680430 1125
1680440 1125
1680450 1128
1680460 1130
1680470 1130
1680480 1133
1680490 1136
1680500 1138
1680510 1138
1680520 1141
1680530 1143
1680540 1143
1680550 1145
1680560 1147
1680570 1147
1680580 1148
1680590 1149
1680600 1149
1680610 1150
1680620 1151
1680630 1151
1680640 1153
1680650 1154
1680660 1154
1680670 1156
1680680 1158
1680690 1159
1680700 1159
1680710 1161
1680720 1162
1680730 1162
1680740 1164
1680750 1165
1680760 1165
1680770 1166
1680780 1167
1680790 1167
1680800 1168
1680810 1169
1680820 1169
1680830 1170
1680840 1171
1680850 1171
1680860 1173
1680870 1174
1680880 1175
1680890 1175
1680900 1176
1680910 1177
1680920 1177
1680930 1178
1680940 1178
1680950 1178
1680960 1179
1680970 1179
1680980 1179
1680990 1180
1681000 1181
1681010 1181
1681020 1181
1681030 1182
1681040 1182
1681050 1182
1681060 1182
1681070 1182
1681080 1182
1681090 1182
1681100 1181
1681110 1181
1681120 1180
1681130 1179
1681140 1179
1681150 1178
1681160 1175
1681170 1175
1681180 1171
1681190 1169
1681200 1169
1681210 1166
1681220 1166
1681230 1166
1681240 1165
1681250 1162
1681260 1162
1681270 1160
1681280 1157
1681290 1154
1681300 1154
1681310 1151
1681320 1149
1681330 1149
1681340 1145
1681350 1141
1681360 1141
1681370 1135
1681380 1131
1681390 1131
1681400 1127
1681410 1123
1681420 1123
1681430 1118
1681440 1111
1681450 1111
1681460 1109
1681470 1109
1681480 1110
1681490 1110
1681500 1112
1681510 1116
1681520 1116
1681530 1121
1681540 1125
1681550 1125
1681560 1129
1681570 1133
1681580 1133
1681590 1138
1681600 1142
1681610 1142
1681620 1146
1681630 1151
1681640 1151
1681650 1155
1681660 1159
1681670 1163
1681680 1163
1681690 1167
1681700 1171
1681710 1171
1681720 1174
1681730 1178
1681740 1178
1681750 1181
1681760 1184
1681770 1184
1681780 1187
1681790 1190
1681800 1190
1681810 1195
1681820 1197
1681830 1197
1681840 1198
1681850 1200
1681860 1201
1681870 1201
1681880 1204
1681890 1205
1681900 1205
1681910 1207
1681920 1208
1681930 1208
1681940 1210
1681950 1213
1681960 1213
1681970 1214
1681980 1215
1681990 1215
1682000 1217
1682010 1219
1682020 1219
1682030 1220
1682040 1222
1682050 1222
1682060 1223
1682070 1224
1682080 1223
1682090 1223
1682100 1224
1682110 1224
1682120 1224
1682130 1226
1682140 1227
1682150 1227
1682160 1229
1682170 1231
1682180 1231
1682190 1233
1682200 1235
1682210 1235
1682220 1237
1682230 1239
1682240 1239
1682250 1242
1682260 1244
1682270 1246
1682280 1246
1682290 1248
1682300 1251
1682310 1251
1682320 1253
1682330 1256
1682340 1256
1682350 1258
1682360 1260
1682370 1260
1682380 1263
1682390 1265
1682400 1265
1682410 1268
1682420 1271
1682430 1271
1682440 1273
1682450 1275
1682460 1278
1682470 1278
1682480 1281
1682490 1283
1682500 1283
1682510 1285
1682520 1288
1682530 1288
1682540 1290
1682550 1292
1682560 1292
1682570 1296
1682580 1298
1682590 1298
1682600 1300
1682610 1302
1682620 1302
1682630 1305
1682640 1307
1682650 1310
1682660 1310
1682670 1312
1682680 1315
1682690 1315
1682700 1317
1682710 1319
1682720 1319
1682730 1322
1682740 1324
1682750 1324
1682760 1326
1682770 1329
1682780 1329
1682790 1332
1682800 1336
1682810 1336
1682820 1339
1682830 1341
1682840 1344
1682850 1344
1682860 1347
1682870 1349
1682880 1349
1682890 1352
1682900 1354
1682910 1354
1682920 1357
1682930 1359
1682940 1359
1682950 1361
1682960 1363
1682970 1363
1682980 1365
1682990 1367
1683000 1367
1683010 1370
1683020 1373
1683030 1373
1683040 1376
1683050 1378
1683060 1381
1683070 1381
1683080 1384
1683090 1387
1683100 1387
1683110 1390
1683120 1393
1683130 1393
1683140 1395
1683150 1397
1683160 1397
1683170 1400
1683180 1401
1683190 1401
1683200 1403
1683210 1404
1683220 1404
1683230 1406
1683240 1408
1683250 1409
1683260 1409
1683270 1410
1683280 1411
1683290 1411
1683300 1412
1683310 1413
1683320 1413
1683330 1414
1683340 1416
1683350 1416
1683360 1418
1683370 1418
1683380 1418
1683390 1418
1683400 1417
1683410 1417
1683420 1416
1683430 1414
1683440 1412
1683450 1412
1683460 1411
1683470 1409
1683480 1409
1683490 1407
1683500 1404
1683510 1404
1683520 1402
1683530 1400
1683540 1400
1683550 1397
1683560 1394
1683570 1394
1683580 1392
1683590 1390
1683600 1390
1683610 1389
1683620 1387
1683630 1385
1683640 1385
1683650 1383
1683660 1380
1683670 1380
1683680 1377
1683690 1375
1683700 1375
1683710 1372
1683720 1370
1683730 1370
1683740 1368
1683750 1367
1683760 1367
1683770 1365
1683780 1363
1683790 1363
1683800 1361
1683810 1359
1683820 1357
1683830 1357
1683840 1356
1683850 1355
1683860 1355
1683870 1353
1683880 1351
1683890 1351
1683900 1349
1683910 1348
1683920 1348
1683930 1347
1683940 1346
1683950 1346
1683960 1344
1683970 1342
1683980 1342
1683990 1341
1684000 1340
1684010 1340
1684020 1339
1684030 1338
1684040 1336
1684050 1336
1684060 1334
1684070 1332
1684080 1332
1684090 1331
1684100 1330
1684110 1330
1684120 1328
1684130 1325
1684140 1325
1684150 1323
1684160 1322
1684170 1322
1684180 1322
1684190 1320
1684200 1320
1684210 1318
1684220 1318
1684230 1317
1684240 1317
1684250 1316
1684260 1315
1684270 1315
1684280 1314
1684290 1312
1684300 1312
1684310 1312
1684320 1311
1684330 1311
1684340 1311
1684350 1311
1684360 1311
1684370 1310
1684380 1309
1684390 1309
1684400 1309
1684410 1307
1684420 1306
1684430 1306
1684440 1305
1684450 1302
1684460 1302
1684470 1301
1684480 1299
1684490 1299
1684500 1298
1684510 1297
1684520 1297
1684530 1296
1684540 1296
1684550 1296
1684560 1294
1684570 1293
1684580 1293
1684590 1292
1684600 1291
1684610 1290
1684620 1290
1684630 1289
1684640 1289
1684650 1289
1684660 1288
1684670 1287
1684680 1287
1684690 1286
1684700 1286
1684710 1286
1684720 1285
1684730 1285
1684740 1285
1684750 1284
1684760 1284
1684770 1284
1684780 1283
1684790 1283
1684800 1282
1684810 1282
1684820 1282
1684830 1282
1684840 1282
1684850 1281
1684860 1281
1684870 1281
1684880 1280
1684890 1279
1684900 1279
1684910 1277
1684920 1276
1684930 1276
1684940 1274
1684950 1272
1684960 1272
1684970 1271
1684980 1270
1684990 1270
1685000 1268
1685010 1267
1685020 1265
1685030 1265
1685040 1264
1685050 1262
1685060 1262
1685070 1261
1685080 1260
1685090 1260
1685100 1258
1685110 1256
1685120 1256
1685130 1255
1685140 1253
1685150 1253
1685160 1251
1685170 1249
1685180 1249
1685190 1247
1685200 1245
1685210 1244
1685220 1244
1685230 1241
1685240 1239
1685250 1239
1685260 1237
1685270 1234
1685280 1234
1685290 1232
1685300 1231
1685310 1231
1685320 1230
1685330 1229
1685340 1229
1685350 1228
1685360 1227
1685370 1227
1685380 1227
1685390 1226
1685400 1226
1685410 1226
1685420 1226
1685430 1226
1685440 1226
1685450 1225
1685460 1225
1685470 1225
1685480 1225
1685490 1224
1685500 1224
1685510 1223
1685520 1223
1685530 1223
1685540 1223
1685550 1222
1685560 1222
1685570 1221
1685580 1221
1685590 1220
1685600 1220
1685610 1219
1685620 1218
1685630 1218
1685640 1217
1685650 1217
1685660 1217
1685670 1217
1685680 1216
1685690 1216
1685700 1216
1685710 1216
1685720 1216
1685730 1215
1685740 1215
1685750 1215
1685760 1214
1685770 1214
1685780 1213
1685790 1213
1685800 1211
1685810 1209
1685820 1209
1685830 1208
1685840 1207
1685850 1207
1685860 1206
1685870 1205
1685880 1205
1685890 1204
1685900 1202
1685910 1202
1685920 1201
1685930 1201
1685940 1201
1685950 1200
1685960 1199
1685970 1199
1685980 1198
1685990 1197
1686000 1196
1686010 1196
1686020 1195
1686030 1194
1686040 1194
1686050 1193
1686060 1192
1686070 1192
1686080 1190
1686090 1189
1686100 1189
1686110 1188
1686120 1187
1686130 1187
1686140 1186
1686150 1184
1686160 1184
1686170 1181
1686180 1179
1686190 1177
1686200 1177
1686210 1175
1686220 1173
1686230 1173
1686240 1172
1686250 1170
1686260 1170
1686270 1167
1686280 1166
1686290 1166
1686300 1164
1686310 1163
1686320 1163
1686330 1161
1686340 1160
1686350 1160
1686360 1159
1686370 1158
1686380 1157
1686390 1157
1686400 1155
1686410 1153
1686420 1153
1686430 1151
1686440 1149
1686450 1149
1686460 1147
1686470 1146
1686480 1146
1686490 1145
1686500 1144
1686510 1144
1686520 1143
1686530 1142
1686540 1142
1686550 1140
1686560 1138
1686570 1136
1686580 1136
1686590 1135
1686600 1135
1686610 1135
1686620 1136
1686630 1135
1686640 1135
1686650 1135
1686660 1135
1686670 1135
1686680 1135
1686690 1135
1686700 1135
1686710 1135
1686720 1135
1686730 1135
1686740 1134
1686750 1132
1686760 1130
1686770 1130
1686780 1128
1686790 1126
1686800 1126
1686810 1125
1686820 1121
1686830 1121
1686840 1116
1686850 1114
1686860 1114
1686870 1112
1686880 1109
1686890 1109
1686900 1108
1686910 1106
1686920 1106
1686930 1105
1686940 1104
1686950 1104
1686960 1101
1686970 1099
1686980 1096
1686990 1096
1687000 1093
1687010 1090
1687020 1090
1687030 1089
1687040 1087
1687050 1087
1687060 1086
1687070 1084
1687080 1084
1687090 1081
1687100 1078
1687110 1078
1687120 1076
1687130 1075
1687140 1075
1687150 1075
1687160 1073
1687170 1071
1687180 1071
1687190 1069
1687200 1067
1687210 1067
1687220 1066
1687230 1064
1687240 1064
1687250 1062
1687260 1059
1687270 1059
1687280 1055
1687290 1052
1687300 1052
1687310 1050
1687320 1047
1687330 1047
1687340 1045
1687350 1042
1687360 1040
1687370 1040
1687380 1038
1687390 1036
1687400 1036
1687410 1033
1687420 1031
1687430 1031
1687440 1030
1687450 1029
1687460 1029
1687470 1028
1687480 1026
1687490 1026
1687500 1026
1687510 1025
1687520 1025
1687530 1023
1687540 1022
1687550 1022
1687560 1022
1687570 1020
1687580 1018
1687590 1018
1687600 1016
1687610 1015
1687620 1015
1687630 1013
1687640 1010
1687650 1010
1687660 1009
1687670 1008
1687680 1008
1687690 1005
1687700 1005
1687710 1005
1687720 1002
1687730 999
1687740 997
1687750 997
1687760 995
1687770 994
1687780 994
1687790 992
1687800 991
1687810 991
1687820 989
1687830 986
1687840 986
1687850 982
1687860 976
1687870 976
1687880 972
1687890 967
1687900 967
1687910 964
1687920 959
1687930 959
1687940 956
1687950 955
1687960 954
1687970 954
1687980 957
1687990 959
1688000 959
1688010 959
1688020 962
1688030 962
1688040 966
1688050 967
1688060 967
1688070 970
1688080 972
1688090 972
1688100 975
1688110 978
1688120 978
1688130 980
1688140 981
1688150 982
1688160 982
1688170 983
1688180 980
1688190 980
1688200 977
1688210 979
1688220 979
1688230 981
1688240 983
1688250 983
1688260 985
1688270 986
1688280 986
1688290 986
1688300 987
1688310 987
1688320 987
1688330 987
1688340 988
1688350 988
1688360 989
1688370 989
1688380 989
1688390 989
1688400 990
1688410 990
1688420 991
1688430 991
1688440 991
1688450 992
1688460 993
1688470 993
1688480 993
1688490 994
1688500 994
1688510 995
1688520 995
1688530 995
1688540 995
1688550 995
1688560 996
1688570 996
1688580 996
1688590 996
1688600 996
1688610 996
1688620 996
1688630 996
1688640 996
1688650 996
1688660 996
1688670 997
1688680 997
1688690 997
1688700 997
1688710 999
1688720 999
1688730 999
1688740 999
1688750 998
1688760 998
1688770 997
1688780 996
1688790 996
1688800 995
1688810 994
1688820 994
1688830 993
1688840 992
1688850 992
1688860 990
1688870 989
1688880 989
1688890 988
1688900 986
1688910 986
1688920 986
1688930 986
1688940 985
1688950 985
1688960 983
1688970 982
1688980 982
1688990 982
1689000 982
1689010 982
1689020 982
1689030 981
1689040 981
1689050 980
1689060 978
1689070 978
1689080 976
1689090 974
1689100 974
1689110 973
1689120 972
1689130 971
1689140 971
1689150 970
1689160 969
1689170 969
1689180 967
1689190 966
1689200 966
1689210 965
1689220 964
1689230 964
1689240 963
1689250 961
1689260 961
1689270 959
1689280 957
1689290 957
1689300 956
1689310 955
1689320 953
1689330 953
1689340 952
1689350 950
1689360 950
1689370 949
1689380 947
1689390 947
1689400 946
1689410 945
1689420 945
1689430 944
1689440 943
1689450 943
1689460 941
1689470 940
1689480 940
1689490 939
1689500 937
1689510 936
1689520 936
1689530 935
1689540 935
1689550 935
1689560 934
1689570 933
1689580 933
1689590 931
1689600 930
1689610 930
1689620 928
1689630 924
1689640 924
1689650 926
1689660 926
1689670 926
1689680 925
1689690 923
1689700 923
1689710 923
1689720 922
1689730 921
1689740 921
1689750 919
1689760 918
1689770 918
1689780 916
1689790 915
1689800 915
1689810 914
1689820 913
1689830 913
1689840 911
1689850 910
1689860 910
1689870 909
1689880 907
1689890 907
1689900 906
1689910 904
1689920 903
1689930 903
1689940 901
1689950 898
1689960 898
1689970 896
1689980 893
1689990 893
1690000 889
1690010 885
1690020 885
1690030 882
1690040 882
1690050 882
1690060 882
1690070 880
1690080 880
1690090 879
1690100 877
1690110 877
1690120 877
1690130 876
1690140 875
1690150 875
1690160 875
1690170 874
1690180 874
1690190 874
1690200 872
1690210 872
1690220 871
1690230 871
1690240 871
1690250 873
1690260 874
1690270 874
1690280 875
1690290 876
1690300 876
1690310 876
1690320 876
1690330 875
1690340 875
1690350 875
1690360 874
1690370 874
1690380 872
1690390 871
1690400 871
1690410 871
1690420 870
1690430 870
1690440 869
1690450 867
1690460 867
1690470 865
1690480 864
1690490 863
1690500 863
1690510 861
1690520 858
1690530 858
1690540 856
1690550 856
1690560 856
1690570 856
1690580 855
1690590 855
1690600 855
1690610 855
1690620 855
1690630 856
1690640 856
1690650 856
1690660 856
1690670 857
1690680 855
1690690 855
1690700 854
1690710 853
1690720 853
1690730 853
1690740 852
1690750 852
1690760 852
1690770 850
1690780 850
1690790 848
1690800 847
1690810 847
1690820 844
1690830 842
1690840 842
1690850 840
1690860 837
1690870 837
1690880 835
1690890 832
1690900 829
1690910 829
1690920 825
1690930 822
1690940 822
1690950 818
1690960 816
1690970 816
1690980 814
1690990 811
1691000 811
1691010 810
1691020 807
1691030 807
1691040 804
1691050 802
1691060 802
1691070 800
1691080 799
1691090 797
1691100 797
1691110 795
1691120 792
1691130 792
1691140 790
1691150 788
1691160 788
1691170 785
1691180 781
1691190 781
1691200 779
1691210 774
1691220 774
1691230 772
1691240 771
1691250 771
1691260 769
1691270 768
1691280 766
1691290 766
1691300 765
1691310 763
1691320 763
1691330 761
1691340 760
1691350 760
1691360 758
1691370 756
1691380 756
1691390 754
1691400 751
1691410 751
1691420 748
1691430 746
1691440 746
1691450 743
1691460 740
1691470 737
1691480 737
1691490 735
1691500 731
1691510 731
1691520 729
1691530 725
1691540 725
1691550 723
1691560 720
1691570 720
1691580 718
1691590 714
1691600 714
1691610 711
1691620 708
1691630 708
1691640 705
1691650 701
1691660 697
1691670 697
1691680 693
1691690 689
1691700 689
1691710 686
1691720 682
1691730 682
1691740 679
1691750 677
1691760 677
1691770 675
1691780 672
1691790 672
1691800 669
1691810 665
1691820 665
1691830 662
1691840 658
1691850 658
1691860 655
1691870 652
1691880 649
1691890 649
1691900 645
1691910 642
1691920 642
1691930 637
1691940 633
1691950 633
1691960 627
1691970 621
1691980 621
1691990 613
1692000 607
1692010 607
1692020 601
1692030 601
1692040 601
1692050 608
1692060 614
1692070 615
1692080 615
1692090 620
1692100 624
1692110 624
1692120 621
1692130 617
1692140 617
1692150 611
1692160 604
1692170 604
1692180 597
1692190 596
1692200 596
1692210 595
1692220 592
1692230 592
1692240 590
1692250 587
1692260 585
1692270 585
1692280 585
1692290 585
1692300 585
1692310 587
1692320 590
1692330 590
1692340 593
1692350 597
1692360 597
1692370 599
1692380 600
1692390 600
1692400 603
1692410 604
1692420 604
1692430 606
1692440 607
1692450 606
1692460 606
1692470 607
1692480 608
1692490 608
1692500 604
1692510 600
1692520 600
1692530 597
1692540 596
1692550 596
1692560 594
1692570 593
1692580 593
1692590 592
1692600 589
1692610 589
1692620 586
1692630 580
1692640 575
1692650 575
1692660 569
1692670 563
1692680 563
1692690 560
1692700 557
1692710 557
1692720 552
1692730 550
1692740 550
1692750 547
1692760 547
1692770 547
1692780 546
1692790 544
1692800 544
1692810 544
1692820 546
1692830 546
1692840 550
1692850 553
1692860 551
1692870 551
1692880 545
1692890 537
1692900 537
1692910 529
1692920 523
1692930 523
1692940 522
1692950 521
1692960 521
1692970 520
1692980 519
1692990 519
1693000 518
1693010 519
1693020 519
1693030 519
1693040 518
1693050 523
1693060 523
1693070 526
1693080 529
1693090 529
1693100 533
1693110 538
1693120 538
1693130 545
1693140 549
1693150 549
1693160 549
1693170 550
1693180 550
1693190 552
1693200 559
1693210 559
1693220 562
1693230 561
1693240 559
1693250 559
1693260 559
1693270 564
1693280 564
1693290 568
1693300 567
1693310 567
1693320 564
1693330 561
1693340 561
1693350 560
1693360 560
1693370 560
1693380 560
1693390 560
1693400 560
1693410 560
1693420 561
1693430 563
1693440 563
1693450 563
1693460 564
1693470 564
1693480 563
1693490 562
1693500 562
1693510 560
1693520 558
1693530 558
1693540 557
1693550 556
1693560 556
1693570 556
1693580 556
1693590 556
1693600 556
1693610 555
1693620 553
1693630 553
1693640 552
1693650 551
1693660 551
1693670 550
1693680 549
1693690 549
1693700 549
1693710 548
1693720 548
1693730 547
1693740 547
1693750 547
1693760 547
1693770 544
1693780 544
1693790 541
1693800 536
1693810 534
1693820 534
1693830 529
1693840 523
1693850 523
1693860 516
1693870 509
1693880 509
1693890 509
1693900 513
1693910 513
1693920 518
1693930 520
1693940 520
1693950 519
1693960 522
1693970 522
1693980 525
1693990 530
1694000 530
1694010 535
1694020 536
1694030 537
1694040 537
1694050 537
1694060 537
1694070 537
1694080 536
1694090 534
1694100 534
1694110 533
1694120 531
1694130 531
1694140 531
1694150 532
1694160 532
1694170 532
1694180 533
1694190 533
1694200 533
1694210 534
1694220 535
1694230 535
1694240 534
1694250 534
1694260 534
1694270 533
1694280 531
1694290 531
1694300 531
1694310 529
1694320 529
1694330 528
1694340 526
1694350 526
1694360 524
1694370 522
1694380 522
1694390 520
1694400 518
1694410 517
1694420 517
1694430 515
1694440 514
1694450 514
1694460 513
1694470 512
1694480 512
1694490 511
1694500 509
1694510 509
1694520 508
1694530 507
1694540 507
1694550 506
1694560 505
1694570 505
1694580 503
1694590 501
1694600 500
1694610 500
1694620 499
1694630 498
1694640 498
1694650 498
1694660 497
1694670 497
1694680 496
1694690 495
1694700 495
1694710 494
1694720 492
1694730 492
1694740 491
1694750 489
1694760 489
1694770 488
1694780 487
1694790 486
1694800 486
1694810 486
1694820 484
1694830 484
1694840 483
1694850 482
1694860 482
1694870 482
1694880 481
1694890 481
1694900 480
1694910 479
1694920 479
1694930 478
1694940 477
1694950 477
1694960 476
1694970 475
1694980 475
1694990 474
1695000 473
1695010 472
1695020 472
1695030 471
1695040 471
1695050 471
1695060 471
1695070 468
1695080 468
1695090 466
1695100 465
1695110 465
1695120 464
1695130 463
1695140 463
1695150 462
1695160 462
1695170 462
1695180 462
1695190 461
1695200 461
1695210 461
1695220 459
1695230 462
1695240 462
1695250 463
1695260 463
1695270 463
1695280 461
1695290 460
1695300 460
1695310 459
1695320 459
1695330 459
1695340 458
1695350 457
1695360 457
1695370 457
1695380 455
1695390 455
1695400 455
1695410 455
1695420 454
1695430 454
1695440 454
1695450 454
1695460 454
1695470 454
1695480 452
1695490 452
1695500 451
1695510 450
1695520 450
1695530 449
1695540 447
1695550 447
1695560 444
1695570 440
1695580 437
1695590 437
1695600 434
1695610 429
1695620 429
1695630 424
1695640 419
1695650 419
1695660 420
1695670 420
1695680 420
1695690 420
1695700 421
1695710 421
1695720 421
1695730 421
1695740 421
1695750 423
1695760 424
1695770 425
1695780 425
1695790 427
1695800 428
1695810 428
1695820 427
1695830 430
1695840 430
1695850 432
1695860 435
1695870 435
1695880 438
1695890 442
1695900 442
1695910 446
1695920 449
1695930 449
1695940 453
1695950 457
1695960 457
1695970 460
1695980 463
1695990 466
1696000 466
1696010 469
1696020 472
1696030 472
1696040 475
1696050 477
1696060 477
1696070 480
1696080 482
1696090 482
1696100 485
1696110 486
1696120 486
1696130 488
1696140 489
1696150 489
1696160 490
1696170 492
1696180 489
1696190 489
1696200 489
1696210 491
1696220 491
1696230 489
1696240 482
1696250 482
1696260 483
1696270 483
1696280 483
1696290 482
1696300 480
1696310 480
1696320 479
1696330 476
1696340 476
1696350 474
1696360 472
1696370 470
1696380 470
1696390 468
1696400 465
1696410 465
1696420 462
1696430 459
1696440 459
1696450 457
1696460 455
1696470 455
1696480 453
1696490 450
1696500 450
1696510 447
1696520 445
1696530 445
1696540 442
1696550 438
1696560 438
1696570 438
1696580 438
1696590 437
1696600 437
1696610 436
1696620 433
1696630 433
1696640 431
1696650 429
1696660 429
1696670 426
1696680 425
1696690 425
1696700 422
1696710 420
1696720 420
1696730 419
1696740 418
1696750 413
1696760 413
1696770 406
1696780 408
1696790 408
1696800 410
1696810 410
1696820 410
1696830 410
1696840 410
1696850 410
1696860 410
1696870 409
1696880 409
1696890 409
1696900 409
1696910 409
1696920 409
1696930 410
1696940 410
1696950 408
1696960 407
1696970 407
1696980 407
1696990 407
1697000 406
1697010 406
1697020 405
1697030 403
1697040 403
1697050 403
1697060 403
1697070 403
1697080 402
1697090 399
1697100 399
1697110 397
1697120 395
1697130 395
1697140 394
1697150 392
1697160 390
1697170 390
1697180 388
1697190 386
1697200 386
1697210 386
1697220 384
1697230 384
1697240 383
1697250 382
1697260 382
1697270 381
1697280 380
1697290 380
1697300 379
1697310 377
1697320 377
1697330 375
1697340 373
1697350 370
1697360 370
1697370 370
1697380 372
1697390 372
1697400 371
1697410 368
1697420 368
1697430 365
1697440 364
1697450 364
1697460 366
1697470 367
1697480 367
1697490 366
1697500 366
1697510 366
1697520 365
1697530 365
1697540 364
1697550 364
1697560 363
1697570 361
1697580 361
1697590 358
1697600 357
1697610 357
1697620 356
1697630 356
1697640 356
1697650 355
1697660 355
1697670 355
1697680 356
1697690 356
1697700 356
1697710 356
1697720 357
1697730 358
1697740 358
1697750 361
1697760 364
1697770 364
1697780 367
1697790 368
1697800 368
1697810 371
1697820 372
1697830 372
1697840 373
1697850 374
1697860 374
1697870 375
1697880 375
1697890 375
1697900 376
1697910 375
1697920 375
1697930 375
1697940 375
1697950 375
1697960 375
1697970 375
1697980 375
1697990 375
1698000 375
1698010 374
1698020 374
1698030 374
1698040 372
1698050 372
1698060 371
1698070 369
1698080 369
1698090 368
1698100 365
1698110 365
1698120 364
1698130 363
1698140 362
1698150 362
1698160 358
1698170 355
1698180 355
1698190 353
1698200 355
1698210 355
1698220 357
1698230 360
1698240 360
1698250 362
1698260 364
1698270 364
1698280 367
1698290 368
1698300 368
1698310 369
1698320 370
1698330 372
1698340 372
1698350 374
1698360 374
1698370 374
1698380 372
1698390 371
1698400 371
1698410 370
1698420 369
1698430 369
1698440 368
1698450 365
1698460 365
1698470 363
1698480 361
1698490 361
1698500 360
1698510 357
1698520 354
1698530 354
1698540 354
1698550 359
1698560 359
1698570 359
1698580 358
1698590 358
1698600 358
1698610 358
1698620 358
1698630 358
1698640 358
1698650 358
1698660 358
1698670 357
1698680 357
1698690 357
1698700 357
1698710 356
1698720 356
1698730 355
1698740 354
1698750 354
1698760 353
1698770 353
1698780 353
1698790 352
1698800 352
1698810 352
1698820 351
1698830 350
1698840 350
1698850 348
1698860 347
1698870 347
1698880 346
1698890 345
1698900 345
1698910 344
1698920 343
1698930 341
1698940 341
1698950 339
1698960 338
1698970 338
1698980 338
1698990 337
1699000 337
1699010 337
1699020 337
1699030 337
1699040 337
1699050 336
1699060 336
1699070 336
1699080 337
1699090 337
1699100 337
1699110 337
1699120 336
1699130 336
1699140 336
1699150 336
1699160 336
1699170 336
1699180 336
1699190 336
1699200 337
1699210 338
1699220 338
1699230 339
1699240 340
1699250 340
1699260 341
1699270 343
1699280 343
1699290 345
1699300 347
1699310 350
1699320 350
1699330 353
1699340 355
1699350 355
1699360 356
1699370 356
1699380 356
1699390 359
1699400 362
1699410 362
1699420 365
1699430 366
1699440 366
1699450 366
1699460 367
1699470 367
1699480 370
1699490 372
1699500 375
1699510 375
1699520 377
1699530 378
1699540 378
1699550 380
1699560 381
1699570 381
1699580 383
1699590 384
1699600 384
1699610 385
1699620 385
1699630 385
1699640 384
1699650 384
1699660 384
1699670 383
1699680 382
1699690 381
1699700 381
1699710 379
1699720 377
1699730 377
1699740 375
1699750 374
1699760 374
1699770 373
1699780 372
1699790 372
1699800 371
1699810 370
1699820 370
1699830 369
1699840 368
1699850 368
1699860 367
1699870 366
1699880 366
1699890 365
1699900 364
1699910 362
1699920 362
1699930 361
1699940 361
1699950 361
1699960 359
1699970 358
1699980 358
1699990 357
