1680000 1076
1680010 1075
1680020 1074
1680030 1074
1680040 1073
1680050 1073
1680060 1073
1680070 1071
1680080 1068
1680090 1068
1680100 1064
1680110 1062
1680120 1057
1680130 1057
1680140 1053
1680150 1052
1680160 1052
1680170 1057
1680180 1064
1680190 1064
1680200 1067
1680210 1070
1680220 1070
1680230 1073
1680240 1076
1680250 1076
1680260 1079
1680270 1083
1680280 1083
1680290 1086
1680300 1088
1680310 1092
1680320 1092
1680330 1095
1680340 1097
1680350 1097
1680360 1100
1680370 1103
1680380 1103
1680390 1107
1680400 1110
1680410 1110
1680420 1113
1680430 1117
1680440 1117
1680450 1119
1680460 1122
1680470 1122
1680480 1124
1680490 1126
1680500 1128
1680510 1128
1680520 1130
1680530 1132
1680540 1132
1680550 1134
1680560 1137
1680570 1137
1680580 1139
1680590 1141
1680600 1141
1680610 1143
1680620 1144
1680630 1144
1680640 1147
1680650 1148
1680660 1148
1680670 1150
1680680 1152
1680690 1152
1680700 1153
1680710 1154
1680720 1156
1680730 1156
1680740 1157
1680750 1158
1680760 1158
1680770 1159
1680780 1161
1680790 1161
1680800 1162
1680810 1162
1680820 1162
1680830 1163
1680840 1164
1680850 1164
1680860 1165
1680870 1166
1680880 1166
1680890 1166
1680900 1167
1680910 1167
1680920 1167
1680930 1167
1680940 1167
1680950 1167
1680960 1167
1680970 1167
1680980 1167
1680990 1167
1681000 1167
1681010 1167
1681020 1167
1681030 1166
1681040 1166
1681050 1165
1681060 1163
1681070 1163
1681080 1161
1681090 1158
1681100 1155
1681110 1155
1681120 1153
1681130 1151
1681140 1151
1681150 1148
1681160 1148
1681170 1148
1681180 1146
1681190 1145
1681200 1145
1681210 1144
1681220 1142
1681230 1142
1681240 1138
1681250 1135
1681260 1135
1681270 1132
1681280 1130
1681290 1129
1681300 1129
1681310 1127
1681320 1126
1681330 1126
1681340 1124
1681350 1122
1681360 1122
1681370 1120
1681380 1116
1681390 1116
1681400 1110
1681410 1104
1681420 1104
1681430 1099
1681440 1096
1681450 1096
1681460 1097
1681470 1100
1681480 1104
1681490 1104
1681500 1108
1681510 1111
1681520 1111
1681530 1114
1681540 1118
1681550 1118
1681560 1121
1681570 1125
1681580 1125
1681590 1129
1681600 1132
1681610 1132
1681620 1135
1681630 1138
1681640 1138
1681650 1141
1681660 1144
1681670 1144
1681680 1147
1681690 1149
1681700 1151
1681710 1151
1681720 1154
1681730 1157
1681740 1157
1681750 1158
1681760 1160
1681770 1160
1681780 1161
1681790 1163
1681800 1163
1681810 1164
1681820 1165
1681830 1165
1681840 1166
1681850 1167
1681860 1167
1681870 1169
1681880 1171
1681890 1172
1681900 1172
1681910 1173
1681920 1176
1681930 1176
1681940 1179
1681950 1183
1681960 1183
1681970 1186
1681980 1191
1681990 1191
1682000 1195
1682010 1198
1682020 1198
1682030 1202
1682040 1203
1682050 1203
1682060 1205
1682070 1207
1682080 1208
1682090 1208
1682100 1210
1682110 1213
1682120 1213
1682130 1215
1682140 1218
1682150 1218
1682160 1220
1682170 1223
1682180 1223
1682190 1225
1682200 1228
1682210 1228
1682220 1230
1682230 1232
1682240 1232
1682250 1234
1682260 1237
1682270 1240
1682280 1240
1682290 1243
1682300 1247
1682310 1247
1682320 1249
1682330 1251
1682340 1251
1682350 1255
1682360 1258
1682370 1258
1682380 1260
1682390 1262
1682400 1262
1682410 1265
1682420 1268
1682430 1268
1682440 1271
1682450 1275
1682460 1277
1682470 1277
1682480 1279
1682490 1281
1682500 1281
1682510 1284
1682520 1286
1682530 1286
1682540 1288
1682550 1290
1682560 1290
1682570 1291
1682580 1294
1682590 1294
1682600 1296
1682610 1298
1682620 1298
1682630 1301
1682640 1303
1682650 1303
1682660 1306
1682670 1308
1682680 1310
1682690 1310
1682700 1313
1682710 1315
1682720 1315
1682730 1317
1682740 1320
1682750 1320
1682760 1323
1682770 1325
1682780 1325
1682790 1326
1682800 1329
1682810 1329
1682820 1331
1682830 1333
1682840 1333
1682850 1336
1682860 1338
1682870 1343
1682880 1343
1682890 1346
1682900 1348
1682910 1348
1682920 1350
1682930 1353
1682940 1353
1682950 1355
1682960 1357
1682970 1357
1682980 1358
1682990 1360
1683000 1360
1683010 1362
1683020 1364
1683030 1364
1683040 1366
1683050 1368
1683060 1369
1683070 1369
1683080 1371
1683090 1373
1683100 1373
1683110 1375
1683120 1377
1683130 1377
1683140 1379
1683150 1381
1683160 1381
1683170 1384
1683180 1385
1683190 1385
1683200 1388
1683210 1390
1683220 1390
1683230 1391
1683240 1393
1683250 1394
1683260 1394
1683270 1396
1683280 1398
1683290 1398
1683300 1399
1683310 1401
1683320 1401
1683330 1402
1683340 1403
1683350 1403
1683360 1403
1683370 1404
1683380 1404
1683390 1404
1683400 1405
1683410 1405
1683420 1406
1683430 1408
1683440 1408
1683450 1408
1683460 1407
1683470 1406
1683480 1406
1683490 1404
1683500 1403
1683510 1403
1683520 1401
1683530 1398
1683540 1398
1683550 1397
1683560 1395
1683570 1395
1683580 1393
1683590 1391
1683600 1391
1683610 1389
1683620 1386
1683630 1386
1683640 1384
1683650 1382
1683660 1380
1683670 1380
1683680 1378
1683690 1376
1683700 1376
1683710 1374
1683720 1373
1683730 1373
1683740 1372
1683750 1370
1683760 1370
1683770 1367
1683780 1365
1683790 1365
1683800 1364
1683810 1361
1683820 1361
1683830 1359
1683840 1356
1683850 1355
1683860 1355
1683870 1353
1683880 1351
1683890 1351
1683900 1350
1683910 1349
1683920 1349
1683930 1348
1683940 1345
1683950 1345
1683960 1344
1683970 1342
1683980 1342
1683990 1340
1684000 1337
1684010 1337
1684020 1335
1684030 1333
1684040 1332
1684050 1332
1684060 1332
1684070 1330
1684080 1330
1684090 1327
1684100 1324
1684110 1324
1684120 1322
1684130 1319
1684140 1319
1684150 1316
1684160 1312
1684170 1312
1684180 1309
1684190 1307
1684200 1307
1684210 1306
1684220 1303
1684230 1301
1684240 1301
1684250 1299
1684260 1299
1684270 1299
1684280 1298
1684290 1297
1684300 1297
1684310 1295
1684320 1294
1684330 1294
1684340 1293
1684350 1292
1684360 1292
1684370 1291
1684380 1290
1684390 1290
1684400 1288
1684410 1288
1684420 1287
1684430 1287
1684440 1287
1684450 1286
1684460 1286
1684470 1285
1684480 1284
1684490 1284
1684500 1284
1684510 1284
1684520 1284
1684530 1283
1684540 1282
1684550 1282
1684560 1281
1684570 1281
1684580 1281
1684590 1281
1684600 1280
1684610 1280
1684620 1280
1684630 1280
1684640 1279
1684650 1279
1684660 1279
1684670 1279
1684680 1279
1684690 1278
1684700 1277
1684710 1277
1684720 1278
1684730 1278
1684740 1278
1684750 1276
1684760 1274
1684770 1274
1684780 1273
1684790 1272
1684800 1272
1684810 1271
1684820 1270
1684830 1269
1684840 1269
1684850 1268
1684860 1266
1684870 1266
1684880 1265
1684890 1264
1684900 1264
1684910 1262
1684920 1261
1684930 1261
1684940 1260
1684950 1259
1684960 1259
1684970 1258
1684980 1257
1684990 1257
1685000 1256
1685010 1254
1685020 1253
1685030 1253
1685040 1252
1685050 1251
1685060 1251
1685070 1249
1685080 1248
1685090 1248
1685100 1247
1685110 1246
1685120 1246
1685130 1245
1685140 1243
1685150 1243
1685160 1242
1685170 1241
1685180 1241
1685190 1240
1685200 1238
1685210 1233
1685220 1233
1685230 1230
1685240 1228
1685250 1228
1685260 1226
1685270 1225
1685280 1225
1685290 1223
1685300 1222
1685310 1222
1685320 1221
1685330 1220
1685340 1220
1685350 1220
1685360 1220
1685370 1220
1685380 1219
1685390 1219
1685400 1220
1685410 1220
1685420 1220
1685430 1221
1685440 1221
1685450 1221
1685460 1222
1685470 1222
1685480 1223
1685490 1223
1685500 1223
1685510 1224
1685520 1224
1685530 1224
1685540 1224
1685550 1224
1685560 1224
1685570 1224
1685580 1223
1685590 1223
1685600 1222
1685610 1222
1685620 1221
1685630 1221
1685640 1220
1685650 1219
1685660 1219
1685670 1218
1685680 1217
1685690 1217
1685700 1216
1685710 1216
1685720 1216
1685730 1214
1685740 1212
1685750 1212
1685760 1210
1685770 1209
1685780 1209
1685790 1208
1685800 1207
1685810 1206
1685820 1206
1685830 1204
1685840 1202
1685850 1202
1685860 1201
1685870 1199
1685880 1199
1685890 1197
1685900 1195
1685910 1195
1685920 1192
1685930 1189
1685940 1189
1685950 1188
1685960 1186
1685970 1186
1685980 1183
1685990 1181
1686000 1181
1686010 1181
1686020 1180
1686030 1179
1686040 1179
1686050 1176
1686060 1173
1686070 1173
1686080 1171
1686090 1168
1686100 1168
1686110 1166
1686120 1165
1686130 1165
1686140 1164
1686150 1163
1686160 1163
1686170 1163
1686180 1162
1686190 1160
1686200 1160
1686210 1158
1686220 1156
1686230 1156
1686240 1155
1686250 1154
1686260 1154
1686270 1153
1686280 1151
1686290 1151
1686300 1149
1686310 1147
1686320 1147
1686330 1146
1686340 1145
1686350 1145
1686360 1144
1686370 1143
1686380 1140
1686390 1140
1686400 1138
1686410 1136
1686420 1136
1686430 1135
1686440 1134
1686450 1134
1686460 1131
1686470 1130
1686480 1130
1686490 1129
1686500 1128
1686510 1128
1686520 1127
1686530 1126
1686540 1126
1686550 1124
1686560 1123
1686570 1123
1686580 1123
1686590 1122
1686600 1120
1686610 1120
1686620 1117
1686630 1114
1686640 1114
1686650 1110
1686660 1105
1686670 1105
1686680 1103
1686690 1101
1686700 1101
1686710 1101
1686720 1102
1686730 1102
1686740 1102
1686750 1102
1686760 1102
1686770 1101
1686780 1101
1686790 1100
1686800 1100
1686810 1100
1686820 1099
1686830 1099
1686840 1098
1686850 1097
1686860 1097
1686870 1096
1686880 1095
1686890 1095
1686900 1093
1686910 1091
1686920 1091
1686930 1089
1686940 1088
1686950 1088
1686960 1087
1686970 1085
1686980 1084
1686990 1084
1687000 1081
1687010 1079
1687020 1079
1687030 1076
1687040 1074
1687050 1074
1687060 1072
1687070 1071
1687080 1071
1687090 1068
1687100 1065
1687110 1065
1687120 1063
1687130 1061
1687140 1061
1687150 1058
1687160 1054
1687170 1052
1687180 1052
1687190 1051
1687200 1050
1687210 1050
1687220 1048
1687230 1045
1687240 1045
1687250 1043
1687260 1041
1687270 1041
1687280 1038
1687290 1034
1687300 1034
1687310 1030
1687320 1028
1687330 1028
1687340 1027
1687350 1026
1687360 1026
1687370 1025
1687380 1024
1687390 1023
1687400 1023
1687410 1023
1687420 1023
1687430 1023
1687440 1022
1687450 1022
1687460 1022
1687470 1021
1687480 1020
1687490 1020
1687500 1019
1687510 1019
1687520 1019
1687530 1019
1687540 1017
1687550 1017
1687560 1014
1687570 1012
1687580 1010
1687590 1010
1687600 1008
1687610 1006
1687620 1006
1687630 1005
1687640 1002
1687650 1002
1687660 1000
1687670 998
1687680 998
1687690 996
1687700 994
1687710 994
1687720 992
1687730 990
1687740 990
1687750 987
1687760 985
1687770 984
1687780 984
1687790 982
1687800 981
1687810 981
1687820 980
1687830 978
1687840 978
1687850 974
1687860 971
1687870 971
1687880 967
1687890 961
1687900 961
1687910 961
1687920 964
1687930 964
1687940 965
1687950 970
1687960 975
1687970 975
1687980 978
1687990 980
1688000 980
1688010 981
1688020 984
1688030 984
1688040 986
1688050 988
1688060 988
1688070 990
1688080 992
1688090 992
1688100 993
1688110 995
1688120 995
1688130 996
1688140 998
1688150 998
1688160 998
1688170 998
1688180 998
1688190 998
1688200 997
1688210 998
1688220 998
1688230 999
1688240 999
1688250 999
1688260 1001
1688270 1002
1688280 1002
1688290 1003
1688300 1004
1688310 1004
1688320 1005
1688330 1004
1688340 1004
1688350 1006
1688360 1007
1688370 1008
1688380 1008
1688390 1010
1688400 1011
1688410 1011
1688420 1013
1688430 1015
1688440 1015
1688450 1017
1688460 1018
1688470 1018
1688480 1019
1688490 1019
1688500 1019
1688510 1019
1688520 1019
1688530 1019
1688540 1019
1688550 1018
1688560 1017
1688570 1017
1688580 1016
1688590 1015
1688600 1015
1688610 1014
1688620 1013
1688630 1013
1688640 1012
1688650 1011
1688660 1011
1688670 1010
1688680 1009
1688690 1009
1688700 1008
1688710 1007
1688720 1007
1688730 1006
1688740 1005
1688750 1004
1688760 1004
1688770 1003
1688780 1002
1688790 1002
1688800 1001
1688810 1001
1688820 1001
1688830 1000
1688840 998
1688850 998
1688860 998
1688870 995
1688880 995
1688890 993
1688900 991
1688910 991
1688920 990
1688930 988
1688940 987
1688950 987
1688960 985
1688970 983
1688980 983
1688990 981
1689000 979
1689010 979
1689020 977
1689030 974
1689040 974
1689050 972
1689060 970
1689070 970
1689080 969
1689090 968
1689100 968
1689110 966
1689120 965
1689130 963
1689140 963
1689150 962
1689160 961
1689170 961
1689180 960
1689190 958
1689200 958
1689210 957
1689220 956
1689230 956
1689240 955
1689250 953
1689260 953
1689270 952
1689280 950
1689290 950
1689300 949
1689310 947
1689320 947
1689330 945
1689340 943
1689350 941
1689360 941
1689370 939
1689380 937
1689390 937
1689400 934
1689410 931
1689420 931
1689430 929
1689440 927
1689450 927
1689460 925
1689470 924
1689480 924
1689490 922
1689500 918
1689510 918
1689520 915
1689530 912
1689540 912
1689550 912
1689560 911
1689570 910
1689580 910
1689590 909
1689600 909
1689610 909
1689620 908
1689630 907
1689640 907
1689650 906
1689660 905
1689670 905
1689680 905
1689690 905
1689700 905
1689710 905
1689720 905
1689730 904
1689740 904
1689750 904
1689760 905
1689770 905
1689780 906
1689790 905
1689800 905
1689810 905
1689820 906
1689830 906
1689840 906
1689850 907
1689860 907
1689870 908
1689880 910
1689890 910
1689900 911
1689910 911
1689920 912
1689930 912
1689940 912
1689950 912
1689960 912
1689970 912
1689980 911
1689990 911
1690000 911
1690010 910
1690020 910
1690030 909
1690040 908
1690050 908
1690060 907
1690070 906
1690080 906
1690090 905
1690100 903
1690110 900
1690120 900
1690130 898
1690140 894
1690150 894
1690160 891
1690170 887
1690180 887
1690190 883
1690200 882
1690210 882
1690220 880
1690230 879
1690240 879
1690250 879
1690260 879
1690270 879
1690280 880
1690290 879
1690300 879
1690310 879
1690320 879
1690330 879
1690340 879
1690350 878
1690360 878
1690370 878
1690380 877
1690390 877
1690400 877
1690410 876
1690420 875
1690430 875
1690440 875
1690450 873
1690460 873
1690470 871
1690480 869
1690490 869
1690500 865
1690510 860
1690520 855
1690530 855
1690540 853
1690550 852
1690560 852
1690570 848
1690580 842
1690590 842
1690600 837
1690610 840
1690620 840
1690630 841
1690640 845
1690650 845
1690660 845
1690670 843
1690680 843
1690690 842
1690700 840
1690710 839
1690720 839
1690730 837
1690740 837
1690750 837
1690760 836
1690770 833
1690780 833
1690790 830
1690800 824
1690810 824
1690820 821
1690830 819
1690840 819
1690850 817
1690860 815
1690870 815
1690880 814
1690890 811
1690900 809
1690910 809
1690920 806
1690930 801
1690940 801
1690950 795
1690960 792
1690970 792
1690980 787
1690990 784
1691000 784
1691010 783
1691020 783
1691030 783
1691040 783
1691050 782
1691060 782
1691070 781
1691080 778
1691090 776
1691100 776
1691110 776
1691120 771
1691130 771
1691140 768
1691150 764
1691160 764
1691170 760
1691180 757
1691190 757
1691200 755
1691210 759
1691220 759
1691230 762
1691240 760
1691250 760
1691260 757
1691270 754
1691280 754
1691290 751
1691300 748
1691310 745
1691320 745
1691330 742
1691340 738
1691350 738
1691360 734
1691370 730
1691380 730
1691390 726
1691400 722
1691410 722
1691420 718
1691430 715
1691440 715
1691450 713
1691460 713
1691470 713
1691480 713
1691490 710
1691500 706
1691510 706
1691520 701
1691530 695
1691540 695
1691550 688
1691560 679
1691570 679
1691580 673
1691590 672
1691600 672
1691610 678
1691620 680
1691630 680
1691640 680
1691650 680
1691660 680
1691670 680
1691680 681
1691690 680
1691700 680
1691710 679
1691720 677
1691730 677
1691740 676
1691750 681
1691760 681
1691770 688
1691780 688
1691790 688
1691800 685
1691810 679
1691820 679
1691830 674
1691840 675
1691850 675
1691860 674
1691870 675
1691880 678
1691890 678
1691900 679
1691910 678
1691920 678
1691930 678
1691940 677
1691950 677
1691960 677
1691970 678
1691980 678
1691990 679
1692000 680
1692010 680
1692020 681
1692030 680
1692040 680
1692050 677
1692060 673
1692070 667
1692080 667
1692090 667
1692100 665
1692110 665
1692120 663
1692130 659
1692140 659
1692150 659
1692160 660
1692170 660
1692180 662
1692190 662
1692200 662
1692210 659
1692220 658
1692230 658
1692240 659
1692250 660
1692260 660
1692270 659
1692280 659
1692290 659
1692300 659
1692310 657
1692320 658
1692330 658
1692340 659
1692350 659
1692360 659
1692370 659
1692380 658
1692390 658
1692400 657
1692410 655
1692420 655
1692430 653
1692440 651
1692450 651
1692460 650
1692470 647
1692480 644
1692490 644
1692500 642
1692510 639
1692520 639
1692530 636
1692540 633
1692550 633
1692560 630
1692570 627
1692580 627
1692590 625
1692600 623
1692610 623
1692620 621
1692630 616
1692640 616
1692650 611
1692660 602
1692670 605
1692680 605
1692690 605
1692700 604
1692710 604
1692720 600
1692730 604
1692740 604
1692750 604
1692760 604
1692770 604
1692780 599
1692790 593
1692800 593
1692810 596
1692820 597
1692830 597
1692840 598
1692850 599
1692860 599
1692870 599
1692880 599
1692890 598
1692900 598
1692910 597
1692920 598
1692930 598
1692940 596
1692950 595
1692960 595
1692970 592
1692980 589
1692990 589
1693000 592
1693010 592
1693020 592
1693030 592
1693040 593
1693050 594
1693060 594
1693070 592
1693080 593
1693090 593
1693100 595
1693110 597
1693120 597
1693130 599
1693140 602
1693150 602
1693160 604
1693170 605
1693180 605
1693190 603
1693200 601
1693210 601
1693220 598
1693230 595
1693240 595
1693250 594
1693260 594
1693270 595
1693280 595
1693290 596
1693300 598
1693310 598
1693320 600
1693330 602
1693340 602
1693350 603
1693360 604
1693370 604
1693380 605
1693390 605
1693400 605
1693410 605
1693420 604
1693430 604
1693440 603
1693450 602
1693460 600
1693470 600
1693480 598
1693490 596
1693500 596
1693510 594
1693520 591
1693530 591
1693540 589
1693550 586
1693560 586
1693570 584
1693580 581
1693590 581
1693600 577
1693610 573
1693620 573
1693630 570
1693640 568
1693650 566
1693660 566
1693670 564
1693680 563
1693690 563
1693700 558
1693710 558
1693720 558
1693730 557
1693740 552
1693750 552
1693760 547
1693770 542
1693780 542
1693790 537
1693800 541
1693810 541
1693820 544
1693830 550
1693840 555
1693850 555
1693860 563
1693870 568
1693880 568
1693890 573
1693900 577
1693910 577
1693920 580
1693930 581
1693940 581
1693950 581
1693960 581
1693970 581
1693980 578
1693990 578
1694000 578
1694010 576
1694020 574
1694030 571
1694040 571
1694050 568
1694060 566
1694070 566
1694080 562
1694090 560
1694100 560
1694110 559
1694120 557
1694130 557
1694140 554
1694150 553
1694160 553
1694170 551
1694180 550
1694190 550
1694200 548
1694210 547
1694220 547
1694230 544
1694240 540
1694250 537
1694260 537
1694270 534
1694280 531
1694290 531
1694300 528
1694310 523
1694320 523
1694330 520
1694340 520
1694350 520
1694360 520
1694370 519
1694380 519
1694390 519
1694400 518
1694410 518
1694420 517
1694430 517
1694440 517
1694450 517
1694460 516
1694470 515
1694480 515
1694490 514
1694500 513
1694510 513
1694520 512
1694530 510
1694540 510
1694550 509
1694560 508
1694570 508
1694580 508
1694590 508
1694600 508
1694610 507
1694620 506
1694630 505
1694640 505
1694650 503
1694660 500
1694670 500
1694680 495
1694690 497
1694700 497
1694710 499
1694720 499
1694730 499
1694740 497
1694750 497
1694760 497
1694770 497
1694780 495
1694790 495
1694800 493
1694810 491
1694820 490
1694830 490
1694840 488
1694850 486
1694860 486
1694870 483
1694880 480
1694890 480
1694900 481
1694910 482
1694920 482
1694930 483
1694940 484
1694950 484
1694960 484
1694970 485
1694980 485
1694990 486
1695000 486
1695010 486
1695020 486
1695030 487
1695040 487
1695050 487
1695060 486
1695070 485
1695080 485
1695090 483
1695100 480
1695110 480
1695120 479
1695130 479
1695140 479
1695150 479
1695160 479
1695170 479
1695180 479
1695190 479
1695200 479
1695210 478
1695220 477
1695230 476
1695240 476
1695250 473
1695260 471
1695270 471
1695280 469
1695290 469
1695300 469
1695310 467
1695320 466
1695330 466
1695340 463
1695350 457
1695360 457
1695370 454
1695380 452
1695390 452
1695400 449
1695410 444
1695420 438
1695430 438
1695440 439
1695450 440
1695460 440
1695470 441
1695480 442
1695490 442
1695500 441
1695510 439
1695520 439
1695530 438
1695540 437
1695550 437
1695560 435
1695570 432
1695580 432
1695590 429
1695600 427
1695610 424
1695620 424
1695630 425
1695640 425
1695650 425
1695660 425
1695670 427
1695680 427
1695690 432
1695700 437
1695710 437
1695720 442
1695730 448
1695740 448
1695750 452
1695760 454
1695770 454
1695780 456
1695790 457
1695800 457
1695810 457
1695820 458
1695830 458
1695840 458
1695850 459
1695860 460
1695870 460
1695880 460
1695890 460
1695900 460
1695910 461
1695920 462
1695930 462
1695940 463
1695950 465
1695960 465
1695970 466
1695980 467
1695990 468
1696000 468
1696010 469
1696020 471
1696030 471
1696040 472
1696050 473
1696060 473
1696070 475
1696080 475
1696090 475
1696100 472
1696110 471
1696120 471
1696130 471
1696140 465
1696150 465
1696160 463
1696170 462
1696180 462
1696190 461
1696200 461
1696210 460
1696220 460
1696230 459
1696240 459
1696250 459
1696260 458
1696270 457
1696280 457
1696290 456
1696300 455
1696310 455
1696320 454
1696330 453
1696340 453
1696350 452
1696360 450
1696370 450
1696380 448
1696390 445
1696400 444
1696410 444
1696420 443
1696430 441
1696440 441
1696450 440
1696460 439
1696470 439
1696480 438
1696490 436
1696500 436
1696510 434
1696520 432
1696530 432
1696540 430
1696550 428
1696560 428
1696570 424
1696580 420
1696590 417
1696600 417
1696610 414
1696620 412
1696630 412
1696640 408
1696650 406
1696660 406
1696670 404
1696680 402
1696690 402
1696700 403
1696710 401
1696720 401
1696730 400
1696740 398
1696750 398
1696760 397
1696770 396
1696780 393
1696790 393
1696800 392
1696810 391
1696820 391
1696830 390
1696840 388
1696850 388
1696860 383
1696870 379
1696880 379
1696890 384
1696900 385
1696910 385
1696920 384
1696930 385
1696940 385
1696950 386
1696960 384
1696970 386
1696980 386
1696990 386
1697000 387
1697010 387
1697020 386
1697030 385
1697040 385
1697050 384
1697060 385
1697070 385
1697080 385
1697090 386
1697100 386
1697110 387
1697120 387
1697130 387
1697140 387
1697150 387
1697160 387
1697170 387
1697180 387
1697190 387
1697200 387
1697210 387
1697220 386
1697230 386
1697240 385
1697250 384
1697260 384
1697270 383
1697280 381
1697290 381
1697300 380
1697310 378
1697320 378
1697330 377
1697340 375
1697350 375
1697360 374
1697370 373
1697380 372
1697390 372
1697400 369
1697410 368
1697420 368
1697430 365
1697440 364
1697450 364
1697460 362
1697470 361
1697480 361
1697490 359
1697500 358
1697510 358
1697520 357
1697530 357
1697540 357
1697550 355
1697560 354
1697570 353
1697580 353
1697590 352
1697600 351
1697610 351
1697620 351
1697630 351
1697640 351
1697650 350
1697660 350
1697670 350
1697680 350
1697690 350
1697700 350
1697710 349
1697720 349
1697730 349
1697740 349
1697750 349
1697760 349
1697770 349
1697780 349
1697790 349
1697800 349
1697810 352
1697820 354
1697830 354
1697840 355
1697850 355
1697860 355
1697870 355
1697880 355
1697890 355
1697900 355
1697910 355
1697920 355
1697930 355
1697940 355
1697950 355
1697960 354
1697970 352
1697980 353
1697990 353
1698000 353
1698010 353
1698020 353
1698030 353
1698040 352
1698050 352
1698060 352
1698070 352
1698080 352
1698090 351
1698100 351
1698110 351
1698120 350
1698130 349
1698140 349
1698150 349
1698160 347
1698170 347
1698180 347
1698190 347
1698200 348
1698210 348
1698220 349
1698230 351
1698240 351
1698250 352
1698260 354
1698270 354
1698280 354
1698290 355
1698300 355
1698310 355
1698320 355
1698330 355
1698340 355
1698350 355
1698360 355
1698370 355
1698380 355
1698390 354
1698400 354
1698410 354
1698420 354
1698430 354
1698440 354
1698450 354
1698460 354
1698470 353
1698480 353
1698490 353
1698500 352
1698510 352
1698520 352
1698530 351
1698540 350
1698550 348
1698560 348
1698570 347
1698580 346
1698590 346
1698600 345
1698610 344
1698620 344
1698630 343
1698640 342
1698650 342
1698660 342
1698670 340
1698680 340
1698690 339
1698700 339
1698710 339
1698720 339
1698730 339
1698740 338
1698750 338
1698760 338
1698770 338
1698780 338
1698790 337
1698800 338
1698810 338
1698820 338
1698830 338
1698840 338
1698850 338
1698860 338
1698870 338
1698880 338
1698890 338
1698900 338
1698910 338
1698920 338
1698930 338
1698940 337
1698950 337
1698960 337
1698970 337
1698980 337
1698990 337
1699000 337
1699010 337
1699020 337
1699030 337
1699040 337
1699050 338
1699060 338
1699070 338
1699080 339
1699090 339
1699100 340
1699110 340
1699120 340
1699130 341
1699140 342
1699150 344
1699160 344
1699170 346
1699180 347
1699190 347
1699200 348
1699210 350
1699220 350
1699230 351
1699240 353
1699250 353
1699260 355
1699270 356
1699280 356
1699290 357
1699300 359
1699310 359
1699320 360
1699330 363
1699340 367
1699350 367
1699360 367
1699370 369
1699380 369
1699390 370
1699400 370
1699410 370
1699420 371
1699430 373
1699440 373
1699450 375
1699460 377
1699470 377
1699480 379
1699490 380
1699500 380
1699510 382
1699520 385
1699530 386
1699540 386
1699550 385
1699560 383
1699570 383
1699580 382
1699590 380
1699600 380
1699610 379
1699620 378
1699630 378
1699640 376
1699650 375
1699660 375
1699670 374
1699680 373
1699690 373
1699700 372
1699710 371
1699720 370
1699730 370
1699740 369
1699750 368
1699760 368
1699770 365
1699780 360
1699790 360
1699800 357
1699810 359
1699820 359
1699830 362
1699840 362
1699850 362
1699860 361
1699870 359
1699880 359
1699890 356
1699900 354
1699910 354
1699920 352
1699930 350
1699940 350
1699950 350
1699960 349
1699970 348
1699980 348
1699990 348
