1680000 1062
1680010 1064
1680020 1065
1680030 1065
1680040 1067
1680050 1068
1680060 1068
1680070 1068
1680080 1067
1680090 1067
1680100 1065
1680110 1061
1680120 1061
1680130 1056
1680140 1051
1680150 1046
1680160 1046
1680170 1041
1680180 1036
1680190 1036
1680200 1031
1680210 1031
1680220 1031
1680230 1029
1680240 1028
1680250 1028
1680260 1027
1680270 1026
1680280 1026
1680290 1025
1680300 1025
1680310 1025
1680320 1023
1680330 1024
1680340 1024
1680350 1025
1680360 1026
1680370 1029
1680380 1029
1680390 1028
1680400 1029
1680410 1029
1680420 1030
1680430 1032
1680440 1032
1680450 1033
1680460 1035
1680470 1035
1680480 1036
1680490 1036
1680500 1036
1680510 1037
1680520 1040
1680530 1040
1680540 1043
1680550 1046
1680560 1048
1680570 1048
1680580 1049
1680590 1049
1680600 1049
1680610 1050
1680620 1050
1680630 1050
1680640 1052
1680650 1052
1680660 1052
1680670 1056
1680680 1059
1680690 1059
1680700 1061
1680710 1063
1680720 1063
1680730 1066
1680740 1069
1680750 1072
1680760 1072
1680770 1073
1680780 1075
1680790 1075
1680800 1077
1680810 1080
1680820 1080
1680830 1081
1680840 1083
1680850 1083
1680860 1084
1680870 1085
1680880 1085
1680890 1087
1680900 1087
1680910 1087
1680920 1087
1680930 1088
1680940 1089
1680950 1089
1680960 1089
1680970 1087
1680980 1087
1680990 1083
1681000 1079
1681010 1079
1681020 1076
1681030 1073
1681040 1073
1681050 1071
1681060 1071
1681070 1071
1681080 1071
1681090 1071
1681100 1071
1681110 1073
1681120 1074
1681130 1074
1681140 1075
1681150 1078
1681160 1082
1681170 1082
1681180 1085
1681190 1088
1681200 1088
1681210 1091
1681220 1093
1681230 1093
1681240 1095
1681250 1096
1681260 1096
1681270 1095
1681280 1096
1681290 1096
1681300 1097
1681310 1097
1681320 1097
1681330 1097
1681340 1097
1681350 1097
1681360 1097
1681370 1097
1681380 1096
1681390 1096
1681400 1097
1681410 1099
1681420 1099
1681430 1102
1681440 1106
1681450 1106
1681460 1110
1681470 1114
1681480 1114
1681490 1119
1681500 1122
1681510 1122
1681520 1124
1681530 1127
1681540 1130
1681550 1130
1681560 1133
1681570 1136
1681580 1136
1681590 1139
1681600 1143
1681610 1143
1681620 1147
1681630 1150
1681640 1150
1681650 1153
1681660 1156
1681670 1156
1681680 1159
1681690 1161
1681700 1161
1681710 1164
1681720 1166
1681730 1168
1681740 1168
1681750 1169
1681760 1171
1681770 1171
1681780 1173
1681790 1175
1681800 1175
1681810 1177
1681820 1179
1681830 1179
1681840 1180
1681850 1183
1681860 1183
1681870 1185
1681880 1186
1681890 1186
1681900 1188
1681910 1190
1681920 1190
1681930 1191
1681940 1193
1681950 1195
1681960 1195
1681970 1196
1681980 1198
1681990 1198
1682000 1200
1682010 1202
1682020 1202
1682030 1204
1682040 1205
1682050 1205
1682060 1207
1682070 1209
1682080 1209
1682090 1210
1682100 1212
1682110 1212
1682120 1214
1682130 1216
1682140 1217
1682150 1217
1682160 1219
1682170 1221
1682180 1221
1682190 1222
1682200 1223
1682210 1223
1682220 1222
1682230 1224
1682240 1224
1682250 1226
1682260 1227
1682270 1227
1682280 1228
1682290 1229
1682300 1229
1682310 1231
1682320 1233
1682330 1235
1682340 1235
1682350 1237
1682360 1238
1682370 1238
1682380 1239
1682390 1238
1682400 1238
1682410 1239
1682420 1242
1682430 1242
1682440 1244
1682450 1248
1682460 1248
1682470 1252
1682480 1254
1682490 1254
1682500 1256
1682510 1258
1682520 1260
1682530 1260
1682540 1261
1682550 1264
1682560 1264
1682570 1266
1682580 1268
1682590 1268
1682600 1271
1682610 1273
1682620 1273
1682630 1277
1682640 1279
1682650 1279
1682660 1281
1682670 1282
1682680 1282
1682690 1284
1682700 1287
1682710 1289
1682720 1289
1682730 1290
1682740 1292
1682750 1292
1682760 1294
1682770 1297
1682780 1297
1682790 1299
1682800 1300
1682810 1300
1682820 1302
1682830 1304
1682840 1304
1682850 1307
1682860 1309
1682870 1309
1682880 1311
1682890 1312
1682900 1312
1682910 1314
1682920 1317
1682930 1320
1682940 1320
1682950 1322
1682960 1324
1682970 1324
1682980 1326
1682990 1328
1683000 1328
1683010 1330
1683020 1332
1683030 1332
1683040 1333
1683050 1335
1683060 1335
1683070 1336
1683080 1338
1683090 1338
1683100 1339
1683110 1341
1683120 1342
1683130 1342
1683140 1344
1683150 1345
1683160 1345
1683170 1346
1683180 1347
1683190 1347
1683200 1347
1683210 1348
1683220 1348
1683230 1348
1683240 1349
1683250 1349
1683260 1349
1683270 1349
1683280 1349
1683290 1350
1683300 1350
1683310 1350
1683320 1350
1683330 1350
1683340 1350
1683350 1350
1683360 1349
1683370 1349
1683380 1349
1683390 1349
1683400 1349
1683410 1349
1683420 1348
1683430 1348
1683440 1348
1683450 1347
1683460 1347
1683470 1347
1683480 1347
1683490 1346
1683500 1345
1683510 1345
1683520 1344
1683530 1342
1683540 1342
1683550 1341
1683560 1339
1683570 1339
1683580 1337
1683590 1335
1683600 1335
1683610 1333
1683620 1331
1683630 1331
1683640 1329
1683650 1328
1683660 1328
1683670 1327
1683680 1324
1683690 1324
1683700 1322
1683710 1320
1683720 1318
1683730 1318
1683740 1316
1683750 1316
1683760 1316
1683770 1311
1683780 1308
1683790 1308
1683800 1305
1683810 1303
1683820 1303
1683830 1301
1683840 1299
1683850 1299
1683860 1298
1683870 1297
1683880 1297
1683890 1296
1683900 1294
1683910 1293
1683920 1293
1683930 1290
1683940 1287
1683950 1287
1683960 1285
1683970 1283
1683980 1283
1683990 1280
1684000 1276
1684010 1276
1684020 1274
1684030 1272
1684040 1272
1684050 1270
1684060 1268
1684070 1268
1684080 1265
1684090 1263
1684100 1261
1684110 1261
1684120 1260
1684130 1258
1684140 1258
1684150 1256
1684160 1254
1684170 1254
1684180 1252
1684190 1250
1684200 1250
1684210 1248
1684220 1246
1684230 1246
1684240 1245
1684250 1242
1684260 1242
1684270 1241
1684280 1238
1684290 1234
1684300 1234
1684310 1231
1684320 1227
1684330 1227
1684340 1223
1684350 1219
1684360 1219
1684370 1214
1684380 1210
1684390 1210
1684400 1210
1684410 1209
1684420 1209
1684430 1210
1684440 1209
1684450 1209
1684460 1207
1684470 1205
1684480 1205
1684490 1203
1684500 1202
1684510 1201
1684520 1201
1684530 1200
1684540 1199
1684550 1199
1684560 1198
1684570 1198
1684580 1198
1684590 1197
1684600 1196
1684610 1196
1684620 1197
1684630 1197
1684640 1197
1684650 1197
1684660 1196
1684670 1196
1684680 1194
1684690 1192
1684700 1190
1684710 1190
1684720 1188
1684730 1186
1684740 1186
1684750 1185
1684760 1183
1684770 1183
1684780 1181
1684790 1179
1684800 1179
1684810 1178
1684820 1177
1684830 1177
1684840 1175
1684850 1175
1684860 1175
1684870 1172
1684880 1171
1684890 1169
1684900 1169
1684910 1169
1684920 1167
1684930 1167
1684940 1166
1684950 1164
1684960 1164
1684970 1162
1684980 1160
1684990 1160
1685000 1156
1685010 1150
1685020 1150
1685030 1146
1685040 1143
1685050 1143
1685060 1140
1685070 1136
1685080 1134
1685090 1134
1685100 1134
1685110 1135
1685120 1135
1685130 1137
1685140 1138
1685150 1138
1685160 1141
1685170 1143
1685180 1143
1685190 1145
1685200 1146
1685210 1146
1685220 1148
1685230 1150
1685240 1150
1685250 1152
1685260 1154
1685270 1154
1685280 1155
1685290 1155
1685300 1155
1685310 1155
1685320 1155
1685330 1157
1685340 1157
1685350 1159
1685360 1159
1685370 1159
1685380 1161
1685390 1162
1685400 1162
1685410 1162
1685420 1163
1685430 1163
1685440 1164
1685450 1165
1685460 1165
1685470 1168
1685480 1168
1685490 1167
1685500 1167
1685510 1166
1685520 1165
1685530 1165
1685540 1163
1685550 1160
1685560 1160
1685570 1157
1685580 1155
1685590 1155
1685600 1153
1685610 1151
1685620 1151
1685630 1149
1685640 1146
1685650 1146
1685660 1143
1685670 1140
1685680 1136
1685690 1136
1685700 1132
1685710 1128
1685720 1128
1685730 1125
1685740 1120
1685750 1120
1685760 1116
1685770 1115
1685780 1115
1685790 1116
1685800 1115
1685810 1115
1685820 1115
1685830 1114
1685840 1114
1685850 1113
1685860 1113
1685870 1113
1685880 1113
1685890 1113
1685900 1113
1685910 1113
1685920 1112
1685930 1112
1685940 1112
1685950 1112
1685960 1112
1685970 1112
1685980 1111
1685990 1111
1686000 1111
1686010 1111
1686020 1110
1686030 1110
1686040 1111
1686050 1111
1686060 1111
1686070 1111
1686080 1111
1686090 1111
1686100 1111
1686110 1111
1686120 1111
1686130 1111
1686140 1109
1686150 1110
1686160 1110
1686170 1108
1686180 1108
1686190 1108
1686200 1108
1686210 1107
1686220 1107
1686230 1107
1686240 1106
1686250 1106
1686260 1106
1686270 1104
1686280 1105
1686290 1105
1686300 1104
1686310 1103
1686320 1103
1686330 1102
1686340 1101
1686350 1101
1686360 1100
1686370 1099
1686380 1099
1686390 1097
1686400 1094
1686410 1094
1686420 1091
1686430 1091
1686440 1091
1686450 1089
1686460 1085
1686470 1082
1686480 1082
1686490 1080
1686500 1079
1686510 1079
1686520 1077
1686530 1075
1686540 1075
1686550 1071
1686560 1068
1686570 1068
1686580 1066
1686590 1064
1686600 1064
1686610 1063
1686620 1062
1686630 1062
1686640 1061
1686650 1060
1686660 1057
1686670 1057
1686680 1056
1686690 1054
1686700 1054
1686710 1051
1686720 1049
1686730 1049
1686740 1046
1686750 1042
1686760 1042
1686770 1038
1686780 1035
1686790 1035
1686800 1034
1686810 1032
1686820 1032
1686830 1031
1686840 1029
1686850 1027
1686860 1027
1686870 1024
1686880 1024
1686890 1024
1686900 1023
1686910 1023
1686920 1023
1686930 1022
1686940 1020
1686950 1020
1686960 1018
1686970 1018
1686980 1018
1686990 1018
1687000 1016
1687010 1016
1687020 1016
1687030 1016
1687040 1016
1687050 1016
1687060 1016
1687070 1016
1687080 1016
1687090 1015
1687100 1014
1687110 1014
1687120 1011
1687130 1011
1687140 1011
1687150 1009
1687160 1008
1687170 1008
1687180 1007
1687190 1005
1687200 1005
1687210 1002
1687220 998
1687230 998
1687240 995
1687250 993
1687260 993
1687270 993
1687280 992
1687290 991
1687300 991
1687310 991
1687320 991
1687330 991
1687340 991
1687350 991
1687360 991
1687370 992
1687380 994
1687390 994
1687400 994
1687410 996
1687420 996
1687430 997
1687440 999
1687450 1000
1687460 1000
1687470 1002
1687480 1003
1687490 1003
1687500 1003
1687510 1005
1687520 1005
1687530 1006
1687540 1007
1687550 1007
1687560 1008
1687570 1010
1687580 1010
1687590 1011
1687600 1013
1687610 1013
1687620 1014
1687630 1015
1687640 1016
1687650 1016
1687660 1017
1687670 1018
1687680 1018
1687690 1019
1687700 1020
1687710 1020
1687720 1021
1687730 1022
1687740 1022
1687750 1023
1687760 1024
1687770 1024
1687780 1025
1687790 1025
1687800 1025
1687810 1026
1687820 1027
1687830 1027
1687840 1028
1687850 1029
1687860 1030
1687870 1030
1687880 1031
1687890 1032
1687900 1032
1687910 1033
1687920 1033
1687930 1033
1687940 1034
1687950 1036
1687960 1036
1687970 1035
1687980 1034
1687990 1034
1688000 1034
1688010 1034
1688020 1034
1688030 1034
1688040 1034
1688050 1034
1688060 1034
1688070 1033
1688080 1033
1688090 1033
1688100 1035
1688110 1036
1688120 1036
1688130 1037
1688140 1038
1688150 1038
1688160 1038
1688170 1040
1688180 1040
1688190 1041
1688200 1042
1688210 1042
1688220 1042
1688230 1042
1688240 1043
1688250 1043
1688260 1044
1688270 1044
1688280 1044
1688290 1044
1688300 1043
1688310 1043
1688320 1043
1688330 1042
1688340 1042
1688350 1041
1688360 1041
1688370 1041
1688380 1041
1688390 1043
1688400 1043
1688410 1043
1688420 1044
1688430 1045
1688440 1045
1688450 1046
1688460 1047
1688470 1047
1688480 1048
1688490 1049
1688500 1049
1688510 1051
1688520 1052
1688530 1052
1688540 1054
1688550 1055
1688560 1055
1688570 1056
1688580 1056
1688590 1056
1688600 1057
1688610 1058
1688620 1058
1688630 1058
1688640 1059
1688650 1059
1688660 1059
1688670 1060
1688680 1061
1688690 1061
1688700 1062
1688710 1063
1688720 1063
1688730 1064
1688740 1065
1688750 1065
1688760 1065
1688770 1066
1688780 1066
1688790 1067
1688800 1068
1688810 1068
1688820 1069
1688830 1071
1688840 1072
1688850 1072
1688860 1075
1688870 1076
1688880 1076
1688890 1077
1688900 1078
1688910 1078
1688920 1078
1688930 1078
1688940 1078
1688950 1079
1688960 1079
1688970 1079
1688980 1077
1688990 1075
1689000 1075
1689010 1073
1689020 1068
1689030 1066
1689040 1066
1689050 1063
1689060 1060
1689070 1060
1689080 1058
1689090 1057
1689100 1057
1689110 1055
1689120 1053
1689130 1053
1689140 1051
1689150 1050
1689160 1050
1689170 1048
1689180 1046
1689190 1046
1689200 1044
1689210 1039
1689220 1041
1689230 1041
1689240 1037
1689250 1036
1689260 1036
1689270 1033
1689280 1032
1689290 1032
1689300 1031
1689310 1030
1689320 1030
1689330 1029
1689340 1027
1689350 1027
1689360 1027
1689370 1026
1689380 1026
1689390 1026
1689400 1025
1689410 1025
1689420 1025
1689430 1023
1689440 1022
1689450 1022
1689460 1020
1689470 1019
1689480 1019
1689490 1017
1689500 1015
1689510 1015
1689520 1013
1689530 1011
1689540 1011
1689550 1009
1689560 1007
1689570 1007
1689580 1005
1689590 1002
1689600 1002
1689610 999
1689620 997
1689630 993
1689640 993
1689650 991
1689660 988
1689670 988
1689680 986
1689690 984
1689700 984
1689710 982
1689720 981
1689730 981
1689740 982
1689750 984
1689760 984
1689770 984
1689780 984
1689790 984
1689800 983
1689810 982
1689820 981
1689830 981
1689840 981
1689850 980
1689860 980
1689870 979
1689880 978
1689890 978
1689900 977
1689910 976
1689920 976
1689930 976
1689940 975
1689950 975
1689960 974
1689970 973
1689980 973
1689990 972
1690000 970
1690010 969
1690020 969
1690030 967
1690040 966
1690050 966
1690060 964
1690070 963
1690080 963
1690090 961
1690100 960
1690110 960
1690120 958
1690130 957
1690140 957
1690150 955
1690160 954
1690170 954
1690180 951
1690190 949
1690200 947
1690210 947
1690220 945
1690230 941
1690240 941
1690250 939
1690260 937
1690270 937
1690280 936
1690290 935
1690300 935
1690310 934
1690320 932
1690330 932
1690340 931
1690350 929
1690360 929
1690370 928
1690380 927
1690390 927
1690400 925
1690410 924
1690420 922
1690430 922
1690440 921
1690450 919
1690460 919
1690470 917
1690480 915
1690490 915
1690500 913
1690510 911
1690520 911
1690530 910
1690540 908
1690550 908
1690560 906
1690570 904
1690580 904
1690590 902
1690600 900
1690610 898
1690620 898
1690630 896
1690640 893
1690650 893
1690660 892
1690670 890
1690680 890
1690690 888
1690700 886
1690710 886
1690720 885
1690730 883
1690740 883
1690750 881
1690760 879
1690770 879
1690780 877
1690790 875
1690800 873
1690810 873
1690820 870
1690830 867
1690840 867
1690850 865
1690860 862
1690870 862
1690880 860
1690890 857
1690900 857
1690910 855
1690920 853
1690930 853
1690940 851
1690950 848
1690960 848
1690970 847
1690980 846
1690990 848
1691000 848
1691010 848
1691020 847
1691030 847
1691040 846
1691050 844
1691060 844
1691070 843
1691080 842
1691090 842
1691100 840
1691110 838
1691120 838
1691130 836
1691140 835
1691150 835
1691160 833
1691170 831
1691180 830
1691190 830
1691200 828
1691210 826
1691220 826
1691230 824
1691240 822
1691250 822
1691260 821
1691270 821
1691280 821
1691290 821
1691300 821
1691310 821
1691320 821
1691330 820
1691340 820
1691350 820
1691360 821
1691370 821
1691380 822
1691390 822
1691400 821
1691410 821
1691420 820
1691430 818
1691440 818
1691450 816
1691460 815
1691470 815
1691480 813
1691490 811
1691500 811
1691510 809
1691520 807
1691530 807
1691540 806
1691550 805
1691560 805
1691570 804
1691580 803
1691590 801
1691600 801
1691610 799
1691620 798
1691630 798
1691640 796
1691650 793
1691660 793
1691670 790
1691680 788
1691690 788
1691700 786
1691710 785
1691720 785
1691730 783
1691740 782
1691750 782
1691760 780
1691770 778
1691780 776
1691790 776
1691800 774
1691810 772
1691820 772
1691830 770
1691840 769
1691850 769
1691860 768
1691870 766
1691880 766
1691890 765
1691900 763
1691910 763
1691920 762
1691930 760
1691940 760
1691950 759
1691960 757
1691970 756
1691980 756
1691990 754
1692000 752
1692010 752
1692020 751
1692030 749
1692040 749
1692050 748
1692060 746
1692070 746
1692080 744
1692090 742
1692100 742
1692110 741
1692120 740
1692130 740
1692140 737
1692150 735
1692160 735
1692170 733
1692180 731
1692190 729
1692200 729
1692210 723
1692220 715
1692230 715
1692240 715
1692250 715
1692260 715
1692270 719
1692280 723
1692290 723
1692300 727
1692310 730
1692320 730
1692330 732
1692340 733
1692350 733
1692360 733
1692370 732
1692380 731
1692390 731
1692400 730
1692410 729
1692420 729
1692430 728
1692440 726
1692450 726
1692460 724
1692470 722
1692480 722
1692490 720
1692500 718
1692510 718
1692520 716
1692530 714
1692540 714
1692550 712
1692560 710
1692570 709
1692580 709
1692590 707
1692600 706
1692610 706
1692620 704
1692630 703
1692640 703
1692650 702
1692660 701
1692670 703
1692680 702
1692690 702
1692700 702
1692710 701
1692720 700
1692730 700
1692740 699
1692750 698
1692760 697
1692770 697
1692780 696
1692790 694
1692800 694
1692810 691
1692820 689
1692830 689
1692840 688
1692850 687
1692860 687
1692870 686
1692880 685
1692890 685
1692900 683
1692910 681
1692920 681
1692930 681
1692940 680
1692950 680
1692960 681
1692970 682
1692980 681
1692990 681
1693000 681
1693010 680
1693020 680
1693030 679
1693040 677
1693050 677
1693060 675
1693070 674
1693080 674
1693090 673
1693100 672
1693110 672
1693120 672
1693130 672
1693140 672
1693150 670
1693160 668
1693170 664
1693180 664
1693190 661
1693200 657
1693210 657
1693220 652
1693230 655
1693240 655
1693250 657
1693260 659
1693270 659
1693280 662
1693290 664
1693300 664
1693310 665
1693320 667
1693330 667
1693340 668
1693350 669
1693360 670
1693370 670
1693380 670
1693390 671
1693400 671
1693410 672
1693420 674
1693430 674
1693440 675
1693450 677
1693460 677
1693470 679
1693480 682
1693490 682
1693500 681
1693510 681
1693520 681
1693530 679
1693540 677
1693550 676
1693560 676
1693570 675
1693580 674
1693590 674
1693600 673
1693610 672
1693620 672
1693630 671
1693640 668
1693650 668
1693660 666
1693670 664
1693680 664
1693690 662
1693700 661
1693710 661
1693720 659
1693730 658
1693740 656
1693750 656
1693760 655
1693770 653
1693780 653
1693790 652
1693800 650
1693810 650
1693820 648
1693830 646
1693840 646
1693850 645
1693860 643
1693870 643
1693880 641
1693890 639
1693900 639
1693910 636
1693920 634
1693930 634
1693940 631
1693950 629
1693960 627
1693970 627
1693980 626
1693990 624
1694000 624
1694010 622
1694020 620
1694030 620
1694040 619
1694050 617
1694060 617
1694070 616
1694080 614
1694090 614
1694100 611
1694110 609
1694120 609
1694130 606
1694140 604
1694150 603
1694160 603
1694170 601
1694180 599
1694190 599
1694200 596
1694210 594
1694220 594
1694230 593
1694240 592
1694250 592
1694260 592
1694270 591
1694280 591
1694290 590
1694300 589
1694310 589
1694320 588
1694330 587
1694340 585
1694350 585
1694360 584
1694370 582
1694380 582
1694390 580
1694400 578
1694410 578
1694420 576
1694430 574
1694440 574
1694450 571
1694460 567
1694470 567
1694480 564
1694490 562
1694500 562
1694510 561
1694520 560
1694530 561
1694540 561
1694550 557
1694560 556
1694570 556
1694580 554
1694590 553
1694600 553
1694610 551
1694620 549
1694630 549
1694640 548
1694650 546
1694660 546
1694670 545
1694680 544
1694690 544
1694700 542
1694710 540
1694720 540
1694730 538
1694740 537
1694750 536
1694760 536
1694770 535
1694780 535
1694790 535
1694800 534
1694810 533
1694820 533
1694830 530
1694840 526
1694850 526
1694860 523
1694870 523
1694880 523
1694890 521
1694900 521
1694910 521
1694920 521
1694930 521
1694940 521
1694950 521
1694960 523
1694970 525
1694980 525
1694990 525
1695000 524
1695010 524
1695020 523
1695030 521
1695040 521
1695050 520
1695060 518
1695070 518
1695080 516
1695090 514
1695100 514
1695110 512
1695120 509
1695130 505
1695140 505
1695150 503
1695160 501
1695170 501
1695180 498
1695190 494
1695200 494
1695210 490
1695220 486
1695230 486
1695240 482
1695250 477
1695260 477
1695270 472
1695280 467
1695290 467
1695300 462
1695310 454
1695320 454
1695330 454
1695340 454
1695350 455
1695360 455
1695370 459
1695380 461
1695390 461
1695400 468
1695410 473
1695420 473
1695430 477
1695440 481
1695450 481
1695460 486
1695470 491
1695480 491
1695490 497
1695500 505
1695510 505
1695520 508
1695530 510
1695540 514
1695550 514
1695560 518
1695570 520
1695580 520
1695590 523
1695600 524
1695610 524
1695620 524
1695630 524
1695640 524
1695650 525
1695660 524
1695670 524
1695680 525
1695690 525
1695700 525
1695710 521
1695720 519
1695730 516
1695740 516
1695750 513
1695760 509
1695770 509
1695780 507
1695790 505
1695800 505
1695810 501
1695820 498
1695830 498
1695840 495
1695850 492
1695860 492
1695870 490
1695880 489
1695890 489
1695900 487
1695910 485
1695920 483
1695930 483
1695940 481
1695950 479
1695960 479
1695970 477
1695980 475
1695990 475
1696000 473
1696010 471
1696020 471
1696030 469
1696040 467
1696050 467
1696060 465
1696070 463
1696080 463
1696090 459
1696100 457
1696110 456
1696120 456
1696130 454
1696140 452
1696150 452
1696160 449
1696170 448
1696180 448
1696190 443
1696200 439
1696210 439
1696220 437
1696230 435
1696240 435
1696250 432
1696260 437
1696270 437
1696280 439
1696290 440
1696300 441
1696310 441
1696320 440
1696330 439
1696340 439
1696350 439
1696360 440
1696370 440
1696380 439
1696390 438
1696400 438
1696410 437
1696420 435
1696430 435
1696440 433
1696450 431
1696460 431
1696470 429
1696480 427
1696490 427
1696500 425
1696510 424
1696520 423
1696530 423
1696540 421
1696550 420
1696560 420
1696570 417
1696580 415
1696590 415
1696600 413
1696610 411
1696620 411
1696630 408
1696640 403
1696650 403
1696660 402
1696670 404
1696680 404
1696690 408
1696700 411
1696710 409
1696720 409
1696730 406
1696740 403
1696750 403
1696760 405
1696770 406
1696780 406
1696790 406
1696800 407
1696810 407
1696820 406
1696830 406
1696840 406
1696850 406
1696860 407
1696870 407
1696880 407
1696890 408
1696900 409
1696910 409
1696920 410
1696930 411
1696940 411
1696950 412
1696960 413
1696970 413
1696980 412
1696990 412
1697000 412
1697010 409
1697020 409
1697030 409
1697040 407
1697050 405
1697060 405
1697070 403
1697080 401
1697090 399
1697100 399
1697110 396
1697120 394
1697130 394
1697140 393
1697150 391
1697160 391
1697170 389
1697180 387
1697190 387
1697200 386
1697210 385
1697220 385
1697230 385
1697240 384
1697250 384
1697260 384
1697270 382
1697280 382
1697290 380
1697300 379
1697310 377
1697320 377
1697330 375
1697340 374
1697350 374
1697360 371
1697370 371
1697380 371
1697390 370
1697400 371
1697410 371
1697420 371
1697430 372
1697440 372
1697450 373
1697460 374
1697470 374
1697480 375
1697490 375
1697500 376
1697510 376
1697520 376
1697530 376
1697540 376
1697550 377
1697560 377
1697570 377
1697580 378
1697590 379
1697600 379
1697610 380
1697620 381
1697630 381
1697640 381
1697650 381
1697660 381
1697670 381
1697680 381
1697690 381
1697700 380
1697710 380
1697720 380
1697730 380
1697740 380
1697750 380
1697760 380
1697770 379
1697780 378
1697790 378
1697800 377
1697810 377
1697820 377
1697830 376
1697840 376
1697850 376
1697860 375
1697870 375
1697880 374
1697890 374
1697900 372
1697910 371
1697920 371
1697930 370
1697940 370
1697950 370
1697960 369
1697970 368
1697980 368
1697990 368
1698000 368
1698010 368
1698020 367
1698030 367
1698040 367
1698050 366
1698060 366
1698070 366
1698080 364
1698090 363
1698100 362
1698110 362
1698120 361
1698130 360
1698140 360
1698150 357
1698160 356
1698170 356
1698180 355
1698190 354
1698200 354
1698210 353
1698220 353
1698230 353
1698240 351
1698250 350
1698260 350
1698270 349
1698280 348
1698290 349
1698300 349
1698310 350
1698320 349
1698330 349
1698340 348
1698350 349
1698360 349
1698370 349
1698380 348
1698390 348
1698400 348
1698410 348
1698420 348
1698430 347
1698440 346
1698450 346
1698460 345
1698470 345
1698480 344
1698490 344
1698500 344
1698510 343
1698520 343
1698530 342
1698540 341
1698550 341
1698560 341
1698570 341
1698580 341
1698590 341
1698600 340
1698610 340
1698620 341
1698630 341
1698640 341
1698650 341
1698660 341
1698670 341
1698680 341
1698690 341
1698700 341
1698710 341
1698720 341
1698730 341
1698740 341
1698750 341
1698760 341
1698770 341
1698780 341
1698790 341
1698800 341
1698810 340
1698820 341
1698830 341
1698840 342
1698850 343
1698860 343
1698870 343
1698880 344
1698890 344
1698900 344
1698910 345
1698920 346
1698930 346
1698940 346
1698950 347
1698960 347
1698970 348
1698980 349
1698990 349
1699000 349
1699010 350
1699020 350
1699030 351
1699040 351
1699050 351
1699060 352
1699070 353
1699080 354
1699090 354
1699100 355
1699110 356
1699120 356
1699130 358
1699140 359
1699150 359
1699160 361
1699170 363
1699180 363
1699190 366
1699200 369
1699210 369
1699220 371
1699230 373
1699240 373
1699250 375
1699260 377
1699270 379
1699280 379
1699290 381
1699300 384
1699310 384
1699320 386
1699330 387
1699340 387
1699350 389
1699360 390
1699370 390
1699380 392
1699390 394
1699400 394
1699410 395
1699420 396
1699430 396
1699440 397
1699450 396
1699460 395
1699470 395
1699480 393
1699490 391
1699500 391
1699510 389
1699520 387
1699530 387
1699540 385
1699550 384
1699560 384
1699570 382
1699580 381
1699590 381
1699600 380
1699610 379
1699620 379
1699630 378
1699640 377
1699650 376
1699660 376
1699670 375
1699680 374
1699690 374
1699700 374
1699710 373
1699720 373
1699730 373
1699740 372
1699750 372
1699760 371
1699770 370
1699780 370
1699790 369
1699800 365
1699810 365
1699820 361
1699830 359
1699840 359
1699850 358
1699860 358
1699870 358
1699880 358
1699890 357
1699900 356
1699910 356
1699920 355
1699930 354
1699940 354
1699950 353
1699960 353
1699970 353
1699980 353
1699990 352
