1680000 1062
1680010 1063
1680020 1063
1680030 1063
1680040 1064
1680050 1064
1680060 1064
1680070 1065
1680080 1066
1680090 1066
1680100 1066
1680110 1067
1680120 1067
1680130 1068
1680140 1069
1680150 1069
1680160 1070
1680170 1071
1680180 1071
1680190 1072
1680200 1074
1680210 1074
1680220 1075
1680230 1076
1680240 1078
1680250 1078
1680260 1079
1680270 1080
1680280 1080
1680290 1081
1680300 1082
1680310 1082
1680320 1083
1680330 1084
1680340 1084
1680350 1085
1680360 1086
1680370 1086
1680380 1087
1680390 1089
1680400 1089
1680410 1090
1680420 1092
1680430 1093
1680440 1093
1680450 1094
1680460 1096
1680470 1096
1680480 1098
1680490 1100
1680500 1100
1680510 1101
1680520 1103
1680530 1103
1680540 1105
1680550 1106
1680560 1106
1680570 1108
1680580 1109
1680590 1109
1680600 1110
1680610 1110
1680620 1110
1680630 1111
1680640 1112
1680650 1113
1680660 1113
1680670 1115
1680680 1116
1680690 1116
1680700 1116
1680710 1116
1680720 1116
1680730 1117
1680740 1118
1680750 1118
1680760 1118
1680770 1119
1680780 1119
1680790 1119
1680800 1118
1680810 1118
1680820 1120
1680830 1120
1680840 1121
1680850 1121
1680860 1121
1680870 1121
1680880 1121
1680890 1121
1680900 1121
1680910 1121
1680920 1121
1680930 1121
1680940 1121
1680950 1121
1680960 1121
1680970 1121
1680980 1121
1680990 1121
1681000 1121
1681010 1121
1681020 1120
1681030 1120
1681040 1120
1681050 1119
1681060 1118
1681070 1118
1681080 1117
1681090 1114
1681100 1114
1681110 1111
1681120 1110
1681130 1110
1681140 1110
1681150 1110
1681160 1110
1681170 1110
1681180 1109
1681190 1109
1681200 1109
1681210 1110
1681220 1110
1681230 1111
1681240 1112
1681250 1113
1681260 1113
1681270 1114
1681280 1115
1681290 1115
1681300 1116
1681310 1118
1681320 1118
1681330 1119
1681340 1121
1681350 1121
1681360 1122
1681370 1123
1681380 1123
1681390 1124
1681400 1125
1681410 1125
1681420 1127
1681430 1128
1681440 1129
1681450 1129
1681460 1130
1681470 1131
1681480 1131
1681490 1132
1681500 1132
1681510 1132
1681520 1132
1681530 1132
1681540 1132
1681550 1133
1681560 1133
1681570 1133
1681580 1133
1681590 1133
1681600 1133
1681610 1133
1681620 1133
1681630 1132
1681640 1132
1681650 1131
1681660 1130
1681670 1130
1681680 1129
1681690 1126
1681700 1126
1681710 1124
1681720 1122
1681730 1122
1681740 1120
1681750 1117
1681760 1117
1681770 1114
1681780 1112
1681790 1112
1681800 1109
1681810 1106
1681820 1102
1681830 1102
1681840 1100
1681850 1096
1681860 1096
1681870 1092
1681880 1087
1681890 1087
1681900 1082
1681910 1078
1681920 1078
1681930 1076
1681940 1076
1681950 1076
1681960 1069
1681970 1062
1681980 1062
1681990 1056
1682000 1052
1682010 1052
1682020 1049
1682030 1049
1682040 1050
1682050 1050
1682060 1054
1682070 1057
1682080 1057
1682090 1059
1682100 1062
1682110 1062
1682120 1065
1682130 1069
1682140 1069
1682150 1072
1682160 1075
1682170 1075
1682180 1077
1682190 1079
1682200 1079
1682210 1082
1682220 1084
1682230 1087
1682240 1087
1682250 1089
1682260 1090
1682270 1090
1682280 1091
1682290 1091
1682300 1091
1682310 1091
1682320 1091
1682330 1091
1682340 1091
1682350 1091
1682360 1091
1682370 1091
1682380 1091
1682390 1091
1682400 1092
1682410 1091
1682420 1090
1682430 1090
1682440 1086
1682450 1085
1682460 1085
1682470 1082
1682480 1081
1682490 1081
1682500 1079
1682510 1078
1682520 1078
1682530 1076
1682540 1074
1682550 1074
1682560 1072
1682570 1072
1682580 1072
1682590 1073
1682600 1073
1682610 1073
1682620 1073
1682630 1071
1682640 1069
1682650 1069
1682660 1068
1682670 1069
1682680 1069
1682690 1069
1682700 1070
1682710 1070
1682720 1070
1682730 1068
1682740 1068
1682750 1067
1682760 1065
1682770 1065
1682780 1063
1682790 1061
1682800 1061
1682810 1062
1682820 1061
1682830 1061
1682840 1061
1682850 1061
1682860 1062
1682870 1062
1682880 1062
1682890 1062
1682900 1062
1682910 1061
1682920 1059
1682930 1059
1682940 1059
1682950 1058
1682960 1058
1682970 1058
1682980 1058
1682990 1058
1683000 1061
1683010 1064
1683020 1067
1683030 1067
1683040 1072
1683050 1076
1683060 1076
1683070 1080
1683080 1084
1683090 1084
1683100 1090
1683110 1094
1683120 1094
1683130 1099
1683140 1103
1683150 1103
1683160 1106
1683170 1109
1683180 1109
1683190 1114
1683200 1119
1683210 1122
1683220 1122
1683230 1125
1683240 1129
1683250 1129
1683260 1130
1683270 1133
1683280 1133
1683290 1137
1683300 1140
1683310 1140
1683320 1145
1683330 1148
1683340 1148
1683350 1150
1683360 1154
1683370 1154
1683380 1157
1683390 1160
1683400 1160
1683410 1163
1683420 1165
1683430 1168
1683440 1168
1683450 1172
1683460 1175
1683470 1175
1683480 1178
1683490 1181
1683500 1181
1683510 1185
1683520 1189
1683530 1189
1683540 1193
1683550 1198
1683560 1198
1683570 1201
1683580 1205
1683590 1205
1683600 1208
1683610 1211
1683620 1214
1683630 1214
1683640 1218
1683650 1221
1683660 1221
1683670 1223
1683680 1226
1683690 1226
1683700 1227
1683710 1230
1683720 1230
1683730 1234
1683740 1237
1683750 1237
1683760 1238
1683770 1240
1683780 1240
1683790 1241
1683800 1243
1683810 1244
1683820 1244
1683830 1245
1683840 1247
1683850 1247
1683860 1249
1683870 1251
1683880 1251
1683890 1253
1683900 1254
1683910 1254
1683920 1256
1683930 1257
1683940 1257
1683950 1259
1683960 1260
1683970 1260
1683980 1262
1683990 1263
1684000 1265
1684010 1265
1684020 1266
1684030 1267
1684040 1267
1684050 1268
1684060 1268
1684070 1268
1684080 1269
1684090 1270
1684100 1270
1684110 1272
1684120 1273
1684130 1273
1684140 1274
1684150 1275
1684160 1275
1684170 1277
1684180 1277
1684190 1277
1684200 1278
1684210 1279
1684220 1278
1684230 1278
1684240 1277
1684250 1276
1684260 1276
1684270 1274
1684280 1272
1684290 1272
1684300 1270
1684310 1269
1684320 1269
1684330 1267
1684340 1265
1684350 1265
1684360 1262
1684370 1259
1684380 1259
1684390 1257
1684400 1255
1684410 1252
1684420 1252
1684430 1250
1684440 1249
1684450 1249
1684460 1248
1684470 1246
1684480 1246
1684490 1244
1684500 1243
1684510 1243
1684520 1241
1684530 1241
1684540 1241
1684550 1239
1684560 1239
1684570 1239
1684580 1238
1684590 1237
1684600 1236
1684610 1236
1684620 1234
1684630 1233
1684640 1233
1684650 1232
1684660 1231
1684670 1231
1684680 1230
1684690 1229
1684700 1229
1684710 1227
1684720 1223
1684730 1223
1684740 1222
1684750 1220
1684760 1220
1684770 1219
1684780 1220
1684790 1220
1684800 1221
1684810 1223
1684820 1224
1684830 1224
1684840 1226
1684850 1227
1684860 1227
1684870 1229
1684880 1227
1684890 1227
1684900 1226
1684910 1225
1684920 1225
1684930 1226
1684940 1227
1684950 1227
1684960 1227
1684970 1228
1684980 1228
1684990 1229
1685000 1232
1685010 1231
1685020 1231
1685030 1231
1685040 1231
1685050 1231
1685060 1231
1685070 1232
1685080 1232
1685090 1233
1685100 1230
1685110 1230
1685120 1227
1685130 1225
1685140 1225
1685150 1223
1685160 1221
1685170 1221
1685180 1219
1685190 1217
1685200 1215
1685210 1215
1685220 1211
1685230 1208
1685240 1208
1685250 1206
1685260 1201
1685270 1201
1685280 1195
1685290 1191
1685300 1191
1685310 1188
1685320 1186
1685330 1186
1685340 1184
1685350 1184
1685360 1184
1685370 1184
1685380 1183
1685390 1184
1685400 1184
1685410 1184
1685420 1183
1685430 1183
1685440 1181
1685450 1179
1685460 1179
1685470 1176
1685480 1173
1685490 1173
1685500 1171
1685510 1167
1685520 1167
1685530 1163
1685540 1160
1685550 1160
1685560 1157
1685570 1154
1685580 1154
1685590 1151
1685600 1147
1685610 1143
1685620 1143
1685630 1139
1685640 1133
1685650 1133
1685660 1130
1685670 1128
1685680 1128
1685690 1125
1685700 1122
1685710 1122
1685720 1118
1685730 1115
1685740 1115
1685750 1111
1685760 1107
1685770 1107
1685780 1105
1685790 1102
1685800 1098
1685810 1098
1685820 1096
1685830 1094
1685840 1094
1685850 1091
1685860 1088
1685870 1088
1685880 1085
1685890 1082
1685900 1082
1685910 1079
1685920 1076
1685930 1076
1685940 1076
1685950 1074
1685960 1074
1685970 1072
1685980 1070
1685990 1067
1686000 1067
1686010 1063
1686020 1060
1686030 1060
1686040 1055
1686050 1049
1686060 1049
1686070 1046
1686080 1045
1686090 1045
1686100 1045
1686110 1045
1686120 1045
1686130 1044
1686140 1043
1686150 1043
1686160 1043
1686170 1042
1686180 1042
1686190 1042
1686200 1041
1686210 1041
1686220 1041
1686230 1041
1686240 1038
1686250 1038
1686260 1038
1686270 1037
1686280 1037
1686290 1037
1686300 1036
1686310 1036
1686320 1036
1686330 1036
1686340 1036
1686350 1035
1686360 1035
1686370 1035
1686380 1035
1686390 1034
1686400 1033
1686410 1033
1686420 1032
1686430 1031
1686440 1031
1686450 1030
1686460 1029
1686470 1029
1686480 1027
1686490 1025
1686500 1025
1686510 1027
1686520 1028
1686530 1028
1686540 1029
1686550 1030
1686560 1030
1686570 1031
1686580 1029
1686590 1028
1686600 1028
1686610 1026
1686620 1025
1686630 1025
1686640 1023
1686650 1021
1686660 1021
1686670 1019
1686680 1016
1686690 1016
1686700 1013
1686710 1011
1686720 1011
1686730 1008
1686740 1003
1686750 1003
1686760 999
1686770 995
1686780 993
1686790 993
1686800 993
1686810 992
1686820 992
1686830 992
1686840 992
1686850 992
1686860 991
1686870 991
1686880 991
1686890 991
1686900 991
1686910 991
1686920 990
1686930 989
1686940 989
1686950 987
1686960 985
1686970 985
1686980 984
1686990 982
1687000 981
1687010 981
1687020 981
1687030 979
1687040 979
1687050 976
1687060 972
1687070 972
1687080 968
1687090 967
1687100 967
1687110 969
1687120 970
1687130 970
1687140 970
1687150 969
1687160 969
1687170 969
1687180 971
1687190 972
1687200 972
1687210 972
1687220 972
1687230 972
1687240 972
1687250 972
1687260 972
1687270 971
1687280 972
1687290 972
1687300 971
1687310 971
1687320 971
1687330 968
1687340 963
1687350 963
1687360 960
1687370 957
1687380 956
1687390 956
1687400 954
1687410 955
1687420 955
1687430 953
1687440 951
1687450 951
1687460 953
1687470 955
1687480 955
1687490 957
1687500 958
1687510 958
1687520 961
1687530 963
1687540 963
1687550 964
1687560 964
1687570 964
1687580 965
1687590 964
1687600 964
1687610 964
1687620 963
1687630 964
1687640 964
1687650 964
1687660 963
1687670 963
1687680 964
1687690 964
1687700 964
1687710 965
1687720 965
1687730 965
1687740 964
1687750 963
1687760 963
1687770 962
1687780 961
1687790 958
1687800 958
1687810 953
1687820 951
1687830 951
1687840 951
1687850 951
1687860 951
1687870 951
1687880 951
1687890 951
1687900 951
1687910 952
1687920 952
1687930 953
1687940 953
1687950 953
1687960 953
1687970 953
1687980 951
1687990 951
1688000 950
1688010 948
1688020 948
1688030 946
1688040 945
1688050 945
1688060 942
1688070 940
1688080 940
1688090 937
1688100 934
1688110 934
1688120 930
1688130 925
1688140 925
1688150 923
1688160 922
1688170 922
1688180 922
1688190 922
1688200 922
1688210 922
1688220 921
1688230 920
1688240 920
1688250 920
1688260 919
1688270 919
1688280 918
1688290 917
1688300 917
1688310 914
1688320 911
1688330 911
1688340 908
1688350 910
1688360 910
1688370 910
1688380 910
1688390 911
1688400 911
1688410 912
1688420 911
1688430 911
1688440 912
1688450 912
1688460 912
1688470 912
1688480 913
1688490 913
1688500 914
1688510 913
1688520 913
1688530 910
1688540 905
1688550 905
1688560 899
1688570 897
1688580 898
1688590 898
1688600 898
1688610 901
1688620 901
1688630 903
1688640 906
1688650 906
1688660 908
1688670 910
1688680 910
1688690 912
1688700 916
1688710 916
1688720 921
1688730 923
1688740 923
1688750 926
1688760 927
1688770 929
1688780 929
1688790 930
1688800 932
1688810 932
1688820 933
1688830 934
1688840 934
1688850 934
1688860 936
1688870 936
1688880 937
1688890 938
1688900 938
1688910 938
1688920 940
1688930 940
1688940 941
1688950 942
1688960 942
1688970 942
1688980 942
1688990 943
1689000 943
1689010 942
1689020 941
1689030 941
1689040 940
1689050 938
1689060 938
1689070 936
1689080 935
1689090 935
1689100 934
1689110 934
1689120 934
1689130 933
1689140 933
1689150 933
1689160 932
1689170 930
1689180 928
1689190 928
1689200 926
1689210 925
1689220 925
1689230 923
1689240 920
1689250 920
1689260 917
1689270 914
1689280 914
1689290 912
1689300 909
1689310 909
1689320 906
1689330 902
1689340 902
1689350 895
1689360 895
1689370 897
1689380 897
1689390 900
1689400 904
1689410 904
1689420 906
1689430 908
1689440 908
1689450 910
1689460 911
1689470 911
1689480 911
1689490 912
1689500 912
1689510 912
1689520 913
1689530 913
1689540 913
1689550 914
1689560 915
1689570 915
1689580 915
1689590 915
1689600 915
1689610 914
1689620 913
1689630 913
1689640 911
1689650 911
1689660 911
1689670 912
1689680 913
1689690 913
1689700 914
1689710 915
1689720 915
1689730 915
1689740 915
1689750 915
1689760 916
1689770 916
1689780 916
1689790 916
1689800 916
1689810 916
1689820 916
1689830 916
1689840 917
1689850 917
1689860 917
1689870 917
1689880 917
1689890 918
1689900 920
1689910 920
1689920 920
1689930 920
1689940 920
1689950 921
1689960 921
1689970 918
1689980 918
1689990 916
1690000 915
1690010 915
1690020 912
1690030 911
1690040 911
1690050 909
1690060 908
1690070 908
1690080 907
1690090 906
1690100 906
1690110 904
1690120 903
1690130 903
1690140 901
1690150 899
1690160 895
1690170 895
1690180 890
1690190 887
1690200 887
1690210 887
1690220 888
1690230 888
1690240 888
1690250 888
1690260 888
1690270 888
1690280 886
1690290 886
1690300 885
1690310 883
1690320 883
1690330 882
1690340 882
1690350 882
1690360 882
1690370 882
1690380 882
1690390 882
1690400 881
1690410 880
1690420 880
1690430 879
1690440 880
1690450 880
1690460 878
1690470 877
1690480 877
1690490 876
1690500 875
1690510 875
1690520 873
1690530 872
1690540 872
1690550 870
1690560 869
1690570 868
1690580 868
1690590 867
1690600 865
1690610 865
1690620 863
1690630 861
1690640 861
1690650 859
1690660 858
1690670 858
1690680 857
1690690 856
1690700 856
1690710 854
1690720 853
1690730 853
1690740 851
1690750 848
1690760 847
1690770 847
1690780 846
1690790 844
1690800 844
1690810 842
1690820 840
1690830 840
1690840 838
1690850 836
1690860 836
1690870 834
1690880 833
1690890 833
1690900 830
1690910 827
1690920 827
1690930 827
1690940 826
1690950 825
1690960 825
1690970 823
1690980 822
1690990 822
1691000 820
1691010 819
1691020 819
1691030 818
1691040 817
1691050 817
1691060 816
1691070 815
1691080 815
1691090 814
1691100 813
1691110 813
1691120 812
1691130 812
1691140 812
1691150 811
1691160 810
1691170 809
1691180 809
1691190 809
1691200 808
1691210 808
1691220 808
1691230 807
1691240 807
1691250 807
1691260 806
1691270 806
1691280 805
1691290 805
1691300 805
1691310 804
1691320 803
1691330 803
1691340 802
1691350 801
1691360 801
1691370 801
1691380 800
1691390 799
1691400 799
1691410 799
1691420 799
1691430 799
1691440 799
1691450 798
1691460 798
1691470 797
1691480 795
1691490 795
1691500 793
1691510 791
1691520 791
1691530 791
1691540 790
1691550 788
1691560 788
1691570 787
1691580 785
1691590 785
1691600 783
1691610 782
1691620 782
1691630 780
1691640 778
1691650 778
1691660 777
1691670 775
1691680 775
1691690 773
1691700 769
1691710 769
1691720 765
1691730 761
1691740 757
1691750 757
1691760 756
1691770 754
1691780 754
1691790 749
1691800 745
1691810 745
1691820 742
1691830 737
1691840 737
1691850 734
1691860 733
1691870 733
1691880 733
1691890 733
1691900 733
1691910 732
1691920 731
1691930 731
1691940 732
1691950 733
1691960 733
1691970 733
1691980 734
1691990 734
1692000 734
1692010 734
1692020 733
1692030 733
1692040 731
1692050 730
1692060 730
1692070 728
1692080 727
1692090 727
1692100 725
1692110 724
1692120 724
1692130 722
1692140 720
1692150 717
1692160 717
1692170 714
1692180 711
1692190 711
1692200 710
1692210 710
1692220 710
1692230 709
1692240 708
1692250 708
1692260 707
1692270 706
1692280 706
1692290 704
1692300 702
1692310 702
1692320 702
1692330 700
1692340 700
1692350 700
1692360 698
1692370 696
1692380 696
1692390 694
1692400 692
1692410 692
1692420 690
1692430 687
1692440 687
1692450 684
1692460 680
1692470 680
1692480 675
1692490 672
1692500 672
1692510 673
1692520 672
1692530 672
1692540 671
1692550 669
1692560 668
1692570 668
1692580 666
1692590 664
1692600 664
1692610 663
1692620 661
1692630 661
1692640 659
1692650 657
1692660 657
1692670 656
1692680 654
1692690 654
1692700 655
1692710 655
1692720 655
1692730 653
1692740 651
1692750 649
1692760 649
1692770 648
1692780 647
1692790 647
1692800 647
1692810 645
1692820 645
1692830 643
1692840 640
1692850 640
1692860 638
1692870 636
1692880 636
1692890 635
1692900 632
1692910 632
1692920 629
1692930 630
1692940 631
1692950 631
1692960 631
1692970 631
1692980 631
1692990 631
1693000 631
1693010 631
1693020 631
1693030 631
1693040 631
1693050 630
1693060 630
1693070 630
1693080 629
1693090 628
1693100 628
1693110 627
1693120 626
1693130 624
1693140 624
1693150 622
1693160 619
1693170 619
1693180 618
1693190 617
1693200 617
1693210 616
1693220 615
1693230 615
1693240 614
1693250 613
1693260 613
1693270 613
1693280 612
1693290 612
1693300 611
1693310 611
1693320 611
1693330 610
1693340 610
1693350 609
1693360 609
1693370 609
1693380 609
1693390 609
1693400 608
1693410 607
1693420 607
1693430 607
1693440 606
1693450 606
1693460 605
1693470 604
1693480 604
1693490 605
1693500 604
1693510 604
1693520 602
1693530 601
1693540 599
1693550 599
1693560 596
1693570 593
1693580 593
1693590 587
1693600 587
1693610 587
1693620 590
1693630 594
1693640 594
1693650 596
1693660 596
1693670 596
1693680 596
1693690 595
1693700 595
1693710 595
1693720 594
1693730 592
1693740 592
1693750 591
1693760 590
1693770 590
1693780 588
1693790 586
1693800 586
1693810 585
1693820 583
1693830 583
1693840 581
1693850 579
1693860 579
1693870 578
1693880 576
1693890 576
1693900 575
1693910 574
1693920 574
1693930 573
1693940 572
1693950 570
1693960 570
1693970 567
1693980 565
1693990 565
1694000 563
1694010 557
1694020 557
1694030 550
1694040 545
1694050 545
1694060 543
1694070 547
1694080 547
1694090 555
1694100 559
1694110 559
1694120 557
1694130 555
1694140 555
1694150 555
1694160 554
1694170 553
1694180 553
1694190 551
1694200 545
1694210 545
1694220 538
1694230 535
1694240 535
1694250 533
1694260 536
1694270 536
1694280 538
1694290 542
1694300 542
1694310 544
1694320 547
1694330 550
1694340 550
1694350 554
1694360 558
1694370 558
1694380 558
1694390 558
1694400 558
1694410 558
1694420 561
1694430 561
1694440 566
1694450 570
1694460 570
1694470 574
1694480 576
1694490 576
1694500 578
1694510 579
1694520 582
1694530 582
1694540 584
1694550 587
1694560 587
1694570 588
1694580 589
1694590 589
1694600 590
1694610 593
1694620 593
1694630 593
1694640 593
1694650 593
1694660 593
1694670 593
1694680 593
1694690 592
1694700 592
1694710 592
1694720 591
1694730 591
1694740 591
1694750 591
1694760 591
1694770 591
1694780 591
1694790 592
1694800 592
1694810 592
1694820 593
1694830 594
1694840 594
1694850 594
1694860 595
1694870 595
1694880 596
1694890 596
1694900 596
1694910 596
1694920 595
1694930 593
1694940 593
1694950 593
1694960 593
1694970 593
1694980 594
1694990 594
1695000 594
1695010 594
1695020 594
1695030 594
1695040 593
1695050 589
1695060 589
1695070 588
1695080 588
1695090 588
1695100 587
1695110 584
1695120 580
1695130 580
1695140 575
1695150 572
1695160 572
1695170 572
1695180 571
1695190 571
1695200 571
1695210 570
1695220 570
1695230 569
1695240 567
1695250 567
1695260 566
1695270 564
1695280 564
1695290 562
1695300 560
1695310 558
1695320 558
1695330 557
1695340 555
1695350 555
1695360 553
1695370 551
1695380 551
1695390 549
1695400 547
1695410 547
1695420 545
1695430 544
1695440 544
1695450 539
1695460 535
1695470 535
1695480 527
1695490 525
1695500 525
1695510 522
1695520 520
1695530 518
1695540 518
1695550 515
1695560 514
1695570 514
1695580 509
1695590 509
1695600 509
1695610 509
1695620 512
1695630 512
1695640 513
1695650 515
1695660 515
1695670 516
1695680 518
1695690 518
1695700 518
1695710 518
1695720 518
1695730 518
1695740 516
1695750 510
1695760 510
1695770 511
1695780 511
1695790 511
1695800 512
1695810 512
1695820 512
1695830 513
1695840 513
1695850 513
1695860 513
1695870 513
1695880 513
1695890 513
1695900 513
1695910 513
1695920 513
1695930 513
1695940 514
1695950 514
1695960 515
1695970 515
1695980 515
1695990 516
1696000 517
1696010 517
1696020 518
1696030 518
1696040 518
1696050 518
1696060 517
1696070 517
1696080 517
1696090 517
1696100 517
1696110 517
1696120 516
1696130 514
1696140 514
1696150 513
1696160 511
1696170 511
1696180 508
1696190 504
1696200 504
1696210 499
1696220 494
1696230 494
1696240 488
1696250 486
1696260 486
1696270 483
1696280 481
1696290 481
1696300 479
1696310 476
1696320 474
1696330 474
1696340 471
1696350 467
1696360 467
1696370 466
1696380 466
1696390 466
1696400 466
1696410 466
1696420 466
1696430 466
1696440 466
1696450 466
1696460 465
1696470 463
1696480 463
1696490 458
1696500 452
1696510 451
1696520 451
1696530 450
1696540 447
1696550 447
1696560 442
1696570 440
1696580 440
1696590 438
1696600 437
1696610 437
1696620 433
1696630 430
1696640 430
1696650 428
1696660 425
1696670 425
1696680 421
1696690 416
1696700 415
1696710 415
1696720 419
1696730 420
1696740 420
1696750 420
1696760 420
1696770 420
1696780 419
1696790 419
1696800 419
1696810 417
1696820 415
1696830 415
1696840 409
1696850 416
1696860 416
1696870 416
1696880 416
1696890 416
1696900 415
1696910 411
1696920 410
1696930 410
1696940 410
1696950 408
1696960 408
1696970 408
1696980 409
1696990 409
1697000 410
1697010 409
1697020 409
1697030 408
1697040 407
1697050 407
1697060 406
1697070 405
1697080 405
1697090 404
1697100 402
1697110 400
1697120 400
1697130 399
1697140 397
1697150 397
1697160 396
1697170 394
1697180 394
1697190 392
1697200 391
1697210 391
1697220 389
1697230 387
1697240 387
1697250 382
1697260 382
1697270 382
1697280 381
1697290 378
1697300 376
1697310 376
1697320 375
1697330 371
1697340 371
1697350 370
1697360 371
1697370 371
1697380 371
1697390 367
1697400 367
1697410 366
1697420 365
1697430 365
1697440 363
1697450 363
1697460 363
1697470 363
1697480 362
1697490 362
1697500 361
1697510 361
1697520 360
1697530 360
1697540 359
1697550 358
1697560 358
1697570 358
1697580 357
1697590 357
1697600 356
1697610 355
1697620 355
1697630 355
1697640 354
1697650 354
1697660 354
1697670 354
1697680 354
1697690 353
1697700 353
1697710 353
1697720 353
1697730 354
1697740 353
1697750 353
1697760 353
1697770 353
1697780 353
1697790 353
1697800 355
1697810 355
1697820 357
1697830 358
1697840 358
1697850 360
1697860 361
1697870 361
1697880 363
1697890 364
1697900 366
1697910 366
1697920 368
1697930 369
1697940 369
1697950 371
1697960 373
1697970 373
1697980 375
1697990 377
1698000 377
1698010 379
1698020 381
1698030 381
1698040 383
1698050 383
1698060 383
1698070 385
1698080 386
1698090 388
1698100 388
1698110 389
1698120 391
1698130 391
1698140 391
1698150 392
1698160 392
1698170 393
1698180 392
1698190 392
1698200 392
1698210 390
1698220 390
1698230 389
1698240 388
1698250 388
1698260 386
1698270 384
1698280 384
1698290 383
1698300 382
1698310 381
1698320 381
1698330 380
1698340 378
1698350 378
1698360 377
1698370 375
1698380 375
1698390 374
1698400 372
1698410 372
1698420 370
1698430 368
1698440 368
1698450 366
1698460 364
1698470 364
1698480 362
1698490 360
1698500 359
1698510 359
1698520 359
1698530 355
1698540 355
1698550 355
1698560 357
1698570 357
1698580 355
1698590 360
1698600 360
1698610 362
1698620 365
1698630 365
1698640 367
1698650 369
1698660 369
1698670 370
1698680 370
1698690 369
1698700 369
1698710 370
1698720 370
1698730 370
1698740 370
1698750 374
1698760 374
1698770 375
1698780 378
1698790 378
1698800 378
1698810 377
1698820 377
1698830 377
1698840 377
1698850 377
1698860 380
1698870 385
1698880 385
1698890 386
1698900 387
1698910 388
1698920 388
1698930 387
1698940 390
1698950 390
1698960 391
1698970 392
1698980 392
1698990 394
1699000 396
1699010 396
1699020 397
1699030 399
1699040 399
1699050 400
1699060 402
1699070 402
1699080 404
1699090 406
1699100 407
1699110 407
1699120 408
1699130 409
1699140 409
1699150 411
1699160 412
1699170 412
1699180 413
1699190 413
1699200 413
1699210 412
1699220 410
1699230 410
1699240 408
1699250 406
1699260 406
1699270 404
1699280 402
1699290 400
1699300 400
1699310 400
1699320 399
1699330 399
1699340 399
1699350 398
1699360 398
1699370 397
1699380 396
1699390 396
1699400 396
1699410 397
1699420 397
1699430 397
1699440 398
1699450 398
1699460 398
1699470 396
1699480 395
1699490 395
1699500 394
1699510 394
1699520 394
1699530 396
1699540 398
1699550 398
1699560 400
1699570 402
1699580 402
1699590 404
1699600 405
1699610 405
1699620 407
1699630 408
1699640 408
1699650 410
1699660 411
1699670 411
1699680 412
1699690 413
1699700 413
1699710 413
1699720 414
1699730 414
1699740 414
1699750 414
1699760 414
1699770 414
1699780 413
1699790 412
1699800 412
1699810 412
1699820 411
1699830 411
1699840 410
1699850 410
1699860 410
1699870 409
1699880 409
1699890 409
1699900 409
1699910 409
1699920 409
1699930 409
1699940 409
1699950 409
1699960 409
1699970 409
1699980 409
1699990 409
