1680000 869
1680010 869
1680020 869
1680030 869
1680040 870
1680050 870
1680060 871
1680070 871
1680080 871
1680090 869
1680100 868
1680110 868
1680120 867
1680130 867
1680140 863
1680150 863
1680160 860
1680170 860
1680180 860
1680190 861
1680200 863
1680210 863
1680220 864
1680230 866
1680240 866
1680250 866
1680260 865
1680270 865
1680280 864
1680290 863
1680300 863
1680310 861
1680320 858
1680330 858
1680340 855
1680350 852
1680360 848
1680370 848
1680380 844
1680390 840
1680400 840
1680410 836
1680420 832
1680430 832
1680440 828
1680450 824
1680460 824
1680470 821
1680480 814
1680490 814
1680500 808
1680510 809
1680520 809
1680530 808
1680540 810
1680550 813
1680560 813
1680570 816
1680580 818
1680590 818
1680600 819
1680610 821
1680620 821
1680630 822
1680640 823
1680650 823
1680660 825
1680670 826
1680680 826
1680690 828
1680700 829
1680710 829
1680720 831
1680730 832
1680740 832
1680750 832
1680760 833
1680770 833
1680780 833
1680790 833
1680800 832
1680810 832
1680820 831
1680830 830
1680840 830
1680850 829
1680860 828
1680870 828
1680880 827
1680890 825
1680900 825
1680910 823
1680920 820
1680930 820
1680940 818
1680950 816
1680960 814
1680970 814
1680980 811
1680990 809
1681000 809
1681010 808
1681020 808
1681030 808
1681040 808
1681050 808
1681060 808
1681070 807
1681080 806
1681090 806
1681100 805
1681110 804
1681120 804
1681130 804
1681140 804
1681150 804
1681160 804
1681170 805
1681180 805
1681190 805
1681200 805
1681210 805
1681220 805
1681230 804
1681240 798
1681250 798
1681260 794
1681270 790
1681280 790
1681290 787
1681300 784
1681310 784
1681320 781
1681330 777
1681340 778
1681350 778
1681360 774
1681370 772
1681380 772
1681390 771
1681400 770
1681410 770
1681420 767
1681430 763
1681440 763
1681450 758
1681460 752
1681470 752
1681480 746
1681490 748
1681500 748
1681510 750
1681520 755
1681530 755
1681540 760
1681550 767
1681560 774
1681570 774
1681580 781
1681590 788
1681600 788
1681610 793
1681620 799
1681630 799
1681640 806
1681650 812
1681660 812
1681670 823
1681680 829
1681690 829
1681700 832
1681710 836
1681720 836
1681730 840
1681740 844
1681750 847
1681760 847
1681770 852
1681780 856
1681790 856
1681800 860
1681810 863
1681820 863
1681830 867
1681840 872
1681850 872
1681860 876
1681870 880
1681880 880
1681890 884
1681900 887
1681910 887
1681920 889
1681930 890
1681940 890
1681950 892
1681960 894
1681970 896
1681980 896
1681990 897
1682000 899
1682010 899
1682020 900
1682030 902
1682040 902
1682050 903
1682060 904
1682070 904
1682080 905
1682090 905
1682100 905
1682110 906
1682120 907
1682130 907
1682140 907
1682150 909
1682160 910
1682170 910
1682180 909
1682190 904
1682200 904
1682210 904
1682220 903
1682230 903
1682240 903
1682250 910
1682260 910
1682270 919
1682280 918
1682290 918
1682300 919
1682310 919
1682320 919
1682330 919
1682340 920
1682350 919
1682360 919
1682370 919
1682380 920
1682390 920
1682400 920
1682410 920
1682420 920
1682430 921
1682440 922
1682450 922
1682460 923
1682470 924
1682480 924
1682490 924
1682500 923
1682510 923
1682520 923
1682530 923
1682540 923
1682550 923
1682560 923
1682570 923
1682580 923
1682590 923
1682600 923
1682610 923
1682620 919
1682630 914
1682640 914
1682650 915
1682660 916
1682670 916
1682680 916
1682690 916
1682700 916
1682710 921
1682720 927
1682730 927
1682740 933
1682750 937
1682760 942
1682770 942
1682780 946
1682790 948
1682800 948
1682810 952
1682820 955
1682830 955
1682840 957
1682850 960
1682860 960
1682870 963
1682880 967
1682890 967
1682900 973
1682910 974
1682920 974
1682930 974
1682940 974
1682950 975
1682960 975
1682970 975
1682980 978
1682990 978
1683000 978
1683010 978
1683020 978
1683030 980
1683040 981
1683050 981
1683060 983
1683070 984
1683080 984
1683090 985
1683100 987
1683110 987
1683120 989
1683130 992
1683140 992
1683150 995
1683160 999
1683170 1003
1683180 1003
1683190 1004
1683200 1007
1683210 1007
1683220 1009
1683230 1012
1683240 1012
1683250 1015
1683260 1018
1683270 1018
1683280 1021
1683290 1022
1683300 1022
1683310 1024
1683320 1025
1683330 1025
1683340 1027
1683350 1030
1683360 1032
1683370 1032
1683380 1034
1683390 1036
1683400 1036
1683410 1039
1683420 1043
1683430 1043
1683440 1046
1683450 1049
1683460 1049
1683470 1051
1683480 1054
1683490 1054
1683500 1056
1683510 1057
1683520 1057
1683530 1058
1683540 1059
1683550 1060
1683560 1060
1683570 1060
1683580 1061
1683590 1061
1683600 1062
1683610 1061
1683620 1061
1683630 1061
1683640 1062
1683650 1062
1683660 1063
1683670 1064
1683680 1064
1683690 1065
1683700 1065
1683710 1065
1683720 1066
1683730 1066
1683740 1066
1683750 1066
1683760 1066
1683770 1066
1683780 1066
1683790 1065
1683800 1066
1683810 1066
1683820 1066
1683830 1067
1683840 1067
1683850 1067
1683860 1067
1683870 1067
1683880 1066
1683890 1066
1683900 1066
1683910 1066
1683920 1067
1683930 1067
1683940 1068
1683950 1068
1683960 1068
1683970 1068
1683980 1068
1683990 1066
1684000 1066
1684010 1066
1684020 1066
1684030 1066
1684040 1067
1684050 1070
1684060 1070
1684070 1072
1684080 1073
1684090 1073
1684100 1074
1684110 1076
1684120 1076
1684130 1077
1684140 1078
1684150 1079
1684160 1079
1684170 1081
1684180 1083
1684190 1083
1684200 1085
1684210 1086
1684220 1086
1684230 1085
1684240 1086
1684250 1086
1684260 1087
1684270 1087
1684280 1087
1684290 1088
1684300 1089
1684310 1089
1684320 1089
1684330 1089
1684340 1089
1684350 1089
1684360 1088
1684370 1089
1684380 1089
1684390 1089
1684400 1089
1684410 1089
1684420 1090
1684430 1090
1684440 1090
1684450 1090
1684460 1091
1684470 1091
1684480 1092
1684490 1092
1684500 1092
1684510 1092
1684520 1091
1684530 1091
1684540 1091
1684550 1090
1684560 1088
1684570 1088
1684580 1086
1684590 1085
1684600 1085
1684610 1083
1684620 1082
1684630 1082
1684640 1081
1684650 1080
1684660 1080
1684670 1078
1684680 1078
1684690 1078
1684700 1076
1684710 1075
1684720 1075
1684730 1075
1684740 1073
1684750 1073
1684760 1073
1684770 1071
1684780 1070
1684790 1070
1684800 1069
1684810 1068
1684820 1068
1684830 1068
1684840 1067
1684850 1067
1684860 1066
1684870 1066
1684880 1066
1684890 1066
1684900 1066
1684910 1066
1684920 1065
1684930 1065
1684940 1065
1684950 1064
1684960 1063
1684970 1062
1684980 1062
1684990 1061
1685000 1060
1685010 1060
1685020 1059
1685030 1058
1685040 1058
1685050 1056
1685060 1055
1685070 1055
1685080 1054
1685090 1052
1685100 1052
1685110 1051
1685120 1050
1685130 1050
1685140 1047
1685150 1045
1685160 1044
1685170 1044
1685180 1042
1685190 1039
1685200 1039
1685210 1036
1685220 1034
1685230 1034
1685240 1031
1685250 1028
1685260 1028
1685270 1025
1685280 1023
1685290 1023
1685300 1021
1685310 1019
1685320 1019
1685330 1017
1685340 1015
1685350 1014
1685360 1014
1685370 1014
1685380 1013
1685390 1013
1685400 1013
1685410 1013
1685420 1013
1685430 1013
1685440 1013
1685450 1013
1685460 1013
1685470 1009
1685480 1009
1685490 1008
1685500 1007
1685510 1007
1685520 1006
1685530 1005
1685540 1005
1685550 1003
1685560 1003
1685570 1001
1685580 1001
1685590 1001
1685600 1000
1685610 1000
1685620 996
1685630 993
1685640 993
1685650 990
1685660 987
1685670 987
1685680 984
1685690 981
1685700 981
1685710 976
1685720 969
1685730 969
1685740 963
1685750 955
1685760 948
1685770 948
1685780 943
1685790 938
1685800 938
1685810 937
1685820 933
1685830 933
1685840 929
1685850 924
1685860 924
1685870 919
1685880 915
1685890 915
1685900 910
1685910 904
1685920 904
1685930 902
1685940 900
1685950 900
1685960 904
1685970 906
1685980 908
1685990 908
1686000 908
1686010 908
1686020 908
1686030 909
1686040 910
1686050 910
1686060 910
1686070 910
1686080 910
1686090 908
1686100 906
1686110 906
1686120 904
1686130 903
1686140 903
1686150 903
1686160 902
1686170 901
1686180 901
1686190 902
1686200 902
1686210 902
1686220 902
1686230 902
1686240 902
1686250 901
1686260 899
1686270 899
1686280 897
1686290 895
1686300 895
1686310 892
1686320 890
1686330 890
1686340 889
1686350 887
1686360 886
1686370 886
1686380 885
1686390 884
1686400 884
1686410 884
1686420 882
1686430 882
1686440 881
1686450 878
1686460 878
1686470 875
1686480 870
1686490 870
1686500 864
1686510 861
1686520 861
1686530 863
1686540 866
1686550 866
1686560 869
1686570 872
1686580 874
1686590 874
1686600 877
1686610 880
1686620 880
1686630 881
1686640 883
1686650 883
1686660 884
1686670 884
1686680 884
1686690 884
1686700 884
1686710 884
1686720 884
1686730 883
1686740 883
1686750 882
1686760 882
1686770 880
1686780 880
1686790 879
1686800 878
1686810 878
1686820 876
1686830 875
1686840 875
1686850 874
1686860 872
1686870 872
1686880 871
1686890 870
1686900 870
1686910 868
1686920 867
1686930 867
1686940 865
1686950 864
1686960 862
1686970 862
1686980 860
1686990 858
1687000 858
1687010 856
1687020 854
1687030 854
1687040 851
1687050 848
1687060 848
1687070 846
1687080 845
1687090 845
1687100 841
1687110 836
1687120 836
1687130 832
1687140 828
1687150 828
1687160 828
1687170 829
1687180 830
1687190 830
1687200 831
1687210 832
1687220 832
1687230 834
1687240 835
1687250 835
1687260 837
1687270 837
1687280 837
1687290 837
1687300 837
1687310 837
1687320 836
1687330 835
1687340 835
1687350 834
1687360 833
1687370 831
1687380 831
1687390 830
1687400 829
1687410 829
1687420 827
1687430 826
1687440 826
1687450 824
1687460 823
1687470 823
1687480 820
1687490 818
1687500 818
1687510 816
1687520 814
1687530 814
1687540 811
1687550 809
1687560 807
1687570 807
1687580 806
1687590 804
1687600 804
1687610 802
1687620 801
1687630 801
1687640 798
1687650 792
1687660 792
1687670 784
1687680 775
1687690 775
1687700 767
1687710 759
1687720 759
1687730 752
1687740 746
1687750 746
1687760 736
1687770 732
1687780 733
1687790 733
1687800 736
1687810 741
1687820 741
1687830 745
1687840 749
1687850 749
1687860 753
1687870 758
1687880 758
1687890 762
1687900 766
1687910 766
1687920 770
1687930 775
1687940 775
1687950 782
1687960 788
1687970 789
1687980 789
1687990 787
1688000 788
1688010 788
1688020 790
1688030 791
1688040 791
1688050 793
1688060 795
1688070 795
1688080 798
1688090 800
1688100 800
1688110 800
1688120 800
1688130 800
1688140 801
1688150 802
1688160 802
1688170 802
1688180 802
1688190 802
1688200 802
1688210 799
1688220 801
1688230 801
1688240 800
1688250 801
1688260 801
1688270 801
1688280 801
1688290 801
1688300 800
1688310 799
1688320 799
1688330 796
1688340 795
1688350 795
1688360 794
1688370 794
1688380 791
1688390 791
1688400 790
1688410 789
1688420 789
1688430 786
1688440 784
1688450 784
1688460 781
1688470 779
1688480 779
1688490 776
1688500 773
1688510 773
1688520 771
1688530 767
1688540 767
1688550 763
1688560 759
1688570 756
1688580 756
1688590 756
1688600 755
1688610 755
1688620 752
1688630 752
1688640 752
1688650 750
1688660 750
1688670 750
1688680 749
1688690 749
1688700 749
1688710 750
1688720 750
1688730 750
1688740 750
1688750 750
1688760 750
1688770 750
1688780 749
1688790 749
1688800 749
1688810 748
1688820 747
1688830 747
1688840 747
1688850 746
1688860 746
1688870 743
1688880 745
1688890 745
1688900 747
1688910 747
1688920 747
1688930 745
1688940 740
1688950 740
1688960 737
1688970 735
1688980 733
1688990 733
1689000 732
1689010 730
1689020 730
1689030 728
1689040 730
1689050 730
1689060 730
1689070 730
1689080 730
1689090 731
1689100 730
1689110 730
1689120 730
1689130 731
1689140 731
1689150 731
1689160 729
1689170 729
1689180 729
1689190 730
1689200 731
1689210 731
1689220 732
1689230 734
1689240 734
1689250 735
1689260 736
1689270 736
1689280 738
1689290 739
1689300 739
1689310 740
1689320 741
1689330 741
1689340 741
1689350 742
1689360 743
1689370 743
1689380 744
1689390 744
1689400 744
1689410 745
1689420 747
1689430 747
1689440 749
1689450 750
1689460 750
1689470 750
1689480 751
1689490 751
1689500 750
1689510 751
1689520 751
1689530 751
1689540 754
1689550 754
1689560 755
1689570 755
1689580 756
1689590 756
1689600 756
1689610 755
1689620 755
1689630 753
1689640 752
1689650 752
1689660 752
1689670 752
1689680 752
1689690 752
1689700 752
1689710 752
1689720 752
1689730 752
1689740 752
1689750 752
1689760 752
1689770 753
1689780 753
1689790 753
1689800 751
1689810 751
1689820 752
1689830 751
1689840 751
1689850 750
1689860 750
1689870 750
1689880 749
1689890 748
1689900 748
1689910 748
1689920 748
1689930 748
1689940 747
1689950 746
1689960 746
1689970 746
1689980 745
1689990 743
1690000 743
1690010 740
1690020 736
1690030 736
1690040 729
1690050 721
1690060 721
1690070 718
1690080 717
1690090 717
1690100 722
1690110 727
1690120 727
1690130 732
1690140 736
1690150 736
1690160 739
1690170 741
1690180 742
1690190 742
1690200 745
1690210 746
1690220 746
1690230 747
1690240 748
1690250 748
1690260 749
1690270 750
1690280 750
1690290 750
1690300 750
1690310 750
1690320 748
1690330 747
1690340 747
1690350 745
1690360 743
1690370 741
1690380 741
1690390 739
1690400 738
1690410 738
1690420 736
1690430 735
1690440 735
1690450 734
1690460 733
1690470 733
1690480 732
1690490 731
1690500 731
1690510 730
1690520 728
1690530 728
1690540 727
1690550 725
1690560 725
1690570 723
1690580 721
1690590 718
1690600 718
1690610 716
1690620 711
1690630 711
1690640 707
1690650 703
1690660 703
1690670 700
1690680 697
1690690 697
1690700 695
1690710 693
1690720 693
1690730 690
1690740 688
1690750 688
1690760 687
1690770 686
1690780 685
1690790 685
1690800 683
1690810 679
1690820 679
1690830 673
1690840 670
1690850 670
1690860 673
1690870 679
1690880 679
1690890 680
1690900 682
1690910 682
1690920 681
1690930 685
1690940 685
1690950 688
1690960 690
1690970 690
1690980 690
1690990 690
1691000 691
1691010 691
1691020 692
1691030 694
1691040 694
1691050 695
1691060 697
1691070 697
1691080 698
1691090 698
1691100 698
1691110 698
1691120 698
1691130 698
1691140 698
1691150 698
1691160 698
1691170 698
1691180 698
1691190 699
1691200 699
1691210 699
1691220 699
1691230 699
1691240 699
1691250 698
1691260 698
1691270 696
1691280 695
1691290 695
1691300 695
1691310 695
1691320 695
1691330 695
1691340 695
1691350 695
1691360 695
1691370 694
1691380 694
1691390 694
1691400 693
1691410 693
1691420 693
1691430 692
1691440 691
1691450 691
1691460 691
1691470 690
1691480 690
1691490 689
1691500 688
1691510 688
1691520 687
1691530 686
1691540 686
1691550 684
1691560 682
1691570 681
1691580 681
1691590 679
1691600 677
1691610 677
1691620 676
1691630 674
1691640 674
1691650 672
1691660 671
1691670 671
1691680 668
1691690 666
1691700 666
1691710 664
1691720 660
1691730 660
1691740 659
1691750 658
1691760 658
1691770 655
1691780 650
1691790 644
1691800 644
1691810 641
1691820 641
1691830 641
1691840 641
1691850 641
1691860 641
1691870 635
1691880 631
1691890 631
1691900 631
1691910 630
1691920 630
1691930 628
1691940 625
1691950 625
1691960 619
1691970 618
1691980 615
1691990 615
1692000 613
1692010 611
1692020 611
1692030 609
1692040 608
1692050 608
1692060 606
1692070 604
1692080 604
1692090 603
1692100 602
1692110 602
1692120 602
1692130 601
1692140 601
1692150 600
1692160 598
1692170 596
1692180 596
1692190 595
1692200 594
1692210 594
1692220 593
1692230 591
1692240 591
1692250 589
1692260 588
1692270 588
1692280 587
1692290 586
1692300 586
1692310 584
1692320 583
1692330 583
1692340 581
1692350 579
1692360 579
1692370 577
1692380 575
1692390 572
1692400 572
1692410 567
1692420 563
1692430 563
1692440 560
1692450 556
1692460 556
1692470 550
1692480 544
1692490 544
1692500 546
1692510 547
1692520 547
1692530 550
1692540 551
1692550 551
1692560 552
1692570 553
1692580 554
1692590 554
1692600 556
1692610 557
1692620 557
1692630 558
1692640 558
1692650 558
1692660 558
1692670 559
1692680 559
1692690 559
1692700 559
1692710 559
1692720 559
1692730 559
1692740 559
1692750 559
1692760 558
1692770 558
1692780 558
1692790 557
1692800 556
1692810 556
1692820 555
1692830 555
1692840 555
1692850 554
1692860 553
1692870 553
1692880 552
1692890 550
1692900 550
1692910 549
1692920 546
1692930 546
1692940 542
1692950 539
1692960 539
1692970 536
1692980 532
1692990 527
1693000 527
1693010 523
1693020 520
1693030 520
1693040 515
1693050 510
1693060 510
1693070 505
1693080 503
1693090 503
1693100 505
1693110 511
1693120 511
1693130 517
1693140 521
1693150 521
1693160 525
1693170 528
1693180 530
1693190 530
1693200 529
1693210 529
1693220 529
1693230 527
1693240 522
1693250 522
1693260 517
1693270 515
1693280 515
1693290 514
1693300 519
1693310 519
1693320 526
1693330 530
1693340 530
1693350 532
1693360 534
1693370 534
1693380 536
1693390 535
1693400 534
1693410 534
1693420 534
1693430 533
1693440 533
1693450 533
1693460 532
1693470 532
1693480 529
1693490 526
1693500 526
1693510 529
1693520 532
1693530 532
1693540 534
1693550 535
1693560 535
1693570 537
1693580 538
1693590 539
1693600 539
1693610 540
1693620 540
1693630 540
1693640 541
1693650 542
1693660 542
1693670 542
1693680 542
1693690 542
1693700 542
1693710 542
1693720 542
1693730 541
1693740 541
1693750 541
1693760 540
1693770 540
1693780 538
1693790 538
1693800 534
1693810 538
1693820 538
1693830 537
1693840 536
1693850 536
1693860 536
1693870 536
1693880 536
1693890 535
1693900 534
1693910 534
1693920 532
1693930 533
1693940 533
1693950 532
1693960 531
1693970 531
1693980 530
1693990 529
1694000 527
1694010 527
1694020 527
1694030 525
1694040 525
1694050 525
1694060 524
1694070 524
1694080 522
1694090 520
1694100 520
1694110 519
1694120 518
1694130 518
1694140 516
1694150 515
1694160 515
1694170 510
1694180 512
1694190 511
1694200 511
1694210 510
1694220 508
1694230 508
1694240 507
1694250 507
1694260 507
1694270 507
1694280 507
1694290 507
1694300 505
1694310 505
1694320 505
1694330 503
1694340 503
1694350 503
1694360 503
1694370 502
1694380 501
1694390 501
1694400 500
1694410 498
1694420 498
1694430 498
1694440 496
1694450 496
1694460 494
1694470 490
1694480 490
1694490 489
1694500 486
1694510 486
1694520 483
1694530 481
1694540 481
1694550 479
1694560 477
1694570 477
1694580 475
1694590 475
1694600 471
1694610 471
1694620 469
1694630 468
1694640 468
1694650 466
1694660 463
1694670 463
1694680 460
1694690 457
1694700 457
1694710 452
1694720 448
1694730 448
1694740 444
1694750 441
1694760 441
1694770 439
1694780 436
1694790 434
1694800 434
1694810 433
1694820 431
1694830 431
1694840 430
1694850 427
1694860 427
1694870 425
1694880 422
1694890 422
1694900 419
1694910 418
1694920 418
1694930 416
1694940 413
1694950 413
1694960 411
1694970 409
1694980 407
1694990 407
1695000 404
1695010 404
1695020 404
1695030 404
1695040 404
1695050 404
1695060 403
1695070 401
1695080 401
1695090 399
1695100 399
1695110 399
1695120 398
1695130 397
1695140 397
1695150 397
1695160 396
1695170 396
1695180 395
1695190 394
1695200 392
1695210 392
1695220 392
1695230 391
1695240 391
1695250 390
1695260 390
1695270 390
1695280 390
1695290 389
1695300 389
1695310 388
1695320 387
1695330 387
1695340 387
1695350 387
1695360 387
1695370 387
1695380 387
1695390 388
1695400 388
1695410 388
1695420 388
1695430 388
1695440 388
1695450 389
1695460 389
1695470 390
1695480 391
1695490 391
1695500 392
1695510 392
1695520 392
1695530 393
1695540 394
1695550 394
1695560 394
1695570 395
1695580 395
1695590 395
1695600 395
1695610 395
1695620 395
1695630 395
1695640 395
1695650 395
1695660 394
1695670 394
1695680 394
1695690 392
1695700 389
1695710 389
1695720 389
1695730 386
1695740 386
1695750 389
1695760 389
1695770 389
1695780 390
1695790 388
1695800 389
1695810 389
1695820 389
1695830 390
1695840 390
1695850 391
1695860 391
1695870 391
1695880 393
1695890 397
1695900 397
1695910 400
1695920 403
1695930 403
1695940 404
1695950 406
1695960 406
1695970 408
1695980 410
1695990 411
1696000 411
1696010 413
1696020 414
1696030 414
1696040 415
1696050 417
1696060 417
1696070 418
1696080 419
1696090 419
1696100 420
1696110 420
1696120 420
1696130 419
1696140 418
1696150 418
1696160 417
1696170 416
1696180 416
1696190 416
1696200 415
1696210 414
1696220 414
1696230 413
1696240 412
1696250 412
1696260 411
1696270 410
1696280 410
1696290 409
1696300 408
1696310 408
1696320 407
1696330 406
1696340 406
1696350 405
1696360 404
1696370 404
1696380 402
1696390 401
1696400 399
1696410 399
1696420 398
1696430 395
1696440 395
1696450 393
1696460 391
1696470 391
1696480 390
1696490 388
1696500 388
1696510 388
1696520 389
1696530 389
1696540 391
1696550 388
1696560 388
1696570 393
1696580 394
1696590 393
1696600 393
1696610 393
1696620 391
1696630 391
1696640 389
1696650 393
1696660 393
1696670 395
1696680 397
1696690 397
1696700 399
1696710 403
1696720 403
1696730 406
1696740 407
1696750 407
1696760 408
1696770 409
1696780 410
1696790 410
1696800 410
1696810 410
1696820 410
1696830 411
1696840 411
1696850 411
1696860 411
1696870 412
1696880 412
1696890 412
1696900 413
1696910 413
1696920 413
1696930 413
1696940 413
1696950 412
1696960 412
1696970 412
1696980 411
1696990 410
1697000 409
1697010 409
1697020 408
1697030 403
1697040 403
1697050 400
1697060 399
1697070 399
1697080 397
1697090 395
1697100 395
1697110 392
1697120 391
1697130 391
1697140 392
1697150 391
1697160 391
1697170 392
1697180 392
1697190 393
1697200 393
1697210 393
1697220 389
1697230 389
1697240 390
1697250 392
1697260 392
1697270 392
1697280 392
1697290 392
1697300 391
1697310 390
1697320 390
1697330 389
1697340 388
1697350 388
1697360 387
1697370 386
1697380 386
1697390 385
1697400 382
1697410 380
1697420 380
1697430 378
1697440 379
1697450 379
1697460 380
1697470 384
1697480 384
1697490 385
1697500 386
1697510 386
1697520 386
1697530 387
1697540 387
1697550 387
1697560 388
1697570 388
1697580 388
1697590 388
1697600 389
1697610 389
1697620 391
1697630 391
1697640 391
1697650 392
1697660 393
1697670 393
1697680 393
1697690 394
1697700 394
1697710 395
1697720 396
1697730 396
1697740 397
1697750 398
1697760 398
1697770 398
1697780 398
1697790 398
1697800 398
1697810 398
1697820 398
1697830 398
1697840 397
1697850 396
1697860 396
1697870 396
1697880 395
1697890 395
1697900 393
1697910 392
1697920 392
1697930 391
1697940 389
1697950 389
1697960 387
1697970 380
1697980 380
1697990 376
1698000 376
1698010 376
1698020 376
1698030 379
1698040 379
1698050 379
1698060 376
1698070 377
1698080 377
1698090 376
1698100 377
1698110 377
1698120 380
1698130 381
1698140 381
1698150 384
1698160 387
1698170 387
1698180 387
1698190 388
1698200 387
1698210 387
1698220 386
1698230 386
1698240 386
1698250 387
1698260 388
1698270 388
1698280 389
1698290 390
1698300 390
1698310 391
1698320 392
1698330 392
1698340 394
1698350 395
1698360 395
1698370 400
1698380 399
1698390 406
1698400 406
1698410 407
1698420 408
1698430 408
1698440 409
1698450 411
1698460 411
1698470 411
1698480 412
1698490 412
1698500 413
1698510 414
1698520 414
1698530 414
1698540 414
1698550 414
1698560 414
1698570 413
1698580 413
1698590 417
1698600 412
1698610 407
1698620 407
1698630 406
1698640 402
1698650 402
1698660 400
1698670 400
1698680 400
1698690 400
1698700 400
1698710 400
1698720 400
1698730 403
1698740 403
1698750 406
1698760 407
1698770 407
1698780 407
1698790 407
1698800 405
1698810 405
1698820 401
1698830 397
1698840 397
1698850 394
1698860 393
1698870 393
1698880 397
1698890 399
1698900 399
1698910 397
1698920 394
1698930 394
1698940 391
1698950 389
1698960 389
1698970 388
1698980 386
1698990 383
1699000 383
1699010 381
1699020 381
1699030 381
1699040 377
1699050 376
1699060 376
1699070 379
1699080 380
1699090 380
1699100 380
1699110 381
1699120 381
1699130 382
1699140 384
1699150 384
1699160 386
1699170 387
1699180 387
1699190 388
1699200 390
1699210 390
1699220 390
1699230 391
1699240 392
1699250 392
1699260 393
1699270 392
1699280 392
1699290 392
1699300 393
1699310 393
1699320 392
1699330 392
1699340 392
1699350 392
1699360 391
1699370 391
1699380 390
1699390 390
1699400 389
1699410 389
1699420 388
1699430 387
1699440 387
1699450 387
1699460 386
1699470 386
1699480 385
1699490 384
1699500 384
1699510 383
1699520 383
1699530 383
1699540 382
1699550 381
1699560 381
1699570 380
1699580 379
1699590 378
1699600 378
1699610 377
1699620 376
1699630 376
1699640 374
1699650 373
1699660 373
1699670 371
1699680 370
1699690 370
1699700 368
1699710 367
1699720 367
1699730 366
1699740 365
1699750 365
1699760 362
1699770 361
1699780 361
1699790 359
1699800 360
1699810 360
1699820 360
1699830 360
1699840 360
1699850 360
1699860 359
1699870 360
1699880 360
1699890 360
1699900 361
1699910 361
1699920 361
1699930 360
1699940 360
1699950 360
1699960 359
1699970 359
1699980 358
1699990 357
