1680000 783
1680010 783
1680020 783
1680030 783
1680040 783
1680050 782
1680060 781
1680070 781
1680080 780
1680090 779
1680100 776
1680110 776
1680120 775
1680130 774
1680140 774
1680150 775
1680160 775
1680170 775
1680180 774
1680190 773
1680200 773
1680210 772
1680220 770
1680230 770
1680240 769
1680250 766
1680260 766
1680270 769
1680280 771
1680290 771
1680300 772
1680310 772
1680320 773
1680330 773
1680340 773
1680350 773
1680360 773
1680370 773
1680380 773
1680390 773
1680400 773
1680410 773
1680420 773
1680430 774
1680440 774
1680450 774
1680460 773
1680470 773
1680480 773
1680490 773
1680500 772
1680510 771
1680520 771
1680530 770
1680540 769
1680550 769
1680560 767
1680570 765
1680580 765
1680590 763
1680600 759
1680610 759
1680620 758
1680630 757
1680640 757
1680650 754
1680660 752
1680670 752
1680680 754
1680690 756
1680700 756
1680710 757
1680720 758
1680730 760
1680740 760
1680750 762
1680760 764
1680770 764
1680780 766
1680790 768
1680800 768
1680810 771
1680820 773
1680830 773
1680840 774
1680850 776
1680860 776
1680870 778
1680880 780
1680890 780
1680900 780
1680910 781
1680920 782
1680930 782
1680940 782
1680950 782
1680960 782
1680970 782
1680980 783
1680990 783
1681000 783
1681010 784
1681020 784
1681030 784
1681040 784
1681050 784
1681060 784
1681070 784
1681080 784
1681090 783
1681100 783
1681110 783
1681120 782
1681130 780
1681140 778
1681150 778
1681160 776
1681170 772
1681180 772
1681190 769
1681200 770
1681210 770
1681220 771
1681230 771
1681240 771
1681250 772
1681260 773
1681270 773
1681280 774
1681290 775
1681300 775
1681310 776
1681320 777
1681330 778
1681340 778
1681350 778
1681360 779
1681370 779
1681380 780
1681390 781
1681400 781
1681410 781
1681420 782
1681430 782
1681440 782
1681450 782
1681460 782
1681470 783
1681480 783
1681490 783
1681500 782
1681510 777
1681520 777
1681530 773
1681540 775
1681550 776
1681560 776
1681570 777
1681580 779
1681590 779
1681600 780
1681610 781
1681620 781
1681630 782
1681640 783
1681650 783
1681660 784
1681670 785
1681680 785
1681690 786
1681700 786
1681710 786
1681720 787
1681730 788
1681740 789
1681750 789
1681760 789
1681770 790
1681780 790
1681790 790
1681800 791
1681810 791
1681820 791
1681830 792
1681840 792
1681850 792
1681860 792
1681870 792
1681880 792
1681890 792
1681900 792
1681910 792
1681920 792
1681930 791
1681940 791
1681950 790
1681960 787
1681970 787
1681980 785
1681990 782
1682000 782
1682010 779
1682020 777
1682030 777
1682040 776
1682050 774
1682060 774
1682070 772
1682080 770
1682090 770
1682100 768
1682110 766
1682120 766
1682130 765
1682140 764
1682150 762
1682160 762
1682170 760
1682180 759
1682190 759
1682200 757
1682210 755
1682220 755
1682230 753
1682240 751
1682250 751
1682260 750
1682270 748
1682280 748
1682290 745
1682300 740
1682310 740
1682320 737
1682330 735
1682340 731
1682350 731
1682360 731
1682370 727
1682380 727
1682390 724
1682400 720
1682410 720
1682420 716
1682430 713
1682440 713
1682450 712
1682460 709
1682470 709
1682480 705
1682490 701
1682500 701
1682510 696
1682520 691
1682530 691
1682540 687
1682550 682
1682560 684
1682570 684
1682580 683
1682590 682
1682600 682
1682610 681
1682620 680
1682630 680
1682640 678
1682650 673
1682660 673
1682670 669
1682680 663
1682690 663
1682700 660
1682710 661
1682720 661
1682730 661
1682740 656
1682750 652
1682760 652
1682770 645
1682780 641
1682790 641
1682800 638
1682810 637
1682820 637
1682830 640
1682840 644
1682850 644
1682860 652
1682870 650
1682880 650
1682890 634
1682900 625
1682910 625
1682920 604
1682930 596
1682940 596
1682950 593
1682960 592
1682970 594
1682980 594
1682990 616
1683000 614
1683010 614
1683020 612
1683030 612
1683040 612
1683050 616
1683060 620
1683070 620
1683080 624
1683090 628
1683100 628
1683110 633
1683120 635
1683130 635
1683140 637
1683150 637
1683160 637
1683170 637
1683180 637
1683190 634
1683200 634
1683210 631
1683220 628
1683230 628
1683240 628
1683250 628
1683260 628
1683270 627
1683280 625
1683290 625
1683300 630
1683310 631
1683320 631
1683330 631
1683340 634
1683350 634
1683360 635
1683370 633
1683380 638
1683390 638
1683400 638
1683410 637
1683420 637
1683430 639
1683440 645
1683450 645
1683460 650
1683470 654
1683480 654
1683490 657
1683500 656
1683510 656
1683520 655
1683530 654
1683540 654
1683550 656
1683560 658
1683570 661
1683580 661
1683590 663
1683600 665
1683610 665
1683620 665
1683630 666
1683640 666
1683650 666
1683660 667
1683670 667
1683680 668
1683690 669
1683700 669
1683710 671
1683720 675
1683730 675
1683740 679
1683750 683
1683760 683
1683770 686
1683780 689
1683790 693
1683800 693
1683810 696
1683820 698
1683830 698
1683840 701
1683850 703
1683860 703
1683870 706
1683880 708
1683890 708
1683900 710
1683910 714
1683920 714
1683930 717
1683940 719
1683950 719
1683960 720
1683970 717
1683980 711
1683990 711
1684000 709
1684010 706
1684020 706
1684030 703
1684040 702
1684050 702
1684060 702
1684070 709
1684080 709
1684090 713
1684100 714
1684110 714
1684120 716
1684130 717
1684140 717
1684150 720
1684160 724
1684170 728
1684180 728
1684190 731
1684200 733
1684210 733
1684220 735
1684230 738
1684240 738
1684250 741
1684260 743
1684270 743
1684280 747
1684290 751
1684300 751
1684310 756
1684320 762
1684330 762
1684340 768
1684350 770
1684360 770
1684370 770
1684380 770
1684390 768
1684400 768
1684410 767
1684420 766
1684430 766
1684440 765
1684450 764
1684460 764
1684470 764
1684480 766
1684490 766
1684500 768
1684510 768
1684520 768
1684530 768
1684540 768
1684550 768
1684560 772
1684570 777
1684580 781
1684590 781
1684600 784
1684610 787
1684620 787
1684630 791
1684640 794
1684650 794
1684660 796
1684670 800
1684680 800
1684690 805
1684700 810
1684710 810
1684720 811
1684730 810
1684740 810
1684750 810
1684760 812
1684770 812
1684780 813
1684790 813
1684800 813
1684810 813
1684820 812
1684830 812
1684840 812
1684850 812
1684860 811
1684870 811
1684880 811
1684890 813
1684900 813
1684910 816
1684920 818
1684930 818
1684940 821
1684950 822
1684960 822
1684970 824
1684980 825
1684990 826
1685000 826
1685010 827
1685020 827
1685030 827
1685040 826
1685050 825
1685060 825
1685070 824
1685080 823
1685090 823
1685100 822
1685110 821
1685120 821
1685130 820
1685140 820
1685150 820
1685160 821
1685170 822
1685180 822
1685190 822
1685200 822
1685210 820
1685220 820
1685230 818
1685240 816
1685250 816
1685260 814
1685270 812
1685280 812
1685290 809
1685300 803
1685310 803
1685320 801
1685330 801
1685340 801
1685350 801
1685360 801
1685370 801
1685380 801
1685390 800
1685400 800
1685410 800
1685420 800
1685430 799
1685440 799
1685450 799
1685460 799
1685470 799
1685480 801
1685490 799
1685500 799
1685510 797
1685520 793
1685530 793
1685540 790
1685550 787
1685560 787
1685570 787
1685580 786
1685590 786
1685600 785
1685610 784
1685620 784
1685630 784
1685640 783
1685650 783
1685660 783
1685670 782
1685680 781
1685690 781
1685700 781
1685710 780
1685720 780
1685730 780
1685740 779
1685750 779
1685760 778
1685770 777
1685780 777
1685790 777
1685800 774
1685810 768
1685820 768
1685830 762
1685840 757
1685850 760
1685860 758
1685870 759
1685880 759
1685890 760
1685900 760
1685910 760
1685920 761
1685930 761
1685940 761
1685950 760
1685960 759
1685970 759
1685980 757
1685990 755
1686000 755
1686010 752
1686020 749
1686030 747
1686040 747
1686050 744
1686060 741
1686070 741
1686080 739
1686090 736
1686100 736
1686110 734
1686120 733
1686130 733
1686140 731
1686150 730
1686160 730
1686170 729
1686180 728
1686190 728
1686200 725
1686210 723
1686220 722
1686230 722
1686240 722
1686250 724
1686260 724
1686270 728
1686280 730
1686290 730
1686300 731
1686310 730
1686320 730
1686330 730
1686340 728
1686350 728
1686360 727
1686370 725
1686380 725
1686390 723
1686400 720
1686410 716
1686420 716
1686430 712
1686440 709
1686450 709
1686460 705
1686470 702
1686480 702
1686490 700
1686500 698
1686510 698
1686520 697
1686530 697
1686540 697
1686550 695
1686560 693
1686570 693
1686580 690
1686590 687
1686600 687
1686610 688
1686620 686
1686630 685
1686640 685
1686650 684
1686660 683
1686670 683
1686680 682
1686690 681
1686700 681
1686710 681
1686720 681
1686730 681
1686740 680
1686750 679
1686760 679
1686770 682
1686780 678
1686790 678
1686800 677
1686810 678
1686820 679
1686830 679
1686840 679
1686850 678
1686860 678
1686870 676
1686880 675
1686890 675
1686900 673
1686910 672
1686920 672
1686930 670
1686940 668
1686950 668
1686960 667
1686970 666
1686980 666
1686990 665
1687000 664
1687010 664
1687020 663
1687030 663
1687040 662
1687050 662
1687060 662
1687070 661
1687080 661
1687090 661
1687100 662
1687110 662
1687120 662
1687130 662
1687140 662
1687150 662
1687160 662
1687170 662
1687180 662
1687190 661
1687200 661
1687210 661
1687220 661
1687230 660
1687240 660
1687250 659
1687260 658
1687270 658
1687280 657
1687290 656
1687300 656
1687310 655
1687320 655
1687330 655
1687340 655
1687350 654
1687360 654
1687370 654
1687380 654
1687390 654
1687400 653
1687410 649
1687420 649
1687430 645
1687440 639
1687450 636
1687460 636
1687470 634
1687480 631
1687490 631
1687500 629
1687510 627
1687520 627
1687530 624
1687540 622
1687550 622
1687560 621
1687570 620
1687580 620
1687590 619
1687600 620
1687610 620
1687620 620
1687630 621
1687640 622
1687650 622
1687660 624
1687670 628
1687680 628
1687690 632
1687700 635
1687710 635
1687720 634
1687730 629
1687740 629
1687750 626
1687760 625
1687770 625
1687780 624
1687790 625
1687800 625
1687810 628
1687820 630
1687830 630
1687840 634
1687850 637
1687860 640
1687870 640
1687880 643
1687890 646
1687900 646
1687910 649
1687920 652
1687930 652
1687940 654
1687950 656
1687960 656
1687970 657
1687980 659
1687990 659
1688000 660
1688010 661
1688020 661
1688030 661
1688040 662
1688050 663
1688060 663
1688070 663
1688080 662
1688090 662
1688100 662
1688110 662
1688120 662
1688130 663
1688140 663
1688150 663
1688160 663
1688170 663
1688180 663
1688190 663
1688200 663
1688210 663
1688220 663
1688230 663
1688240 663
1688250 662
1688260 661
1688270 661
1688280 661
1688290 660
1688300 658
1688310 658
1688320 655
1688330 651
1688340 651
1688350 646
1688360 642
1688370 642
1688380 638
1688390 634
1688400 634
1688410 631
1688420 629
1688430 629
1688440 627
1688450 625
1688460 624
1688470 624
1688480 622
1688490 620
1688500 620
1688510 618
1688520 614
1688530 614
1688540 615
1688550 617
1688560 617
1688570 619
1688580 624
1688590 624
1688600 626
1688610 622
1688620 622
1688630 615
1688640 618
1688650 623
1688660 623
1688670 628
1688680 634
1688690 634
1688700 639
1688710 644
1688720 644
1688730 651
1688740 655
1688750 655
1688760 658
1688770 660
1688780 660
1688790 662
1688800 665
1688810 665
1688820 666
1688830 667
1688840 667
1688850 669
1688860 670
1688870 672
1688880 672
1688890 672
1688900 672
1688910 672
1688920 671
1688930 670
1688940 670
1688950 667
1688960 661
1688970 661
1688980 656
1688990 654
1689000 654
1689010 654
1689020 656
1689030 656
1689040 658
1689050 660
1689060 662
1689070 662
1689080 664
1689090 666
1689100 666
1689110 668
1689120 669
1689130 669
1689140 670
1689150 670
1689160 670
1689170 671
1689180 671
1689190 671
1689200 670
1689210 667
1689220 667
1689230 664
1689240 663
1689250 663
1689260 665
1689270 666
1689280 668
1689290 668
1689300 670
1689310 671
1689320 671
1689330 674
1689340 677
1689350 677
1689360 679
1689370 681
1689380 681
1689390 683
1689400 684
1689410 684
1689420 684
1689430 684
1689440 684
1689450 684
1689460 683
1689470 681
1689480 681
1689490 679
1689500 677
1689510 677
1689520 675
1689530 673
1689540 673
1689550 671
1689560 669
1689570 669
1689580 668
1689590 666
1689600 666
1689610 664
1689620 663
1689630 663
1689640 662
1689650 660
1689660 660
1689670 659
1689680 657
1689690 656
1689700 656
1689710 655
1689720 653
1689730 653
1689740 651
1689750 648
1689760 648
1689770 646
1689780 645
1689790 645
1689800 640
1689810 636
1689820 636
1689830 633
1689840 629
1689850 629
1689860 628
1689870 625
1689880 621
1689890 621
1689900 616
1689910 621
1689920 621
1689930 617
1689940 615
1689950 615
1689960 614
1689970 615
1689980 615
1689990 616
1690000 618
1690010 618
1690020 618
1690030 618
1690040 618
1690050 618
1690060 617
1690070 617
1690080 617
1690090 616
1690100 613
1690110 613
1690120 611
1690130 608
1690140 608
1690150 606
1690160 603
1690170 603
1690180 600
1690190 597
1690200 597
1690210 594
1690220 591
1690230 591
1690240 589
1690250 587
1690260 587
1690270 584
1690280 582
1690290 581
1690300 581
1690310 579
1690320 578
1690330 578
1690340 578
1690350 577
1690360 577
1690370 577
1690380 576
1690390 576
1690400 576
1690410 575
1690420 575
1690430 573
1690440 572
1690450 572
1690460 570
1690470 568
1690480 568
1690490 567
1690500 565
1690510 563
1690520 563
1690530 561
1690540 559
1690550 559
1690560 557
1690570 555
1690580 555
1690590 553
1690600 551
1690610 551
1690620 548
1690630 546
1690640 546
1690650 543
1690660 542
1690670 542
1690680 539
1690690 536
1690700 534
1690710 534
1690720 531
1690730 527
1690740 527
1690750 524
1690760 519
1690770 519
1690780 514
1690790 508
1690800 508
1690810 502
1690820 498
1690830 498
1690840 495
1690850 493
1690860 493
1690870 489
1690880 484
1690890 480
1690900 480
1690910 483
1690920 482
1690930 482
1690940 481
1690950 482
1690960 482
1690970 482
1690980 483
1690990 483
1691000 484
1691010 485
1691020 485
1691030 486
1691040 488
1691050 488
1691060 489
1691070 489
1691080 489
1691090 488
1691100 488
1691110 488
1691120 488
1691130 489
1691140 491
1691150 491
1691160 494
1691170 496
1691180 496
1691190 497
1691200 498
1691210 498
1691220 500
1691230 501
1691240 501
1691250 502
1691260 504
1691270 504
1691280 505
1691290 507
1691300 507
1691310 507
1691320 508
1691330 508
1691340 508
1691350 507
1691360 507
1691370 507
1691380 507
1691390 506
1691400 506
1691410 504
1691420 502
1691430 502
1691440 501
1691450 500
1691460 500
1691470 499
1691480 498
1691490 498
1691500 497
1691510 496
1691520 494
1691530 494
1691540 491
1691550 491
1691560 491
1691570 491
1691580 490
1691590 490
1691600 487
1691610 486
1691620 486
1691630 486
1691640 485
1691650 485
1691660 483
1691670 479
1691680 479
1691690 477
1691700 476
1691710 480
1691720 480
1691730 481
1691740 481
1691750 481
1691760 481
1691770 481
1691780 481
1691790 482
1691800 483
1691810 483
1691820 484
1691830 487
1691840 487
1691850 489
1691860 493
1691870 493
1691880 495
1691890 494
1691900 494
1691910 493
1691920 491
1691930 490
1691940 490
1691950 488
1691960 487
1691970 487
1691980 486
1691990 485
1692000 485
1692010 484
1692020 483
1692030 483
1692040 481
1692050 481
1692060 481
1692070 481
1692080 479
1692090 479
1692100 476
1692110 472
1692120 467
1692130 467
1692140 461
1692150 461
1692160 461
1692170 461
1692180 461
1692190 461
1692200 459
1692210 457
1692220 457
1692230 456
1692240 454
1692250 454
1692260 451
1692270 448
1692280 448
1692290 446
1692300 443
1692310 443
1692320 441
1692330 440
1692340 439
1692350 439
1692360 438
1692370 436
1692380 436
1692390 435
1692400 433
1692410 433
1692420 432
1692430 429
1692440 429
1692450 428
1692460 427
1692470 427
1692480 426
1692490 424
1692500 424
1692510 422
1692520 415
1692530 414
1692540 414
1692550 415
1692560 415
1692570 415
1692580 412
1692590 410
1692600 410
1692610 408
1692620 406
1692630 406
1692640 405
1692650 403
1692660 403
1692670 400
1692680 399
1692690 399
1692700 398
1692710 396
1692720 396
1692730 395
1692740 392
1692750 391
1692760 391
1692770 390
1692780 391
1692790 391
1692800 390
1692810 390
1692820 390
1692830 388
1692840 387
1692850 387
1692860 387
1692870 387
1692880 387
1692890 387
1692900 386
1692910 386
1692920 386
1692930 386
1692940 385
1692950 385
1692960 385
1692970 384
1692980 384
1692990 384
1693000 383
1693010 383
1693020 383
1693030 382
1693040 382
1693050 382
1693060 382
1693070 382
1693080 380
1693090 380
1693100 380
1693110 380
1693120 379
1693130 379
1693140 378
1693150 378
1693160 378
1693170 378
1693180 377
1693190 377
1693200 377
1693210 377
1693220 376
1693230 376
1693240 376
1693250 375
1693260 375
1693270 375
1693280 375
1693290 375
1693300 375
1693310 375
1693320 375
1693330 374
1693340 374
1693350 372
1693360 372
1693370 372
1693380 373
1693390 373
1693400 373
1693410 373
1693420 373
1693430 373
1693440 373
1693450 373
1693460 372
1693470 373
1693480 373
1693490 373
1693500 373
1693510 373
1693520 373
1693530 373
1693540 373
1693550 373
1693560 373
1693570 373
1693580 373
1693590 373
1693600 373
1693610 373
1693620 373
1693630 373
1693640 373
1693650 373
1693660 372
1693670 372
1693680 372
1693690 371
1693700 371
1693710 372
1693720 373
1693730 373
1693740 372
1693750 372
1693760 372
1693770 372
1693780 373
1693790 373
1693800 373
1693810 373
1693820 373
1693830 373
1693840 372
1693850 372
1693860 372
1693870 372
1693880 372
1693890 372
1693900 372
1693910 372
1693920 372
1693930 372
1693940 372
1693950 372
1693960 372
1693970 372
1693980 373
1693990 373
1694000 373
1694010 373
1694020 373
1694030 374
1694040 374
1694050 374
1694060 375
1694070 376
1694080 376
1694090 377
1694100 378
1694110 378
1694120 380
1694130 381
1694140 381
1694150 382
1694160 384
1694170 385
1694180 385
1694190 387
1694200 388
1694210 388
1694220 390
1694230 391
1694240 391
1694250 393
1694260 395
1694270 395
1694280 396
1694290 397
1694300 397
1694310 399
1694320 401
1694330 401
1694340 402
1694350 404
1694360 405
1694370 405
1694380 406
1694390 407
1694400 407
1694410 408
1694420 410
1694430 410
1694440 411
1694450 413
1694460 413
1694470 413
1694480 415
1694490 415
1694500 416
1694510 417
1694520 417
1694530 418
1694540 420
1694550 420
1694560 421
1694570 421
1694580 423
1694590 423
1694600 424
1694610 425
1694620 425
1694630 425
1694640 425
1694650 425
1694660 423
1694670 424
1694680 424
1694690 422
1694700 420
1694710 420
1694720 418
1694730 416
1694740 416
1694750 415
1694760 414
1694770 411
1694780 411
1694790 408
1694800 406
1694810 406
1694820 405
1694830 402
1694840 402
1694850 401
1694860 400
1694870 400
1694880 400
1694890 398
1694900 398
1694910 392
1694920 388
1694930 388
1694940 386
1694950 387
1694960 387
1694970 389
1694980 390
1694990 388
1695000 388
1695010 386
1695020 384
1695030 384
1695040 382
1695050 379
1695060 379
1695070 380
1695080 383
1695090 383
1695100 389
1695110 384
1695120 384
1695130 381
1695140 380
1695150 380
1695160 383
1695170 388
1695180 384
1695190 384
1695200 382
1695210 380
1695220 380
1695230 378
1695240 377
1695250 377
1695260 380
1695270 381
1695280 381
1695290 386
1695300 388
1695310 388
1695320 390
1695330 391
1695340 391
1695350 393
1695360 395
1695370 395
1695380 396
1695390 398
1695400 399
1695410 399
1695420 400
1695430 401
1695440 401
1695450 402
1695460 403
1695470 403
1695480 403
1695490 402
1695500 402
1695510 402
1695520 402
1695530 402
1695540 400
1695550 399
1695560 399
1695570 397
1695580 394
1695590 394
1695600 394
1695610 392
1695620 391
1695630 391
1695640 390
1695650 388
1695660 388
1695670 386
1695680 387
1695690 387
1695700 388
1695710 388
1695720 388
1695730 387
1695740 387
1695750 387
1695760 386
1695770 386
1695780 385
1695790 385
1695800 385
1695810 384
1695820 384
1695830 384
1695840 383
1695850 383
1695860 382
1695870 381
1695880 381
1695890 380
1695900 379
1695910 379
1695920 378
1695930 376
1695940 376
1695950 373
1695960 371
1695970 371
1695980 370
1695990 368
1696000 367
1696010 367
1696020 366
1696030 365
1696040 365
1696050 364
1696060 363
1696070 363
1696080 361
1696090 359
1696100 359
1696110 359
1696120 358
1696130 358
1696140 360
1696150 360
1696160 360
1696170 361
1696180 361
1696190 360
1696200 360
1696210 360
1696220 359
1696230 359
1696240 359
1696250 358
1696260 358
1696270 358
1696280 356
1696290 356
1696300 355
1696310 355
1696320 355
1696330 354
1696340 353
1696350 353
1696360 353
1696370 353
1696380 353
1696390 352
1696400 352
1696410 352
1696420 352
1696430 352
1696440 351
1696450 351
1696460 351
1696470 350
1696480 350
1696490 350
1696500 350
1696510 350
1696520 350
1696530 349
1696540 349
1696550 349
1696560 349
1696570 349
1696580 349
1696590 349
1696600 348
1696610 348
1696620 348
1696630 348
1696640 348
1696650 348
1696660 348
1696670 348
1696680 348
1696690 348
1696700 348
1696710 348
1696720 348
1696730 348
1696740 348
1696750 349
1696760 349
1696770 349
1696780 348
1696790 348
1696800 348
1696810 348
1696820 348
1696830 348
1696840 348
1696850 348
1696860 348
1696870 348
1696880 348
1696890 348
1696900 347
1696910 347
1696920 347
1696930 347
1696940 347
1696950 347
1696960 347
1696970 347
1696980 347
1696990 347
1697000 347
1697010 347
1697020 347
1697030 347
1697040 347
1697050 347
1697060 347
1697070 347
1697080 347
1697090 347
1697100 347
1697110 347
1697120 347
1697130 347
1697140 347
1697150 347
1697160 347
1697170 347
1697180 347
1697190 347
1697200 347
1697210 347
1697220 347
1697230 347
1697240 347
1697250 347
1697260 347
1697270 347
1697280 347
1697290 347
1697300 347
1697310 347
1697320 347
1697330 347
1697340 347
1697350 347
1697360 347
1697370 347
1697380 347
1697390 347
1697400 347
1697410 347
1697420 344
1697430 344
1697440 343
1697450 344
1697460 344
1697470 347
1697480 347
1697490 347
1697500 347
1697510 347
1697520 347
1697530 347
1697540 347
1697550 347
1697560 347
1697570 347
1697580 347
1697590 347
1697600 347
1697610 347
1697620 347
1697630 347
1697640 347
1697650 347
1697660 347
1697670 347
1697680 347
1697690 347
1697700 347
1697710 347
1697720 347
1697730 347
1697740 347
1697750 346
1697760 346
1697770 346
1697780 346
1697790 346
1697800 346
1697810 346
1697820 346
1697830 346
1697840 346
1697850 346
1697860 346
1697870 346
1697880 346
1697890 346
1697900 346
1697910 346
1697920 346
1697930 346
1697940 345
1697950 346
1697960 346
1697970 346
1697980 345
1697990 345
1698000 345
1698010 345
1698020 345
1698030 345
1698040 345
1698050 346
1698060 346
1698070 346
1698080 346
1698090 346
1698100 346
1698110 345
1698120 345
1698130 345
1698140 345
1698150 345
1698160 346
1698170 345
1698180 345
1698190 345
1698200 345
1698210 345
1698220 345
1698230 345
1698240 345
1698250 345
1698260 345
1698270 345
1698280 345
1698290 345
1698300 345
1698310 345
1698320 345
1698330 345
1698340 345
1698350 345
1698360 345
1698370 345
1698380 345
1698390 345
1698400 345
1698410 343
1698420 345
1698430 345
1698440 345
1698450 345
1698460 345
1698470 345
1698480 345
1698490 345
1698500 345
1698510 345
1698520 345
1698530 345
1698540 345
1698550 345
1698560 345
1698570 345
1698580 345
1698590 345
1698600 345
1698610 345
1698620 345
1698630 345
1698640 345
1698650 345
1698660 345
1698670 345
1698680 345
1698690 345
1698700 345
1698710 345
1698720 345
1698730 344
1698740 344
1698750 344
1698760 344
1698770 344
1698780 344
1698790 344
1698800 344
1698810 344
1698820 344
1698830 344
1698840 344
1698850 344
1698860 344
1698870 344
1698880 344
1698890 344
1698900 344
1698910 344
1698920 344
1698930 344
1698940 344
1698950 344
1698960 344
1698970 344
1698980 344
1698990 344
1699000 344
1699010 344
1699020 344
1699030 344
1699040 344
1699050 344
1699060 343
1699070 343
1699080 344
1699090 344
1699100 344
1699110 343
1699120 343
1699130 343
1699140 343
1699150 343
1699160 343
1699170 343
1699180 343
1699190 343
1699200 343
1699210 343
1699220 343
1699230 343
1699240 343
1699250 343
1699260 343
1699270 343
1699280 343
1699290 343
1699300 343
1699310 343
1699320 343
1699330 343
1699340 343
1699350 343
1699360 343
1699370 343
1699380 343
1699390 343
1699400 343
1699410 343
1699420 343
1699430 343
1699440 343
1699450 343
1699460 343
1699470 343
1699480 343
1699490 343
1699500 343
1699510 343
1699520 343
1699530 343
1699540 343
1699550 343
1699560 343
1699570 343
1699580 343
1699590 343
1699600 343
1699610 343
1699620 343
1699630 343
1699640 343
1699650 343
1699660 343
1699670 343
1699680 343
1699690 343
1699700 343
1699710 343
1699720 343
1699730 343
1699740 342
1699750 342
1699760 342
1699770 342
1699780 342
1699790 342
1699800 342
1699810 342
1699820 342
1699830 342
1699840 342
1699850 342
1699860 342
1699870 342
1699880 342
1699890 342
1699900 342
1699910 342
1699920 342
1699930 342
1699940 342
1699950 342
1699960 342
1699970 344
1699980 344
1699990 345
