1680000 613
1680010 611
1680020 611
1680030 608
1680040 608
1680050 602
1680060 593
1680070 593
1680080 586
1680090 579
1680100 579
1680110 579
1680120 584
1680130 584
1680140 591
1680150 598
1680160 598
1680170 606
1680180 612
1680190 612
1680200 611
1680210 616
1680220 618
1680230 618
1680240 620
1680250 623
1680260 623
1680270 626
1680280 629
1680290 629
1680300 633
1680310 637
1680320 637
1680330 640
1680340 645
1680350 645
1680360 649
1680370 654
1680380 654
1680390 659
1680400 664
1680410 664
1680420 666
1680430 672
1680440 675
1680450 675
1680460 678
1680470 682
1680480 682
1680490 683
1680500 684
1680510 684
1680520 684
1680530 684
1680540 684
1680550 683
1680560 681
1680570 681
1680580 678
1680590 676
1680600 676
1680610 672
1680620 669
1680630 666
1680640 666
1680650 664
1680660 663
1680670 663
1680680 661
1680690 657
1680700 657
1680710 656
1680720 657
1680730 657
1680740 656
1680750 656
1680760 656
1680770 655
1680780 654
1680790 654
1680800 653
1680810 652
1680820 652
1680830 651
1680840 649
1680850 647
1680860 647
1680870 644
1680880 643
1680890 643
1680900 637
1680910 635
1680920 635
1680930 630
1680940 625
1680950 625
1680960 621
1680970 620
1680980 620
1680990 625
1681000 637
1681010 637
1681020 641
1681030 641
1681040 640
1681050 640
1681060 640
1681070 641
1681080 641
1681090 641
1681100 641
1681110 641
1681120 642
1681130 643
1681140 643
1681150 644
1681160 644
1681170 644
1681180 647
1681190 649
1681200 649
1681210 649
1681220 651
1681230 651
1681240 653
1681250 655
1681260 656
1681270 656
1681280 658
1681290 660
1681300 660
1681310 662
1681320 664
1681330 664
1681340 664
1681350 660
1681360 660
1681370 659
1681380 658
1681390 658
1681400 658
1681410 658
1681420 658
1681430 660
1681440 660
1681450 662
1681460 662
1681470 662
1681480 663
1681490 663
1681500 665
1681510 667
1681520 667
1681530 668
1681540 669
1681550 669
1681560 672
1681570 673
1681580 673
1681590 674
1681600 677
1681610 677
1681620 678
1681630 679
1681640 679
1681650 681
1681660 682
1681670 683
1681680 683
1681690 685
1681700 687
1681710 687
1681720 689
1681730 690
1681740 690
1681750 692
1681760 694
1681770 694
1681780 696
1681790 698
1681800 698
1681810 699
1681820 701
1681830 701
1681840 703
1681850 705
1681860 707
1681870 707
1681880 709
1681890 711
1681900 711
1681910 714
1681920 715
1681930 715
1681940 717
1681950 718
1681960 718
1681970 718
1681980 720
1681990 720
1682000 720
1682010 721
1682020 721
1682030 721
1682040 721
1682050 721
1682060 722
1682070 722
1682080 722
1682090 722
1682100 723
1682110 723
1682120 723
1682130 724
1682140 724
1682150 724
1682160 725
1682170 725
1682180 725
1682190 726
1682200 726
1682210 726
1682220 727
1682230 727
1682240 727
1682250 728
1682260 728
1682270 728
1682280 728
1682290 729
1682300 729
1682310 729
1682320 729
1682330 730
1682340 730
1682350 730
1682360 730
1682370 730
1682380 730
1682390 730
1682400 730
1682410 729
1682420 729
1682430 729
1682440 728
1682450 728
1682460 728
1682470 729
1682480 729
1682490 729
1682500 729
1682510 728
1682520 728
1682530 728
1682540 726
1682550 725
1682560 725
1682570 724
1682580 722
1682590 722
1682600 721
1682610 719
1682620 719
1682630 718
1682640 716
1682650 716
1682660 714
1682670 712
1682680 710
1682690 710
1682700 709
1682710 707
1682720 707
1682730 705
1682740 702
1682750 702
1682760 698
1682770 696
1682780 696
1682790 695
1682800 693
1682810 693
1682820 696
1682830 697
1682840 697
1682850 698
1682860 700
1682870 700
1682880 700
1682890 701
1682900 702
1682910 702
1682920 702
1682930 702
1682940 702
1682950 701
1682960 699
1682970 699
1682980 696
1682990 693
1683000 693
1683010 692
1683020 696
1683030 696
1683040 698
1683050 701
1683060 701
1683070 703
1683080 705
1683090 705
1683100 708
1683110 710
1683120 711
1683130 711
1683140 713
1683150 715
1683160 715
1683170 717
1683180 717
1683190 717
1683200 719
1683210 720
1683220 720
1683230 720
1683240 721
1683250 721
1683260 721
1683270 720
1683280 720
1683290 719
1683300 718
1683310 716
1683320 716
1683330 713
1683340 710
1683350 710
1683360 708
1683370 705
1683380 705
1683390 702
1683400 699
1683410 699
1683420 697
1683430 695
1683440 695
1683450 692
1683460 689
1683470 689
1683480 689
1683490 689
1683500 689
1683510 689
1683520 688
1683530 688
1683540 688
1683550 687
1683560 686
1683570 686
1683580 686
1683590 684
1683600 684
1683610 682
1683620 680
1683630 680
1683640 675
1683650 668
1683660 668
1683670 661
1683680 660
1683690 660
1683700 662
1683710 666
1683720 670
1683730 670
1683740 672
1683750 674
1683760 674
1683770 676
1683780 677
1683790 677
1683800 677
1683810 677
1683820 677
1683830 676
1683840 674
1683850 674
1683860 672
1683870 670
1683880 670
1683890 669
1683900 670
1683910 670
1683920 671
1683930 669
1683940 671
1683950 671
1683960 673
1683970 675
1683980 675
1683990 676
1684000 679
1684010 679
1684020 682
1684030 684
1684040 684
1684050 686
1684060 688
1684070 688
1684080 691
1684090 693
1684100 693
1684110 696
1684120 698
1684130 700
1684140 700
1684150 702
1684160 703
1684170 703
1684180 704
1684190 705
1684200 705
1684210 706
1684220 707
1684230 707
1684240 707
1684250 707
1684260 707
1684270 707
1684280 707
1684290 707
1684300 707
1684310 706
1684320 706
1684330 705
1684340 705
1684350 705
1684360 705
1684370 704
1684380 704
1684390 704
1684400 704
1684410 702
1684420 702
1684430 702
1684440 701
1684450 701
1684460 700
1684470 699
1684480 699
1684490 700
1684500 698
1684510 698
1684520 697
1684530 696
1684540 695
1684550 695
1684560 693
1684570 692
1684580 692
1684590 689
1684600 686
1684610 686
1684620 683
1684630 679
1684640 679
1684650 676
1684660 672
1684670 672
1684680 670
1684690 667
1684700 667
1684710 664
1684720 659
1684730 659
1684740 654
1684750 649
1684760 645
1684770 645
1684780 641
1684790 637
1684800 637
1684810 632
1684820 629
1684830 629
1684840 623
1684850 618
1684860 618
1684870 613
1684880 610
1684890 610
1684900 604
1684910 600
1684920 600
1684930 594
1684940 589
1684950 583
1684960 583
1684970 577
1684980 571
1684990 571
1685000 566
1685010 560
1685020 560
1685030 553
1685040 547
1685050 547
1685060 539
1685070 532
1685080 532
1685090 528
1685100 524
1685110 524
1685120 520
1685130 514
1685140 514
1685150 508
1685160 502
1685170 497
1685180 497
1685190 492
1685200 486
1685210 486
1685220 478
1685230 467
1685240 467
1685250 456
1685260 448
1685270 448
1685280 441
1685290 437
1685300 437
1685310 433
1685320 433
1685330 433
1685340 433
1685350 438
1685360 444
1685370 444
1685380 453
1685390 461
1685400 461
1685410 468
1685420 478
1685430 478
1685440 486
1685450 494
1685460 494
1685470 503
1685480 514
1685490 514
1685500 524
1685510 535
1685520 535
1685530 548
1685540 554
1685550 554
1685560 563
1685570 570
1685580 588
1685590 588
1685600 598
1685610 597
1685620 597
1685630 593
1685640 590
1685650 590
1685660 587
1685670 585
1685680 585
1685690 584
1685700 583
1685710 583
1685720 583
1685730 582
1685740 582
1685750 581
1685760 580
1685770 579
1685780 579
1685790 578
1685800 576
1685810 576
1685820 574
1685830 572
1685840 572
1685850 569
1685860 568
1685870 568
1685880 568
1685890 568
1685900 568
1685910 569
1685920 569
1685930 569
1685940 572
1685950 572
1685960 572
1685970 574
1685980 576
1685990 578
1686000 578
1686010 580
1686020 582
1686030 582
1686040 586
1686050 588
1686060 588
1686070 590
1686080 593
1686090 593
1686100 597
1686110 603
1686120 603
1686130 610
1686140 611
1686150 611
1686160 613
1686170 616
1686180 620
1686190 620
1686200 627
1686210 628
1686220 628
1686230 633
1686240 635
1686250 635
1686260 642
1686270 643
1686280 643
1686290 644
1686300 648
1686310 648
1686320 653
1686330 659
1686340 659
1686350 662
1686360 665
1686370 665
1686380 665
1686390 666
1686400 667
1686410 667
1686420 669
1686430 671
1686440 671
1686450 673
1686460 676
1686470 676
1686480 679
1686490 682
1686500 682
1686510 683
1686520 684
1686530 684
1686540 686
1686550 688
1686560 688
1686570 689
1686580 694
1686590 694
1686600 697
1686610 698
1686620 694
1686630 694
1686640 692
1686650 689
1686660 689
1686670 685
1686680 690
1686690 690
1686700 691
1686710 693
1686720 693
1686730 695
1686740 696
1686750 696
1686760 697
1686770 697
1686780 697
1686790 697
1686800 697
1686810 697
1686820 697
1686830 698
1686840 699
1686850 699
1686860 699
1686870 699
1686880 699
1686890 699
1686900 700
1686910 700
1686920 701
1686930 701
1686940 701
1686950 701
1686960 701
1686970 701
1686980 700
1686990 698
1687000 698
1687010 698
1687020 699
1687030 700
1687040 700
1687050 702
1687060 703
1687070 703
1687080 705
1687090 707
1687100 707
1687110 708
1687120 708
1687130 708
1687140 709
1687150 709
1687160 709
1687170 708
1687180 707
1687190 707
1687200 705
1687210 703
1687220 700
1687230 700
1687240 697
1687250 694
1687260 694
1687270 694
1687280 693
1687290 693
1687300 691
1687310 692
1687320 692
1687330 694
1687340 696
1687350 696
1687360 699
1687370 701
1687380 701
1687390 703
1687400 705
1687410 705
1687420 707
1687430 708
1687440 709
1687450 709
1687460 710
1687470 711
1687480 711
1687490 711
1687500 711
1687510 711
1687520 711
1687530 711
1687540 711
1687550 710
1687560 710
1687570 710
1687580 709
1687590 708
1687600 708
1687610 707
1687620 706
1687630 705
1687640 705
1687650 704
1687660 704
1687670 704
1687680 703
1687690 701
1687700 701
1687710 700
1687720 698
1687730 698
1687740 696
1687750 699
1687760 699
1687770 699
1687780 699
1687790 699
1687800 699
1687810 699
1687820 699
1687830 699
1687840 698
1687850 696
1687860 696
1687870 694
1687880 693
1687890 693
1687900 691
1687910 694
1687920 694
1687930 697
1687940 700
1687950 700
1687960 703
1687970 706
1687980 706
1687990 709
1688000 711
1688010 711
1688020 712
1688030 717
1688040 718
1688050 718
1688060 716
1688070 716
1688080 716
1688090 716
1688100 716
1688110 716
1688120 715
1688130 715
1688140 715
1688150 715
1688160 713
1688170 713
1688180 712
1688190 710
1688200 710
1688210 708
1688220 707
1688230 707
1688240 706
1688250 704
1688260 703
1688270 703
1688280 702
1688290 701
1688300 701
1688310 700
1688320 700
1688330 700
1688340 700
1688350 699
1688360 699
1688370 699
1688380 699
1688390 699
1688400 699
1688410 700
1688420 700
1688430 700
1688440 699
1688450 697
1688460 697
1688470 695
1688480 691
1688490 691
1688500 690
1688510 688
1688520 688
1688530 685
1688540 683
1688550 683
1688560 681
1688570 679
1688580 679
1688590 677
1688600 675
1688610 675
1688620 672
1688630 668
1688640 668
1688650 666
1688660 663
1688670 660
1688680 660
1688690 657
1688700 655
1688710 655
1688720 654
1688730 652
1688740 652
1688750 650
1688760 648
1688770 648
1688780 645
1688790 642
1688800 642
1688810 638
1688820 634
1688830 634
1688840 632
1688850 629
1688860 624
1688870 624
1688880 618
1688890 614
1688900 614
1688910 615
1688920 618
1688930 618
1688940 621
1688950 624
1688960 624
1688970 626
1688980 630
1688990 630
1689000 632
1689010 635
1689020 635
1689030 638
1689040 641
1689050 641
1689060 645
1689070 648
1689080 652
1689090 652
1689100 655
1689110 659
1689120 659
1689130 664
1689140 669
1689150 669
1689160 673
1689170 676
1689180 676
1689190 678
1689200 680
1689210 680
1689220 683
1689230 687
1689240 687
1689250 690
1689260 694
1689270 698
1689280 698
1689290 702
1689300 707
1689310 707
1689320 710
1689330 712
1689340 712
1689350 715
1689360 718
1689370 718
1689380 720
1689390 723
1689400 723
1689410 725
1689420 727
1689430 727
1689440 731
1689450 734
1689460 734
1689470 736
1689480 736
1689490 734
1689500 734
1689510 732
1689520 730
1689530 730
1689540 729
1689550 727
1689560 727
1689570 726
1689580 726
1689590 726
1689600 725
1689610 725
1689620 725
1689630 724
1689640 724
1689650 724
1689660 723
1689670 721
1689680 720
1689690 720
1689700 719
1689710 718
1689720 718
1689730 718
1689740 718
1689750 718
1689760 717
1689770 716
1689780 716
1689790 716
1689800 716
1689810 716
1689820 716
1689830 715
1689840 715
1689850 715
1689860 715
1689870 715
1689880 714
1689890 713
1689900 711
1689910 711
1689920 708
1689930 705
1689940 705
1689950 705
1689960 707
1689970 707
1689980 708
1689990 710
1690000 710
1690010 710
1690020 711
1690030 711
1690040 713
1690050 715
1690060 715
1690070 716
1690080 717
1690090 717
1690100 717
1690110 718
1690120 720
1690130 720
1690140 720
1690150 721
1690160 721
1690170 721
1690180 721
1690190 721
1690200 720
1690210 720
1690220 720
1690230 719
1690240 718
1690250 718
1690260 717
1690270 716
1690280 716
1690290 715
1690300 714
1690310 712
1690320 712
1690330 711
1690340 710
1690350 710
1690360 709
1690370 708
1690380 708
1690390 707
1690400 706
1690410 706
1690420 705
1690430 703
1690440 703
1690450 701
1690460 699
1690470 699
1690480 697
1690490 696
1690500 696
1690510 693
1690520 691
1690530 688
1690540 688
1690550 686
1690560 685
1690570 685
1690580 684
1690590 682
1690600 682
1690610 681
1690620 678
1690630 678
1690640 673
1690650 673
1690660 673
1690670 669
1690680 665
1690690 665
1690700 662
1690710 661
1690720 659
1690730 659
1690740 657
1690750 656
1690760 656
1690770 655
1690780 654
1690790 654
1690800 653
1690810 652
1690820 652
1690830 650
1690840 648
1690850 648
1690860 645
1690870 642
1690880 642
1690890 638
1690900 635
1690910 635
1690920 633
1690930 628
1690940 624
1690950 624
1690960 622
1690970 619
1690980 619
1690990 616
1691000 613
1691010 613
1691020 611
1691030 607
1691040 607
1691050 603
1691060 599
1691070 599
1691080 594
1691090 590
1691100 590
1691110 585
1691120 582
1691130 578
1691140 578
1691150 576
1691160 573
1691170 573
1691180 572
1691190 571
1691200 571
1691210 567
1691220 568
1691230 568
1691240 568
1691250 575
1691260 575
1691270 576
1691280 578
1691290 578
1691300 579
1691310 579
1691320 579
1691330 578
1691340 577
1691350 575
1691360 575
1691370 572
1691380 570
1691390 570
1691400 568
1691410 566
1691420 566
1691430 566
1691440 564
1691450 564
1691460 563
1691470 562
1691480 562
1691490 559
1691500 557
1691510 557
1691520 561
1691530 562
1691540 563
1691550 563
1691560 564
1691570 565
1691580 565
1691590 565
1691600 564
1691610 564
1691620 563
1691630 561
1691640 561
1691650 559
1691660 559
1691670 559
1691680 558
1691690 557
1691700 557
1691710 555
1691720 554
1691730 554
1691740 552
1691750 552
1691760 552
1691770 552
1691780 553
1691790 552
1691800 552
1691810 553
1691820 554
1691830 554
1691840 553
1691850 552
1691860 552
1691870 551
1691880 549
1691890 549
1691900 547
1691910 545
1691920 545
1691930 542
1691940 539
1691950 537
1691960 537
1691970 535
1691980 532
1691990 532
1692000 527
1692010 524
1692020 524
1692030 521
1692040 518
1692050 518
1692060 516
1692070 515
1692080 515
1692090 514
1692100 513
1692110 513
1692120 512
1692130 511
1692140 511
1692150 509
1692160 507
1692170 503
1692180 503
1692190 499
1692200 494
1692210 494
1692220 490
1692230 487
1692240 487
1692250 483
1692260 481
1692270 481
1692280 478
1692290 476
1692300 476
1692310 475
1692320 474
1692330 474
1692340 472
1692350 470
1692360 468
1692370 468
1692380 466
1692390 465
1692400 465
1692410 463
1692420 463
1692430 463
1692440 464
1692450 464
1692460 464
1692470 465
1692480 466
1692490 466
1692500 466
1692510 463
1692520 463
1692530 462
1692540 458
1692550 458
1692560 455
1692570 451
1692580 449
1692590 449
1692600 445
1692610 442
1692620 442
1692630 438
1692640 436
1692650 436
1692660 433
1692670 430
1692680 430
1692690 428
1692700 426
1692710 426
1692720 423
1692730 420
1692740 420
1692750 418
1692760 416
1692770 415
1692780 415
1692790 413
1692800 412
1692810 412
1692820 410
1692830 408
1692840 408
1692850 406
1692860 404
1692870 404
1692880 402
1692890 400
1692900 400
1692910 398
1692920 394
1692930 394
1692940 391
1692950 392
1692960 392
1692970 390
1692980 388
1692990 388
1693000 388
1693010 397
1693020 397
1693030 397
1693040 397
1693050 397
1693060 397
1693070 396
1693080 396
1693090 396
1693100 393
1693110 392
1693120 392
1693130 391
1693140 389
1693150 389
1693160 387
1693170 386
1693180 385
1693190 385
1693200 384
1693210 383
1693220 383
1693230 383
1693240 383
1693250 383
1693260 381
1693270 380
1693280 380
1693290 378
1693300 376
1693310 376
1693320 374
1693330 372
1693340 372
1693350 371
1693360 369
1693370 369
1693380 368
1693390 367
1693400 367
1693410 367
1693420 366
1693430 365
1693440 365
1693450 364
1693460 363
1693470 363
1693480 363
1693490 361
1693500 361
1693510 360
1693520 360
1693530 360
1693540 360
1693550 359
1693560 359
1693570 359
1693580 359
1693590 359
1693600 358
1693610 358
1693620 358
1693630 358
1693640 358
1693650 357
1693660 357
1693670 357
1693680 357
1693690 357
1693700 357
1693710 357
1693720 357
1693730 357
1693740 357
1693750 357
1693760 356
1693770 356
1693780 356
1693790 356
1693800 356
1693810 356
1693820 356
1693830 356
1693840 356
1693850 356
1693860 356
1693870 356
1693880 356
1693890 356
1693900 356
1693910 356
1693920 356
1693930 356
1693940 356
1693950 356
1693960 356
1693970 356
1693980 356
1693990 357
1694000 357
1694010 358
1694020 356
1694030 355
1694040 355
1694050 356
1694060 356
1694070 356
1694080 355
1694090 355
1694100 355
1694110 355
1694120 355
1694130 355
1694140 355
1694150 355
1694160 355
1694170 355
1694180 355
1694190 355
1694200 354
1694210 354
1694220 355
1694230 355
1694240 355
1694250 355
1694260 355
1694270 355
1694280 353
1694290 353
1694300 353
1694310 353
1694320 353
1694330 355
1694340 354
1694350 354
1694360 355
1694370 356
1694380 356
1694390 357
1694400 355
1694410 355
1694420 355
1694430 355
1694440 355
1694450 355
1694460 355
1694470 355
1694480 355
1694490 355
1694500 354
1694510 354
1694520 355
1694530 362
1694540 362
1694550 366
1694560 366
1694570 366
1694580 372
1694590 377
1694600 377
1694610 382
1694620 387
1694630 390
1694640 390
1694650 396
1694660 400
1694670 400
1694680 403
1694690 406
1694700 406
1694710 407
1694720 408
1694730 408
1694740 407
1694750 408
1694760 408
1694770 408
1694780 409
1694790 409
1694800 409
1694810 409
1694820 409
1694830 409
1694840 408
1694850 405
1694860 405
1694870 403
1694880 401
1694890 401
1694900 400
1694910 398
1694920 398
1694930 396
1694940 395
1694950 395
1694960 394
1694970 393
1694980 393
1694990 392
1695000 390
1695010 390
1695020 390
1695030 389
1695040 387
1695050 387
1695060 386
1695070 383
1695080 383
1695090 380
1695100 379
1695110 379
1695120 376
1695130 374
1695140 374
1695150 372
1695160 370
1695170 370
1695180 367
1695190 365
1695200 365
1695210 364
1695220 363
1695230 363
1695240 362
1695250 361
1695260 360
1695270 360
1695280 360
1695290 360
1695300 360
1695310 359
1695320 360
1695330 360
1695340 359
1695350 358
1695360 358
1695370 358
1695380 358
1695390 358
1695400 358
1695410 358
1695420 358
1695430 358
1695440 358
1695450 359
1695460 359
1695470 358
1695480 358
1695490 358
1695500 358
1695510 358
1695520 358
1695530 358
1695540 358
1695550 358
1695560 358
1695570 358
1695580 358
1695590 358
1695600 358
1695610 358
1695620 358
1695630 358
1695640 358
1695650 358
1695660 358
1695670 358
1695680 358
1695690 358
1695700 358
1695710 358
1695720 358
1695730 358
1695740 358
1695750 357
1695760 356
1695770 356
1695780 356
1695790 356
1695800 356
1695810 355
1695820 355
1695830 355
1695840 355
1695850 355
1695860 355
1695870 355
1695880 355
1695890 355
1695900 355
1695910 354
1695920 354
1695930 354
1695940 354
1695950 354
1695960 354
1695970 354
1695980 354
1695990 354
1696000 354
1696010 354
1696020 354
1696030 354
1696040 354
1696050 354
1696060 354
1696070 354
1696080 355
1696090 355
1696100 355
1696110 355
1696120 355
1696130 355
1696140 355
1696150 355
1696160 355
1696170 356
1696180 356
1696190 356
1696200 356
1696210 356
1696220 356
1696230 356
1696240 356
1696250 356
1696260 356
1696270 356
1696280 356
1696290 356
1696300 356
1696310 356
1696320 356
1696330 356
1696340 356
1696350 355
1696360 355
1696370 355
1696380 355
1696390 355
1696400 355
1696410 355
1696420 354
1696430 354
1696440 354
1696450 354
1696460 354
1696470 354
1696480 354
1696490 354
1696500 354
1696510 353
1696520 354
1696530 354
1696540 354
1696550 354
1696560 354
1696570 354
1696580 354
1696590 354
1696600 354
1696610 354
1696620 354
1696630 354
1696640 354
1696650 354
1696660 354
1696670 354
1696680 354
1696690 354
1696700 353
1696710 353
1696720 353
1696730 353
1696740 353
1696750 353
1696760 352
1696770 352
1696780 352
1696790 352
1696800 352
1696810 352
1696820 352
1696830 352
1696840 352
1696850 352
1696860 352
1696870 352
1696880 352
1696890 352
1696900 352
1696910 352
1696920 352
1696930 352
1696940 352
1696950 352
1696960 352
1696970 352
1696980 353
1696990 353
1697000 353
1697010 353
1697020 352
1697030 352
1697040 353
1697050 353
1697060 353
1697070 353
1697080 354
1697090 354
1697100 354
1697110 354
1697120 354
1697130 354
1697140 355
1697150 355
1697160 355
1697170 355
1697180 355
1697190 355
1697200 354
1697210 354
1697220 354
1697230 354
1697240 354
1697250 354
1697260 354
1697270 354
1697280 354
1697290 354
1697300 354
1697310 354
1697320 354
1697330 354
1697340 354
1697350 354
1697360 354
1697370 354
1697380 354
1697390 354
1697400 354
1697410 354
1697420 354
1697430 354
1697440 354
1697450 354
1697460 355
1697470 355
1697480 354
1697490 354
1697500 354
1697510 355
1697520 355
1697530 355
1697540 355
1697550 355
1697560 355
1697570 355
1697580 355
1697590 355
1697600 355
1697610 356
1697620 355
1697630 355
1697640 356
1697650 356
1697660 356
1697670 356
1697680 356
1697690 356
1697700 356
1697710 356
1697720 356
1697730 356
1697740 356
1697750 356
1697760 356
1697770 356
1697780 356
1697790 356
1697800 355
1697810 355
1697820 355
1697830 355
1697840 355
1697850 355
1697860 355
1697870 355
1697880 355
1697890 355
1697900 355
1697910 355
1697920 355
1697930 355
1697940 355
1697950 355
1697960 355
1697970 355
1697980 355
1697990 355
1698000 355
1698010 355
1698020 355
1698030 355
1698040 355
1698050 355
1698060 354
1698070 354
1698080 355
1698090 355
1698100 355
1698110 355
1698120 355
1698130 355
1698140 355
1698150 355
1698160 355
1698170 355
1698180 355
1698190 355
1698200 355
1698210 356
1698220 356
1698230 356
1698240 356
1698250 356
1698260 356
1698270 357
1698280 357
1698290 357
1698300 357
1698310 357
1698320 357
1698330 357
1698340 358
1698350 357
1698360 357
1698370 357
1698380 358
1698390 358
1698400 358
1698410 358
1698420 358
1698430 358
1698440 358
1698450 358
1698460 359
1698470 359
1698480 359
1698490 359
1698500 359
1698510 359
1698520 359
1698530 359
1698540 359
1698550 359
1698560 360
1698570 360
1698580 360
1698590 360
1698600 360
1698610 360
1698620 360
1698630 361
1698640 361
1698650 361
1698660 361
1698670 361
1698680 361
1698690 362
1698700 362
1698710 362
1698720 362
1698730 362
1698740 363
1698750 363
1698760 363
1698770 363
1698780 363
1698790 363
1698800 363
1698810 364
1698820 364
1698830 364
1698840 364
1698850 364
1698860 364
1698870 365
1698880 365
1698890 365
1698900 366
1698910 367
1698920 367
1698930 369
1698940 370
1698950 370
1698960 370
1698970 371
1698980 371
1698990 371
1699000 371
1699010 371
1699020 371
1699030 371
1699040 372
1699050 372
1699060 373
1699070 374
1699080 374
1699090 374
1699100 374
1699110 374
1699120 374
1699130 374
1699140 374
1699150 373
1699160 373
1699170 372
1699180 372
1699190 371
1699200 369
1699210 369
1699220 367
1699230 366
1699240 366
1699250 366
1699260 366
1699270 366
1699280 366
1699290 366
1699300 366
1699310 365
1699320 366
1699330 366
1699340 366
1699350 366
1699360 366
1699370 366
1699380 367
1699390 367
1699400 367
1699410 368
1699420 369
1699430 369
1699440 369
1699450 369
1699460 369
1699470 370
1699480 370
1699490 370
1699500 371
1699510 371
1699520 371
1699530 371
1699540 370
1699550 370
1699560 366
1699570 369
1699580 370
1699590 370
1699600 370
1699610 370
1699620 370
1699630 369
1699640 369
1699650 369
1699660 369
1699670 369
1699680 369
1699690 369
1699700 369
1699710 369
1699720 370
1699730 369
1699740 369
1699750 369
1699760 370
1699770 370
1699780 370
1699790 371
1699800 371
1699810 371
1699820 371
1699830 371
1699840 371
1699850 371
1699860 372
1699870 372
1699880 372
1699890 372
1699900 372
1699910 372
1699920 372
1699930 372
1699940 372
1699950 372
1699960 372
1699970 373
1699980 373
1699990 373
