1680000 585
1680010 581
1680020 574
1680030 574
1680040 571
1680050 566
1680060 561
1680070 561
1680080 557
1680090 553
1680100 553
1680110 547
1680120 543
1680130 543
1680140 539
1680150 537
1680160 537
1680170 532
1680180 527
1680190 527
1680200 524
1680210 520
1680220 520
1680230 517
1680240 518
1680250 521
1680260 521
1680270 527
1680280 531
1680290 531
1680300 538
1680310 543
1680320 543
1680330 547
1680340 551
1680350 551
1680360 554
1680370 559
1680380 559
1680390 562
1680400 566
1680410 566
1680420 570
1680430 575
1680440 575
1680450 579
1680460 583
1680470 583
1680480 583
1680490 587
1680500 593
1680510 593
1680520 597
1680530 600
1680540 600
1680550 603
1680560 604
1680570 604
1680580 607
1680590 610
1680600 610
1680610 613
1680620 618
1680630 618
1680640 625
1680650 626
1680660 626
1680670 629
1680680 632
1680690 634
1680700 634
1680710 635
1680720 636
1680730 636
1680740 638
1680750 640
1680760 640
1680770 642
1680780 644
1680790 644
1680800 647
1680810 649
1680820 649
1680830 651
1680840 653
1680850 653
1680860 655
1680870 657
1680880 659
1680890 659
1680900 660
1680910 661
1680920 661
1680930 664
1680940 666
1680950 666
1680960 668
1680970 668
1680980 668
1680990 669
1681000 670
1681010 670
1681020 671
1681030 671
1681040 671
1681050 672
1681060 672
1681070 672
1681080 673
1681090 673
1681100 673
1681110 673
1681120 674
1681130 674
1681140 674
1681150 676
1681160 677
1681170 677
1681180 678
1681190 679
1681200 679
1681210 680
1681220 681
1681230 681
1681240 682
1681250 683
1681260 683
1681270 684
1681280 685
1681290 686
1681300 686
1681310 687
1681320 688
1681330 688
1681340 688
1681350 688
1681360 688
1681370 689
1681380 689
1681390 689
1681400 689
1681410 688
1681420 688
1681430 688
1681440 686
1681450 686
1681460 685
1681470 684
1681480 684
1681490 682
1681500 680
1681510 676
1681520 676
1681530 672
1681540 667
1681550 667
1681560 666
1681570 667
1681580 667
1681590 668
1681600 669
1681610 669
1681620 670
1681630 672
1681640 672
1681650 673
1681660 674
1681670 674
1681680 675
1681690 676
1681700 677
1681710 677
1681720 678
1681730 678
1681740 678
1681750 677
1681760 676
1681770 676
1681780 675
1681790 673
1681800 673
1681810 671
1681820 668
1681830 668
1681840 666
1681850 662
1681860 662
1681870 660
1681880 659
1681890 659
1681900 663
1681910 667
1681920 669
1681930 669
1681940 671
1681950 674
1681960 674
1681970 676
1681980 678
1681990 678
1682000 680
1682010 683
1682020 683
1682030 685
1682040 687
1682050 687
1682060 689
1682070 690
1682080 690
1682090 692
1682100 693
1682110 694
1682120 694
1682130 695
1682140 696
1682150 696
1682160 697
1682170 697
1682180 697
1682190 698
1682200 699
1682210 699
1682220 700
1682230 701
1682240 701
1682250 702
1682260 703
1682270 703
1682280 704
1682290 705
1682300 705
1682310 706
1682320 707
1682330 708
1682340 708
1682350 708
1682360 709
1682370 709
1682380 710
1682390 710
1682400 710
1682410 711
1682420 711
1682430 711
1682440 711
1682450 712
1682460 712
1682470 712
1682480 712
1682490 712
1682500 712
1682510 713
1682520 713
1682530 712
1682540 712
1682550 712
1682560 712
1682570 712
1682580 711
1682590 711
1682600 710
1682610 709
1682620 709
1682630 708
1682640 706
1682650 706
1682660 704
1682670 702
1682680 702
1682690 701
1682700 697
1682710 697
1682720 696
1682730 693
1682740 692
1682750 692
1682760 692
1682770 692
1682780 692
1682790 692
1682800 691
1682810 691
1682820 690
1682830 690
1682840 690
1682850 692
1682860 692
1682870 692
1682880 693
1682890 693
1682900 693
1682910 693
1682920 693
1682930 693
1682940 693
1682950 692
1682960 691
1682970 691
1682980 690
1682990 689
1683000 689
1683010 688
1683020 687
1683030 687
1683040 685
1683050 683
1683060 683
1683070 681
1683080 680
1683090 680
1683100 678
1683110 678
1683120 678
1683130 679
1683140 679
1683150 679
1683160 679
1683170 679
1683180 680
1683190 680
1683200 681
1683210 683
1683220 683
1683230 685
1683240 685
1683250 685
1683260 683
1683270 682
1683280 682
1683290 681
1683300 677
1683310 677
1683320 675
1683330 672
1683340 672
1683350 669
1683360 667
1683370 665
1683380 665
1683390 663
1683400 662
1683410 662
1683420 661
1683430 660
1683440 660
1683450 658
1683460 657
1683470 657
1683480 656
1683490 654
1683500 654
1683510 652
1683520 650
1683530 650
1683540 646
1683550 642
1683560 636
1683570 636
1683580 632
1683590 626
1683600 626
1683610 620
1683620 614
1683630 614
1683640 608
1683650 602
1683660 602
1683670 598
1683680 594
1683690 594
1683700 590
1683710 586
1683720 586
1683730 582
1683740 576
1683750 576
1683760 574
1683770 577
1683780 581
1683790 581
1683800 584
1683810 589
1683820 589
1683830 592
1683840 595
1683850 595
1683860 597
1683870 599
1683880 599
1683890 600
1683900 601
1683910 601
1683920 602
1683930 603
1683940 603
1683950 605
1683960 606
1683970 607
1683980 607
1683990 607
1684000 608
1684010 608
1684020 608
1684030 607
1684040 607
1684050 606
1684060 605
1684070 605
1684080 605
1684090 604
1684100 604
1684110 604
1684120 603
1684130 603
1684140 604
1684150 604
1684160 604
1684170 603
1684180 600
1684190 598
1684200 598
1684210 593
1684220 590
1684230 590
1684240 586
1684250 587
1684260 587
1684270 591
1684280 594
1684290 594
1684300 600
1684310 604
1684320 604
1684330 607
1684340 609
1684350 609
1684360 611
1684370 612
1684380 612
1684390 612
1684400 613
1684410 613
1684420 613
1684430 613
1684440 613
1684450 613
1684460 613
1684470 612
1684480 612
1684490 612
1684500 612
1684510 612
1684520 612
1684530 610
1684540 610
1684550 611
1684560 611
1684570 611
1684580 611
1684590 612
1684600 612
1684610 612
1684620 613
1684630 615
1684640 615
1684650 617
1684660 618
1684670 618
1684680 620
1684690 621
1684700 621
1684710 622
1684720 622
1684730 622
1684740 623
1684750 624
1684760 624
1684770 624
1684780 624
1684790 624
1684800 625
1684810 625
1684820 626
1684830 626
1684840 627
1684850 628
1684860 628
1684870 629
1684880 630
1684890 630
1684900 630
1684910 630
1684920 630
1684930 629
1684940 629
1684950 629
1684960 629
1684970 629
1684980 629
1684990 629
1685000 630
1685010 631
1685020 631
1685030 632
1685040 633
1685050 633
1685060 633
1685070 633
1685080 633
1685090 633
1685100 633
1685110 633
1685120 632
1685130 631
1685140 631
1685150 632
1685160 633
1685170 633
1685180 632
1685190 630
1685200 630
1685210 627
1685220 624
1685230 623
1685240 623
1685250 621
1685260 619
1685270 619
1685280 615
1685290 613
1685300 613
1685310 613
1685320 614
1685330 614
1685340 616
1685350 619
1685360 619
1685370 621
1685380 622
1685390 622
1685400 624
1685410 624
1685420 624
1685430 624
1685440 623
1685450 624
1685460 624
1685470 620
1685480 613
1685490 613
1685500 605
1685510 598
1685520 598
1685530 591
1685540 586
1685550 586
1685560 578
1685570 573
1685580 573
1685590 568
1685600 568
1685610 568
1685620 572
1685630 578
1685640 581
1685650 581
1685660 583
1685670 585
1685680 585
1685690 585
1685700 584
1685710 584
1685720 584
1685730 586
1685740 586
1685750 589
1685760 580
1685770 580
1685780 566
1685790 554
1685800 554
1685810 549
1685820 543
1685830 538
1685840 538
1685850 532
1685860 526
1685870 526
1685880 523
1685890 514
1685900 514
1685910 512
1685920 506
1685930 506
1685940 502
1685950 496
1685960 496
1685970 489
1685980 484
1685990 484
1686000 478
1686010 471
1686020 471
1686030 465
1686040 457
1686050 451
1686060 451
1686070 443
1686080 437
1686090 437
1686100 430
1686110 425
1686120 425
1686130 420
1686140 417
1686150 417
1686160 415
1686170 414
1686180 414
1686190 413
1686200 411
1686210 411
1686220 409
1686230 409
1686240 409
1686250 411
1686260 418
1686270 429
1686280 429
1686290 437
1686300 443
1686310 443
1686320 447
1686330 451
1686340 451
1686350 454
1686360 457
1686370 457
1686380 460
1686390 462
1686400 462
1686410 463
1686420 466
1686430 466
1686440 467
1686450 469
1686460 471
1686470 471
1686480 471
1686490 472
1686500 472
1686510 474
1686520 475
1686530 475
1686540 476
1686550 477
1686560 477
1686570 477
1686580 476
1686590 476
1686600 472
1686610 466
1686620 466
1686630 459
1686640 455
1686650 455
1686660 460
1686670 463
1686680 466
1686690 466
1686700 468
1686710 470
1686720 470
1686730 472
1686740 472
1686750 472
1686760 468
1686770 467
1686780 467
1686790 463
1686800 462
1686810 462
1686820 469
1686830 473
1686840 473
1686850 476
1686860 482
1686870 487
1686880 487
1686890 489
1686900 491
1686910 491
1686920 495
1686930 495
1686940 495
1686950 501
1686960 509
1686970 509
1686980 515
1686990 518
1687000 518
1687010 522
1687020 525
1687030 525
1687040 527
1687050 527
1687060 527
1687070 529
1687080 530
1687090 533
1687100 533
1687110 538
1687120 542
1687130 542
1687140 545
1687150 550
1687160 550
1687170 555
1687180 560
1687190 560
1687200 566
1687210 571
1687220 571
1687230 576
1687240 580
1687250 580
1687260 583
1687270 587
1687280 591
1687290 591
1687300 596
1687310 601
1687320 601
1687330 604
1687340 607
1687350 607
1687360 607
1687370 608
1687380 608
1687390 609
1687400 612
1687410 612
1687420 611
1687430 613
1687440 613
1687450 616
1687460 617
1687470 617
1687480 618
1687490 618
1687500 618
1687510 618
1687520 617
1687530 615
1687540 615
1687550 614
1687560 612
1687570 612
1687580 610
1687590 607
1687600 607
1687610 604
1687620 601
1687630 601
1687640 596
1687650 592
1687660 592
1687670 589
1687680 582
1687690 577
1687700 577
1687710 571
1687720 565
1687730 565
1687740 562
1687750 567
1687760 567
1687770 571
1687780 576
1687790 576
1687800 582
1687810 587
1687820 587
1687830 593
1687840 597
1687850 597
1687860 600
1687870 602
1687880 602
1687890 604
1687900 606
1687910 608
1687920 608
1687930 610
1687940 611
1687950 611
1687960 612
1687970 613
1687980 613
1687990 614
1688000 614
1688010 614
1688020 613
1688030 610
1688040 610
1688050 611
1688060 616
1688070 616
1688080 618
1688090 621
1688100 621
1688110 622
1688120 623
1688130 624
1688140 624
1688150 624
1688160 623
1688170 623
1688180 622
1688190 621
1688200 621
1688210 620
1688220 619
1688230 619
1688240 618
1688250 617
1688260 617
1688270 616
1688280 615
1688290 615
1688300 614
1688310 614
1688320 612
1688330 612
1688340 611
1688350 611
1688360 611
1688370 610
1688380 608
1688390 608
1688400 607
1688410 606
1688420 606
1688430 605
1688440 605
1688450 605
1688460 604
1688470 603
1688480 603
1688490 601
1688500 600
1688510 600
1688520 599
1688530 598
1688540 597
1688550 597
1688560 595
1688570 592
1688580 592
1688590 588
1688600 579
1688610 579
1688620 578
1688630 582
1688640 582
1688650 585
1688660 585
1688670 585
1688680 583
1688690 581
1688700 581
1688710 577
1688720 575
1688730 572
1688740 572
1688750 570
1688760 569
1688770 569
1688780 569
1688790 574
1688800 574
1688810 580
1688820 583
1688830 583
1688840 589
1688850 594
1688860 594
1688870 599
1688880 603
1688890 603
1688900 606
1688910 610
1688920 610
1688930 615
1688940 616
1688950 619
1688960 619
1688970 622
1688980 625
1688990 625
1689000 627
1689010 630
1689020 630
1689030 632
1689040 633
1689050 633
1689060 634
1689070 635
1689080 635
1689090 635
1689100 635
1689110 635
1689120 634
1689130 633
1689140 633
1689150 633
1689160 632
1689170 631
1689180 631
1689190 630
1689200 629
1689210 629
1689220 628
1689230 627
1689240 627
1689250 626
1689260 625
1689270 625
1689280 624
1689290 622
1689300 622
1689310 619
1689320 613
1689330 613
1689340 608
1689350 607
1689360 608
1689370 608
1689380 610
1689390 611
1689400 611
1689410 613
1689420 615
1689430 615
1689440 618
1689450 620
1689460 620
1689470 622
1689480 623
1689490 623
1689500 623
1689510 624
1689520 624
1689530 624
1689540 623
1689550 621
1689560 621
1689570 619
1689580 619
1689590 619
1689600 619
1689610 620
1689620 620
1689630 621
1689640 622
1689650 622
1689660 624
1689670 626
1689680 626
1689690 628
1689700 630
1689710 630
1689720 632
1689730 635
1689740 635
1689750 637
1689760 639
1689770 640
1689780 640
1689790 642
1689800 643
1689810 643
1689820 643
1689830 644
1689840 644
1689850 645
1689860 646
1689870 646
1689880 647
1689890 647
1689900 647
1689910 648
1689920 649
1689930 649
1689940 649
1689950 650
1689960 650
1689970 651
1689980 651
1689990 652
1690000 652
1690010 653
1690020 653
1690030 653
1690040 654
1690050 655
1690060 655
1690070 655
1690080 655
1690090 655
1690100 655
1690110 655
1690120 655
1690130 655
1690140 655
1690150 655
1690160 654
1690170 653
1690180 651
1690190 651
1690200 648
1690210 644
1690220 644
1690230 640
1690240 637
1690250 637
1690260 630
1690270 624
1690280 624
1690290 619
1690300 615
1690310 615
1690320 611
1690330 609
1690340 609
1690350 607
1690360 603
1690370 603
1690380 610
1690390 611
1690400 611
1690410 611
1690420 611
1690430 612
1690440 612
1690450 613
1690460 614
1690470 614
1690480 616
1690490 623
1690500 623
1690510 627
1690520 629
1690530 629
1690540 630
1690550 630
1690560 630
1690570 627
1690580 624
1690590 622
1690600 622
1690610 622
1690620 620
1690630 620
1690640 618
1690650 616
1690660 616
1690670 613
1690680 609
1690690 609
1690700 608
1690710 606
1690720 606
1690730 603
1690740 601
1690750 601
1690760 599
1690770 596
1690780 596
1690790 594
1690800 591
1690810 586
1690820 586
1690830 582
1690840 582
1690850 582
1690860 580
1690870 578
1690880 578
1690890 576
1690900 573
1690910 573
1690920 567
1690930 564
1690940 564
1690950 560
1690960 557
1690970 557
1690980 555
1690990 553
1691000 550
1691010 550
1691020 547
1691030 543
1691040 543
1691050 540
1691060 540
1691070 540
1691080 541
1691090 541
1691100 541
1691110 541
1691120 539
1691130 539
1691140 538
1691150 536
1691160 536
1691170 534
1691180 530
1691190 530
1691200 528
1691210 526
1691220 524
1691230 524
1691240 520
1691250 517
1691260 517
1691270 517
1691280 515
1691290 515
1691300 511
1691310 509
1691320 509
1691330 508
1691340 507
1691350 507
1691360 505
1691370 507
1691380 507
1691390 509
1691400 511
1691410 515
1691420 515
1691430 517
1691440 519
1691450 519
1691460 519
1691470 518
1691480 518
1691490 516
1691500 515
1691510 515
1691520 512
1691530 511
1691540 511
1691550 510
1691560 509
1691570 509
1691580 509
1691590 505
1691600 505
1691610 505
1691620 503
1691630 501
1691640 501
1691650 500
1691660 502
1691670 502
1691680 501
1691690 500
1691700 500
1691710 499
1691720 499
1691730 499
1691740 498
1691750 497
1691760 497
1691770 496
1691780 494
1691790 494
1691800 492
1691810 490
1691820 490
1691830 489
1691840 486
1691850 483
1691860 483
1691870 480
1691880 477
1691890 477
1691900 474
1691910 471
1691920 471
1691930 468
1691940 465
1691950 465
1691960 463
1691970 461
1691980 461
1691990 458
1692000 454
1692010 454
1692020 457
1692030 457
1692040 453
1692050 453
1692060 448
1692070 444
1692080 444
1692090 443
1692100 441
1692110 441
1692120 440
1692130 440
1692140 440
1692150 439
1692160 438
1692170 438
1692180 437
1692190 436
1692200 436
1692210 434
1692220 432
1692230 432
1692240 429
1692250 425
1692260 422
1692270 422
1692280 418
1692290 414
1692300 414
1692310 409
1692320 405
1692330 405
1692340 403
1692350 400
1692360 400
1692370 397
1692380 395
1692390 395
1692400 393
1692410 392
1692420 392
1692430 392
1692440 392
1692450 389
1692460 389
1692470 390
1692480 390
1692490 390
1692500 390
1692510 389
1692520 389
1692530 388
1692540 387
1692550 387
1692560 385
1692570 384
1692580 384
1692590 382
1692600 381
1692610 381
1692620 380
1692630 379
1692640 379
1692650 379
1692660 379
1692670 378
1692680 378
1692690 378
1692700 377
1692710 377
1692720 376
1692730 376
1692740 376
1692750 375
1692760 374
1692770 374
1692780 374
1692790 373
1692800 373
1692810 373
1692820 372
1692830 372
1692840 372
1692850 371
1692860 371
1692870 371
1692880 370
1692890 370
1692900 370
1692910 369
1692920 369
1692930 369
1692940 368
1692950 368
1692960 368
1692970 366
1692980 366
1692990 366
1693000 366
1693010 366
1693020 366
1693030 365
1693040 365
1693050 365
1693060 365
1693070 364
1693080 364
1693090 364
1693100 364
1693110 363
1693120 363
1693130 363
1693140 363
1693150 363
1693160 362
1693170 362
1693180 362
1693190 362
1693200 361
1693210 361
1693220 361
1693230 361
1693240 361
1693250 361
1693260 360
1693270 360
1693280 360
1693290 360
1693300 360
1693310 360
1693320 360
1693330 360
1693340 360
1693350 360
1693360 359
1693370 359
1693380 359
1693390 359
1693400 359
1693410 359
1693420 359
1693430 359
1693440 359
1693450 359
1693460 359
1693470 359
1693480 359
1693490 359
1693500 359
1693510 359
1693520 359
1693530 359
1693540 358
1693550 358
1693560 358
1693570 358
1693580 358
1693590 358
1693600 359
1693610 358
1693620 358
1693630 358
1693640 358
1693650 358
1693660 358
1693670 357
1693680 357
1693690 356
1693700 356
1693710 356
1693720 356
1693730 356
1693740 356
1693750 356
1693760 356
1693770 356
1693780 356
1693790 356
1693800 357
1693810 357
1693820 357
1693830 356
1693840 356
1693850 357
1693860 356
1693870 356
1693880 354
1693890 357
1693900 357
1693910 357
1693920 357
1693930 356
1693940 356
1693950 355
1693960 356
1693970 356
1693980 358
1693990 357
1694000 357
1694010 358
1694020 357
1694030 357
1694040 356
1694050 356
1694060 356
1694070 357
1694080 357
1694090 357
1694100 356
1694110 356
1694120 356
1694130 356
1694140 356
1694150 356
1694160 356
1694170 356
1694180 356
1694190 356
1694200 356
1694210 357
1694220 357
1694230 357
1694240 357
1694250 357
1694260 357
1694270 357
1694280 357
1694290 357
1694300 357
1694310 357
1694320 357
1694330 356
1694340 356
1694350 356
1694360 356
1694370 356
1694380 356
1694390 356
1694400 356
1694410 356
1694420 356
1694430 356
1694440 356
1694450 356
1694460 356
1694470 356
1694480 356
1694490 356
1694500 356
1694510 356
1694520 356
1694530 356
1694540 356
1694550 356
1694560 356
1694570 356
1694580 356
1694590 356
1694600 356
1694610 356
1694620 356
1694630 356
1694640 356
1694650 356
1694660 356
1694670 356
1694680 356
1694690 356
1694700 356
1694710 356
1694720 356
1694730 356
1694740 356
1694750 356
1694760 356
1694770 357
1694780 356
1694790 356
1694800 357
1694810 359
1694820 359
1694830 362
1694840 365
1694850 365
1694860 371
1694870 377
1694880 377
1694890 381
1694900 386
1694910 386
1694920 389
1694930 393
1694940 397
1694950 397
1694960 400
1694970 403
1694980 403
1694990 406
1695000 408
1695010 408
1695020 409
1695030 410
1695040 410
1695050 410
1695060 406
1695070 406
1695080 401
1695090 397
1695100 397
1695110 396
1695120 397
1695130 394
1695140 394
1695150 401
1695160 403
1695170 403
1695180 400
1695190 404
1695200 404
1695210 405
1695220 406
1695230 406
1695240 407
1695250 405
1695260 405
1695270 404
1695280 404
1695290 404
1695300 410
1695310 414
1695320 414
1695330 413
1695340 419
1695350 422
1695360 422
1695370 425
1695380 426
1695390 426
1695400 428
1695410 429
1695420 429
1695430 430
1695440 431
1695450 431
1695460 431
1695470 430
1695480 430
1695490 429
1695500 427
1695510 427
1695520 424
1695530 421
1695540 421
1695550 418
1695560 415
1695570 413
1695580 413
1695590 411
1695600 410
1695610 410
1695620 408
1695630 406
1695640 406
1695650 403
1695660 403
1695670 403
1695680 401
1695690 399
1695700 399
1695710 398
1695720 397
1695730 397
1695740 395
1695750 393
1695760 392
1695770 392
1695780 392
1695790 390
1695800 390
1695810 390
1695820 389
1695830 389
1695840 388
1695850 387
1695860 387
1695870 386
1695880 385
1695890 385
1695900 384
1695910 384
1695920 384
1695930 383
1695940 383
1695950 383
1695960 381
1695970 379
1695980 373
1695990 373
1696000 372
1696010 371
1696020 371
1696030 370
1696040 371
1696050 371
1696060 372
1696070 372
1696080 372
1696090 373
1696100 374
1696110 374
1696120 375
1696130 377
1696140 377
1696150 377
1696160 378
1696170 380
1696180 380
1696190 381
1696200 381
1696210 381
1696220 381
1696230 382
1696240 382
1696250 383
1696260 383
1696270 383
1696280 383
1696290 380
1696300 380
1696310 380
1696320 381
1696330 381
1696340 384
1696350 384
1696360 384
1696370 384
1696380 383
1696390 383
1696400 383
1696410 382
1696420 380
1696430 380
1696440 377
1696450 375
1696460 375
1696470 375
1696480 375
1696490 375
1696500 375
1696510 376
1696520 376
1696530 377
1696540 378
1696550 378
1696560 381
1696570 382
1696580 384
1696590 384
1696600 385
1696610 386
1696620 386
1696630 385
1696640 384
1696650 384
1696660 381
1696670 380
1696680 380
1696690 378
1696700 380
1696710 380
1696720 382
1696730 384
1696740 384
1696750 385
1696760 386
1696770 386
1696780 386
1696790 387
1696800 386
1696810 386
1696820 386
1696830 386
1696840 386
1696850 386
1696860 385
1696870 385
1696880 386
1696890 386
1696900 386
1696910 386
1696920 386
1696930 386
1696940 386
1696950 386
1696960 386
1696970 385
1696980 385
1696990 385
1697000 385
1697010 385
1697020 385
1697030 385
1697040 385
1697050 383
1697060 383
1697070 378
1697080 376
1697090 376
1697100 378
1697110 384
1697120 384
1697130 385
1697140 385
1697150 385
1697160 385
1697170 385
1697180 385
1697190 384
1697200 384
1697210 383
1697220 383
1697230 381
1697240 379
1697250 379
1697260 378
1697270 374
1697280 374
1697290 373
1697300 371
1697310 371
1697320 369
1697330 368
1697340 368
1697350 367
1697360 366
1697370 366
1697380 365
1697390 364
1697400 364
1697410 363
1697420 363
1697430 362
1697440 362
1697450 362
1697460 362
1697470 362
1697480 362
1697490 362
1697500 362
1697510 362
1697520 362
1697530 362
1697540 362
1697550 363
1697560 363
1697570 364
1697580 369
1697590 369
1697600 373
1697610 375
1697620 376
1697630 376
1697640 379
1697650 381
1697660 381
1697670 382
1697680 384
1697690 384
1697700 383
1697710 384
1697720 384
1697730 384
1697740 380
1697750 380
1697760 379
1697770 380
1697780 380
1697790 381
1697800 384
1697810 384
1697820 385
1697830 387
1697840 388
1697850 388
1697860 389
1697870 390
1697880 390
1697890 391
1697900 392
1697910 392
1697920 394
1697930 395
1697940 395
1697950 397
1697960 398
1697970 398
1697980 399
1697990 400
1698000 400
1698010 401
1698020 401
1698030 402
1698040 402
1698050 402
1698060 402
1698070 402
1698080 403
1698090 403
1698100 403
1698110 402
1698120 402
1698130 402
1698140 402
1698150 401
1698160 401
1698170 400
1698180 399
1698190 399
1698200 398
1698210 397
1698220 397
1698230 396
1698240 395
1698250 394
1698260 394
1698270 394
1698280 393
1698290 393
1698300 391
1698310 389
1698320 389
1698330 386
1698340 384
1698350 384
1698360 382
1698370 379
1698380 379
1698390 378
1698400 377
1698410 377
1698420 378
1698430 380
1698440 383
1698450 383
1698460 385
1698470 387
1698480 387
1698490 388
1698500 390
1698510 390
1698520 390
1698530 391
1698540 391
1698550 393
1698560 393
1698570 393
1698580 394
1698590 395
1698600 395
1698610 396
1698620 398
1698630 398
1698640 400
1698650 401
1698660 402
1698670 402
1698680 404
1698690 405
1698700 405
1698710 406
1698720 408
1698730 408
1698740 410
1698750 414
1698760 414
1698770 416
1698780 419
1698790 419
1698800 420
1698810 422
1698820 422
1698830 423
1698840 424
1698850 423
1698860 423
1698870 421
1698880 419
1698890 419
1698900 417
1698910 416
1698920 416
1698930 414
1698940 412
1698950 412
1698960 412
1698970 412
1698980 412
1698990 413
1699000 413
1699010 413
1699020 412
1699030 412
1699040 412
1699050 412
1699060 412
1699070 412
1699080 412
1699090 412
1699100 411
1699110 411
1699120 412
1699130 411
1699140 411
1699150 411
1699160 410
1699170 410
1699180 410
1699190 408
1699200 408
1699210 406
1699220 404
1699230 404
1699240 402
1699250 400
1699260 400
1699270 397
1699280 396
1699290 394
1699300 394
1699310 392
1699320 391
1699330 391
1699340 389
1699350 386
1699360 386
1699370 383
1699380 382
1699390 382
1699400 381
1699410 381
1699420 381
1699430 381
1699440 380
1699450 380
1699460 378
1699470 377
1699480 375
1699490 375
1699500 373
1699510 372
1699520 372
1699530 370
1699540 367
1699550 367
1699560 364
1699570 363
1699580 363
1699590 365
1699600 367
1699610 367
1699620 369
1699630 372
1699640 372
1699650 372
1699660 371
1699670 371
1699680 369
1699690 366
1699700 364
1699710 364
1699720 361
1699730 358
1699740 358
1699750 355
1699760 355
1699770 355
1699780 355
1699790 354
1699800 354
1699810 354
1699820 354
1699830 354
1699840 354
1699850 353
1699860 353
1699870 353
1699880 353
1699890 352
1699900 352
1699910 352
1699920 352
1699930 352
1699940 351
1699950 351
1699960 351
1699970 351
1699980 351
1699990 351
