1680000 480
1680010 479
1680020 478
1680030 478
1680040 477
1680050 476
1680060 476
1680070 475
1680080 474
1680090 474
1680100 473
1680110 473
1680120 472
1680130 472
1680140 471
1680150 470
1680160 470
1680170 469
1680180 468
1680190 468
1680200 468
1680210 466
1680220 466
1680230 468
1680240 467
1680250 467
1680260 466
1680270 466
1680280 466
1680290 465
1680300 465
1680310 465
1680320 465
1680330 465
1680340 465
1680350 465
1680360 466
1680370 468
1680380 468
1680390 469
1680400 471
1680410 471
1680420 473
1680430 475
1680440 475
1680450 477
1680460 479
1680470 479
1680480 481
1680490 484
1680500 484
1680510 486
1680520 489
1680530 491
1680540 491
1680550 492
1680560 493
1680570 493
1680580 495
1680590 497
1680600 497
1680610 498
1680620 498
1680630 498
1680640 498
1680650 496
1680660 496
1680670 495
1680680 494
1680690 494
1680700 493
1680710 493
1680720 493
1680730 493
1680740 493
1680750 493
1680760 493
1680770 494
1680780 494
1680790 494
1680800 494
1680810 495
1680820 495
1680830 495
1680840 495
1680850 495
1680860 495
1680870 494
1680880 494
1680890 493
1680900 492
1680910 492
1680920 492
1680930 492
1680940 492
1680950 492
1680960 491
1680970 490
1680980 490
1680990 488
1681000 486
1681010 486
1681020 486
1681030 486
1681040 486
1681050 487
1681060 486
1681070 486
1681080 492
1681090 496
1681100 496
1681110 500
1681120 505
1681130 505
1681140 508
1681150 511
1681160 513
1681170 513
1681180 515
1681190 517
1681200 517
1681210 520
1681220 522
1681230 522
1681240 524
1681250 526
1681260 526
1681270 527
1681280 531
1681290 531
1681300 533
1681310 536
1681320 536
1681330 539
1681340 541
1681350 541
1681360 542
1681370 542
1681380 543
1681390 543
1681400 543
1681410 542
1681420 542
1681430 543
1681440 543
1681450 543
1681460 545
1681470 550
1681480 550
1681490 553
1681500 554
1681510 554
1681520 556
1681530 559
1681540 559
1681550 561
1681560 563
1681570 565
1681580 565
1681590 568
1681600 570
1681610 570
1681620 571
1681630 573
1681640 573
1681650 575
1681660 577
1681670 577
1681680 579
1681690 581
1681700 581
1681710 582
1681720 584
1681730 584
1681740 586
1681750 588
1681760 588
1681770 590
1681780 592
1681790 595
1681800 595
1681810 595
1681820 597
1681830 597
1681840 600
1681850 600
1681860 600
1681870 601
1681880 602
1681890 602
1681900 602
1681910 603
1681920 603
1681930 604
1681940 605
1681950 605
1681960 604
1681970 604
1681980 603
1681990 603
1682000 602
1682010 599
1682020 599
1682030 597
1682040 595
1682050 595
1682060 593
1682070 591
1682080 591
1682090 595
1682100 597
1682110 597
1682120 598
1682130 601
1682140 601
1682150 604
1682160 607
1682170 607
1682180 610
1682190 613
1682200 616
1682210 616
1682220 620
1682230 623
1682240 623
1682250 625
1682260 627
1682270 627
1682280 630
1682290 632
1682300 632
1682310 634
1682320 637
1682330 637
1682340 639
1682350 640
1682360 640
1682370 642
1682380 644
1682390 644
1682400 645
1682410 647
1682420 648
1682430 648
1682440 649
1682450 650
1682460 650
1682470 652
1682480 653
1682490 653
1682500 654
1682510 655
1682520 655
1682530 656
1682540 657
1682550 657
1682560 657
1682570 658
1682580 658
1682590 658
1682600 659
1682610 659
1682620 659
1682630 658
1682640 660
1682650 660
1682660 659
1682670 660
1682680 660
1682690 660
1682700 659
1682710 659
1682720 659
1682730 659
1682740 659
1682750 660
1682760 660
1682770 660
1682780 661
1682790 661
1682800 661
1682810 662
1682820 662
1682830 663
1682840 663
1682850 664
1682860 665
1682870 665
1682880 666
1682890 667
1682900 667
1682910 668
1682920 669
1682930 669
1682940 670
1682950 671
1682960 671
1682970 672
1682980 673
1682990 673
1683000 673
1683010 674
1683020 674
1683030 674
1683040 675
1683050 675
1683060 675
1683070 676
1683080 676
1683090 676
1683100 676
1683110 677
1683120 677
1683130 677
1683140 677
1683150 677
1683160 677
1683170 677
1683180 677
1683190 677
1683200 677
1683210 677
1683220 677
1683230 677
1683240 675
1683250 675
1683260 674
1683270 674
1683280 674
1683290 674
1683300 674
1683310 674
1683320 673
1683330 672
1683340 672
1683350 671
1683360 670
1683370 670
1683380 670
1683390 669
1683400 669
1683410 667
1683420 666
1683430 666
1683440 666
1683450 665
1683460 664
1683470 664
1683480 664
1683490 663
1683500 663
1683510 664
1683520 664
1683530 664
1683540 664
1683550 664
1683560 664
1683570 665
1683580 664
1683590 664
1683600 664
1683610 663
1683620 663
1683630 663
1683640 663
1683650 663
1683660 663
1683670 662
1683680 661
1683690 661
1683700 661
1683710 659
1683720 659
1683730 658
1683740 657
1683750 657
1683760 656
1683770 654
1683780 654
1683790 653
1683800 651
1683810 651
1683820 650
1683830 649
1683840 649
1683850 646
1683860 642
1683870 641
1683880 641
1683890 640
1683900 635
1683910 635
1683920 630
1683930 625
1683940 625
1683950 622
1683960 620
1683970 620
1683980 618
1683990 617
1684000 617
1684010 616
1684020 615
1684030 615
1684040 615
1684050 615
1684060 614
1684070 614
1684080 614
1684090 614
1684100 614
1684110 614
1684120 615
1684130 615
1684140 616
1684150 617
1684160 617
1684170 618
1684180 619
1684190 619
1684200 619
1684210 620
1684220 620
1684230 622
1684240 622
1684250 622
1684260 624
1684270 625
1684280 626
1684290 626
1684300 627
1684310 627
1684320 627
1684330 627
1684340 627
1684350 627
1684360 627
1684370 626
1684380 626
1684390 624
1684400 621
1684410 621
1684420 618
1684430 614
1684440 614
1684450 612
1684460 610
1684470 610
1684480 609
1684490 608
1684500 607
1684510 607
1684520 606
1684530 605
1684540 605
1684550 603
1684560 601
1684570 601
1684580 600
1684590 598
1684600 598
1684610 595
1684620 592
1684630 592
1684640 590
1684650 587
1684660 587
1684670 583
1684680 578
1684690 574
1684700 574
1684710 571
1684720 568
1684730 568
1684740 565
1684750 564
1684760 564
1684770 560
1684780 558
1684790 558
1684800 556
1684810 555
1684820 555
1684830 553
1684840 551
1684850 551
1684860 550
1684870 547
1684880 547
1684890 542
1684900 539
1684910 534
1684920 534
1684930 532
1684940 535
1684950 535
1684960 534
1684970 533
1684980 533
1684990 530
1685000 527
1685010 527
1685020 523
1685030 520
1685040 520
1685050 517
1685060 513
1685070 513
1685080 511
1685090 512
1685100 510
1685110 510
1685120 512
1685130 514
1685140 514
1685150 512
1685160 511
1685170 511
1685180 508
1685190 505
1685200 505
1685210 503
1685220 501
1685230 501
1685240 496
1685250 492
1685260 492
1685270 488
1685280 486
1685290 486
1685300 486
1685310 483
1685320 477
1685330 477
1685340 472
1685350 467
1685360 467
1685370 458
1685380 453
1685390 453
1685400 450
1685410 447
1685420 447
1685430 444
1685440 443
1685450 443
1685460 444
1685470 451
1685480 451
1685490 453
1685500 454
1685510 454
1685520 455
1685530 453
1685540 460
1685550 460
1685560 464
1685570 467
1685580 467
1685590 470
1685600 474
1685610 474
1685620 478
1685630 483
1685640 483
1685650 488
1685660 494
1685670 494
1685680 498
1685690 503
1685700 503
1685710 509
1685720 515
1685730 520
1685740 520
1685750 526
1685760 529
1685770 529
1685780 533
1685790 537
1685800 537
1685810 542
1685820 546
1685830 546
1685840 550
1685850 554
1685860 554
1685870 557
1685880 560
1685890 560
1685900 562
1685910 563
1685920 563
1685930 564
1685940 564
1685950 563
1685960 563
1685970 562
1685980 561
1685990 561
1686000 559
1686010 557
1686020 557
1686030 556
1686040 556
1686050 556
1686060 556
1686070 557
1686080 557
1686090 557
1686100 558
1686110 558
1686120 559
1686130 561
1686140 563
1686150 563
1686160 565
1686170 567
1686180 567
1686190 569
1686200 571
1686210 571
1686220 574
1686230 576
1686240 576
1686250 579
1686260 581
1686270 581
1686280 585
1686290 588
1686300 588
1686310 592
1686320 595
1686330 595
1686340 599
1686350 603
1686360 606
1686370 606
1686380 610
1686390 613
1686400 613
1686410 615
1686420 617
1686430 617
1686440 619
1686450 619
1686460 619
1686470 617
1686480 611
1686490 611
1686500 607
1686510 603
1686520 603
1686530 599
1686540 596
1686550 596
1686560 593
1686570 590
1686580 587
1686590 587
1686600 582
1686610 578
1686620 578
1686630 574
1686640 571
1686650 571
1686660 569
1686670 565
1686680 565
1686690 563
1686700 560
1686710 560
1686720 557
1686730 555
1686740 555
1686750 552
1686760 549
1686770 545
1686780 545
1686790 541
1686800 537
1686810 537
1686820 535
1686830 530
1686840 530
1686850 526
1686860 521
1686870 521
1686880 517
1686890 514
1686900 514
1686910 510
1686920 507
1686930 507
1686940 502
1686950 498
1686960 498
1686970 494
1686980 490
1686990 486
1687000 486
1687010 482
1687020 479
1687030 479
1687040 476
1687050 473
1687060 473
1687070 471
1687080 469
1687090 469
1687100 466
1687110 462
1687120 462
1687130 460
1687140 457
1687150 457
1687160 455
1687170 452
1687180 450
1687190 450
1687200 446
1687210 440
1687220 440
1687230 433
1687240 430
1687250 430
1687260 437
1687270 444
1687280 444
1687290 447
1687300 450
1687310 450
1687320 453
1687330 453
1687340 453
1687350 452
1687360 451
1687370 451
1687380 453
1687390 453
1687400 456
1687410 456
1687420 457
1687430 451
1687440 451
1687450 448
1687460 447
1687470 447
1687480 449
1687490 454
1687500 454
1687510 456
1687520 453
1687530 453
1687540 450
1687550 449
1687560 449
1687570 452
1687580 470
1687590 470
1687600 474
1687610 474
1687620 473
1687630 473
1687640 472
1687650 471
1687660 471
1687670 469
1687680 465
1687690 465
1687700 464
1687710 462
1687720 462
1687730 461
1687740 459
1687750 459
1687760 457
1687770 455
1687780 455
1687790 451
1687800 446
1687810 439
1687820 439
1687830 431
1687840 424
1687850 424
1687860 419
1687870 414
1687880 414
1687890 409
1687900 405
1687910 405
1687920 400
1687930 394
1687940 394
1687950 390
1687960 387
1687970 387
1687980 385
1687990 385
1688000 385
1688010 384
1688020 383
1688030 382
1688040 382
1688050 382
1688060 381
1688070 381
1688080 385
1688090 387
1688100 387
1688110 391
1688120 399
1688130 399
1688140 407
1688150 413
1688160 413
1688170 420
1688180 424
1688190 424
1688200 428
1688210 430
1688220 433
1688230 433
1688240 439
1688250 443
1688260 443
1688270 447
1688280 449
1688290 449
1688300 448
1688310 447
1688320 447
1688330 446
1688340 444
1688350 444
1688360 443
1688370 440
1688380 440
1688390 437
1688400 436
1688410 436
1688420 434
1688430 433
1688440 431
1688450 431
1688460 429
1688470 429
1688480 429
1688490 428
1688500 425
1688510 425
1688520 419
1688530 415
1688540 415
1688550 410
1688560 407
1688570 407
1688580 404
1688590 401
1688600 401
1688610 396
1688620 390
1688630 390
1688640 386
1688650 384
1688660 380
1688670 380
1688680 378
1688690 377
1688700 377
1688710 376
1688720 376
1688730 376
1688740 376
1688750 376
1688760 376
1688770 373
1688780 373
1688790 373
1688800 373
1688810 374
1688820 374
1688830 374
1688840 375
1688850 375
1688860 375
1688870 375
1688880 375
1688890 375
1688900 375
1688910 375
1688920 375
1688930 375
1688940 375
1688950 375
1688960 375
1688970 374
1688980 374
1688990 375
1689000 375
1689010 375
1689020 375
1689030 374
1689040 374
1689050 375
1689060 374
1689070 374
1689080 374
1689090 374
1689100 374
1689110 374
1689120 374
1689130 374
1689140 374
1689150 374
1689160 374
1689170 374
1689180 374
1689190 374
1689200 374
1689210 374
1689220 374
1689230 374
1689240 374
1689250 374
1689260 374
1689270 374
1689280 374
1689290 374
1689300 374
1689310 374
1689320 374
1689330 374
1689340 374
1689350 374
1689360 374
1689370 374
1689380 374
1689390 374
1689400 374
1689410 374
1689420 374
1689430 373
1689440 373
1689450 373
1689460 372
1689470 371
1689480 371
1689490 371
1689500 371
1689510 371
1689520 371
1689530 371
1689540 371
1689550 371
1689560 371
1689570 371
1689580 371
1689590 370
1689600 371
1689610 371
1689620 370
1689630 370
1689640 370
1689650 370
1689660 370
1689670 370
1689680 370
1689690 370
1689700 370
1689710 370
1689720 371
1689730 371
1689740 371
1689750 370
1689760 370
1689770 370
1689780 370
1689790 370
1689800 370
1689810 370
1689820 370
1689830 370
1689840 370
1689850 370
1689860 370
1689870 370
1689880 370
1689890 370
1689900 370
1689910 370
1689920 371
1689930 371
1689940 371
1689950 373
1689960 373
1689970 376
1689980 380
1689990 380
1690000 382
1690010 384
1690020 384
1690030 386
1690040 391
1690050 391
1690060 394
1690070 396
1690080 396
1690090 399
1690100 401
1690110 402
1690120 402
1690130 404
1690140 404
1690150 404
1690160 405
1690170 406
1690180 406
1690190 407
1690200 408
1690210 408
1690220 410
1690230 411
1690240 411
1690250 412
1690260 413
1690270 413
1690280 414
1690290 415
1690300 416
1690310 416
1690320 417
1690330 419
1690340 419
1690350 421
1690360 422
1690370 422
1690380 424
1690390 426
1690400 426
1690410 428
1690420 430
1690430 430
1690440 431
1690450 432
1690460 432
1690470 433
1690480 436
1690490 436
1690500 438
1690510 440
1690520 441
1690530 441
1690540 443
1690550 443
1690560 443
1690570 445
1690580 445
1690590 445
1690600 445
1690610 444
1690620 444
1690630 444
1690640 444
1690650 444
1690660 443
1690670 442
1690680 442
1690690 440
1690700 438
1690710 438
1690720 436
1690730 433
1690740 430
1690750 430
1690760 429
1690770 427
1690780 427
1690790 426
1690800 424
1690810 424
1690820 421
1690830 419
1690840 419
1690850 416
1690860 414
1690870 414
1690880 411
1690890 409
1690900 409
1690910 404
1690920 401
1690930 397
1690940 397
1690950 394
1690960 394
1690970 394
1690980 394
1690990 392
1691000 392
1691010 386
1691020 386
1691030 386
1691040 392
1691050 394
1691060 394
1691070 394
1691080 394
1691090 394
1691100 394
1691110 394
1691120 394
1691130 394
1691140 394
1691150 394
1691160 394
1691170 396
1691180 399
1691190 399
1691200 399
1691210 400
1691220 400
1691230 400
1691240 400
1691250 400
1691260 400
1691270 402
1691280 402
1691290 403
1691300 403
1691310 403
1691320 404
1691330 404
1691340 406
1691350 406
1691360 407
1691370 407
1691380 407
1691390 408
1691400 409
1691410 409
1691420 409
1691430 410
1691440 410
1691450 410
1691460 410
1691470 410
1691480 410
1691490 409
1691500 409
1691510 408
1691520 407
1691530 407
1691540 409
1691550 407
1691560 407
1691570 407
1691580 408
1691590 407
1691600 407
1691610 406
1691620 405
1691630 405
1691640 405
1691650 404
1691660 404
1691670 403
1691680 402
1691690 402
1691700 401
1691710 400
1691720 400
1691730 398
1691740 396
1691750 396
1691760 394
1691770 391
1691780 388
1691790 388
1691800 384
1691810 383
1691820 383
1691830 380
1691840 380
1691850 380
1691860 377
1691870 375
1691880 375
1691890 374
1691900 374
1691910 374
1691920 373
1691930 372
1691940 372
1691950 372
1691960 372
1691970 372
1691980 372
1691990 372
1692000 372
1692010 372
1692020 372
1692030 371
1692040 371
1692050 370
1692060 370
1692070 370
1692080 369
1692090 369
1692100 369
1692110 369
1692120 368
1692130 368
1692140 367
1692150 367
1692160 367
1692170 367
1692180 367
1692190 366
1692200 366
1692210 366
1692220 365
1692230 365
1692240 365
1692250 366
1692260 366
1692270 365
1692280 364
1692290 364
1692300 364
1692310 364
1692320 364
1692330 364
1692340 364
1692350 364
1692360 363
1692370 363
1692380 363
1692390 363
1692400 363
1692410 363
1692420 363
1692430 363
1692440 362
1692450 362
1692460 362
1692470 362
1692480 362
1692490 362
1692500 362
1692510 362
1692520 362
1692530 363
1692540 363
1692550 362
1692560 363
1692570 363
1692580 362
1692590 362
1692600 362
1692610 362
1692620 362
1692630 362
1692640 362
1692650 362
1692660 362
1692670 362
1692680 362
1692690 362
1692700 362
1692710 362
1692720 362
1692730 362
1692740 362
1692750 362
1692760 362
1692770 362
1692780 362
1692790 362
1692800 362
1692810 362
1692820 362
1692830 362
1692840 361
1692850 361
1692860 361
1692870 361
1692880 361
1692890 361
1692900 361
1692910 361
1692920 361
1692930 362
1692940 362
1692950 362
1692960 361
1692970 361
1692980 361
1692990 361
1693000 361
1693010 361
1693020 361
1693030 361
1693040 361
1693050 361
1693060 361
1693070 361
1693080 361
1693090 361
1693100 361
1693110 361
1693120 361
1693130 361
1693140 361
1693150 361
1693160 361
1693170 361
1693180 360
1693190 360
1693200 360
1693210 360
1693220 360
1693230 360
1693240 360
1693250 360
1693260 360
1693270 360
1693280 360
1693290 360
1693300 360
1693310 360
1693320 360
1693330 360
1693340 360
1693350 360
1693360 360
1693370 360
1693380 360
1693390 360
1693400 360
1693410 360
1693420 360
1693430 360
1693440 360
1693450 359
1693460 359
1693470 359
1693480 359
1693490 359
1693500 359
1693510 359
1693520 359
1693530 359
1693540 359
1693550 359
1693560 359
1693570 359
1693580 359
1693590 359
1693600 361
1693610 361
1693620 365
1693630 364
1693640 364
1693650 364
1693660 360
1693670 360
1693680 360
1693690 358
1693700 358
1693710 358
1693720 359
1693730 361
1693740 361
1693750 360
1693760 360
1693770 360
1693780 360
1693790 359
1693800 359
1693810 360
1693820 360
1693830 360
1693840 360
1693850 360
1693860 360
1693870 360
1693880 360
1693890 359
1693900 359
1693910 359
1693920 359
1693930 359
1693940 360
1693950 360
1693960 360
1693970 360
1693980 359
1693990 359
1694000 359
1694010 359
1694020 359
1694030 359
1694040 359
1694050 360
1694060 360
1694070 358
1694080 358
1694090 358
1694100 359
1694110 359
1694120 359
1694130 359
1694140 360
1694150 360
1694160 359
1694170 360
1694180 360
1694190 361
1694200 362
1694210 362
1694220 362
1694230 362
1694240 362
1694250 363
1694260 363
1694270 363
1694280 363
1694290 364
1694300 364
1694310 364
1694320 364
1694330 365
1694340 365
1694350 365
1694360 365
1694370 365
1694380 366
1694390 366
1694400 366
1694410 367
1694420 367
1694430 367
1694440 368
1694450 368
1694460 370
1694470 370
1694480 374
1694490 376
1694500 376
1694510 378
1694520 379
1694530 379
1694540 382
1694550 384
1694560 384
1694570 385
1694580 383
1694590 383
1694600 385
1694610 385
1694620 385
1694630 385
1694640 386
1694650 386
1694660 387
1694670 384
1694680 384
1694690 384
1694700 384
1694710 384
1694720 384
1694730 384
1694740 383
1694750 383
1694760 382
1694770 380
1694780 380
1694790 378
1694800 378
1694810 378
1694820 379
1694830 382
1694840 382
1694850 385
1694860 387
1694870 387
1694880 392
1694890 394
1694900 395
1694910 395
1694920 396
1694930 394
1694940 394
1694950 394
1694960 391
1694970 391
1694980 398
1694990 405
1695000 405
1695010 408
1695020 410
1695030 410
1695040 412
1695050 415
1695060 415
1695070 417
1695080 417
1695090 420
1695100 420
1695110 420
1695120 419
1695130 419
1695140 419
1695150 419
1695160 419
1695170 420
1695180 422
1695190 422
1695200 426
1695210 426
1695220 426
1695230 427
1695240 431
1695250 431
1695260 434
1695270 438
1695280 438
1695290 442
1695300 444
1695310 446
1695320 446
1695330 447
1695340 451
1695350 451
1695360 453
1695370 455
1695380 455
1695390 457
1695400 459
1695410 459
1695420 461
1695430 462
1695440 462
1695450 463
1695460 463
1695470 463
1695480 463
1695490 462
1695500 462
1695510 462
1695520 462
1695530 461
1695540 461
1695550 459
1695560 458
1695570 458
1695580 457
1695590 456
1695600 456
1695610 455
1695620 454
1695630 454
1695640 454
1695650 453
1695660 453
1695670 452
1695680 452
1695690 452
1695700 451
1695710 451
1695720 450
1695730 450
1695740 450
1695750 449
1695760 449
1695770 448
1695780 448
1695790 448
1695800 445
1695810 445
1695820 445
1695830 444
1695840 444
1695850 444
1695860 443
1695870 443
1695880 443
1695890 443
1695900 443
1695910 443
1695920 444
1695930 446
1695940 447
1695950 447
1695960 447
1695970 448
1695980 448
1695990 449
1696000 450
1696010 450
1696020 451
1696030 451
1696040 451
1696050 450
1696060 449
1696070 449
1696080 447
1696090 445
1696100 445
1696110 445
1696120 442
1696130 441
1696140 441
1696150 439
1696160 437
1696170 437
1696180 435
1696190 433
1696200 433
1696210 430
1696220 427
1696230 427
1696240 426
1696250 425
1696260 425
1696270 423
1696280 422
1696290 422
1696300 419
1696310 415
1696320 415
1696330 413
1696340 411
1696350 412
1696360 412
1696370 410
1696380 408
1696390 408
1696400 407
1696410 405
1696420 405
1696430 403
1696440 401
1696450 401
1696460 398
1696470 395
1696480 395
1696490 397
1696500 398
1696510 398
1696520 396
1696530 392
1696540 392
1696550 392
1696560 395
1696570 398
1696580 398
1696590 396
1696600 393
1696610 393
1696620 392
1696630 389
1696640 389
1696650 388
1696660 389
1696670 389
1696680 390
1696690 387
1696700 387
1696710 389
1696720 389
1696730 389
1696740 388
1696750 387
1696760 387
1696770 387
1696780 386
1696790 384
1696800 384
1696810 383
1696820 382
1696830 382
1696840 380
1696850 380
1696860 380
1696870 380
1696880 380
1696890 380
1696900 379
1696910 378
1696920 378
1696930 378
1696940 377
1696950 377
1696960 377
1696970 377
1696980 376
1696990 376
1697000 375
1697010 376
1697020 376
1697030 377
1697040 378
1697050 378
1697060 380
1697070 382
1697080 382
1697090 383
1697100 384
1697110 384
1697120 385
1697130 387
1697140 387
1697150 390
1697160 393
1697170 396
1697180 396
1697190 398
1697200 400
1697210 400
1697220 402
1697230 406
1697240 406
1697250 408
1697260 410
1697270 410
1697280 411
1697290 412
1697300 412
1697310 411
1697320 410
1697330 410
1697340 407
1697350 405
1697360 405
1697370 404
1697380 403
1697390 401
1697400 401
1697410 400
1697420 399
1697430 399
1697440 397
1697450 396
1697460 396
1697470 392
1697480 384
1697490 384
1697500 382
1697510 385
1697520 385
1697530 389
1697540 391
1697550 391
1697560 392
1697570 393
1697580 394
1697590 394
1697600 396
1697610 397
1697620 397
1697630 398
1697640 399
1697650 399
1697660 400
1697670 401
1697680 401
1697690 402
1697700 403
1697710 403
1697720 404
1697730 407
1697740 407
1697750 408
1697760 409
1697770 409
1697780 410
1697790 412
1697800 413
1697810 413
1697820 415
1697830 418
1697840 418
1697850 420
1697860 421
1697870 421
1697880 422
1697890 422
1697900 422
1697910 423
1697920 424
1697930 424
1697940 425
1697950 427
1697960 427
1697970 428
1697980 430
1697990 431
1698000 431
1698010 433
1698020 433
1698030 433
1698040 432
1698050 430
1698060 430
1698070 428
1698080 427
1698090 427
1698100 426
1698110 424
1698120 424
1698130 424
1698140 423
1698150 423
1698160 422
1698170 421
1698180 421
1698190 419
1698200 417
1698210 416
1698220 416
1698230 415
1698240 413
1698250 413
1698260 411
1698270 410
1698280 410
1698290 409
1698300 408
1698310 408
1698320 408
1698330 406
1698340 406
1698350 405
1698360 403
1698370 403
1698380 401
1698390 399
1698400 399
1698410 394
1698420 391
1698430 389
1698440 389
1698450 388
1698460 385
1698470 385
1698480 382
1698490 381
1698500 381
1698510 378
1698520 376
1698530 376
1698540 375
1698550 373
1698560 373
1698570 373
1698580 373
1698590 373
1698600 374
1698610 373
1698620 372
1698630 372
1698640 371
1698650 371
1698660 371
1698670 370
1698680 369
1698690 369
1698700 368
1698710 367
1698720 367
1698730 366
1698740 366
1698750 366
1698760 365
1698770 364
1698780 364
1698790 364
1698800 364
1698810 364
1698820 363
1698830 363
1698840 362
1698850 362
1698860 362
1698870 362
1698880 362
1698890 362
1698900 361
1698910 361
1698920 360
1698930 359
1698940 359
1698950 358
1698960 357
1698970 357
1698980 356
1698990 355
1699000 355
1699010 355
1699020 355
1699030 355
1699040 355
1699050 355
1699060 355
1699070 355
1699080 354
1699090 353
1699100 353
1699110 354
1699120 354
1699130 354
1699140 355
1699150 355
1699160 355
1699170 355
1699180 355
1699190 355
1699200 355
1699210 355
1699220 355
1699230 355
1699240 355
1699250 354
1699260 354
1699270 353
1699280 353
1699290 353
1699300 354
1699310 355
1699320 355
1699330 355
1699340 354
1699350 354
1699360 354
1699370 354
1699380 354
1699390 354
1699400 354
1699410 354
1699420 354
1699430 355
1699440 355
1699450 355
1699460 355
1699470 355
1699480 355
1699490 355
1699500 355
1699510 355
1699520 355
1699530 355
1699540 355
1699550 355
1699560 355
1699570 355
1699580 355
1699590 355
1699600 355
1699610 355
1699620 355
1699630 355
1699640 355
1699650 355
1699660 355
1699670 355
1699680 355
1699690 355
1699700 355
1699710 355
1699720 355
1699730 355
1699740 355
1699750 355
1699760 355
1699770 355
1699780 355
1699790 355
1699800 355
1699810 355
1699820 355
1699830 355
1699840 355
1699850 355
1699860 355
1699870 355
1699880 355
1699890 355
1699900 355
1699910 355
1699920 355
1699930 355
1699940 355
1699950 355
1699960 355
1699970 355
1699980 355
1699990 355
