1680000 477
1680010 479
1680020 481
1680030 481
1680040 485
1680050 488
1680060 488
1680070 492
1680080 497
1680090 497
1680100 502
1680110 505
1680120 505
1680130 509
1680140 513
1680150 513
1680160 517
1680170 520
1680180 520
1680190 524
1680200 527
1680210 527
1680220 530
1680230 532
1680240 533
1680250 533
1680260 536
1680270 537
1680280 537
1680290 538
1680300 540
1680310 540
1680320 540
1680330 541
1680340 541
1680350 541
1680360 540
1680370 540
1680380 540
1680390 540
1680400 540
1680410 540
1680420 540
1680430 540
1680440 540
1680450 540
1680460 540
1680470 540
1680480 539
1680490 539
1680500 539
1680510 539
1680520 538
1680530 538
1680540 537
1680550 537
1680560 537
1680570 536
1680580 535
1680590 535
1680600 534
1680610 534
1680620 534
1680630 535
1680640 536
1680650 537
1680660 537
1680670 539
1680680 541
1680690 541
1680700 543
1680710 544
1680720 544
1680730 545
1680740 545
1680750 545
1680760 545
1680770 545
1680780 545
1680790 546
1680800 546
1680810 546
1680820 546
1680830 546
1680840 546
1680850 539
1680860 539
1680870 536
1680880 536
1680890 533
1680900 530
1680910 530
1680920 527
1680930 523
1680940 523
1680950 519
1680960 515
1680970 515
1680980 509
1680990 504
1681000 504
1681010 500
1681020 496
1681030 496
1681040 491
1681050 487
1681060 487
1681070 487
1681080 487
1681090 487
1681100 487
1681110 486
1681120 485
1681130 485
1681140 483
1681150 481
1681160 481
1681170 479
1681180 475
1681190 475
1681200 471
1681210 466
1681220 466
1681230 461
1681240 455
1681250 455
1681260 449
1681270 443
1681280 441
1681290 441
1681300 440
1681310 438
1681320 438
1681330 435
1681340 433
1681350 433
1681360 432
1681370 432
1681380 432
1681390 432
1681400 431
1681410 431
1681420 431
1681430 430
1681440 430
1681450 428
1681460 430
1681470 430
1681480 429
1681490 429
1681500 429
1681510 429
1681520 429
1681530 429
1681540 429
1681550 429
1681560 429
1681570 429
1681580 429
1681590 429
1681600 429
1681610 429
1681620 429
1681630 429
1681640 429
1681650 429
1681660 429
1681670 429
1681680 429
1681690 429
1681700 429
1681710 429
1681720 428
1681730 428
1681740 428
1681750 428
1681760 428
1681770 428
1681780 428
1681790 428
1681800 428
1681810 428
1681820 428
1681830 428
1681840 427
1681850 427
1681860 427
1681870 427
1681880 427
1681890 427
1681900 427
1681910 425
1681920 425
1681930 427
1681940 427
1681950 427
1681960 426
1681970 426
1681980 426
1681990 426
1682000 426
1682010 426
1682020 426
1682030 426
1682040 426
1682050 426
1682060 426
1682070 426
1682080 426
1682090 426
1682100 426
1682110 424
1682120 426
1682130 426
1682140 426
1682150 425
1682160 425
1682170 425
1682180 425
1682190 425
1682200 425
1682210 425
1682220 424
1682230 424
1682240 424
1682250 424
1682260 424
1682270 424
1682280 424
1682290 424
1682300 424
1682310 422
1682320 424
1682330 424
1682340 424
1682350 425
1682360 425
1682370 427
1682380 429
1682390 429
1682400 430
1682410 434
1682420 434
1682430 436
1682440 439
1682450 439
1682460 443
1682470 449
1682480 449
1682490 455
1682500 460
1682510 460
1682520 465
1682530 472
1682540 479
1682550 479
1682560 485
1682570 491
1682580 491
1682590 497
1682600 503
1682610 503
1682620 508
1682630 514
1682640 514
1682650 518
1682660 522
1682670 522
1682680 525
1682690 527
1682700 527
1682710 529
1682720 530
1682730 530
1682740 530
1682750 528
1682760 526
1682770 526
1682780 523
1682790 521
1682800 521
1682810 516
1682820 510
1682830 510
1682840 505
1682850 502
1682860 502
1682870 502
1682880 502
1682890 502
1682900 502
1682910 499
1682920 499
1682930 494
1682940 491
1682950 493
1682960 493
1682970 497
1682980 500
1682990 500
1683000 504
1683010 508
1683020 508
1683030 511
1683040 515
1683050 515
1683060 519
1683070 523
1683080 523
1683090 527
1683100 530
1683110 530
1683120 535
1683130 538
1683140 538
1683150 542
1683160 545
1683170 549
1683180 549
1683190 553
1683200 557
1683210 557
1683220 560
1683230 564
1683240 564
1683250 567
1683260 570
1683270 570
1683280 572
1683290 576
1683300 576
1683310 580
1683320 582
1683330 582
1683340 584
1683350 584
1683360 584
1683370 582
1683380 578
1683390 573
1683400 573
1683410 568
1683420 562
1683430 562
1683440 555
1683450 548
1683460 548
1683470 541
1683480 534
1683490 534
1683500 527
1683510 520
1683520 520
1683530 512
1683540 504
1683550 504
1683560 497
1683570 493
1683580 491
1683590 491
1683600 490
1683610 490
1683620 490
1683630 489
1683640 488
1683650 488
1683660 487
1683670 486
1683680 486
1683690 482
1683700 483
1683710 483
1683720 482
1683730 481
1683740 481
1683750 477
1683760 472
1683770 472
1683780 467
1683790 462
1683800 457
1683810 457
1683820 457
1683830 460
1683840 460
1683850 466
1683860 469
1683870 469
1683880 472
1683890 475
1683900 475
1683910 475
1683920 474
1683930 474
1683940 474
1683950 478
1683960 478
1683970 484
1683980 487
1683990 487
1684000 493
1684010 497
1684020 501
1684030 501
1684040 503
1684050 505
1684060 505
1684070 505
1684080 503
1684090 503
1684100 500
1684110 498
1684120 498
1684130 495
1684140 493
1684150 493
1684160 489
1684170 487
1684180 487
1684190 485
1684200 482
1684210 480
1684220 480
1684230 479
1684240 471
1684250 471
1684260 466
1684270 465
1684280 465
1684290 466
1684300 467
1684310 467
1684320 467
1684330 468
1684340 468
1684350 470
1684360 471
1684370 471
1684380 470
1684390 471
1684400 471
1684410 474
1684420 476
1684430 478
1684440 478
1684450 480
1684460 484
1684470 484
1684480 485
1684490 479
1684500 479
1684510 472
1684520 464
1684530 464
1684540 461
1684550 464
1684560 464
1684570 467
1684580 473
1684590 473
1684600 477
1684610 481
1684620 481
1684630 484
1684640 486
1684650 487
1684660 487
1684670 492
1684680 493
1684690 493
1684700 494
1684710 495
1684720 495
1684730 496
1684740 498
1684750 498
1684760 499
1684770 500
1684780 500
1684790 501
1684800 503
1684810 503
1684820 504
1684830 505
1684840 506
1684850 506
1684860 508
1684870 509
1684880 509
1684890 510
1684900 511
1684910 511
1684920 511
1684930 511
1684940 511
1684950 509
1684960 507
1684970 507
1684980 502
1684990 499
1685000 499
1685010 494
1685020 491
1685030 491
1685040 489
1685050 490
1685060 491
1685070 491
1685080 489
1685090 491
1685100 491
1685110 493
1685120 495
1685130 495
1685140 500
1685150 505
1685160 505
1685170 508
1685180 511
1685190 511
1685200 514
1685210 517
1685220 517
1685230 519
1685240 521
1685250 521
1685260 523
1685270 524
1685280 526
1685290 526
1685300 527
1685310 529
1685320 529
1685330 530
1685340 531
1685350 531
1685360 533
1685370 534
1685380 534
1685390 536
1685400 538
1685410 538
1685420 539
1685430 541
1685440 541
1685450 542
1685460 543
1685470 544
1685480 544
1685490 545
1685500 545
1685510 545
1685520 546
1685530 546
1685540 546
1685550 547
1685560 547
1685570 547
1685580 548
1685590 548
1685600 548
1685610 547
1685620 547
1685630 547
1685640 547
1685650 546
1685660 546
1685670 546
1685680 546
1685690 546
1685700 546
1685710 546
1685720 543
1685730 543
1685740 541
1685750 539
1685760 539
1685770 539
1685780 540
1685790 540
1685800 540
1685810 540
1685820 540
1685830 540
1685840 540
1685850 540
1685860 540
1685870 540
1685880 540
1685890 540
1685900 539
1685910 540
1685920 540
1685930 540
1685940 540
1685950 540
1685960 540
1685970 541
1685980 541
1685990 542
1686000 544
1686010 544
1686020 547
1686030 549
1686040 549
1686050 550
1686060 551
1686070 551
1686080 553
1686090 554
1686100 556
1686110 556
1686120 556
1686130 555
1686140 555
1686150 554
1686160 553
1686170 553
1686180 554
1686190 554
1686200 554
1686210 554
1686220 554
1686230 554
1686240 556
1686250 557
1686260 557
1686270 558
1686280 559
1686290 559
1686300 561
1686310 562
1686320 563
1686330 563
1686340 563
1686350 564
1686360 564
1686370 565
1686380 566
1686390 566
1686400 568
1686410 569
1686420 569
1686430 570
1686440 571
1686450 571
1686460 572
1686470 573
1686480 573
1686490 573
1686500 573
1686510 573
1686520 573
1686530 573
1686540 573
1686550 573
1686560 573
1686570 572
1686580 572
1686590 571
1686600 569
1686610 569
1686620 568
1686630 567
1686640 567
1686650 565
1686660 562
1686670 562
1686680 560
1686690 557
1686700 557
1686710 552
1686720 547
1686730 548
1686740 548
1686750 547
1686760 547
1686770 547
1686780 546
1686790 545
1686800 545
1686810 544
1686820 543
1686830 543
1686840 543
1686850 542
1686860 542
1686870 542
1686880 541
1686890 541
1686900 539
1686910 537
1686920 537
1686930 535
1686940 531
1686950 528
1686960 528
1686970 527
1686980 526
1686990 526
1687000 524
1687010 522
1687020 522
1687030 522
1687040 522
1687050 522
1687060 522
1687070 522
1687080 522
1687090 522
1687100 522
1687110 522
1687120 522
1687130 522
1687140 522
1687150 521
1687160 520
1687170 518
1687180 518
1687190 517
1687200 514
1687210 514
1687220 514
1687230 514
1687240 514
1687250 513
1687260 513
1687270 513
1687280 512
1687290 512
1687300 512
1687310 512
1687320 511
1687330 511
1687340 511
1687350 510
1687360 509
1687370 509
1687380 509
1687390 509
1687400 509
1687410 509
1687420 511
1687430 511
1687440 511
1687450 513
1687460 513
1687470 514
1687480 515
1687490 515
1687500 516
1687510 518
1687520 518
1687530 518
1687540 520
1687550 520
1687560 521
1687570 522
1687580 523
1687590 523
1687600 524
1687610 525
1687620 525
1687630 525
1687640 522
1687650 522
1687660 522
1687670 521
1687680 521
1687690 519
1687700 518
1687710 518
1687720 517
1687730 514
1687740 514
1687750 512
1687760 510
1687770 510
1687780 505
1687790 507
1687800 508
1687810 508
1687820 508
1687830 508
1687840 508
1687850 510
1687860 510
1687870 510
1687880 510
1687890 510
1687900 510
1687910 509
1687920 509
1687930 509
1687940 509
1687950 508
1687960 508
1687970 507
1687980 507
1687990 507
1688000 507
1688010 507
1688020 506
1688030 506
1688040 506
1688050 506
1688060 506
1688070 505
1688080 503
1688090 503
1688100 501
1688110 498
1688120 498
1688130 495
1688140 493
1688150 493
1688160 488
1688170 484
1688180 484
1688190 478
1688200 481
1688210 482
1688220 482
1688230 483
1688240 485
1688250 485
1688260 486
1688270 486
1688280 486
1688290 487
1688300 487
1688310 487
1688320 486
1688330 485
1688340 485
1688350 483
1688360 481
1688370 481
1688380 479
1688390 477
1688400 477
1688410 475
1688420 471
1688430 468
1688440 468
1688450 465
1688460 461
1688470 461
1688480 458
1688490 455
1688500 455
1688510 451
1688520 448
1688530 448
1688540 442
1688550 439
1688560 439
1688570 441
1688580 443
1688590 443
1688600 444
1688610 444
1688620 442
1688630 442
1688640 440
1688650 439
1688660 439
1688670 439
1688680 440
1688690 440
1688700 441
1688710 442
1688720 442
1688730 442
1688740 443
1688750 443
1688760 444
1688770 445
1688780 445
1688790 446
1688800 446
1688810 446
1688820 445
1688830 445
1688840 444
1688850 444
1688860 442
1688870 440
1688880 440
1688890 438
1688900 435
1688910 435
1688920 431
1688930 428
1688940 428
1688950 425
1688960 422
1688970 422
1688980 420
1688990 417
1689000 417
1689010 415
1689020 411
1689030 411
1689040 408
1689050 405
1689060 402
1689070 402
1689080 399
1689090 396
1689100 396
1689110 392
1689120 388
1689130 388
1689140 385
1689150 383
1689160 383
1689170 382
1689180 380
1689190 380
1689200 380
1689210 379
1689220 379
1689230 379
1689240 379
1689250 379
1689260 379
1689270 379
1689280 378
1689290 378
1689300 378
1689310 379
1689320 379
1689330 379
1689340 379
1689350 379
1689360 379
1689370 379
1689380 379
1689390 379
1689400 378
1689410 378
1689420 377
1689430 377
1689440 377
1689450 377
1689460 376
1689470 374
1689480 374
1689490 377
1689500 376
1689510 376
1689520 376
1689530 376
1689540 376
1689550 376
1689560 376
1689570 376
1689580 376
1689590 376
1689600 376
1689610 375
1689620 376
1689630 376
1689640 376
1689650 376
1689660 376
1689670 375
1689680 375
1689690 375
1689700 375
1689710 375
1689720 376
1689730 376
1689740 376
1689750 376
1689760 376
1689770 376
1689780 376
1689790 376
1689800 375
1689810 376
1689820 376
1689830 376
1689840 376
1689850 376
1689860 376
1689870 376
1689880 376
1689890 376
1689900 375
1689910 376
1689920 376
1689930 376
1689940 376
1689950 376
1689960 376
1689970 376
1689980 376
1689990 376
1690000 382
1690010 382
1690020 390
1690030 400
1690040 400
1690050 409
1690060 414
1690070 414
1690080 417
1690090 414
1690100 410
1690110 410
1690120 407
1690130 402
1690140 402
1690150 396
1690160 391
1690170 391
1690180 386
1690190 382
1690200 382
1690210 382
1690220 382
1690230 382
1690240 381
1690250 378
1690260 378
1690270 377
1690280 384
1690290 384
1690300 388
1690310 393
1690320 396
1690330 396
1690340 402
1690350 406
1690360 406
1690370 412
1690380 417
1690390 417
1690400 423
1690410 429
1690420 429
1690430 434
1690440 440
1690450 440
1690460 444
1690470 448
1690480 448
1690490 451
1690500 455
1690510 458
1690520 458
1690530 461
1690540 462
1690550 462
1690560 463
1690570 462
1690580 462
1690590 461
1690600 460
1690610 460
1690620 461
1690630 464
1690640 464
1690650 468
1690660 472
1690670 472
1690680 474
1690690 476
1690700 476
1690710 480
1690720 482
1690730 484
1690740 484
1690750 486
1690760 488
1690770 488
1690780 490
1690790 491
1690800 491
1690810 493
1690820 493
1690830 493
1690840 492
1690850 491
1690860 491
1690870 489
1690880 487
1690890 487
1690900 485
1690910 483
1690920 483
1690930 481
1690940 478
1690950 476
1690960 476
1690970 475
1690980 474
1690990 474
1691000 473
1691010 472
1691020 472
1691030 471
1691040 471
1691050 471
1691060 471
1691070 470
1691080 470
1691090 466
1691100 466
1691110 466
1691120 465
1691130 465
1691140 463
1691150 463
1691160 462
1691170 460
1691180 460
1691190 459
1691200 458
1691210 458
1691220 456
1691230 454
1691240 454
1691250 452
1691260 451
1691270 451
1691280 451
1691290 443
1691300 443
1691310 444
1691320 441
1691330 441
1691340 443
1691350 445
1691360 446
1691370 446
1691380 449
1691390 454
1691400 454
1691410 459
1691420 463
1691430 463
1691440 468
1691450 471
1691460 471
1691470 474
1691480 476
1691490 476
1691500 478
1691510 479
1691520 479
1691530 479
1691540 480
1691550 480
1691560 480
1691570 482
1691580 483
1691590 483
1691600 483
1691610 484
1691620 484
1691630 485
1691640 487
1691650 487
1691660 488
1691670 488
1691680 488
1691690 490
1691700 491
1691710 491
1691720 491
1691730 493
1691740 493
1691750 494
1691760 495
1691770 496
1691780 496
1691790 497
1691800 498
1691810 498
1691820 499
1691830 500
1691840 500
1691850 499
1691860 499
1691870 499
1691880 499
1691890 499
1691900 499
1691910 500
1691920 501
1691930 501
1691940 502
1691950 504
1691960 504
1691970 502
1691980 499
1691990 494
1692000 494
1692010 490
1692020 488
1692030 488
1692040 487
1692050 485
1692060 485
1692070 482
1692080 479
1692090 479
1692100 478
1692110 478
1692120 478
1692130 477
1692140 475
1692150 475
1692160 474
1692170 471
1692180 471
1692190 469
1692200 467
1692210 465
1692220 465
1692230 463
1692240 461
1692250 461
1692260 459
1692270 458
1692280 458
1692290 457
1692300 457
1692310 457
1692320 456
1692330 454
1692340 454
1692350 451
1692360 445
1692370 445
1692380 436
1692390 431
1692400 427
1692410 427
1692420 431
1692430 437
1692440 437
1692450 444
1692460 453
1692470 453
1692480 462
1692490 467
1692500 467
1692510 467
1692520 465
1692530 465
1692540 460
1692550 462
1692560 462
1692570 464
1692580 467
1692590 467
1692600 468
1692610 469
1692620 471
1692630 471
1692640 472
1692650 474
1692660 474
1692670 475
1692680 477
1692690 477
1692700 479
1692710 481
1692720 481
1692730 484
1692740 487
1692750 487
1692760 489
1692770 491
1692780 491
1692790 493
1692800 493
1692810 493
1692820 492
1692830 489
1692840 486
1692850 486
1692860 484
1692870 482
1692880 482
1692890 480
1692900 477
1692910 477
1692920 475
1692930 471
1692940 471
1692950 468
1692960 464
1692970 464
1692980 461
1692990 460
1693000 460
1693010 458
1693020 457
1693030 455
1693040 455
1693050 454
1693060 453
1693070 453
1693080 452
1693090 450
1693100 450
1693110 449
1693120 447
1693130 447
1693140 444
1693150 441
1693160 441
1693170 437
1693180 435
1693190 435
1693200 432
1693210 429
1693220 429
1693230 424
1693240 419
1693250 417
1693260 417
1693270 416
1693280 418
1693290 418
1693300 419
1693310 419
1693320 419
1693330 421
1693340 422
1693350 422
1693360 425
1693370 428
1693380 428
1693390 427
1693400 427
1693410 427
1693420 426
1693430 427
1693440 427
1693450 429
1693460 429
1693470 429
1693480 429
1693490 429
1693500 429
1693510 429
1693520 427
1693530 427
1693540 427
1693550 427
1693560 427
1693570 427
1693580 427
1693590 427
1693600 427
1693610 428
1693620 426
1693630 426
1693640 427
1693650 427
1693660 425
1693670 425
1693680 425
1693690 425
1693700 425
1693710 425
1693720 425
1693730 425
1693740 424
1693750 422
1693760 422
1693770 417
1693780 412
1693790 412
1693800 408
1693810 405
1693820 405
1693830 401
1693840 398
1693850 398
1693860 395
1693870 395
1693880 395
1693890 395
1693900 394
1693910 397
1693920 397
1693930 400
1693940 403
1693950 403
1693960 411
1693970 419
1693980 419
1693990 424
1694000 426
1694010 426
1694020 430
1694030 433
1694040 433
1694050 435
1694060 438
1694070 438
1694080 440
1694090 441
1694100 441
1694110 441
1694120 442
1694130 445
1694140 445
1694150 448
1694160 450
1694170 450
1694180 453
1694190 455
1694200 455
1694210 458
1694220 460
1694230 460
1694240 462
1694250 464
1694260 464
1694270 466
1694280 467
1694290 470
1694300 470
1694310 473
1694320 476
1694330 476
1694340 479
1694350 481
1694360 481
1694370 484
1694380 487
1694390 487
1694400 488
1694410 490
1694420 490
1694430 492
1694440 494
1694450 494
1694460 495
1694470 496
1694480 496
1694490 496
1694500 495
1694510 491
1694520 491
1694530 489
1694540 487
1694550 487
1694560 484
1694570 482
1694580 482
1694590 480
1694600 478
1694610 478
1694620 477
1694630 476
1694640 476
1694650 475
1694660 475
1694670 475
1694680 474
1694690 473
1694700 473
1694710 473
1694720 472
1694730 472
1694740 472
1694750 471
1694760 470
1694770 470
1694780 469
1694790 469
1694800 469
1694810 468
1694820 466
1694830 466
1694840 464
1694850 462
1694860 462
1694870 459
1694880 457
1694890 457
1694900 456
1694910 454
1694920 453
1694930 453
1694940 452
1694950 451
1694960 451
1694970 445
1694980 446
1694990 446
1695000 443
1695010 439
1695020 439
1695030 433
1695040 429
1695050 429
1695060 429
1695070 434
1695080 434
1695090 437
1695100 437
1695110 437
1695120 438
1695130 439
1695140 440
1695150 440
1695160 440
1695170 436
1695180 436
1695190 432
1695200 438
1695210 438
1695220 443
1695230 445
1695240 445
1695250 446
1695260 447
1695270 447
1695280 448
1695290 449
1695300 449
1695310 451
1695320 453
1695330 453
1695340 456
1695350 459
1695360 461
1695370 461
1695380 464
1695390 467
1695400 467
1695410 469
1695420 472
1695430 472
1695440 474
1695450 475
1695460 475
1695470 475
1695480 476
1695490 476
1695500 477
1695510 476
1695520 476
1695530 476
1695540 475
1695550 475
1695560 475
1695570 475
1695580 475
1695590 475
1695600 476
1695610 477
1695620 477
1695630 478
1695640 475
1695650 475
1695660 474
1695670 472
1695680 472
1695690 470
1695700 466
1695710 466
1695720 466
1695730 462
1695740 462
1695750 459
1695760 455
1695770 453
1695780 453
1695790 451
1695800 449
1695810 449
1695820 446
1695830 444
1695840 444
1695850 443
1695860 440
1695870 440
1695880 440
1695890 440
1695900 440
1695910 439
1695920 438
1695930 438
1695940 436
1695950 431
1695960 431
1695970 431
1695980 432
1695990 430
1696000 430
1696010 428
1696020 426
1696030 426
1696040 423
1696050 422
1696060 422
1696070 424
1696080 425
1696090 425
1696100 420
1696110 415
1696120 415
1696130 416
1696140 417
1696150 417
1696160 418
1696170 418
1696180 418
1696190 418
1696200 418
1696210 418
1696220 418
1696230 418
1696240 416
1696250 416
1696260 415
1696270 414
1696280 414
1696290 413
1696300 412
1696310 412
1696320 411
1696330 408
1696340 408
1696350 410
1696360 412
1696370 412
1696380 413
1696390 413
1696400 413
1696410 413
1696420 413
1696430 412
1696440 412
1696450 412
1696460 412
1696470 412
1696480 411
1696490 410
1696500 410
1696510 409
1696520 408
1696530 408
1696540 407
1696550 406
1696560 406
1696570 405
1696580 403
1696590 403
1696600 401
1696610 398
1696620 395
1696630 395
1696640 392
1696650 393
1696660 393
1696670 393
1696680 393
1696690 393
1696700 393
1696710 394
1696720 394
1696730 395
1696740 395
1696750 395
1696760 392
1696770 393
1696780 393
1696790 392
1696800 390
1696810 389
1696820 389
1696830 387
1696840 386
1696850 386
1696860 384
1696870 383
1696880 383
1696890 381
1696900 380
1696910 380
1696920 379
1696930 379
1696940 379
1696950 378
1696960 378
1696970 378
1696980 377
1696990 376
1697000 376
1697010 375
1697020 375
1697030 374
1697040 374
1697050 373
1697060 372
1697070 372
1697080 371
1697090 370
1697100 370
1697110 370
1697120 369
1697130 369
1697140 369
1697150 368
1697160 368
1697170 368
1697180 368
1697190 368
1697200 368
1697210 367
1697220 367
1697230 367
1697240 368
1697250 368
1697260 368
1697270 368
1697280 368
1697290 368
1697300 365
1697310 368
1697320 368
1697330 367
1697340 367
1697350 367
1697360 367
1697370 367
1697380 367
1697390 367
1697400 367
1697410 367
1697420 367
1697430 367
1697440 367
1697450 367
1697460 367
1697470 367
1697480 367
1697490 366
1697500 366
1697510 366
1697520 366
1697530 366
1697540 366
1697550 366
1697560 366
1697570 366
1697580 366
1697590 366
1697600 366
1697610 366
1697620 365
1697630 365
1697640 365
1697650 366
1697660 366
1697670 366
1697680 366
1697690 366
1697700 366
1697710 366
1697720 366
1697730 366
1697740 366
1697750 366
1697760 366
1697770 366
1697780 366
1697790 366
1697800 366
1697810 366
1697820 366
1697830 366
1697840 366
1697850 366
1697860 365
1697870 365
1697880 365
1697890 365
1697900 365
1697910 365
1697920 365
1697930 365
1697940 365
1697950 365
1697960 365
1697970 365
1697980 365
1697990 365
1698000 365
1698010 365
1698020 365
1698030 365
1698040 365
1698050 365
1698060 365
1698070 365
1698080 365
1698090 365
1698100 365
1698110 365
1698120 365
1698130 365
1698140 365
1698150 365
1698160 366
1698170 366
1698180 367
1698190 367
1698200 367
1698210 368
1698220 368
1698230 368
1698240 369
1698250 369
1698260 369
1698270 370
1698280 370
1698290 371
1698300 371
1698310 372
1698320 372
1698330 372
1698340 373
1698350 374
1698360 374
1698370 375
1698380 375
1698390 375
1698400 375
1698410 376
1698420 376
1698430 376
1698440 377
1698450 377
1698460 377
1698470 377
1698480 377
1698490 378
1698500 378
1698510 378
1698520 378
1698530 377
1698540 377
1698550 377
1698560 377
1698570 373
1698580 373
1698590 373
1698600 374
1698610 374
1698620 374
1698630 374
1698640 374
1698650 375
1698660 376
1698670 376
1698680 378
1698690 380
1698700 381
1698710 381
1698720 382
1698730 386
1698740 386
1698750 385
1698760 388
1698770 388
1698780 390
1698790 391
1698800 391
1698810 392
1698820 393
1698830 393
1698840 395
1698850 397
1698860 397
1698870 398
1698880 399
1698890 399
1698900 400
1698910 401
1698920 401
1698930 401
1698940 401
1698950 401
1698960 401
1698970 401
1698980 401
1698990 401
1699000 401
1699010 400
1699020 400
1699030 398
1699040 398
1699050 398
1699060 397
1699070 396
1699080 396
1699090 396
1699100 395
1699110 395
1699120 394
1699130 387
1699140 387
1699150 387
1699160 390
1699170 392
1699180 392
1699190 396
1699200 398
1699210 398
1699220 399
1699230 401
1699240 401
1699250 402
1699260 404
1699270 404
1699280 405
1699290 407
1699300 407
1699310 408
1699320 409
1699330 410
1699340 410
1699350 411
1699360 412
1699370 412
1699380 413
1699390 412
1699400 412
1699410 411
1699420 410
1699430 410
1699440 408
1699450 405
1699460 405
1699470 403
1699480 400
1699490 400
1699500 398
1699510 396
1699520 396
1699530 394
1699540 393
1699550 392
1699560 392
1699570 390
1699580 389
1699590 389
1699600 387
1699610 386
1699620 386
1699630 384
1699640 382
1699650 382
1699660 379
1699670 374
1699680 374
1699690 370
1699700 370
1699710 370
1699720 371
1699730 370
1699740 370
1699750 370
1699760 371
1699770 370
1699780 370
1699790 370
1699800 373
1699810 373
1699820 377
1699830 379
1699840 379
1699850 381
1699860 384
1699870 384
1699880 387
1699890 391
1699900 391
1699910 394
1699920 396
1699930 396
1699940 397
1699950 399
1699960 401
1699970 401
1699980 403
1699990 406
