1680000 478
1680010 481
1680020 481
1680030 485
1680040 489
1680050 489
1680060 492
1680070 497
1680080 497
1680090 500
1680100 502
1680110 502
1680120 504
1680130 505
1680140 505
1680150 506
1680160 508
1680170 510
1680180 510
1680190 509
1680200 503
1680210 503
1680220 499
1680230 496
1680240 496
1680250 497
1680260 504
1680270 504
1680280 508
1680290 501
1680300 501
1680310 500
1680320 499
1680330 499
1680340 498
1680350 498
1680360 498
1680370 498
1680380 498
1680390 500
1680400 500
1680410 502
1680420 504
1680430 504
1680440 505
1680450 507
1680460 507
1680470 508
1680480 509
1680490 509
1680500 511
1680510 512
1680520 512
1680530 514
1680540 514
1680550 514
1680560 514
1680570 516
1680580 516
1680590 517
1680600 519
1680610 521
1680620 521
1680630 523
1680640 523
1680650 523
1680660 520
1680670 517
1680680 517
1680690 515
1680700 515
1680710 515
1680720 512
1680730 510
1680740 510
1680750 507
1680760 504
1680770 504
1680780 502
1680790 499
1680800 499
1680810 496
1680820 496
1680830 495
1680840 495
1680850 493
1680860 491
1680870 491
1680880 489
1680890 487
1680900 487
1680910 485
1680920 482
1680930 482
1680940 480
1680950 479
1680960 479
1680970 476
1680980 476
1680990 476
1681000 474
1681010 470
1681020 470
1681030 468
1681040 465
1681050 463
1681060 463
1681070 462
1681080 461
1681090 461
1681100 462
1681110 462
1681120 462
1681130 461
1681140 455
1681150 455
1681160 449
1681170 445
1681180 445
1681190 441
1681200 437
1681210 437
1681220 435
1681230 436
1681240 441
1681250 441
1681260 441
1681270 440
1681280 440
1681290 437
1681300 436
1681310 436
1681320 436
1681330 440
1681340 440
1681350 440
1681360 442
1681370 442
1681380 444
1681390 446
1681400 446
1681410 448
1681420 450
1681430 450
1681440 451
1681450 452
1681460 453
1681470 453
1681480 453
1681490 453
1681500 453
1681510 452
1681520 449
1681530 449
1681540 450
1681550 449
1681560 449
1681570 448
1681580 448
1681590 448
1681600 447
1681610 446
1681620 446
1681630 445
1681640 443
1681650 443
1681660 442
1681670 442
1681680 441
1681690 441
1681700 441
1681710 440
1681720 440
1681730 440
1681740 440
1681750 440
1681760 438
1681770 438
1681780 438
1681790 436
1681800 435
1681810 435
1681820 435
1681830 434
1681840 434
1681850 435
1681860 434
1681870 434
1681880 434
1681890 434
1681900 433
1681910 433
1681920 432
1681930 432
1681940 432
1681950 431
1681960 431
1681970 431
1681980 430
1681990 429
1682000 429
1682010 428
1682020 427
1682030 427
1682040 427
1682050 427
1682060 427
1682070 427
1682080 427
1682090 427
1682100 427
1682110 426
1682120 426
1682130 426
1682140 426
1682150 426
1682160 426
1682170 426
1682180 426
1682190 426
1682200 426
1682210 426
1682220 426
1682230 426
1682240 426
1682250 426
1682260 427
1682270 427
1682280 427
1682290 427
1682300 427
1682310 427
1682320 427
1682330 427
1682340 428
1682350 428
1682360 429
1682370 430
1682380 430
1682390 430
1682400 431
1682410 431
1682420 433
1682430 441
1682440 441
1682450 441
1682460 446
1682470 446
1682480 451
1682490 453
1682500 453
1682510 455
1682520 458
1682530 460
1682540 460
1682550 462
1682560 463
1682570 463
1682580 463
1682590 462
1682600 462
1682610 462
1682620 461
1682630 461
1682640 457
1682650 454
1682660 454
1682670 450
1682680 447
1682690 447
1682700 446
1682710 444
1682720 444
1682730 440
1682740 436
1682750 432
1682760 432
1682770 427
1682780 425
1682790 425
1682800 424
1682810 424
1682820 424
1682830 422
1682840 421
1682850 421
1682860 420
1682870 420
1682880 420
1682890 420
1682900 420
1682910 420
1682920 419
1682930 419
1682940 419
1682950 419
1682960 418
1682970 417
1682980 417
1682990 417
1683000 417
1683010 417
1683020 417
1683030 417
1683040 417
1683050 417
1683060 416
1683070 416
1683080 416
1683090 416
1683100 416
1683110 416
1683120 416
1683130 416
1683140 416
1683150 416
1683160 416
1683170 416
1683180 416
1683190 416
1683200 416
1683210 416
1683220 416
1683230 416
1683240 415
1683250 415
1683260 415
1683270 415
1683280 415
1683290 415
1683300 415
1683310 415
1683320 415
1683330 415
1683340 415
1683350 415
1683360 415
1683370 415
1683380 413
1683390 413
1683400 413
1683410 413
1683420 413
1683430 413
1683440 413
1683450 413
1683460 413
1683470 413
1683480 413
1683490 412
1683500 412
1683510 412
1683520 412
1683530 412
1683540 412
1683550 412
1683560 412
1683570 412
1683580 412
1683590 412
1683600 412
1683610 412
1683620 412
1683630 411
1683640 411
1683650 411
1683660 411
1683670 411
1683680 411
1683690 411
1683700 411
1683710 411
1683720 411
1683730 411
1683740 410
1683750 408
1683760 408
1683770 407
1683780 407
1683790 407
1683800 408
1683810 409
1683820 409
1683830 409
1683840 409
1683850 409
1683860 409
1683870 409
1683880 409
1683890 409
1683900 409
1683910 409
1683920 409
1683930 409
1683940 409
1683950 409
1683960 409
1683970 407
1683980 407
1683990 406
1684000 406
1684010 406
1684020 408
1684030 408
1684040 408
1684050 408
1684060 408
1684070 408
1684080 408
1684090 408
1684100 408
1684110 408
1684120 408
1684130 408
1684140 408
1684150 408
1684160 407
1684170 407
1684180 407
1684190 408
1684200 408
1684210 407
1684220 407
1684230 407
1684240 407
1684250 407
1684260 407
1684270 407
1684280 407
1684290 408
1684300 408
1684310 408
1684320 407
1684330 407
1684340 407
1684350 406
1684360 406
1684370 406
1684380 406
1684390 406
1684400 403
1684410 403
1684420 403
1684430 406
1684440 406
1684450 406
1684460 406
1684470 406
1684480 406
1684490 406
1684500 406
1684510 406
1684520 406
1684530 406
1684540 405
1684550 405
1684560 404
1684570 404
1684580 404
1684590 404
1684600 404
1684610 404
1684620 404
1684630 404
1684640 404
1684650 404
1684660 404
1684670 404
1684680 404
1684690 404
1684700 404
1684710 404
1684720 404
1684730 403
1684740 403
1684750 404
1684760 404
1684770 404
1684780 404
1684790 404
1684800 404
1684810 404
1684820 404
1684830 404
1684840 404
1684850 404
1684860 404
1684870 404
1684880 404
1684890 404
1684900 404
1684910 404
1684920 404
1684930 404
1684940 404
1684950 404
1684960 404
1684970 404
1684980 404
1684990 404
1685000 404
1685010 404
1685020 404
1685030 404
1685040 404
1685050 404
1685060 404
1685070 403
1685080 403
1685090 403
1685100 403
1685110 403
1685120 403
1685130 403
1685140 403
1685150 403
1685160 403
1685170 403
1685180 403
1685190 403
1685200 403
1685210 403
1685220 403
1685230 404
1685240 404
1685250 403
1685260 403
1685270 403
1685280 403
1685290 403
1685300 403
1685310 403
1685320 402
1685330 402
1685340 402
1685350 402
1685360 402
1685370 402
1685380 402
1685390 402
1685400 402
1685410 402
1685420 403
1685430 403
1685440 402
1685450 402
1685460 402
1685470 401
1685480 401
1685490 401
1685500 402
1685510 400
1685520 400
1685530 400
1685540 400
1685550 400
1685560 400
1685570 402
1685580 402
1685590 402
1685600 402
1685610 402
1685620 402
1685630 402
1685640 402
1685650 402
1685660 402
1685670 402
1685680 402
1685690 400
1685700 401
1685710 401
1685720 402
1685730 402
1685740 402
1685750 402
1685760 402
1685770 402
1685780 402
1685790 402
1685800 401
1685810 401
1685820 401
1685830 401
1685840 401
1685850 402
1685860 402
1685870 402
1685880 402
1685890 402
1685900 402
1685910 402
1685920 402
1685930 402
1685940 403
1685950 403
1685960 404
1685970 404
1685980 405
1685990 406
1686000 406
1686010 407
1686020 408
1686030 408
1686040 411
1686050 412
1686060 412
1686070 413
1686080 414
1686090 414
1686100 417
1686110 420
1686120 420
1686130 420
1686140 421
1686150 422
1686160 422
1686170 423
1686180 423
1686190 423
1686200 425
1686210 426
1686220 426
1686230 428
1686240 428
1686250 428
1686260 429
1686270 431
1686280 431
1686290 432
1686300 434
1686310 434
1686320 436
1686330 440
1686340 440
1686350 441
1686360 445
1686370 448
1686380 448
1686390 450
1686400 451
1686410 451
1686420 454
1686430 456
1686440 456
1686450 459
1686460 463
1686470 463
1686480 465
1686490 467
1686500 467
1686510 469
1686520 472
1686530 472
1686540 475
1686550 477
1686560 477
1686570 480
1686580 480
1686590 480
1686600 480
1686610 480
1686620 480
1686630 480
1686640 480
1686650 474
1686660 474
1686670 471
1686680 468
1686690 468
1686700 465
1686710 463
1686720 463
1686730 460
1686740 456
1686750 456
1686760 453
1686770 449
1686780 449
1686790 445
1686800 440
1686810 434
1686820 434
1686830 428
1686840 423
1686850 423
1686860 418
1686870 414
1686880 414
1686890 411
1686900 409
1686910 409
1686920 405
1686930 404
1686940 404
1686950 403
1686960 402
1686970 402
1686980 402
1686990 402
1687000 402
1687010 402
1687020 402
1687030 400
1687040 400
1687050 403
1687060 406
1687070 406
1687080 413
1687090 414
1687100 414
1687110 416
1687120 419
1687130 419
1687140 420
1687150 421
1687160 421
1687170 423
1687180 426
1687190 426
1687200 426
1687210 428
1687220 430
1687230 430
1687240 431
1687250 433
1687260 433
1687270 434
1687280 437
1687290 437
1687300 436
1687310 437
1687320 437
1687330 438
1687340 439
1687350 439
1687360 442
1687370 445
1687380 445
1687390 442
1687400 438
1687410 438
1687420 435
1687430 433
1687440 429
1687450 429
1687460 426
1687470 427
1687480 427
1687490 423
1687500 419
1687510 419
1687520 416
1687530 414
1687540 414
1687550 413
1687560 413
1687570 413
1687580 413
1687590 412
1687600 412
1687610 412
1687620 412
1687630 412
1687640 412
1687650 414
1687660 415
1687670 415
1687680 417
1687690 415
1687700 415
1687710 419
1687720 416
1687730 416
1687740 416
1687750 420
1687760 420
1687770 423
1687780 428
1687790 428
1687800 431
1687810 432
1687820 432
1687830 435
1687840 438
1687850 438
1687860 442
1687870 445
1687880 445
1687890 445
1687900 447
1687910 449
1687920 449
1687930 452
1687940 454
1687950 454
1687960 458
1687970 460
1687980 460
1687990 464
1688000 467
1688010 467
1688020 467
1688030 470
1688040 470
1688050 474
1688060 478
1688070 483
1688080 483
1688090 485
1688100 487
1688110 487
1688120 491
1688130 496
1688140 496
1688150 498
1688160 500
1688170 500
1688180 502
1688190 504
1688200 504
1688210 504
1688220 504
1688230 504
1688240 503
1688250 502
1688260 502
1688270 501
1688280 499
1688290 498
1688300 498
1688310 497
1688320 497
1688330 497
1688340 496
1688350 495
1688360 495
1688370 494
1688380 493
1688390 493
1688400 492
1688410 491
1688420 491
1688430 491
1688440 490
1688450 490
1688460 488
1688470 487
1688480 487
1688490 487
1688500 486
1688510 486
1688520 486
1688530 485
1688540 483
1688550 483
1688560 480
1688570 481
1688580 481
1688590 478
1688600 477
1688610 477
1688620 476
1688630 475
1688640 475
1688650 474
1688660 473
1688670 473
1688680 473
1688690 472
1688700 472
1688710 471
1688720 473
1688730 475
1688740 475
1688750 478
1688760 480
1688770 480
1688780 481
1688790 482
1688800 482
1688810 482
1688820 482
1688830 482
1688840 482
1688850 481
1688860 481
1688870 481
1688880 480
1688890 480
1688900 478
1688910 475
1688920 475
1688930 471
1688940 466
1688950 463
1688960 463
1688970 460
1688980 457
1688990 457
1689000 456
1689010 452
1689020 452
1689030 448
1689040 443
1689050 443
1689060 435
1689070 428
1689080 428
1689090 428
1689100 427
1689110 427
1689120 427
1689130 428
1689140 428
1689150 428
1689160 430
1689170 431
1689180 431
1689190 432
1689200 434
1689210 434
1689220 437
1689230 440
1689240 440
1689250 444
1689260 447
1689270 447
1689280 449
1689290 453
1689300 453
1689310 453
1689320 455
1689330 455
1689340 458
1689350 463
1689360 465
1689370 465
1689380 468
1689390 471
1689400 471
1689410 473
1689420 475
1689430 475
1689440 476
1689450 476
1689460 476
1689470 477
1689480 479
1689490 479
1689500 482
1689510 484
1689520 484
1689530 490
1689540 492
1689550 492
1689560 494
1689570 496
1689580 496
1689590 496
1689600 495
1689610 494
1689620 494
1689630 491
1689640 488
1689650 488
1689660 485
1689670 483
1689680 483
1689690 480
1689700 478
1689710 478
1689720 474
1689730 471
1689740 471
1689750 468
1689760 465
1689770 465
1689780 463
1689790 461
1689800 459
1689810 459
1689820 457
1689830 455
1689840 455
1689850 452
1689860 446
1689870 446
1689880 446
1689890 445
1689900 450
1689910 452
1689920 455
1689930 455
1689940 455
1689950 455
1689960 455
1689970 456
1689980 457
1689990 457
1690000 458
1690010 459
1690020 460
1690030 460
1690040 461
1690050 462
1690060 462
1690070 463
1690080 465
1690090 465
1690100 465
1690110 466
1690120 466
1690130 467
1690140 468
1690150 468
1690160 468
1690170 466
1690180 466
1690190 464
1690200 462
1690210 458
1690220 458
1690230 456
1690240 453
1690250 453
1690260 450
1690270 447
1690280 447
1690290 444
1690300 442
1690310 442
1690320 439
1690330 436
1690340 436
1690350 434
1690360 432
1690370 432
1690380 430
1690390 426
1690400 426
1690410 424
1690420 422
1690430 421
1690440 421
1690450 420
1690460 419
1690470 419
1690480 419
1690490 419
1690500 419
1690510 418
1690520 417
1690530 417
1690540 418
1690550 418
1690560 418
1690570 418
1690580 417
1690590 417
1690600 417
1690610 417
1690620 417
1690630 416
1690640 417
1690650 417
1690660 417
1690670 418
1690680 418
1690690 418
1690700 419
1690710 418
1690720 418
1690730 420
1690740 422
1690750 422
1690760 427
1690770 430
1690780 430
1690790 434
1690800 441
1690810 441
1690820 445
1690830 448
1690840 448
1690850 452
1690860 454
1690870 454
1690880 454
1690890 453
1690900 452
1690910 452
1690920 452
1690930 451
1690940 451
1690950 451
1690960 451
1690970 451
1690980 452
1690990 452
1691000 452
1691010 451
1691020 451
1691030 451
1691040 447
1691050 450
1691060 450
1691070 450
1691080 451
1691090 453
1691100 453
1691110 455
1691120 456
1691130 456
1691140 457
1691150 457
1691160 457
1691170 456
1691180 453
1691190 453
1691200 452
1691210 452
1691220 452
1691230 451
1691240 454
1691250 454
1691260 458
1691270 459
1691280 458
1691290 458
1691300 457
1691310 458
1691320 458
1691330 459
1691340 460
1691350 460
1691360 464
1691370 467
1691380 467
1691390 471
1691400 472
1691410 472
1691420 473
1691430 472
1691440 472
1691450 475
1691460 477
1691470 477
1691480 480
1691490 481
1691500 484
1691510 484
1691520 485
1691530 487
1691540 487
1691550 487
1691560 490
1691570 490
1691580 490
1691590 492
1691600 492
1691610 495
1691620 497
1691630 497
1691640 498
1691650 499
1691660 499
1691670 499
1691680 498
1691690 498
1691700 495
1691710 492
1691720 489
1691730 489
1691740 485
1691750 482
1691760 482
1691770 481
1691780 481
1691790 481
1691800 481
1691810 480
1691820 480
1691830 479
1691840 479
1691850 479
1691860 478
1691870 478
1691880 478
1691890 477
1691900 477
1691910 477
1691920 477
1691930 477
1691940 477
1691950 477
1691960 476
1691970 476
1691980 476
1691990 475
1692000 474
1692010 474
1692020 473
1692030 472
1692040 472
1692050 471
1692060 469
1692070 469
1692080 467
1692090 466
1692100 466
1692110 466
1692120 465
1692130 463
1692140 463
1692150 459
1692160 458
1692170 458
1692180 459
1692190 460
1692200 460
1692210 461
1692220 462
1692230 462
1692240 462
1692250 462
1692260 462
1692270 462
1692280 461
1692290 461
1692300 459
1692310 457
1692320 457
1692330 455
1692340 451
1692350 452
1692360 452
1692370 455
1692380 456
1692390 456
1692400 458
1692410 459
1692420 459
1692430 459
1692440 459
1692450 459
1692460 459
1692470 459
1692480 459
1692490 458
1692500 457
1692510 457
1692520 454
1692530 451
1692540 451
1692550 447
1692560 443
1692570 440
1692580 440
1692590 439
1692600 442
1692610 442
1692620 446
1692630 446
1692640 446
1692650 447
1692660 447
1692670 447
1692680 446
1692690 444
1692700 444
1692710 442
1692720 440
1692730 440
1692740 439
1692750 438
1692760 438
1692770 438
1692780 437
1692790 437
1692800 437
1692810 436
1692820 434
1692830 434
1692840 433
1692850 432
1692860 432
1692870 431
1692880 428
1692890 428
1692900 429
1692910 428
1692920 428
1692930 427
1692940 426
1692950 426
1692960 425
1692970 423
1692980 423
1692990 422
1693000 421
1693010 420
1693020 420
1693030 419
1693040 418
1693050 418
1693060 416
1693070 415
1693080 415
1693090 414
1693100 414
1693110 414
1693120 414
1693130 414
1693140 414
1693150 414
1693160 414
1693170 414
1693180 414
1693190 413
1693200 413
1693210 413
1693220 412
1693230 412
1693240 412
1693250 411
1693260 411
1693270 411
1693280 410
1693290 410
1693300 410
1693310 409
1693320 409
1693330 409
1693340 408
1693350 408
1693360 408
1693370 407
1693380 406
1693390 406
1693400 406
1693410 406
1693420 405
1693430 405
1693440 405
1693450 404
1693460 404
1693470 404
1693480 404
1693490 404
1693500 403
1693510 403
1693520 403
1693530 403
1693540 402
1693550 402
1693560 402
1693570 402
1693580 402
1693590 401
1693600 401
1693610 401
1693620 401
1693630 401
1693640 400
1693650 400
1693660 400
1693670 399
1693680 399
1693690 398
1693700 398
1693710 398
1693720 398
1693730 398
1693740 398
1693750 397
1693760 397
1693770 397
1693780 397
1693790 397
1693800 397
1693810 396
1693820 396
1693830 396
1693840 396
1693850 396
1693860 396
1693870 396
1693880 395
1693890 395
1693900 395
1693910 395
1693920 395
1693930 395
1693940 394
1693950 394
1693960 394
1693970 394
1693980 394
1693990 394
1694000 394
1694010 393
1694020 393
1694030 393
1694040 393
1694050 393
1694060 393
1694070 392
1694080 391
1694090 391
1694100 391
1694110 390
1694120 390
1694130 389
1694140 390
1694150 390
1694160 390
1694170 390
1694180 390
1694190 390
1694200 391
1694210 391
1694220 391
1694230 391
1694240 391
1694250 390
1694260 390
1694270 389
1694280 389
1694290 390
1694300 390
1694310 390
1694320 388
1694330 387
1694340 387
1694350 387
1694360 387
1694370 387
1694380 387
1694390 387
1694400 387
1694410 386
1694420 386
1694430 386
1694440 386
1694450 386
1694460 386
1694470 387
1694480 387
1694490 387
1694500 387
1694510 386
1694520 387
1694530 387
1694540 387
1694550 385
1694560 385
1694570 387
1694580 387
1694590 387
1694600 387
1694610 386
1694620 386
1694630 386
1694640 386
1694650 386
1694660 386
1694670 386
1694680 386
1694690 386
1694700 386
1694710 386
1694720 386
1694730 386
1694740 386
1694750 386
1694760 386
1694770 386
1694780 386
1694790 386
1694800 386
1694810 386
1694820 386
1694830 386
1694840 386
1694850 386
1694860 385
1694870 385
1694880 385
1694890 385
1694900 385
1694910 385
1694920 385
1694930 385
1694940 385
1694950 385
1694960 385
1694970 385
1694980 385
1694990 385
1695000 385
1695010 385
1695020 385
1695030 385
1695040 385
1695050 385
1695060 385
1695070 385
1695080 386
1695090 386
1695100 386
1695110 386
1695120 386
1695130 386
1695140 386
1695150 386
1695160 386
1695170 387
1695180 386
1695190 386
1695200 387
1695210 388
1695220 388
1695230 389
1695240 392
1695250 392
1695260 394
1695270 396
1695280 396
1695290 399
1695300 401
1695310 401
1695320 403
1695330 405
1695340 407
1695350 407
1695360 409
1695370 407
1695380 407
1695390 404
1695400 402
1695410 402
1695420 401
1695430 399
1695440 399
1695450 397
1695460 395
1695470 396
1695480 394
1695490 392
1695500 392
1695510 391
1695520 391
1695530 391
1695540 391
1695550 391
1695560 391
1695570 391
1695580 393
1695590 393
1695600 393
1695610 395
1695620 397
1695630 397
1695640 399
1695650 402
1695660 402
1695670 405
1695680 408
1695690 408
1695700 411
1695710 415
1695720 415
1695730 417
1695740 418
1695750 418
1695760 420
1695770 422
1695780 424
1695790 424
1695800 426
1695810 428
1695820 428
1695830 430
1695840 432
1695850 432
1695860 433
1695870 435
1695880 435
1695890 437
1695900 440
1695910 440
1695920 444
1695930 442
1695940 442
1695950 443
1695960 444
1695970 445
1695980 445
1695990 446
1696000 448
1696010 448
1696020 449
1696030 450
1696040 450
1696050 452
1696060 453
1696070 453
1696080 455
1696090 456
1696100 456
1696110 457
1696120 457
1696130 457
1696140 457
1696150 456
1696160 456
1696170 455
1696180 453
1696190 450
1696200 450
1696210 447
1696220 445
1696230 445
1696240 443
1696250 441
1696260 441
1696270 438
1696280 437
1696290 437
1696300 435
1696310 434
1696320 434
1696330 433
1696340 432
1696350 432
1696360 431
1696370 430
1696380 430
1696390 427
1696400 425
1696410 422
1696420 422
1696430 419
1696440 415
1696450 415
1696460 413
1696470 410
1696480 410
1696490 407
1696500 405
1696510 405
1696520 403
1696530 402
1696540 402
1696550 400
1696560 398
1696570 398
1696580 396
1696590 395
1696600 395
1696610 394
1696620 393
1696630 393
1696640 393
1696650 393
1696660 393
1696670 393
1696680 392
1696690 393
1696700 393
1696710 392
1696720 394
1696730 394
1696740 394
1696750 395
1696760 395
1696770 398
1696780 400
1696790 400
1696800 402
1696810 403
1696820 403
1696830 404
1696840 406
1696850 409
1696860 409
1696870 412
1696880 415
1696890 415
1696900 418
1696910 421
1696920 421
1696930 424
1696940 427
1696950 427
1696960 429
1696970 429
1696980 429
1696990 430
1697000 433
1697010 433
1697020 436
1697030 438
1697040 441
1697050 441
1697060 443
1697070 446
1697080 446
1697090 448
1697100 451
1697110 451
1697120 453
1697130 456
1697140 456
1697150 458
1697160 459
1697170 459
1697180 460
1697190 459
1697200 459
1697210 458
1697220 457
1697230 457
1697240 456
1697250 455
1697260 453
1697270 453
1697280 452
1697290 450
1697300 450
1697310 447
1697320 443
1697330 443
1697340 440
1697350 438
1697360 438
1697370 436
1697380 434
1697390 434
1697400 432
1697410 429
1697420 429
1697430 427
1697440 424
1697450 424
1697460 422
1697470 420
1697480 419
1697490 419
1697500 417
1697510 416
1697520 416
1697530 413
1697540 410
1697550 410
1697560 408
1697570 407
1697580 407
1697590 406
1697600 406
1697610 406
1697620 407
1697630 408
1697640 408
1697650 408
1697660 409
1697670 409
1697680 409
1697690 410
1697700 411
1697710 411
1697720 411
1697730 411
1697740 411
1697750 411
1697760 411
1697770 411
1697780 410
1697790 408
1697800 408
1697810 407
1697820 405
1697830 405
1697840 404
1697850 402
1697860 402
1697870 401
1697880 401
1697890 401
1697900 400
1697910 400
1697920 400
1697930 400
1697940 399
1697950 400
1697960 400
1697970 407
1697980 414
1697990 414
1698000 417
1698010 420
1698020 420
1698030 422
1698040 423
1698050 423
1698060 425
1698070 426
1698080 426
1698090 427
1698100 429
1698110 429
1698120 429
1698130 431
1698140 432
1698150 432
1698160 433
1698170 434
1698180 434
1698190 436
1698200 437
1698210 437
1698220 439
1698230 439
1698240 439
1698250 439
1698260 440
1698270 440
1698280 440
1698290 441
1698300 441
1698310 442
1698320 444
1698330 446
1698340 446
1698350 448
1698360 451
1698370 451
1698380 453
1698390 456
1698400 456
1698410 460
1698420 462
1698430 462
1698440 465
1698450 468
1698460 468
1698470 470
1698480 473
1698490 473
1698500 474
1698510 475
1698520 475
1698530 476
1698540 477
1698550 479
1698560 479
1698570 481
1698580 483
1698590 483
1698600 484
1698610 485
1698620 485
1698630 486
1698640 485
1698650 485
1698660 485
1698670 485
1698680 485
1698690 484
1698700 483
1698710 483
1698720 481
1698730 479
1698740 479
1698750 477
1698760 475
1698770 471
1698780 471
1698790 469
1698800 465
1698810 465
1698820 463
1698830 461
1698840 461
1698850 459
1698860 456
1698870 456
1698880 453
1698890 451
1698900 451
1698910 449
1698920 448
1698930 448
1698940 446
1698950 446
1698960 445
1698970 445
1698980 443
1698990 441
1699000 441
1699010 440
1699020 439
1699030 439
1699040 438
1699050 437
1699060 437
1699070 436
1699080 435
1699090 435
1699100 434
1699110 433
1699120 433
1699130 433
1699140 432
1699150 432
1699160 432
1699170 431
1699180 431
1699190 431
1699200 429
1699210 426
1699220 426
1699230 423
1699240 421
1699250 421
1699260 418
1699270 417
1699280 417
1699290 415
1699300 414
1699310 414
1699320 412
1699330 411
1699340 411
1699350 410
1699360 410
1699370 410
1699380 409
1699390 409
1699400 412
1699410 412
1699420 416
1699430 420
1699440 420
1699450 423
1699460 426
1699470 426
1699480 429
1699490 432
1699500 432
1699510 434
1699520 436
1699530 436
1699540 437
1699550 439
1699560 439
1699570 440
1699580 442
1699590 442
1699600 443
1699610 445
1699620 448
1699630 448
1699640 450
1699650 451
1699660 451
1699670 452
1699680 452
1699690 452
1699700 451
1699710 449
1699720 449
1699730 448
1699740 446
1699750 446
1699760 444
1699770 442
1699780 442
1699790 440
1699800 439
1699810 439
1699820 437
1699830 435
1699840 433
1699850 433
1699860 432
1699870 429
1699880 429
1699890 427
1699900 422
1699910 422
1699920 419
1699930 415
1699940 415
1699950 415
1699960 416
1699970 416
1699980 417
1699990 418
