1680000 489
1680010 489
1680020 488
1680030 487
1680040 487
1680050 485
1680060 483
1680070 483
1680080 481
1680090 482
1680100 482
1680110 483
1680120 483
1680130 483
1680140 480
1680150 483
1680160 483
1680170 485
1680180 492
1680190 492
1680200 497
1680210 502
1680220 506
1680230 506
1680240 510
1680250 516
1680260 516
1680270 521
1680280 526
1680290 526
1680300 530
1680310 531
1680320 531
1680330 532
1680340 532
1680350 532
1680360 532
1680370 532
1680380 532
1680390 531
1680400 531
1680410 531
1680420 530
1680430 527
1680440 525
1680450 525
1680460 522
1680470 520
1680480 520
1680490 518
1680500 515
1680510 515
1680520 512
1680530 510
1680540 510
1680550 508
1680560 505
1680570 505
1680580 502
1680590 500
1680600 500
1680610 499
1680620 497
1680630 497
1680640 496
1680650 493
1680660 492
1680670 492
1680680 491
1680690 490
1680700 490
1680710 489
1680720 488
1680730 488
1680740 487
1680750 487
1680760 487
1680770 486
1680780 486
1680790 486
1680800 486
1680810 487
1680820 487
1680830 488
1680840 488
1680850 488
1680860 489
1680870 490
1680880 491
1680890 491
1680900 492
1680910 496
1680920 496
1680930 497
1680940 496
1680950 496
1680960 496
1680970 497
1680980 497
1680990 496
1681000 495
1681010 495
1681020 494
1681030 493
1681040 493
1681050 491
1681060 489
1681070 489
1681080 488
1681090 487
1681100 486
1681110 486
1681120 485
1681130 483
1681140 483
1681150 482
1681160 481
1681170 481
1681180 480
1681190 479
1681200 479
1681210 478
1681220 477
1681230 477
1681240 475
1681250 474
1681260 474
1681270 473
1681280 473
1681290 473
1681300 472
1681310 472
1681320 471
1681330 471
1681340 471
1681350 470
1681360 470
1681370 470
1681380 470
1681390 470
1681400 470
1681410 470
1681420 470
1681430 471
1681440 471
1681450 471
1681460 472
1681470 472
1681480 472
1681490 472
1681500 473
1681510 473
1681520 473
1681530 474
1681540 474
1681550 474
1681560 474
1681570 474
1681580 474
1681590 474
1681600 475
1681610 475
1681620 475
1681630 476
1681640 476
1681650 477
1681660 478
1681670 478
1681680 479
1681690 481
1681700 481
1681710 483
1681720 484
1681730 484
1681740 486
1681750 487
1681760 488
1681770 488
1681780 489
1681790 490
1681800 490
1681810 489
1681820 489
1681830 489
1681840 487
1681850 483
1681860 483
1681870 482
1681880 479
1681890 479
1681900 476
1681910 473
1681920 473
1681930 472
1681940 472
1681950 472
1681960 472
1681970 472
1681980 472
1681990 472
1682000 472
1682010 472
1682020 472
1682030 472
1682040 474
1682050 474
1682060 474
1682070 475
1682080 475
1682090 475
1682100 476
1682110 476
1682120 478
1682130 481
1682140 481
1682150 483
1682160 486
1682170 486
1682180 489
1682190 491
1682200 491
1682210 491
1682220 497
1682230 499
1682240 499
1682250 501
1682260 503
1682270 503
1682280 504
1682290 505
1682300 505
1682310 506
1682320 508
1682330 508
1682340 509
1682350 510
1682360 510
1682370 511
1682380 512
1682390 512
1682400 512
1682410 512
1682420 513
1682430 513
1682440 511
1682450 511
1682460 511
1682470 510
1682480 508
1682490 508
1682500 506
1682510 504
1682520 504
1682530 502
1682540 501
1682550 501
1682560 499
1682570 497
1682580 497
1682590 493
1682600 492
1682610 492
1682620 490
1682630 489
1682640 487
1682650 487
1682660 486
1682670 485
1682680 485
1682690 484
1682700 484
1682710 484
1682720 482
1682730 480
1682740 480
1682750 480
1682760 479
1682770 479
1682780 477
1682790 476
1682800 476
1682810 475
1682820 474
1682830 474
1682840 471
1682850 469
1682860 467
1682870 467
1682880 466
1682890 465
1682900 465
1682910 464
1682920 463
1682930 463
1682940 462
1682950 461
1682960 461
1682970 460
1682980 459
1682990 459
1683000 457
1683010 457
1683020 457
1683030 456
1683040 455
1683050 455
1683060 454
1683070 453
1683080 452
1683090 452
1683100 451
1683110 451
1683120 451
1683130 450
1683140 449
1683150 449
1683160 448
1683170 447
1683180 447
1683190 446
1683200 445
1683210 445
1683220 444
1683230 444
1683240 444
1683250 443
1683260 442
1683270 442
1683280 442
1683290 442
1683300 441
1683310 441
1683320 441
1683330 441
1683340 441
1683350 441
1683360 440
1683370 440
1683380 440
1683390 440
1683400 440
1683410 440
1683420 440
1683430 440
1683440 440
1683450 439
1683460 439
1683470 439
1683480 439
1683490 439
1683500 439
1683510 439
1683520 439
1683530 439
1683540 439
1683550 439
1683560 439
1683570 439
1683580 439
1683590 439
1683600 439
1683610 439
1683620 439
1683630 439
1683640 439
1683650 439
1683660 439
1683670 439
1683680 439
1683690 439
1683700 438
1683710 438
1683720 438
1683730 438
1683740 437
1683750 437
1683760 437
1683770 437
1683780 437
1683790 437
1683800 437
1683810 437
1683820 436
1683830 436
1683840 436
1683850 436
1683860 436
1683870 436
1683880 436
1683890 436
1683900 436
1683910 436
1683920 437
1683930 437
1683940 437
1683950 437
1683960 434
1683970 434
1683980 435
1683990 437
1684000 437
1684010 437
1684020 437
1684030 437
1684040 437
1684050 437
1684060 437
1684070 438
1684080 438
1684090 439
1684100 439
1684110 441
1684120 441
1684130 444
1684140 450
1684150 456
1684160 456
1684170 459
1684180 460
1684190 460
1684200 462
1684210 464
1684220 464
1684230 465
1684240 467
1684250 467
1684260 469
1684270 471
1684280 471
1684290 473
1684300 474
1684310 474
1684320 471
1684330 477
1684340 477
1684350 478
1684360 479
1684370 477
1684380 477
1684390 474
1684400 471
1684410 471
1684420 467
1684430 463
1684440 463
1684450 461
1684460 463
1684470 463
1684480 470
1684490 476
1684500 476
1684510 481
1684520 485
1684530 485
1684540 490
1684550 495
1684560 495
1684570 499
1684580 503
1684590 508
1684600 508
1684610 512
1684620 516
1684630 516
1684640 519
1684650 524
1684660 524
1684670 527
1684680 530
1684690 530
1684700 533
1684710 536
1684720 536
1684730 540
1684740 543
1684750 543
1684760 545
1684770 548
1684780 548
1684790 551
1684800 555
1684810 558
1684820 558
1684830 560
1684840 563
1684850 563
1684860 566
1684870 568
1684880 568
1684890 570
1684900 572
1684910 572
1684920 574
1684930 575
1684940 575
1684950 577
1684960 578
1684970 578
1684980 579
1684990 580
1685000 580
1685010 580
1685020 580
1685030 580
1685040 580
1685050 580
1685060 579
1685070 579
1685080 578
1685090 577
1685100 577
1685110 575
1685120 572
1685130 572
1685140 570
1685150 568
1685160 568
1685170 566
1685180 563
1685190 563
1685200 562
1685210 560
1685220 560
1685230 560
1685240 559
1685250 558
1685260 558
1685270 556
1685280 554
1685290 554
1685300 551
1685310 547
1685320 547
1685330 544
1685340 542
1685350 542
1685360 539
1685370 533
1685380 533
1685390 540
1685400 547
1685410 547
1685420 552
1685430 561
1685440 561
1685450 566
1685460 570
1685470 571
1685480 571
1685490 571
1685500 570
1685510 570
1685520 569
1685530 567
1685540 567
1685550 564
1685560 563
1685570 563
1685580 561
1685590 560
1685600 560
1685610 558
1685620 553
1685630 553
1685640 544
1685650 550
1685660 550
1685670 557
1685680 562
1685690 569
1685700 569
1685710 576
1685720 583
1685730 583
1685740 587
1685750 592
1685760 592
1685770 595
1685780 599
1685790 599
1685800 604
1685810 607
1685820 607
1685830 607
1685840 612
1685850 612
1685860 613
1685870 614
1685880 614
1685890 618
1685900 621
1685910 624
1685920 624
1685930 626
1685940 627
1685950 627
1685960 629
1685970 629
1685980 629
1685990 629
1686000 627
1686010 627
1686020 625
1686030 623
1686040 623
1686050 621
1686060 618
1686070 618
1686080 615
1686090 613
1686100 613
1686110 610
1686120 607
1686130 604
1686140 604
1686150 601
1686160 599
1686170 599
1686180 597
1686190 595
1686200 595
1686210 593
1686220 589
1686230 589
1686240 587
1686250 585
1686260 585
1686270 583
1686280 584
1686290 584
1686300 583
1686310 582
1686320 582
1686330 580
1686340 580
1686350 579
1686360 579
1686370 579
1686380 579
1686390 579
1686400 578
1686410 578
1686420 578
1686430 576
1686440 570
1686450 570
1686460 567
1686470 563
1686480 563
1686490 560
1686500 557
1686510 557
1686520 558
1686530 554
1686540 554
1686550 549
1686560 544
1686570 541
1686580 541
1686590 536
1686600 533
1686610 533
1686620 532
1686630 531
1686640 531
1686650 530
1686660 530
1686670 530
1686680 528
1686690 527
1686700 527
1686710 525
1686720 522
1686730 522
1686740 520
1686750 520
1686760 520
1686770 516
1686780 511
1686790 510
1686800 510
1686810 511
1686820 520
1686830 520
1686840 525
1686850 533
1686860 533
1686870 539
1686880 546
1686890 546
1686900 554
1686910 561
1686920 561
1686930 568
1686940 574
1686950 574
1686960 578
1686970 581
1686980 581
1686990 584
1687000 587
1687010 588
1687020 588
1687030 590
1687040 592
1687050 592
1687060 593
1687070 594
1687080 594
1687090 594
1687100 595
1687110 595
1687120 594
1687130 595
1687140 595
1687150 594
1687160 592
1687170 592
1687180 591
1687190 591
1687200 591
1687210 592
1687220 592
1687230 594
1687240 594
1687250 597
1687260 601
1687270 601
1687280 604
1687290 607
1687300 607
1687310 610
1687320 612
1687330 612
1687340 615
1687350 617
1687360 617
1687370 619
1687380 620
1687390 620
1687400 621
1687410 621
1687420 621
1687430 620
1687440 619
1687450 617
1687460 617
1687470 614
1687480 611
1687490 611
1687500 608
1687510 605
1687520 605
1687530 602
1687540 599
1687550 599
1687560 596
1687570 592
1687580 592
1687590 588
1687600 585
1687610 585
1687620 581
1687630 578
1687640 578
1687650 576
1687660 572
1687670 566
1687680 566
1687690 562
1687700 558
1687710 558
1687720 549
1687730 542
1687740 542
1687750 549
1687760 556
1687770 556
1687780 560
1687790 565
1687800 565
1687810 570
1687820 574
1687830 574
1687840 579
1687850 585
1687860 585
1687870 590
1687880 595
1687890 600
1687900 600
1687910 605
1687920 609
1687930 609
1687940 613
1687950 615
1687960 615
1687970 616
1687980 616
1687990 616
1688000 615
1688010 613
1688020 613
1688030 610
1688040 604
1688050 604
1688060 600
1688070 597
1688080 597
1688090 593
1688100 587
1688110 582
1688120 582
1688130 573
1688140 580
1688150 580
1688160 584
1688170 586
1688180 586
1688190 586
1688200 585
1688210 585
1688220 585
1688230 584
1688240 584
1688250 583
1688260 589
1688270 589
1688280 592
1688290 596
1688300 596
1688310 598
1688320 601
1688330 603
1688340 603
1688350 607
1688360 609
1688370 609
1688380 611
1688390 614
1688400 614
1688410 617
1688420 618
1688430 618
1688440 620
1688450 621
1688460 621
1688470 622
1688480 623
1688490 623
1688500 624
1688510 624
1688520 624
1688530 624
1688540 623
1688550 622
1688560 622
1688570 621
1688580 619
1688590 619
1688600 617
1688610 614
1688620 614
1688630 612
1688640 610
1688650 610
1688660 607
1688670 604
1688680 604
1688690 601
1688700 599
1688710 599
1688720 598
1688730 597
1688740 597
1688750 595
1688760 593
1688770 591
1688780 591
1688790 588
1688800 584
1688810 584
1688820 580
1688830 574
1688840 574
1688850 570
1688860 568
1688870 568
1688880 566
1688890 564
1688900 564
1688910 563
1688920 562
1688930 562
1688940 559
1688950 557
1688960 557
1688970 555
1688980 555
1688990 554
1689000 554
1689010 552
1689020 551
1689030 551
1689040 549
1689050 547
1689060 547
1689070 543
1689080 543
1689090 543
1689100 542
1689110 540
1689120 540
1689130 538
1689140 537
1689150 537
1689160 535
1689170 533
1689180 531
1689190 531
1689200 528
1689210 525
1689220 525
1689230 522
1689240 520
1689250 520
1689260 517
1689270 514
1689280 514
1689290 511
1689300 508
1689310 508
1689320 502
1689330 494
1689340 494
1689350 495
1689360 495
1689370 495
1689380 500
1689390 506
1689400 512
1689410 512
1689420 517
1689430 522
1689440 522
1689450 528
1689460 535
1689470 535
1689480 543
1689490 547
1689500 547
1689510 549
1689520 550
1689530 550
1689540 551
1689550 550
1689560 550
1689570 546
1689580 545
1689590 545
1689600 549
1689610 550
1689620 551
1689630 551
1689640 551
1689650 550
1689660 550
1689670 546
1689680 546
1689690 546
1689700 550
1689710 551
1689720 551
1689730 553
1689740 555
1689750 555
1689760 556
1689770 557
1689780 557
1689790 558
1689800 558
1689810 558
1689820 557
1689830 558
1689840 558
1689850 558
1689860 555
1689870 558
1689880 558
1689890 559
1689900 561
1689910 561
1689920 562
1689930 564
1689940 564
1689950 563
1689960 566
1689970 566
1689980 571
1689990 574
1690000 574
1690010 575
1690020 576
1690030 576
1690040 576
1690050 577
1690060 578
1690070 578
1690080 578
1690090 581
1690100 581
1690110 584
1690120 586
1690130 586
1690140 588
1690150 591
1690160 591
1690170 593
1690180 595
1690190 595
1690200 596
1690210 598
1690220 598
1690230 598
1690240 598
1690250 598
1690260 598
1690270 599
1690280 603
1690290 603
1690300 605
1690310 607
1690320 607
1690330 609
1690340 610
1690350 610
1690360 610
1690370 611
1690380 611
1690390 612
1690400 613
1690410 613
1690420 614
1690430 615
1690440 615
1690450 615
1690460 616
1690470 616
1690480 617
1690490 616
1690500 615
1690510 615
1690520 614
1690530 612
1690540 612
1690550 607
1690560 603
1690570 603
1690580 599
1690590 595
1690600 595
1690610 592
1690620 589
1690630 589
1690640 586
1690650 584
1690660 584
1690670 581
1690680 578
1690690 578
1690700 575
1690710 571
1690720 569
1690730 569
1690740 566
1690750 563
1690760 563
1690770 561
1690780 559
1690790 559
1690800 561
1690810 560
1690820 560
1690830 560
1690840 559
1690850 559
1690860 557
1690870 554
1690880 554
1690890 552
1690900 550
1690910 550
1690920 548
1690930 545
1690940 542
1690950 542
1690960 537
1690970 533
1690980 533
1690990 528
1691000 524
1691010 524
1691020 519
1691030 515
1691040 515
1691050 511
1691060 506
1691070 506
1691080 503
1691090 499
1691100 499
1691110 494
1691120 489
1691130 489
1691140 483
1691150 480
1691160 478
1691170 478
1691180 476
1691190 475
1691200 475
1691210 472
1691220 471
1691230 471
1691240 468
1691250 465
1691260 465
1691270 462
1691280 459
1691290 459
1691300 456
1691310 454
1691320 454
1691330 449
1691340 444
1691350 444
1691360 440
1691370 436
1691380 434
1691390 434
1691400 432
1691410 427
1691420 427
1691430 423
1691440 420
1691450 420
1691460 419
1691470 419
1691480 419
1691490 419
1691500 417
1691510 417
1691520 419
1691530 419
1691540 419
1691550 419
1691560 419
1691570 419
1691580 419
1691590 418
1691600 419
1691610 419
1691620 420
1691630 420
1691640 420
1691650 419
1691660 419
1691670 419
1691680 419
1691690 419
1691700 419
1691710 419
1691720 419
1691730 419
1691740 419
1691750 419
1691760 419
1691770 418
1691780 418
1691790 418
1691800 419
1691810 419
1691820 419
1691830 419
1691840 419
1691850 419
1691860 419
1691870 419
1691880 419
1691890 419
1691900 419
1691910 419
1691920 419
1691930 419
1691940 419
1691950 419
1691960 420
1691970 420
1691980 420
1691990 420
1692000 421
1692010 421
1692020 421
1692030 422
1692040 421
1692050 421
1692060 422
1692070 422
1692080 422
1692090 422
1692100 422
1692110 422
1692120 423
1692130 423
1692140 423
1692150 423
1692160 424
1692170 424
1692180 425
1692190 428
1692200 428
1692210 430
1692220 432
1692230 432
1692240 434
1692250 436
1692260 438
1692270 438
1692280 440
1692290 442
1692300 442
1692310 444
1692320 449
1692330 449
1692340 451
1692350 455
1692360 455
1692370 458
1692380 462
1692390 462
1692400 465
1692410 467
1692420 467
1692430 470
1692440 471
1692450 471
1692460 473
1692470 474
1692480 475
1692490 475
1692500 476
1692510 477
1692520 477
1692530 477
1692540 477
1692550 477
1692560 477
1692570 477
1692580 477
1692590 477
1692600 476
1692610 476
1692620 475
1692630 473
1692640 473
1692650 471
1692660 470
1692670 470
1692680 468
1692690 467
1692700 466
1692710 466
1692720 464
1692730 463
1692740 463
1692750 467
1692760 473
1692770 473
1692780 479
1692790 484
1692800 484
1692810 489
1692820 492
1692830 492
1692840 495
1692850 497
1692860 497
1692870 499
1692880 500
1692890 500
1692900 501
1692910 502
1692920 502
1692930 502
1692940 502
1692950 501
1692960 501
1692970 499
1692980 496
1692990 496
1693000 493
1693010 491
1693020 491
1693030 489
1693040 488
1693050 488
1693060 487
1693070 486
1693080 486
1693090 484
1693100 485
1693110 485
1693120 487
1693130 490
1693140 493
1693150 493
1693160 496
1693170 499
1693180 499
1693190 503
1693200 505
1693210 505
1693220 509
1693230 513
1693240 513
1693250 516
1693260 520
1693270 520
1693280 523
1693290 527
1693300 527
1693310 530
1693320 532
1693330 532
1693340 533
1693350 529
1693360 524
1693370 524
1693380 523
1693390 521
1693400 521
1693410 521
1693420 522
1693430 522
1693440 526
1693450 529
1693460 529
1693470 532
1693480 533
1693490 533
1693500 532
1693510 535
1693520 535
1693530 537
1693540 537
1693550 537
1693560 538
1693570 540
1693580 543
1693590 543
1693600 548
1693610 552
1693620 552
1693630 555
1693640 557
1693650 557
1693660 558
1693670 560
1693680 560
1693690 560
1693700 557
1693710 557
1693720 554
1693730 550
1693740 550
1693750 548
1693760 548
1693770 548
1693780 546
1693790 543
1693800 539
1693810 539
1693820 539
1693830 544
1693840 544
1693850 548
1693860 553
1693870 553
1693880 557
1693890 560
1693900 560
1693910 563
1693920 567
1693930 567
1693940 571
1693950 574
1693960 574
1693970 578
1693980 582
1693990 582
1694000 587
1694010 590
1694020 593
1694030 593
1694040 597
1694050 601
1694060 601
1694070 606
1694080 611
1694090 611
1694100 615
1694110 619
1694120 619
1694130 623
1694140 625
1694150 625
1694160 627
1694170 629
1694180 629
1694190 632
1694200 634
1694210 634
1694220 634
1694230 633
1694240 629
1694250 629
1694260 625
1694270 621
1694280 621
1694290 617
1694300 612
1694310 612
1694320 604
1694330 603
1694340 603
1694350 613
1694360 619
1694370 619
1694380 624
1694390 630
1694400 630
1694410 635
1694420 640
1694430 640
1694440 644
1694450 648
1694460 652
1694470 652
1694480 655
1694490 658
1694500 658
1694510 660
1694520 662
1694530 662
1694540 662
1694550 661
1694560 661
1694570 659
1694580 657
1694590 657
1694600 655
1694610 654
1694620 654
1694630 656
1694640 655
1694650 655
1694660 656
1694670 658
1694680 660
1694690 660
1694700 662
1694710 665
1694720 665
1694730 667
1694740 670
1694750 670
1694760 674
1694770 677
1694780 677
1694790 680
1694800 683
1694810 683
1694820 687
1694830 690
1694840 690
1694850 693
1694860 697
1694870 699
1694880 699
1694890 702
1694900 704
1694910 704
1694920 706
1694930 707
1694940 707
1694950 709
1694960 710
1694970 710
1694980 712
1694990 713
1695000 713
1695010 713
1695020 714
1695030 714
1695040 714
1695050 715
1695060 715
1695070 715
1695080 715
1695090 714
1695100 714
1695110 713
1695120 712
1695130 712
1695140 710
1695150 708
1695160 708
1695170 705
1695180 701
1695190 701
1695200 698
1695210 694
1695220 694
1695230 691
1695240 687
1695250 687
1695260 684
1695270 680
1695280 680
1695290 676
1695300 673
1695310 669
1695320 669
1695330 665
1695340 660
1695350 660
1695360 655
1695370 649
1695380 649
1695390 642
1695400 636
1695410 636
1695420 630
1695430 624
1695440 624
1695450 619
1695460 613
1695470 613
1695480 609
1695490 603
1695500 603
1695510 599
1695520 594
1695530 589
1695540 589
1695550 584
1695560 579
1695570 579
1695580 575
1695590 570
1695600 570
1695610 567
1695620 562
1695630 562
1695640 556
1695650 555
1695660 555
1695670 560
1695680 564
1695690 564
1695700 568
1695710 569
1695720 569
1695730 567
1695740 565
1695750 571
1695760 571
1695770 576
1695780 582
1695790 582
1695800 586
1695810 591
1695820 591
1695830 596
1695840 600
1695850 600
1695860 604
1695870 609
1695880 609
1695890 613
1695900 616
1695910 616
1695920 619
1695930 620
1695940 620
1695950 620
1695960 619
1695970 618
1695980 618
1695990 615
1696000 612
1696010 612
1696020 609
1696030 605
1696040 605
1696050 600
1696060 594
1696070 594
1696080 587
1696090 581
1696100 581
1696110 574
1696120 571
1696130 571
1696140 573
1696150 574
1696160 574
1696170 575
1696180 574
1696190 574
1696200 574
1696210 573
1696220 573
1696230 573
1696240 572
1696250 572
1696260 572
1696270 571
1696280 570
1696290 570
1696300 568
1696310 564
1696320 564
1696330 560
1696340 555
1696350 555
1696360 551
1696370 554
1696380 554
1696390 557
1696400 558
1696410 558
1696420 558
1696430 558
1696440 557
1696450 557
1696460 553
1696470 550
1696480 550
1696490 545
1696500 543
1696510 543
1696520 541
1696530 541
1696540 547
1696550 547
1696560 545
1696570 545
1696580 544
1696590 540
1696600 540
1696610 540
1696620 538
1696630 539
1696640 539
1696650 537
1696660 535
1696670 535
1696680 532
1696690 525
1696700 525
1696710 517
1696720 509
1696730 509
1696740 501
1696750 494
1696760 494
1696770 487
1696780 477
1696790 477
1696800 470
1696810 470
1696820 470
1696830 474
1696840 480
1696850 486
1696860 486
1696870 492
1696880 499
1696890 499
1696900 505
1696910 512
1696920 512
1696930 518
1696940 525
1696950 525
1696960 531
1696970 536
1696980 536
1696990 541
1697000 546
1697010 546
1697020 551
1697030 554
1697040 554
1697050 558
1697060 563
1697070 568
1697080 568
1697090 571
1697100 574
1697110 574
1697120 576
1697130 578
1697140 578
1697150 581
1697160 582
1697170 582
1697180 583
1697190 584
1697200 584
1697210 584
1697220 584
1697230 584
1697240 584
1697250 583
1697260 583
1697270 583
1697280 582
1697290 582
1697300 582
1697310 583
1697320 582
1697330 582
1697340 581
1697350 578
1697360 578
1697370 575
1697380 572
1697390 572
1697400 569
1697410 566
1697420 566
1697430 563
1697440 559
1697450 559
1697460 554
1697470 549
1697480 549
1697490 544
1697500 541
1697510 538
1697520 538
1697530 533
1697540 530
1697550 530
1697560 527
1697570 525
1697580 525
1697590 522
1697600 520
1697610 520
1697620 515
1697630 509
1697640 509
1697650 503
1697660 499
1697670 499
1697680 495
1697690 491
1697700 491
1697710 488
1697720 485
1697730 482
1697740 482
1697750 479
1697760 476
1697770 476
1697780 474
1697790 471
1697800 471
1697810 470
1697820 468
1697830 468
1697840 466
1697850 464
1697860 464
1697870 462
1697880 460
1697890 460
1697900 457
1697910 455
1697920 455
1697930 453
1697940 451
1697950 448
1697960 448
1697970 440
1697980 434
1697990 434
1698000 433
1698010 433
1698020 433
1698030 433
1698040 433
1698050 433
1698060 433
1698070 433
1698080 433
1698090 433
1698100 433
1698110 433
1698120 432
1698130 431
1698140 431
1698150 432
1698160 433
1698170 433
1698180 433
1698190 434
1698200 434
1698210 434
1698220 434
1698230 435
1698240 435
1698250 435
1698260 436
1698270 436
1698280 436
1698290 437
1698300 437
1698310 438
1698320 439
1698330 439
1698340 440
1698350 441
1698360 441
1698370 443
1698380 443
1698390 445
1698400 445
1698410 446
1698420 448
1698430 448
1698440 449
1698450 451
1698460 451
1698470 451
1698480 452
1698490 452
1698500 453
1698510 453
1698520 453
1698530 454
1698540 453
1698550 453
1698560 453
1698570 452
1698580 452
1698590 452
1698600 451
1698610 450
1698620 450
1698630 447
1698640 444
1698650 444
1698660 442
1698670 440
1698680 440
1698690 441
1698700 445
1698710 445
1698720 447
1698730 449
1698740 449
1698750 451
1698760 453
1698770 453
1698780 455
1698790 457
1698800 457
1698810 459
1698820 462
1698830 465
1698840 465
1698850 467
1698860 468
1698870 468
1698880 469
1698890 471
1698900 471
1698910 472
1698920 474
1698930 474
1698940 475
1698950 477
1698960 477
1698970 479
1698980 481
1698990 481
1699000 482
1699010 484
1699020 484
1699030 487
1699040 489
1699050 491
1699060 491
1699070 493
1699080 494
1699090 494
1699100 495
1699110 497
1699120 497
1699130 499
1699140 501
1699150 501
1699160 503
1699170 502
1699180 502
1699190 502
1699200 499
1699210 499
1699220 496
1699230 494
1699240 494
1699250 492
1699260 491
1699270 490
1699280 490
1699290 488
1699300 487
1699310 487
1699320 485
1699330 484
1699340 484
1699350 481
1699360 479
1699370 479
1699380 477
1699390 475
1699400 475
1699410 472
1699420 469
1699430 469
1699440 466
1699450 464
1699460 464
1699470 463
1699480 462
1699490 460
1699500 460
1699510 459
1699520 457
1699530 457
1699540 456
1699550 454
1699560 454
1699570 453
1699580 452
1699590 452
1699600 451
1699610 447
1699620 447
1699630 446
1699640 445
1699650 445
1699660 446
1699670 446
1699680 446
1699690 448
1699700 449
1699710 451
1699720 451
1699730 452
1699740 455
1699750 455
1699760 457
1699770 461
1699780 461
1699790 466
1699800 471
1699810 471
1699820 475
1699830 478
1699840 478
1699850 481
1699860 484
1699870 484
1699880 487
1699890 489
1699900 489
1699910 493
1699920 495
1699930 496
1699940 496
1699950 497
1699960 498
1699970 498
1699980 499
1699990 500
