1680000 501
1680010 503
1680020 506
1680030 510
1680040 510
1680050 512
1680060 515
1680070 515
1680080 517
1680090 521
1680100 521
1680110 524
1680120 528
1680130 528
1680140 532
1680150 536
1680160 536
1680170 541
1680180 545
1680190 545
1680200 550
1680210 556
1680220 556
1680230 560
1680240 566
1680250 571
1680260 571
1680270 576
1680280 580
1680290 580
1680300 584
1680310 587
1680320 587
1680330 589
1680340 588
1680350 588
1680360 588
1680370 587
1680380 587
1680390 586
1680400 584
1680410 584
1680420 581
1680430 580
1680440 580
1680450 579
1680460 579
1680470 579
1680480 579
1680490 578
1680500 577
1680510 577
1680520 576
1680530 573
1680540 573
1680550 569
1680560 566
1680570 566
1680580 561
1680590 555
1680600 555
1680610 549
1680620 546
1680630 546
1680640 553
1680650 556
1680660 556
1680670 559
1680680 562
1680690 565
1680700 565
1680710 568
1680720 570
1680730 570
1680740 573
1680750 573
1680760 573
1680770 575
1680780 575
1680790 575
1680800 574
1680810 572
1680820 572
1680830 570
1680840 568
1680850 568
1680860 566
1680870 564
1680880 564
1680890 561
1680900 559
1680910 556
1680920 556
1680930 549
1680940 546
1680950 546
1680960 538
1680970 533
1680980 533
1680990 527
1681000 521
1681010 521
1681020 516
1681030 512
1681040 512
1681050 508
1681060 505
1681070 505
1681080 505
1681090 505
1681100 505
1681110 508
1681120 508
1681130 510
1681140 510
1681150 512
1681160 514
1681170 514
1681180 515
1681190 516
1681200 516
1681210 517
1681220 517
1681230 517
1681240 518
1681250 519
1681260 519
1681270 519
1681280 520
1681290 520
1681300 519
1681310 518
1681320 518
1681330 517
1681340 517
1681350 516
1681360 516
1681370 514
1681380 512
1681390 512
1681400 509
1681410 507
1681420 507
1681430 505
1681440 503
1681450 503
1681460 501
1681470 499
1681480 499
1681490 499
1681500 500
1681510 500
1681520 500
1681530 500
1681540 500
1681550 500
1681560 502
1681570 505
1681580 505
1681590 508
1681600 510
1681610 510
1681620 512
1681630 514
1681640 514
1681650 517
1681660 521
1681670 521
1681680 524
1681690 528
1681700 528
1681710 530
1681720 534
1681730 534
1681740 537
1681750 539
1681760 539
1681770 541
1681780 543
1681790 544
1681800 544
1681810 545
1681820 545
1681830 545
1681840 546
1681850 546
1681860 546
1681870 544
1681880 541
1681890 541
1681900 537
1681910 531
1681920 531
1681930 525
1681940 518
1681950 518
1681960 523
1681970 527
1681980 527
1681990 529
1682000 532
1682010 535
1682020 535
1682030 540
1682040 543
1682050 543
1682060 547
1682070 551
1682080 551
1682090 555
1682100 559
1682110 559
1682120 562
1682130 565
1682140 565
1682150 569
1682160 570
1682170 570
1682180 573
1682190 574
1682200 574
1682210 576
1682220 579
1682230 582
1682240 582
1682250 585
1682260 587
1682270 587
1682280 590
1682290 591
1682300 591
1682310 592
1682320 593
1682330 593
1682340 594
1682350 594
1682360 594
1682370 594
1682380 593
1682390 593
1682400 592
1682410 590
1682420 590
1682430 589
1682440 589
1682450 589
1682460 589
1682470 589
1682480 588
1682490 588
1682500 587
1682510 585
1682520 585
1682530 585
1682540 583
1682550 583
1682560 582
1682570 582
1682580 582
1682590 582
1682600 580
1682610 580
1682620 579
1682630 578
1682640 578
1682650 576
1682660 574
1682670 573
1682680 573
1682690 572
1682700 570
1682710 570
1682720 567
1682730 564
1682740 564
1682750 560
1682760 559
1682770 559
1682780 555
1682790 550
1682800 550
1682810 546
1682820 543
1682830 543
1682840 542
1682850 538
1682860 538
1682870 535
1682880 532
1682890 530
1682900 530
1682910 528
1682920 528
1682930 528
1682940 528
1682950 526
1682960 526
1682970 524
1682980 524
1682990 524
1683000 523
1683010 522
1683020 522
1683030 520
1683040 518
1683050 518
1683060 516
1683070 514
1683080 514
1683090 512
1683100 509
1683110 507
1683120 507
1683130 504
1683140 501
1683150 501
1683160 497
1683170 492
1683180 492
1683190 487
1683200 482
1683210 482
1683220 475
1683230 469
1683240 469
1683250 463
1683260 455
1683270 455
1683280 450
1683290 448
1683300 448
1683310 447
1683320 447
1683330 446
1683340 446
1683350 445
1683360 445
1683370 445
1683380 445
1683390 444
1683400 444
1683410 444
1683420 444
1683430 444
1683440 444
1683450 444
1683460 444
1683470 444
1683480 444
1683490 444
1683500 444
1683510 444
1683520 444
1683530 443
1683540 443
1683550 443
1683560 443
1683570 443
1683580 443
1683590 443
1683600 443
1683610 443
1683620 443
1683630 443
1683640 443
1683650 443
1683660 442
1683670 442
1683680 442
1683690 441
1683700 441
1683710 441
1683720 441
1683730 441
1683740 441
1683750 441
1683760 441
1683770 441
1683780 441
1683790 441
1683800 441
1683810 441
1683820 440
1683830 440
1683840 440
1683850 441
1683860 441
1683870 441
1683880 441
1683890 441
1683900 441
1683910 441
1683920 441
1683930 441
1683940 440
1683950 440
1683960 440
1683970 440
1683980 440
1683990 440
1684000 440
1684010 440
1684020 438
1684030 438
1684040 440
1684050 443
1684060 443
1684070 453
1684080 460
1684090 460
1684100 464
1684110 468
1684120 468
1684130 472
1684140 476
1684150 476
1684160 480
1684170 484
1684180 484
1684190 489
1684200 494
1684210 498
1684220 498
1684230 502
1684240 507
1684250 507
1684260 512
1684270 516
1684280 516
1684290 522
1684300 527
1684310 527
1684320 531
1684330 536
1684340 536
1684350 541
1684360 545
1684370 545
1684380 550
1684390 554
1684400 554
1684410 558
1684420 561
1684430 565
1684440 565
1684450 568
1684460 572
1684470 572
1684480 575
1684490 578
1684500 578
1684510 580
1684520 582
1684530 582
1684540 583
1684550 584
1684560 584
1684570 585
1684580 585
1684590 585
1684600 585
1684610 585
1684620 585
1684630 584
1684640 583
1684650 582
1684660 582
1684670 580
1684680 578
1684690 578
1684700 575
1684710 571
1684720 571
1684730 568
1684740 565
1684750 565
1684760 562
1684770 557
1684780 557
1684790 547
1684800 553
1684810 553
1684820 559
1684830 560
1684840 560
1684850 554
1684860 549
1684870 554
1684880 554
1684890 561
1684900 566
1684910 566
1684920 571
1684930 577
1684940 577
1684950 582
1684960 586
1684970 586
1684980 590
1684990 594
1685000 594
1685010 596
1685020 599
1685030 599
1685040 601
1685050 604
1685060 604
1685070 605
1685080 607
1685090 609
1685100 609
1685110 609
1685120 609
1685130 609
1685140 611
1685150 614
1685160 614
1685170 616
1685180 618
1685190 618
1685200 620
1685210 621
1685220 621
1685230 623
1685240 626
1685250 626
1685260 628
1685270 632
1685280 632
1685290 633
1685300 633
1685310 635
1685320 635
1685330 636
1685340 635
1685350 635
1685360 637
1685370 640
1685380 640
1685390 643
1685400 645
1685410 645
1685420 647
1685430 649
1685440 649
1685450 649
1685460 650
1685470 650
1685480 651
1685490 651
1685500 651
1685510 651
1685520 652
1685530 650
1685540 650
1685550 653
1685560 656
1685570 656
1685580 660
1685590 664
1685600 664
1685610 668
1685620 672
1685630 672
1685640 676
1685650 679
1685660 679
1685670 682
1685680 686
1685690 686
1685700 687
1685710 690
1685720 690
1685730 689
1685740 690
1685750 691
1685760 691
1685770 691
1685780 690
1685790 690
1685800 690
1685810 688
1685820 688
1685830 687
1685840 686
1685850 686
1685860 685
1685870 683
1685880 683
1685890 683
1685900 681
1685910 681
1685920 680
1685930 677
1685940 677
1685950 675
1685960 673
1685970 669
1685980 669
1685990 668
1686000 665
1686010 665
1686020 662
1686030 658
1686040 658
1686050 656
1686060 651
1686070 651
1686080 651
1686090 648
1686100 648
1686110 645
1686120 642
1686130 642
1686140 638
1686150 637
1686160 637
1686170 635
1686180 631
1686190 628
1686200 628
1686210 624
1686220 621
1686230 621
1686240 618
1686250 615
1686260 615
1686270 613
1686280 612
1686290 612
1686300 610
1686310 609
1686320 609
1686330 607
1686340 605
1686350 605
1686360 603
1686370 600
1686380 598
1686390 598
1686400 595
1686410 592
1686420 592
1686430 588
1686440 585
1686450 585
1686460 581
1686470 578
1686480 578
1686490 574
1686500 570
1686510 570
1686520 565
1686530 560
1686540 560
1686550 555
1686560 549
1686570 549
1686580 537
1686590 530
1686600 528
1686610 528
1686620 527
1686630 535
1686640 535
1686650 541
1686660 547
1686670 547
1686680 552
1686690 557
1686700 557
1686710 562
1686720 566
1686730 566
1686740 571
1686750 576
1686760 576
1686770 579
1686780 584
1686790 584
1686800 589
1686810 593
1686820 599
1686830 599
1686840 603
1686850 609
1686860 609
1686870 614
1686880 619
1686890 619
1686900 625
1686910 630
1686920 630
1686930 635
1686940 641
1686950 641
1686960 646
1686970 648
1686980 648
1686990 649
1687000 648
1687010 648
1687020 648
1687030 646
1687040 645
1687050 645
1687060 643
1687070 640
1687080 640
1687090 638
1687100 636
1687110 636
1687120 635
1687130 633
1687140 633
1687150 629
1687160 623
1687170 623
1687180 618
1687190 613
1687200 613
1687210 614
1687220 610
1687230 610
1687240 607
1687250 602
1687260 602
1687270 602
1687280 609
1687290 615
1687300 615
1687310 621
1687320 628
1687330 628
1687340 635
1687350 642
1687360 642
1687370 648
1687380 651
1687390 651
1687400 656
1687410 659
1687420 659
1687430 663
1687440 666
1687450 666
1687460 669
1687470 673
1687480 674
1687490 674
1687500 675
1687510 676
1687520 676
1687530 676
1687540 677
1687550 677
1687560 676
1687570 676
1687580 676
1687590 674
1687600 672
1687610 672
1687620 669
1687630 665
1687640 665
1687650 663
1687660 660
1687670 660
1687680 657
1687690 656
1687700 654
1687710 654
1687720 652
1687730 648
1687740 648
1687750 644
1687760 641
1687770 641
1687780 634
1687790 638
1687800 638
1687810 641
1687820 644
1687830 644
1687840 647
1687850 651
1687860 651
1687870 652
1687880 657
1687890 657
1687900 661
1687910 664
1687920 667
1687930 667
1687940 670
1687950 671
1687960 671
1687970 673
1687980 676
1687990 676
1688000 677
1688010 678
1688020 678
1688030 679
1688040 680
1688050 680
1688060 680
1688070 680
1688080 680
1688090 679
1688100 678
1688110 678
1688120 676
1688130 675
1688140 672
1688150 672
1688160 669
1688170 666
1688180 666
1688190 663
1688200 660
1688210 660
1688220 656
1688230 653
1688240 653
1688250 650
1688260 648
1688270 648
1688280 644
1688290 642
1688300 642
1688310 639
1688320 636
1688330 636
1688340 632
1688350 629
1688360 625
1688370 625
1688380 623
1688390 621
1688400 621
1688410 617
1688420 616
1688430 616
1688440 614
1688450 612
1688460 612
1688470 609
1688480 608
1688490 608
1688500 605
1688510 602
1688520 602
1688530 597
1688540 590
1688550 590
1688560 587
1688570 586
1688580 584
1688590 584
1688600 581
1688610 578
1688620 578
1688630 576
1688640 574
1688650 574
1688660 572
1688670 568
1688680 568
1688690 566
1688700 563
1688710 563
1688720 557
1688730 558
1688740 558
1688750 558
1688760 557
1688770 557
1688780 555
1688790 552
1688800 546
1688810 546
1688820 538
1688830 533
1688840 533
1688850 539
1688860 539
1688870 539
1688880 539
1688890 544
1688900 544
1688910 545
1688920 545
1688930 545
1688940 547
1688950 548
1688960 548
1688970 549
1688980 552
1688990 552
1689000 555
1689010 559
1689020 562
1689030 562
1689040 563
1689050 565
1689060 565
1689070 568
1689080 570
1689090 570
1689100 572
1689110 574
1689120 574
1689130 578
1689140 583
1689150 583
1689160 586
1689170 588
1689180 588
1689190 588
1689200 588
1689210 588
1689220 587
1689230 584
1689240 583
1689250 583
1689260 586
1689270 587
1689280 587
1689290 589
1689300 591
1689310 591
1689320 593
1689330 595
1689340 595
1689350 598
1689360 603
1689370 603
1689380 609
1689390 609
1689400 609
1689410 614
1689420 617
1689430 617
1689440 620
1689450 623
1689460 624
1689470 624
1689480 626
1689490 627
1689500 627
1689510 630
1689520 631
1689530 631
1689540 632
1689550 633
1689560 633
1689570 633
1689580 633
1689590 633
1689600 633
1689610 632
1689620 632
1689630 633
1689640 632
1689650 632
1689660 633
1689670 633
1689680 633
1689690 633
1689700 633
1689710 633
1689720 633
1689730 634
1689740 635
1689750 635
1689760 636
1689770 636
1689780 636
1689790 637
1689800 637
1689810 637
1689820 637
1689830 638
1689840 638
1689850 639
1689860 639
1689870 639
1689880 639
1689890 639
1689900 639
1689910 639
1689920 638
1689930 637
1689940 637
1689950 636
1689960 634
1689970 634
1689980 632
1689990 629
1690000 629
1690010 626
1690020 622
1690030 622
1690040 619
1690050 615
1690060 615
1690070 612
1690080 608
1690090 608
1690100 605
1690110 603
1690120 601
1690130 601
1690140 600
1690150 600
1690160 600
1690170 599
1690180 599
1690190 599
1690200 597
1690210 597
1690220 597
1690230 596
1690240 594
1690250 594
1690260 593
1690270 591
1690280 591
1690290 589
1690300 588
1690310 588
1690320 586
1690330 584
1690340 582
1690350 582
1690360 580
1690370 579
1690380 579
1690390 577
1690400 575
1690410 575
1690420 573
1690430 570
1690440 570
1690450 570
1690460 567
1690470 567
1690480 565
1690490 562
1690500 562
1690510 558
1690520 555
1690530 555
1690540 552
1690550 549
1690560 547
1690570 547
1690580 544
1690590 541
1690600 541
1690610 539
1690620 536
1690630 536
1690640 533
1690650 530
1690660 530
1690670 527
1690680 522
1690690 522
1690700 521
1690710 516
1690720 516
1690730 511
1690740 507
1690750 507
1690760 499
1690770 493
1690780 488
1690790 488
1690800 484
1690810 479
1690820 479
1690830 479
1690840 477
1690850 477
1690860 473
1690870 470
1690880 470
1690890 468
1690900 464
1690910 464
1690920 460
1690930 457
1690940 457
1690950 453
1690960 449
1690970 449
1690980 446
1690990 444
1691000 441
1691010 441
1691020 440
1691030 438
1691040 438
1691050 437
1691060 434
1691070 434
1691080 427
1691090 423
1691100 423
1691110 422
1691120 421
1691130 421
1691140 422
1691150 423
1691160 423
1691170 422
1691180 423
1691190 423
1691200 423
1691210 423
1691220 423
1691230 423
1691240 423
1691250 423
1691260 423
1691270 422
1691280 422
1691290 422
1691300 423
1691310 423
1691320 423
1691330 422
1691340 423
1691350 423
1691360 424
1691370 424
1691380 424
1691390 423
1691400 423
1691410 423
1691420 423
1691430 423
1691440 423
1691450 423
1691460 423
1691470 423
1691480 423
1691490 423
1691500 423
1691510 423
1691520 423
1691530 423
1691540 423
1691550 423
1691560 423
1691570 423
1691580 423
1691590 423
1691600 423
1691610 423
1691620 423
1691630 423
1691640 423
1691650 424
1691660 424
1691670 424
1691680 424
1691690 425
1691700 425
1691710 426
1691720 428
1691730 428
1691740 430
1691750 435
1691760 435
1691770 441
1691780 447
1691790 447
1691800 450
1691810 451
1691820 451
1691830 453
1691840 454
1691850 454
1691860 456
1691870 458
1691880 460
1691890 460
1691900 462
1691910 462
1691920 462
1691930 461
1691940 458
1691950 458
1691960 455
1691970 454
1691980 454
1691990 453
1692000 452
1692010 452
1692020 452
1692030 454
1692040 454
1692050 456
1692060 458
1692070 458
1692080 461
1692090 464
1692100 467
1692110 467
1692120 469
1692130 469
1692140 469
1692150 469
1692160 470
1692170 470
1692180 468
1692190 466
1692200 466
1692210 467
1692220 470
1692230 470
1692240 472
1692250 476
1692260 476
1692270 477
1692280 474
1692290 474
1692300 469
1692310 464
1692320 462
1692330 462
1692340 460
1692350 460
1692360 460
1692370 462
1692380 464
1692390 464
1692400 466
1692410 469
1692420 469
1692430 472
1692440 474
1692450 474
1692460 476
1692470 476
1692480 476
1692490 477
1692500 478
1692510 478
1692520 479
1692530 482
1692540 485
1692550 485
1692560 488
1692570 489
1692580 489
1692590 488
1692600 487
1692610 487
1692620 485
1692630 483
1692640 483
1692650 482
1692660 482
1692670 482
1692680 481
1692690 482
1692700 482
1692710 483
1692720 485
1692730 485
1692740 488
1692750 490
1692760 492
1692770 492
1692780 493
1692790 493
1692800 493
1692810 492
1692820 492
1692830 492
1692840 487
1692850 482
1692860 482
1692870 478
1692880 476
1692890 476
1692900 474
1692910 472
1692920 472
1692930 470
1692940 468
1692950 468
1692960 468
1692970 468
1692980 468
1692990 468
1693000 468
1693010 467
1693020 467
1693030 466
1693040 463
1693050 463
1693060 470
1693070 474
1693080 474
1693090 478
1693100 481
1693110 481
1693120 483
1693130 483
1693140 483
1693150 483
1693160 483
1693170 483
1693180 483
1693190 483
1693200 483
1693210 483
1693220 484
1693230 485
1693240 485
1693250 487
1693260 489
1693270 489
1693280 493
1693290 495
1693300 495
1693310 496
1693320 501
1693330 501
1693340 506
1693350 510
1693360 510
1693370 512
1693380 513
1693390 513
1693400 514
1693410 519
1693420 524
1693430 524
1693440 528
1693450 532
1693460 532
1693470 536
1693480 539
1693490 539
1693500 543
1693510 546
1693520 546
1693530 549
1693540 551
1693550 551
1693560 553
1693570 555
1693580 555
1693590 557
1693600 561
1693610 561
1693620 563
1693630 566
1693640 568
1693650 568
1693660 571
1693670 574
1693680 574
1693690 577
1693700 581
1693710 581
1693720 583
1693730 586
1693740 586
1693750 589
1693760 592
1693770 592
1693780 595
1693790 597
1693800 597
1693810 603
1693820 608
1693830 608
1693840 613
1693850 616
1693860 620
1693870 620
1693880 621
1693890 623
1693900 623
1693910 624
1693920 625
1693930 625
1693940 627
1693950 629
1693960 629
1693970 631
1693980 632
1693990 632
1694000 633
1694010 634
1694020 634
1694030 636
1694040 637
1694050 637
1694060 638
1694070 640
1694080 641
1694090 641
1694100 642
1694110 643
1694120 643
1694130 644
1694140 645
1694150 645
1694160 646
1694170 647
1694180 647
1694190 648
1694200 649
1694210 649
1694220 650
1694230 651
1694240 651
1694250 651
1694260 651
1694270 651
1694280 651
1694290 648
1694300 645
1694310 645
1694320 641
1694330 637
1694340 637
1694350 633
1694360 632
1694370 632
1694380 636
1694390 639
1694400 639
1694410 642
1694420 646
1694430 646
1694440 648
1694450 650
1694460 650
1694470 652
1694480 653
1694490 653
1694500 655
1694510 656
1694520 657
1694530 657
1694540 658
1694550 659
1694560 659
1694570 661
1694580 663
1694590 663
1694600 665
1694610 668
1694620 668
1694630 671
1694640 674
1694650 674
1694660 677
1694670 680
1694680 680
1694690 682
1694700 683
1694710 683
1694720 685
1694730 686
1694740 687
1694750 687
1694760 688
1694770 688
1694780 688
1694790 689
1694800 689
1694810 689
1694820 689
1694830 689
1694840 689
1694850 689
1694860 689
1694870 689
1694880 689
1694890 687
1694900 687
1694910 685
1694920 682
1694930 682
1694940 680
1694950 676
1694960 674
1694970 674
1694980 672
1694990 669
1695000 669
1695010 666
1695020 664
1695030 664
1695040 661
1695050 658
1695060 658
1695070 655
1695080 652
1695090 652
1695100 648
1695110 645
1695120 645
1695130 641
1695140 637
1695150 637
1695160 632
1695170 629
1695180 628
1695190 628
1695200 628
1695210 629
1695220 629
1695230 632
1695240 633
1695250 633
1695260 635
1695270 637
1695280 637
1695290 641
1695300 644
1695310 644
1695320 647
1695330 649
1695340 649
1695350 652
1695360 655
1695370 655
1695380 657
1695390 660
1695400 663
1695410 663
1695420 665
1695430 667
1695440 667
1695450 671
1695460 673
1695470 673
1695480 676
1695490 678
1695500 678
1695510 679
1695520 678
1695530 678
1695540 673
1695550 668
1695560 668
1695570 663
1695580 657
1695590 657
1695600 652
1695610 646
1695620 641
1695630 641
1695640 636
1695650 632
1695660 632
1695670 628
1695680 625
1695690 625
1695700 621
1695710 616
1695720 616
1695730 613
1695740 608
1695750 608
1695760 605
1695770 602
1695780 602
1695790 598
1695800 594
1695810 594
1695820 591
1695830 588
1695840 587
1695850 587
1695860 587
1695870 586
1695880 586
1695890 585
1695900 584
1695910 584
1695920 582
1695930 579
1695940 579
1695950 578
1695960 576
1695970 576
1695980 575
1695990 570
1696000 570
1696010 563
1696020 557
1696030 557
1696040 558
1696050 559
1696060 559
1696070 559
1696080 557
1696090 549
1696100 549
1696110 540
1696120 532
1696130 532
1696140 529
1696150 532
1696160 532
1696170 537
1696180 538
1696190 538
1696200 542
1696210 548
1696220 548
1696230 552
1696240 553
1696250 553
1696260 553
1696270 551
1696280 551
1696290 551
1696300 549
1696310 547
1696320 547
1696330 545
1696340 541
1696350 541
1696360 538
1696370 535
1696380 535
1696390 532
1696400 530
1696410 527
1696420 524
1696430 520
1696440 520
1696450 518
1696460 516
1696470 516
1696480 513
1696490 509
1696500 506
1696510 506
1696520 503
1696530 501
1696540 501
1696550 497
1696560 494
1696570 494
1696580 490
1696590 486
1696600 486
1696610 483
1696620 480
1696630 480
1696640 477
1696650 474
1696660 474
1696670 472
1696680 469
1696690 469
1696700 466
1696710 464
1696720 461
1696730 461
1696740 459
1696750 458
1696760 458
1696770 458
1696780 457
1696790 457
1696800 455
1696810 453
1696820 453
1696830 452
1696840 450
1696850 450
1696860 449
1696870 447
1696880 447
1696890 446
1696900 445
1696910 445
1696920 444
1696930 444
1696940 444
1696950 444
1696960 444
1696970 444
1696980 444
1696990 444
1697000 444
1697010 444
1697020 444
1697030 444
1697040 444
1697050 444
1697060 443
1697070 443
1697080 443
1697090 443
1697100 443
1697110 443
1697120 443
1697130 443
1697140 443
1697150 442
1697160 443
1697170 443
1697180 443
1697190 445
1697200 445
1697210 445
1697220 445
1697230 445
1697240 445
1697250 452
1697260 452
1697270 461
1697280 470
1697290 470
1697300 472
1697310 470
1697320 470
1697330 471
1697340 470
1697350 470
1697360 469
1697370 466
1697380 463
1697390 463
1697400 460
1697410 458
1697420 458
1697430 457
1697440 454
1697450 454
1697460 453
1697470 450
1697480 450
1697490 448
1697500 446
1697510 446
1697520 443
1697530 443
1697540 443
1697550 443
1697560 443
1697570 443
1697580 442
1697590 442
1697600 442
1697610 442
1697620 442
1697630 442
1697640 442
1697650 442
1697660 442
1697670 442
1697680 443
1697690 443
1697700 443
1697710 444
1697720 448
1697730 448
1697740 452
1697750 455
1697760 455
1697770 456
1697780 450
1697790 450
1697800 447
1697810 443
1697820 442
1697830 442
1697840 444
1697850 444
1697860 444
1697870 449
1697880 456
1697890 456
1697900 461
1697910 465
1697920 465
1697930 469
1697940 471
1697950 471
1697960 472
1697970 475
1697980 475
1697990 479
1698000 481
1698010 481
1698020 482
1698030 483
1698040 484
1698050 484
1698060 484
1698070 484
1698080 484
1698090 483
1698100 483
1698110 483
1698120 483
1698130 483
1698140 483
1698150 483
1698160 482
1698170 482
1698180 482
1698190 482
1698200 482
1698210 482
1698220 482
1698230 482
1698240 482
1698250 483
1698260 483
1698270 483
1698280 483
1698290 483
1698300 483
1698310 483
1698320 482
1698330 482
1698340 482
1698350 482
1698360 482
1698370 481
1698380 481
1698390 481
1698400 480
1698410 480
1698420 480
1698430 479
1698440 479
1698450 478
1698460 478
1698470 477
1698480 476
1698490 476
1698500 476
1698510 474
1698520 474
1698530 474
1698540 473
1698550 473
1698560 468
1698570 461
1698580 461
1698590 458
1698600 456
1698610 456
1698620 460
1698630 465
1698640 465
1698650 470
1698660 474
1698670 475
1698680 475
1698690 476
1698700 477
1698710 477
1698720 477
1698730 477
1698740 477
1698750 478
1698760 479
1698770 479
1698780 480
1698790 478
1698800 478
1698810 483
1698820 487
1698830 487
1698840 490
1698850 491
1698860 491
1698870 494
1698880 497
1698890 499
1698900 499
1698910 501
1698920 502
1698930 502
1698940 503
1698950 504
1698960 504
1698970 506
1698980 510
1698990 510
1699000 509
1699010 506
1699020 506
1699030 503
1699040 501
1699050 501
1699060 500
1699070 499
1699080 499
1699090 498
1699100 497
1699110 497
1699120 497
1699130 496
1699140 495
1699150 495
1699160 494
1699170 493
1699180 493
1699190 492
1699200 490
1699210 490
1699220 490
1699230 489
1699240 489
1699250 488
1699260 484
1699270 484
1699280 481
1699290 478
1699300 478
1699310 477
1699320 475
1699330 472
1699340 472
1699350 465
1699360 463
1699370 463
1699380 469
1699390 475
1699400 475
1699410 480
1699420 483
1699430 483
1699440 484
1699450 486
1699460 486
1699470 488
1699480 489
1699490 489
1699500 492
1699510 495
1699520 495
1699530 496
1699540 496
1699550 492
1699560 492
1699570 489
1699580 485
1699590 485
1699600 485
1699610 484
1699620 484
1699630 482
1699640 481
1699650 481
1699660 479
1699670 478
1699680 478
1699690 476
1699700 473
1699710 473
1699720 467
1699730 469
1699740 469
1699750 468
1699760 462
1699770 460
1699780 460
1699790 461
1699800 467
1699810 467
1699820 474
1699830 479
1699840 479
1699850 483
1699860 486
1699870 486
1699880 491
1699890 494
1699900 494
1699910 498
1699920 501
1699930 501
1699940 503
1699950 504
1699960 504
1699970 506
1699980 508
1699990 509
