1680000 599
1680010 603
1680020 607
1680030 607
1680040 609
1680050 612
1680060 612
1680070 614
1680080 617
1680090 620
1680100 620
1680110 623
1680120 627
1680130 627
1680140 633
1680150 638
1680160 638
1680170 641
1680180 642
1680190 642
1680200 645
1680210 651
1680220 651
1680230 655
1680240 660
1680250 660
1680260 664
1680270 669
1680280 669
1680290 674
1680300 681
1680310 686
1680320 686
1680330 690
1680340 693
1680350 693
1680360 697
1680370 701
1680380 701
1680390 704
1680400 707
1680410 707
1680420 708
1680430 711
1680440 711
1680450 713
1680460 715
1680470 715
1680480 715
1680490 716
1680500 716
1680510 715
1680520 712
1680530 709
1680540 709
1680550 706
1680560 704
1680570 704
1680580 701
1680590 698
1680600 698
1680610 696
1680620 695
1680630 695
1680640 695
1680650 695
1680660 695
1680670 694
1680680 693
1680690 693
1680700 692
1680710 690
1680720 690
1680730 689
1680740 687
1680750 686
1680760 686
1680770 683
1680780 681
1680790 681
1680800 678
1680810 676
1680820 676
1680830 673
1680840 670
1680850 670
1680860 667
1680870 660
1680880 660
1680890 654
1680900 655
1680910 655
1680920 661
1680930 664
1680940 664
1680950 667
1680960 669
1680970 672
1680980 672
1680990 674
1681000 675
1681010 675
1681020 676
1681030 676
1681040 676
1681050 675
1681060 674
1681070 674
1681080 674
1681090 674
1681100 674
1681110 673
1681120 672
1681130 672
1681140 671
1681150 669
1681160 669
1681170 668
1681180 664
1681190 665
1681200 665
1681210 671
1681220 674
1681230 674
1681240 676
1681250 679
1681260 679
1681270 681
1681280 683
1681290 683
1681300 685
1681310 687
1681320 687
1681330 691
1681340 693
1681350 693
1681360 694
1681370 695
1681380 695
1681390 695
1681400 695
1681410 695
1681420 695
1681430 694
1681440 693
1681450 693
1681460 692
1681470 691
1681480 691
1681490 690
1681500 688
1681510 688
1681520 687
1681530 685
1681540 685
1681550 683
1681560 681
1681570 681
1681580 677
1681590 673
1681600 673
1681610 672
1681620 670
1681630 667
1681640 667
1681650 665
1681660 663
1681670 663
1681680 661
1681690 660
1681700 660
1681710 659
1681720 658
1681730 658
1681740 657
1681750 656
1681760 656
1681770 656
1681780 655
1681790 655
1681800 654
1681810 653
1681820 653
1681830 652
1681840 650
1681850 649
1681860 649
1681870 647
1681880 646
1681890 646
1681900 644
1681910 643
1681920 643
1681930 641
1681940 639
1681950 639
1681960 636
1681970 634
1681980 634
1681990 631
1682000 629
1682010 629
1682020 627
1682030 624
1682040 624
1682050 621
1682060 619
1682070 615
1682080 615
1682090 610
1682100 606
1682110 606
1682120 603
1682130 599
1682140 599
1682150 595
1682160 591
1682170 591
1682180 586
1682190 582
1682200 582
1682210 580
1682220 576
1682230 576
1682240 574
1682250 571
1682260 571
1682270 568
1682280 566
1682290 563
1682300 563
1682310 560
1682320 558
1682330 558
1682340 555
1682350 553
1682360 553
1682370 550
1682380 548
1682390 548
1682400 546
1682410 544
1682420 544
1682430 541
1682440 539
1682450 539
1682460 537
1682470 536
1682480 536
1682490 534
1682500 532
1682510 531
1682520 531
1682530 531
1682540 530
1682550 530
1682560 530
1682570 528
1682580 528
1682590 527
1682600 525
1682610 525
1682620 524
1682630 521
1682640 521
1682650 518
1682660 510
1682670 510
1682680 502
1682690 493
1682700 493
1682710 495
1682720 499
1682730 499
1682740 499
1682750 500
1682760 499
1682770 499
1682780 498
1682790 497
1682800 497
1682810 495
1682820 494
1682830 494
1682840 492
1682850 491
1682860 491
1682870 490
1682880 490
1682890 490
1682900 489
1682910 489
1682920 489
1682930 487
1682940 485
1682950 482
1682960 482
1682970 480
1682980 476
1682990 476
1683000 472
1683010 466
1683020 466
1683030 460
1683040 456
1683050 456
1683060 455
1683070 454
1683080 454
1683090 454
1683100 455
1683110 455
1683120 454
1683130 453
1683140 453
1683150 453
1683160 453
1683170 453
1683180 453
1683190 453
1683200 453
1683210 453
1683220 452
1683230 452
1683240 452
1683250 452
1683260 451
1683270 451
1683280 451
1683290 451
1683300 451
1683310 451
1683320 452
1683330 452
1683340 451
1683350 451
1683360 451
1683370 451
1683380 451
1683390 451
1683400 451
1683410 451
1683420 450
1683430 450
1683440 450
1683450 450
1683460 450
1683470 450
1683480 450
1683490 450
1683500 450
1683510 450
1683520 450
1683530 449
1683540 449
1683550 449
1683560 449
1683570 449
1683580 449
1683590 449
1683600 449
1683610 446
1683620 446
1683630 446
1683640 448
1683650 448
1683660 459
1683670 466
1683680 466
1683690 471
1683700 477
1683710 477
1683720 483
1683730 489
1683740 489
1683750 494
1683760 499
1683770 499
1683780 502
1683790 502
1683800 502
1683810 503
1683820 500
1683830 500
1683840 500
1683850 502
1683860 505
1683870 505
1683880 506
1683890 507
1683900 507
1683910 510
1683920 512
1683930 512
1683940 515
1683950 517
1683960 517
1683970 521
1683980 524
1683990 524
1684000 531
1684010 539
1684020 539
1684030 544
1684040 551
1684050 558
1684060 558
1684070 565
1684080 571
1684090 571
1684100 575
1684110 579
1684120 579
1684130 584
1684140 589
1684150 589
1684160 593
1684170 598
1684180 598
1684190 601
1684200 605
1684210 605
1684220 608
1684230 612
1684240 612
1684250 616
1684260 619
1684270 623
1684280 623
1684290 625
1684300 628
1684310 628
1684320 631
1684330 634
1684340 634
1684350 637
1684360 639
1684370 639
1684380 642
1684390 645
1684400 645
1684410 648
1684420 650
1684430 650
1684440 653
1684450 656
1684460 656
1684470 658
1684480 661
1684490 663
1684500 663
1684510 666
1684520 669
1684530 669
1684540 672
1684550 676
1684560 676
1684570 680
1684580 684
1684590 684
1684600 687
1684610 691
1684620 691
1684630 694
1684640 697
1684650 697
1684660 700
1684670 704
1684680 704
1684690 707
1684700 710
1684710 712
1684720 712
1684730 715
1684740 718
1684750 718
1684760 720
1684770 722
1684780 722
1684790 724
1684800 725
1684810 725
1684820 727
1684830 728
1684840 728
1684850 728
1684860 730
1684870 730
1684880 731
1684890 732
1684900 732
1684910 733
1684920 734
1684930 735
1684940 735
1684950 736
1684960 737
1684970 737
1684980 738
1684990 739
1685000 739
1685010 739
1685020 739
1685030 739
1685040 739
1685050 739
1685060 739
1685070 739
1685080 738
1685090 738
1685100 738
1685110 737
1685120 737
1685130 737
1685140 736
1685150 736
1685160 736
1685170 735
1685180 735
1685190 735
1685200 734
1685210 734
1685220 734
1685230 733
1685240 732
1685250 732
1685260 730
1685270 728
1685280 728
1685290 726
1685300 723
1685310 723
1685320 721
1685330 718
1685340 718
1685350 716
1685360 714
1685370 714
1685380 708
1685390 703
1685400 702
1685410 702
1685420 702
1685430 700
1685440 700
1685450 697
1685460 693
1685470 693
1685480 693
1685490 693
1685500 693
1685510 693
1685520 692
1685530 692
1685540 690
1685550 687
1685560 687
1685570 684
1685580 681
1685590 681
1685600 679
1685610 676
1685620 672
1685630 672
1685640 668
1685650 662
1685660 662
1685670 656
1685680 656
1685690 656
1685700 662
1685710 666
1685720 666
1685730 669
1685740 670
1685750 670
1685760 669
1685770 667
1685780 667
1685790 665
1685800 663
1685810 663
1685820 661
1685830 659
1685840 657
1685850 657
1685860 655
1685870 653
1685880 653
1685890 650
1685900 647
1685910 647
1685920 645
1685930 643
1685940 643
1685950 641
1685960 640
1685970 640
1685980 639
1685990 636
1686000 636
1686010 634
1686020 632
1686030 632
1686040 632
1686050 630
1686060 627
1686070 627
1686080 625
1686090 623
1686100 623
1686110 621
1686120 619
1686130 619
1686140 613
1686150 606
1686160 606
1686170 597
1686180 605
1686190 605
1686200 615
1686210 620
1686220 620
1686230 626
1686240 633
1686250 633
1686260 641
1686270 649
1686280 657
1686290 657
1686300 666
1686310 677
1686320 677
1686330 681
1686340 686
1686350 686
1686360 690
1686370 694
1686380 694
1686390 696
1686400 699
1686410 699
1686420 706
1686430 714
1686440 714
1686450 720
1686460 725
1686470 725
1686480 727
1686490 729
1686500 730
1686510 730
1686520 731
1686530 733
1686540 733
1686550 736
1686560 738
1686570 738
1686580 740
1686590 742
1686600 742
1686610 744
1686620 746
1686630 746
1686640 746
1686650 747
1686660 747
1686670 748
1686680 748
1686690 748
1686700 749
1686710 748
1686720 749
1686730 749
1686740 751
1686750 752
1686760 752
1686770 753
1686780 754
1686790 754
1686800 753
1686810 753
1686820 753
1686830 752
1686840 751
1686850 751
1686860 750
1686870 749
1686880 749
1686890 749
1686900 748
1686910 748
1686920 749
1686930 749
1686940 749
1686950 749
1686960 751
1686970 753
1686980 753
1686990 755
1687000 755
1687010 755
1687020 755
1687030 755
1687040 755
1687050 755
1687060 755
1687070 755
1687080 754
1687090 753
1687100 753
1687110 751
1687120 749
1687130 749
1687140 747
1687150 745
1687160 742
1687170 742
1687180 740
1687190 737
1687200 737
1687210 735
1687220 733
1687230 733
1687240 732
1687250 730
1687260 730
1687270 728
1687280 726
1687290 726
1687300 725
1687310 723
1687320 723
1687330 721
1687340 719
1687350 719
1687360 717
1687370 714
1687380 712
1687390 712
1687400 708
1687410 704
1687420 704
1687430 700
1687440 696
1687450 696
1687460 691
1687470 687
1687480 687
1687490 686
1687500 686
1687510 686
1687520 686
1687530 686
1687540 686
1687550 685
1687560 683
1687570 683
1687580 680
1687590 677
1687600 674
1687610 674
1687620 670
1687630 667
1687640 667
1687650 662
1687660 660
1687670 660
1687680 661
1687690 666
1687700 666
1687710 670
1687720 675
1687730 675
1687740 678
1687750 680
1687760 680
1687770 682
1687780 683
1687790 683
1687800 685
1687810 686
1687820 688
1687830 688
1687840 690
1687850 692
1687860 692
1687870 695
1687880 697
1687890 697
1687900 699
1687910 701
1687920 701
1687930 702
1687940 704
1687950 704
1687960 705
1687970 706
1687980 706
1687990 706
1688000 705
1688010 705
1688020 704
1688030 702
1688040 701
1688050 701
1688060 699
1688070 698
1688080 698
1688090 696
1688100 694
1688110 694
1688120 692
1688130 690
1688140 690
1688150 688
1688160 685
1688170 685
1688180 683
1688190 679
1688200 679
1688210 674
1688220 671
1688230 671
1688240 669
1688250 666
1688260 664
1688270 664
1688280 662
1688290 661
1688300 661
1688310 660
1688320 659
1688330 659
1688340 658
1688350 657
1688360 657
1688370 656
1688380 655
1688390 655
1688400 653
1688410 651
1688420 651
1688430 647
1688440 646
1688450 646
1688460 643
1688470 640
1688480 637
1688490 637
1688500 633
1688510 629
1688520 629
1688530 625
1688540 620
1688550 620
1688560 615
1688570 609
1688580 609
1688590 605
1688600 600
1688610 600
1688620 597
1688630 595
1688640 595
1688650 592
1688660 588
1688670 588
1688680 585
1688690 582
1688700 578
1688710 578
1688720 573
1688730 565
1688740 565
1688750 559
1688760 553
1688770 553
1688780 546
1688790 539
1688800 539
1688810 533
1688820 527
1688830 527
1688840 524
1688850 525
1688860 525
1688870 530
1688880 534
1688890 534
1688900 529
1688910 537
1688920 543
1688930 543
1688940 547
1688950 550
1688960 550
1688970 553
1688980 557
1688990 557
1689000 559
1689010 562
1689020 562
1689030 564
1689040 567
1689050 567
1689060 570
1689070 572
1689080 572
1689090 575
1689100 576
1689110 576
1689120 577
1689130 577
1689140 577
1689150 577
1689160 575
1689170 573
1689180 573
1689190 571
1689200 568
1689210 568
1689220 565
1689230 562
1689240 562
1689250 558
1689260 555
1689270 555
1689280 552
1689290 549
1689300 549
1689310 546
1689320 543
1689330 543
1689340 541
1689350 539
1689360 537
1689370 537
1689380 535
1689390 533
1689400 533
1689410 531
1689420 529
1689430 529
1689440 527
1689450 525
1689460 525
1689470 522
1689480 520
1689490 520
1689500 518
1689510 517
1689520 517
1689530 514
1689540 512
1689550 512
1689560 510
1689570 508
1689580 506
1689590 506
1689600 502
1689610 495
1689620 495
1689630 488
1689640 482
1689650 482
1689660 476
1689670 474
1689680 474
1689690 477
1689700 476
1689710 476
1689720 473
1689730 470
1689740 470
1689750 468
1689760 466
1689770 466
1689780 463
1689790 459
1689800 459
1689810 459
1689820 457
1689830 451
1689840 451
1689850 450
1689860 450
1689870 450
1689880 450
1689890 450
1689900 450
1689910 455
1689920 463
1689930 463
1689940 468
1689950 473
1689960 473
1689970 477
1689980 481
1689990 481
1690000 486
1690010 490
1690020 494
1690030 494
1690040 497
1690050 498
1690060 498
1690070 495
1690080 491
1690090 491
1690100 488
1690110 484
1690120 484
1690130 480
1690140 476
1690150 476
1690160 472
1690170 468
1690180 468
1690190 462
1690200 461
1690210 461
1690220 456
1690230 452
1690240 447
1690250 447
1690260 442
1690270 438
1690280 438
1690290 435
1690300 434
1690310 434
1690320 433
1690330 433
1690340 433
1690350 433
1690360 433
1690370 433
1690380 433
1690390 432
1690400 432
1690410 432
1690420 432
1690430 432
1690440 432
1690450 432
1690460 432
1690470 432
1690480 432
1690490 431
1690500 431
1690510 431
1690520 431
1690530 431
1690540 431
1690550 431
1690560 431
1690570 430
1690580 430
1690590 430
1690600 428
1690610 431
1690620 431
1690630 436
1690640 441
1690650 441
1690660 447
1690670 450
1690680 456
1690690 456
1690700 458
1690710 459
1690720 459
1690730 459
1690740 460
1690750 460
1690760 461
1690770 463
1690780 463
1690790 466
1690800 469
1690810 469
1690820 472
1690830 475
1690840 475
1690850 478
1690860 480
1690870 480
1690880 482
1690890 483
1690900 484
1690910 484
1690920 485
1690930 486
1690940 486
1690950 486
1690960 486
1690970 486
1690980 485
1690990 485
1691000 485
1691010 485
1691020 485
1691030 485
1691040 485
1691050 486
1691060 486
1691070 487
1691080 489
1691090 489
1691100 491
1691110 494
1691120 494
1691130 494
1691140 495
1691150 495
1691160 495
1691170 496
1691180 498
1691190 498
1691200 500
1691210 502
1691220 502
1691230 506
1691240 509
1691250 509
1691260 511
1691270 514
1691280 514
1691290 517
1691300 515
1691310 515
1691320 510
1691330 505
1691340 502
1691350 502
1691360 500
1691370 498
1691380 498
1691390 495
1691400 493
1691410 493
1691420 491
1691430 490
1691440 490
1691450 489
1691460 489
1691470 489
1691480 490
1691490 490
1691500 490
1691510 490
1691520 489
1691530 489
1691540 488
1691550 487
1691560 485
1691570 485
1691580 484
1691590 482
1691600 482
1691610 481
1691620 479
1691630 479
1691640 477
1691650 474
1691660 474
1691670 472
1691680 470
1691690 470
1691700 467
1691710 464
1691720 464
1691730 461
1691740 457
1691750 457
1691760 454
1691770 451
1691780 447
1691790 447
1691800 446
1691810 445
1691820 445
1691830 446
1691840 446
1691850 446
1691860 446
1691870 446
1691880 446
1691890 445
1691900 446
1691910 446
1691920 447
1691930 449
1691940 449
1691950 451
1691960 454
1691970 454
1691980 457
1691990 461
1692000 467
1692010 467
1692020 472
1692030 478
1692040 478
1692050 483
1692060 488
1692070 488
1692080 492
1692090 495
1692100 495
1692110 497
1692120 500
1692130 500
1692140 502
1692150 504
1692160 504
1692170 506
1692180 507
1692190 507
1692200 507
1692210 506
1692220 504
1692230 504
1692240 501
1692250 498
1692260 498
1692270 495
1692280 492
1692290 492
1692300 488
1692310 485
1692320 485
1692330 482
1692340 480
1692350 480
1692360 481
1692370 482
1692380 482
1692390 485
1692400 487
1692410 487
1692420 490
1692430 494
1692440 499
1692450 499
1692460 505
1692470 508
1692480 508
1692490 513
1692500 518
1692510 518
1692520 522
1692530 527
1692540 527
1692550 531
1692560 534
1692570 534
1692580 538
1692590 540
1692600 540
1692610 538
1692620 535
1692630 535
1692640 533
1692650 531
1692660 530
1692670 530
1692680 532
1692690 537
1692700 537
1692710 544
1692720 550
1692730 550
1692740 555
1692750 561
1692760 561
1692770 565
1692780 568
1692790 568
1692800 570
1692810 571
1692820 571
1692830 573
1692840 573
1692850 573
1692860 573
1692870 573
1692880 572
1692890 572
1692900 572
1692910 571
1692920 571
1692930 571
1692940 570
1692950 570
1692960 569
1692970 568
1692980 568
1692990 567
1693000 569
1693010 569
1693020 570
1693030 572
1693040 572
1693050 573
1693060 575
1693070 575
1693080 575
1693090 575
1693100 577
1693110 577
1693120 578
1693130 577
1693140 577
1693150 575
1693160 572
1693170 572
1693180 567
1693190 564
1693200 564
1693210 560
1693220 565
1693230 565
1693240 568
1693250 570
1693260 570
1693270 572
1693280 574
1693290 574
1693300 574
1693310 576
1693320 577
1693330 577
1693340 578
1693350 581
1693360 581
1693370 582
1693380 584
1693390 584
1693400 586
1693410 587
1693420 587
1693430 588
1693440 587
1693450 587
1693460 583
1693470 577
1693480 577
1693490 571
1693500 565
1693510 565
1693520 558
1693530 552
1693540 547
1693550 547
1693560 540
1693570 532
1693580 532
1693590 522
1693600 520
1693610 520
1693620 526
1693630 530
1693640 530
1693650 534
1693660 536
1693670 536
1693680 535
1693690 540
1693700 540
1693710 546
1693720 550
1693730 550
1693740 553
1693750 555
1693760 558
1693770 558
1693780 561
1693790 564
1693800 564
1693810 566
1693820 568
1693830 568
1693840 569
1693850 572
1693860 572
1693870 574
1693880 576
1693890 576
1693900 578
1693910 580
1693920 580
1693930 581
1693940 583
1693950 583
1693960 583
1693970 582
1693980 582
1693990 582
1694000 583
1694010 582
1694020 582
1694030 582
1694040 585
1694050 585
1694060 587
1694070 590
1694080 590
1694090 591
1694100 592
1694110 592
1694120 592
1694130 590
1694140 590
1694150 587
1694160 581
1694170 581
1694180 570
1694190 564
1694200 556
1694210 556
1694220 550
1694230 545
1694240 545
1694250 541
1694260 539
1694270 539
1694280 536
1694290 532
1694300 532
1694310 527
1694320 524
1694330 524
1694340 519
1694350 513
1694360 513
1694370 506
1694380 501
1694390 501
1694400 501
1694410 500
1694420 500
1694430 500
1694440 497
1694450 495
1694460 495
1694470 494
1694480 492
1694490 492
1694500 490
1694510 489
1694520 489
1694530 487
1694540 486
1694550 486
1694560 485
1694570 484
1694580 484
1694590 484
1694600 481
1694610 481
1694620 476
1694630 471
1694640 471
1694650 471
1694660 470
1694670 469
1694680 469
1694690 470
1694700 471
1694710 471
1694720 471
1694730 470
1694740 470
1694750 470
1694760 470
1694770 470
1694780 469
1694790 469
1694800 469
1694810 469
1694820 469
1694830 469
1694840 469
1694850 469
1694860 469
1694870 467
1694880 472
1694890 472
1694900 472
1694910 471
1694920 470
1694930 470
1694940 468
1694950 467
1694960 467
1694970 467
1694980 467
1694990 467
1695000 466
1695010 466
1695020 466
1695030 466
1695040 466
1695050 466
1695060 466
1695070 466
1695080 466
1695090 464
1695100 466
1695110 465
1695120 465
1695130 465
1695140 465
1695150 465
1695160 465
1695170 464
1695180 464
1695190 464
1695200 463
1695210 463
1695220 463
1695230 463
1695240 463
1695250 464
1695260 464
1695270 464
1695280 464
1695290 462
1695300 462
1695310 462
1695320 463
1695330 464
1695340 464
1695350 464
1695360 464
1695370 464
1695380 464
1695390 463
1695400 463
1695410 463
1695420 463
1695430 463
1695440 463
1695450 463
1695460 463
1695470 463
1695480 463
1695490 463
1695500 462
1695510 462
1695520 462
1695530 462
1695540 462
1695550 462
1695560 462
1695570 461
1695580 461
1695590 461
1695600 461
1695610 461
1695620 461
1695630 461
1695640 461
1695650 461
1695660 461
1695670 461
1695680 461
1695690 461
1695700 461
1695710 461
1695720 461
1695730 461
1695740 461
1695750 461
1695760 462
1695770 462
1695780 462
1695790 463
1695800 463
1695810 463
1695820 464
1695830 465
1695840 465
1695850 466
1695860 466
1695870 466
1695880 467
1695890 467
1695900 467
1695910 468
1695920 468
1695930 468
1695940 472
1695950 477
1695960 477
1695970 484
1695980 490
1695990 497
1696000 497
1696010 504
1696020 510
1696030 510
1696040 512
1696050 513
1696060 513
1696070 514
1696080 512
1696090 512
1696100 509
1696110 507
1696120 507
1696130 505
1696140 503
1696150 503
1696160 503
1696170 502
1696180 502
1696190 505
1696200 507
1696210 508
1696220 508
1696230 509
1696240 507
1696250 507
1696260 505
1696270 503
1696280 503
1696290 503
1696300 502
1696310 502
1696320 502
1696330 502
1696340 502
1696350 502
1696360 502
1696370 502
1696380 502
1696390 502
1696400 502
1696410 502
1696420 503
1696430 504
1696440 504
1696450 505
1696460 507
1696470 507
1696480 508
1696490 509
1696500 509
1696510 512
1696520 516
1696530 516
1696540 516
1696550 513
1696560 513
1696570 510
1696580 507
1696590 507
1696600 505
1696610 500
1696620 500
1696630 495
1696640 490
1696650 486
1696660 486
1696670 484
1696680 478
1696690 478
1696700 486
1696710 489
1696720 489
1696730 492
1696740 496
1696750 496
1696760 499
1696770 501
1696780 501
1696790 502
1696800 504
1696810 504
1696820 496
1696830 502
1696840 502
1696850 508
1696860 511
1696870 513
1696880 513
1696890 512
1696900 511
1696910 511
1696920 510
1696930 512
1696940 512
1696950 515
1696960 514
1696970 514
1696980 514
1696990 516
1697000 516
1697010 520
1697020 524
1697030 524
1697040 530
1697050 536
1697060 536
1697070 543
1697080 545
1697090 548
1697100 548
1697110 551
1697120 555
1697130 555
1697140 559
1697150 559
1697160 559
1697170 560
1697180 560
1697190 560
1697200 558
1697210 554
1697220 554
1697230 550
1697240 547
1697250 547
1697260 545
1697270 543
1697280 543
1697290 542
1697300 540
1697310 539
1697320 539
1697330 537
1697340 535
1697350 535
1697360 534
1697370 532
1697380 532
1697390 529
1697400 525
1697410 525
1697420 520
1697430 515
1697440 515
1697450 513
1697460 516
1697470 516
1697480 514
1697490 513
1697500 513
1697510 508
1697520 505
1697530 500
1697540 500
1697550 496
1697560 490
1697570 490
1697580 483
1697590 481
1697600 481
1697610 485
1697620 493
1697630 493
1697640 497
1697650 498
1697660 498
1697670 502
1697680 509
1697690 509
1697700 511
1697710 512
1697720 512
1697730 513
1697740 515
1697750 517
1697760 517
1697770 520
1697780 522
1697790 522
1697800 525
1697810 525
1697820 525
1697830 524
1697840 518
1697850 518
1697860 509
1697870 503
1697880 503
1697890 507
1697900 513
1697910 513
1697920 515
1697930 515
1697940 515
1697950 514
1697960 513
1697970 506
1697980 506
1697990 506
1698000 512
1698010 512
1698020 516
1698030 520
1698040 520
1698050 526
1698060 532
1698070 532
1698080 537
1698090 538
1698100 538
1698110 542
1698120 544
1698130 544
1698140 546
1698150 548
1698160 548
1698170 550
1698180 552
1698190 554
1698200 554
1698210 555
1698220 556
1698230 556
1698240 557
1698250 558
1698260 558
1698270 559
1698280 559
1698290 559
1698300 559
1698310 559
1698320 559
1698330 559
1698340 558
1698350 558
1698360 557
1698370 556
1698380 556
1698390 555
1698400 554
1698410 553
1698420 553
1698430 552
1698440 551
1698450 551
1698460 550
1698470 550
1698480 550
1698490 549
1698500 549
1698510 549
1698520 549
1698530 548
1698540 548
1698550 548
1698560 547
1698570 547
1698580 547
1698590 546
1698600 546
1698610 545
1698620 544
1698630 543
1698640 543
1698650 541
1698660 540
1698670 540
1698680 540
1698690 536
1698700 536
1698710 535
1698720 538
1698730 538
1698740 534
1698750 533
1698760 533
1698770 539
1698780 542
1698790 542
1698800 543
1698810 545
1698820 545
1698830 546
1698840 548
1698850 548
1698860 548
1698870 548
1698880 548
1698890 548
1698900 547
1698910 546
1698920 546
1698930 545
1698940 544
1698950 543
1698960 541
1698970 537
1698980 537
1698990 533
1699000 528
1699010 528
1699020 526
1699030 534
1699040 534
1699050 541
1699060 541
1699070 542
1699080 542
1699090 544
1699100 544
1699110 544
1699120 545
1699130 546
1699140 546
1699150 546
1699160 546
1699170 546
1699180 546
1699190 545
1699200 545
1699210 543
1699220 541
1699230 541
1699240 538
1699250 536
1699260 536
1699270 534
1699280 531
1699290 525
1699300 525
1699310 520
1699320 516
1699330 516
1699340 514
1699350 511
1699360 511
1699370 509
1699380 508
1699390 508
1699400 507
1699410 505
1699420 505
1699430 505
1699440 503
1699450 503
1699460 503
1699470 505
1699480 505
1699490 511
1699500 511
1699510 512
1699520 512
1699530 510
1699540 504
1699550 504
1699560 496
1699570 503
1699580 503
1699590 509
1699600 511
1699610 511
1699620 512
1699630 513
1699640 513
1699650 514
1699660 514
1699670 514
1699680 515
1699690 516
1699700 516
1699710 517
1699720 518
1699730 519
1699740 519
1699750 520
1699760 521
1699770 521
1699780 522
1699790 523
1699800 523
1699810 525
1699820 526
1699830 526
1699840 526
1699850 527
1699860 527
1699870 527
1699880 526
1699890 526
1699900 524
1699910 520
1699920 520
1699930 519
1699940 517
1699950 516
1699960 516
1699970 514
1699980 512
1699990 512
