1680000 734
1680010 736
1680020 736
1680030 736
1680040 737
1680050 737
1680060 738
1680070 740
1680080 740
1680090 743
1680100 745
1680110 745
1680120 747
1680130 749
1680140 748
1680150 748
1680160 746
1680170 744
1680180 744
1680190 741
1680200 739
1680210 739
1680220 735
1680230 731
1680240 731
1680250 727
1680260 722
1680270 722
1680280 718
1680290 713
1680300 713
1680310 708
1680320 703
1680330 703
1680340 698
1680350 694
1680360 690
1680370 690
1680380 687
1680390 684
1680400 684
1680410 683
1680420 682
1680430 682
1680440 678
1680450 676
1680460 676
1680470 674
1680480 672
1680490 672
1680500 670
1680510 669
1680520 669
1680530 667
1680540 666
1680550 666
1680560 663
1680570 660
1680580 657
1680590 657
1680600 654
1680610 650
1680620 650
1680630 647
1680640 643
1680650 643
1680660 635
1680670 631
1680680 631
1680690 626
1680700 623
1680710 623
1680720 618
1680730 620
1680740 620
1680750 618
1680760 617
1680770 617
1680780 614
1680790 609
1680800 609
1680810 606
1680820 602
1680830 606
1680840 606
1680850 608
1680860 607
1680870 607
1680880 611
1680890 610
1680900 610
1680910 609
1680920 608
1680930 608
1680940 606
1680950 604
1680960 604
1680970 602
1680980 600
1680990 600
1681000 598
1681010 596
1681020 596
1681030 594
1681040 593
1681050 591
1681060 591
1681070 588
1681080 586
1681090 586
1681100 582
1681110 579
1681120 579
1681130 574
1681140 569
1681150 569
1681160 565
1681170 560
1681180 560
1681190 556
1681200 552
1681210 552
1681220 548
1681230 546
1681240 546
1681250 541
1681260 537
1681270 533
1681280 533
1681290 529
1681300 525
1681310 525
1681320 520
1681330 514
1681340 514
1681350 511
1681360 509
1681370 509
1681380 508
1681390 507
1681400 507
1681410 506
1681420 506
1681430 506
1681440 505
1681450 504
1681460 504
1681470 504
1681480 504
1681490 503
1681500 503
1681510 502
1681520 502
1681530 502
1681540 501
1681550 501
1681560 501
1681570 503
1681580 503
1681590 503
1681600 502
1681610 502
1681620 502
1681630 502
1681640 502
1681650 502
1681660 502
1681670 502
1681680 502
1681690 502
1681700 502
1681710 502
1681720 502
1681730 502
1681740 501
1681750 501
1681760 498
1681770 501
1681780 501
1681790 503
1681800 504
1681810 504
1681820 511
1681830 515
1681840 515
1681850 521
1681860 524
1681870 524
1681880 529
1681890 535
1681900 535
1681910 539
1681920 544
1681930 544
1681940 548
1681950 552
1681960 555
1681970 555
1681980 558
1681990 559
1682000 559
1682010 560
1682020 559
1682030 559
1682040 560
1682050 559
1682060 559
1682070 560
1682080 560
1682090 560
1682100 560
1682110 560
1682120 560
1682130 561
1682140 564
1682150 564
1682160 566
1682170 566
1682180 566
1682190 566
1682200 567
1682210 571
1682220 571
1682230 576
1682240 580
1682250 580
1682260 584
1682270 589
1682280 589
1682290 593
1682300 597
1682310 597
1682320 599
1682330 603
1682340 603
1682350 609
1682360 614
1682370 614
1682380 619
1682390 624
1682400 629
1682410 629
1682420 634
1682430 639
1682440 639
1682450 645
1682460 650
1682470 650
1682480 655
1682490 659
1682500 659
1682510 664
1682520 671
1682530 671
1682540 676
1682550 681
1682560 681
1682570 686
1682580 692
1682590 692
1682600 697
1682610 702
1682620 707
1682630 707
1682640 712
1682650 715
1682660 715
1682670 718
1682680 719
1682690 719
1682700 716
1682710 712
1682720 712
1682730 709
1682740 704
1682750 704
1682760 700
1682770 697
1682780 697
1682790 693
1682800 691
1682810 691
1682820 688
1682830 686
1682840 686
1682850 684
1682860 683
1682870 682
1682880 682
1682890 680
1682900 679
1682910 679
1682920 678
1682930 677
1682940 677
1682950 676
1682960 675
1682970 675
1682980 674
1682990 672
1683000 672
1683010 671
1683020 670
1683030 670
1683040 668
1683050 667
1683060 667
1683070 666
1683080 665
1683090 662
1683100 662
1683110 659
1683120 655
1683130 655
1683140 651
1683150 649
1683160 649
1683170 645
1683180 640
1683190 640
1683200 634
1683210 629
1683220 629
1683230 626
1683240 623
1683250 623
1683260 617
1683270 617
1683280 617
1683290 617
1683300 614
1683310 609
1683320 609
1683330 605
1683340 599
1683350 599
1683360 595
1683370 591
1683380 591
1683390 588
1683400 583
1683410 583
1683420 585
1683430 584
1683440 584
1683450 587
1683460 589
1683470 589
1683480 590
1683490 589
1683500 589
1683510 585
1683520 581
1683530 581
1683540 581
1683550 578
1683560 584
1683570 584
1683580 589
1683590 596
1683600 596
1683610 603
1683620 608
1683630 608
1683640 614
1683650 621
1683660 621
1683670 628
1683680 633
1683690 633
1683700 640
1683710 645
1683720 645
1683730 650
1683740 655
1683750 660
1683760 660
1683770 664
1683780 667
1683790 667
1683800 671
1683810 675
1683820 675
1683830 678
1683840 681
1683850 681
1683860 688
1683870 690
1683880 690
1683890 692
1683900 695
1683910 695
1683920 699
1683930 704
1683940 704
1683950 709
1683960 712
1683970 712
1683980 715
1683990 717
1684000 720
1684010 720
1684020 723
1684030 728
1684040 728
1684050 731
1684060 735
1684070 735
1684080 739
1684090 743
1684100 743
1684110 746
1684120 748
1684130 748
1684140 749
1684150 749
1684160 749
1684170 748
1684180 747
1684190 747
1684200 746
1684210 745
1684220 743
1684230 743
1684240 741
1684250 739
1684260 739
1684270 737
1684280 735
1684290 735
1684300 733
1684310 731
1684320 731
1684330 728
1684340 725
1684350 725
1684360 722
1684370 720
1684380 720
1684390 719
1684400 715
1684410 715
1684420 713
1684430 712
1684440 711
1684450 711
1684460 709
1684470 707
1684480 707
1684490 705
1684500 703
1684510 703
1684520 704
1684530 705
1684540 705
1684550 704
1684560 703
1684570 703
1684580 701
1684590 700
1684600 700
1684610 700
1684620 699
1684630 699
1684640 697
1684650 698
1684660 699
1684670 699
1684680 699
1684690 697
1684700 697
1684710 695
1684720 692
1684730 692
1684740 689
1684750 686
1684760 686
1684770 684
1684780 682
1684790 682
1684800 680
1684810 678
1684820 678
1684830 676
1684840 674
1684850 674
1684860 672
1684870 670
1684880 670
1684890 668
1684900 667
1684910 666
1684920 666
1684930 665
1684940 665
1684950 665
1684960 664
1684970 662
1684980 662
1684990 660
1685000 659
1685010 659
1685020 657
1685030 655
1685040 655
1685050 650
1685060 646
1685070 646
1685080 639
1685090 635
1685100 635
1685110 645
1685120 650
1685130 655
1685140 655
1685150 661
1685160 665
1685170 665
1685180 671
1685190 676
1685200 676
1685210 682
1685220 688
1685230 688
1685240 695
1685250 701
1685260 701
1685270 707
1685280 713
1685290 713
1685300 717
1685310 721
1685320 721
1685330 724
1685340 726
1685350 726
1685360 726
1685370 728
1685380 730
1685390 730
1685400 733
1685410 737
1685420 737
1685430 741
1685440 745
1685450 745
1685460 748
1685470 752
1685480 752
1685490 757
1685500 761
1685510 761
1685520 766
1685530 770
1685540 770
1685550 774
1685560 776
1685570 776
1685580 776
1685590 775
1685600 771
1685610 771
1685620 767
1685630 763
1685640 763
1685650 759
1685660 756
1685670 756
1685680 752
1685690 749
1685700 749
1685710 746
1685720 742
1685730 742
1685740 738
1685750 734
1685760 734
1685770 730
1685780 726
1685790 721
1685800 721
1685810 717
1685820 713
1685830 713
1685840 708
1685850 705
1685860 705
1685870 702
1685880 699
1685890 699
1685900 697
1685910 696
1685920 696
1685930 693
1685940 692
1685950 692
1685960 685
1685970 677
1685980 677
1685990 670
1686000 664
1686010 664
1686020 658
1686030 651
1686040 643
1686050 643
1686060 639
1686070 633
1686080 633
1686090 629
1686100 625
1686110 625
1686120 622
1686130 619
1686140 619
1686150 614
1686160 614
1686170 614
1686180 612
1686190 611
1686200 611
1686210 610
1686220 607
1686230 607
1686240 605
1686250 602
1686260 599
1686270 599
1686280 595
1686290 591
1686300 591
1686310 587
1686320 582
1686330 582
1686340 578
1686350 574
1686360 574
1686370 568
1686380 566
1686390 566
1686400 565
1686410 562
1686420 562
1686430 560
1686440 560
1686450 560
1686460 560
1686470 558
1686480 557
1686490 557
1686500 556
1686510 557
1686520 557
1686530 559
1686540 563
1686550 563
1686560 566
1686570 566
1686580 566
1686590 567
1686600 569
1686610 569
1686620 569
1686630 570
1686640 570
1686650 570
1686660 571
1686670 571
1686680 572
1686690 572
1686700 573
1686710 573
1686720 576
1686730 578
1686740 578
1686750 579
1686760 578
1686770 578
1686780 582
1686790 584
1686800 584
1686810 587
1686820 590
1686830 590
1686840 592
1686850 592
1686860 592
1686870 593
1686880 594
1686890 594
1686900 596
1686910 598
1686920 598
1686930 599
1686940 600
1686950 600
1686960 600
1686970 600
1686980 601
1686990 601
1687000 601
1687010 600
1687020 600
1687030 600
1687040 600
1687050 600
1687060 600
1687070 600
1687080 600
1687090 600
1687100 600
1687110 600
1687120 599
1687130 600
1687140 600
1687150 600
1687160 599
1687170 597
1687180 597
1687190 595
1687200 592
1687210 592
1687220 590
1687230 586
1687240 586
1687250 580
1687260 572
1687270 572
1687280 569
1687290 565
1687300 565
1687310 560
1687320 557
1687330 557
1687340 561
1687350 558
1687360 558
1687370 558
1687380 560
1687390 560
1687400 560
1687410 558
1687420 557
1687430 557
1687440 554
1687450 550
1687460 550
1687470 548
1687480 544
1687490 544
1687500 541
1687510 536
1687520 536
1687530 533
1687540 530
1687550 530
1687560 526
1687570 522
1687580 522
1687590 517
1687600 511
1687610 506
1687620 506
1687630 501
1687640 495
1687650 495
1687660 491
1687670 487
1687680 487
1687690 484
1687700 482
1687710 482
1687720 481
1687730 480
1687740 480
1687750 480
1687760 480
1687770 480
1687780 478
1687790 478
1687800 478
1687810 479
1687820 480
1687830 480
1687840 480
1687850 480
1687860 481
1687870 481
1687880 481
1687890 480
1687900 480
1687910 480
1687920 480
1687930 480
1687940 480
1687950 480
1687960 480
1687970 481
1687980 482
1687990 482
1688000 483
1688010 485
1688020 485
1688030 487
1688040 488
1688050 488
1688060 489
1688070 491
1688080 491
1688090 491
1688100 491
1688110 490
1688120 490
1688130 490
1688140 489
1688150 489
1688160 488
1688170 486
1688180 486
1688190 490
1688200 494
1688210 494
1688220 497
1688230 501
1688240 501
1688250 504
1688260 507
1688270 507
1688280 511
1688290 515
1688300 519
1688310 519
1688320 522
1688330 525
1688340 525
1688350 527
1688360 530
1688370 530
1688380 532
1688390 534
1688400 534
1688410 536
1688420 540
1688430 540
1688440 543
1688450 546
1688460 546
1688470 549
1688480 552
1688490 552
1688500 554
1688510 557
1688520 560
1688530 560
1688540 562
1688550 564
1688560 564
1688570 566
1688580 569
1688590 569
1688600 571
1688610 573
1688620 573
1688630 574
1688640 576
1688650 576
1688660 579
1688670 580
1688680 580
1688690 581
1688700 583
1688710 583
1688720 585
1688730 587
1688740 589
1688750 589
1688760 590
1688770 592
1688780 592
1688790 594
1688800 596
1688810 596
1688820 598
1688830 599
1688840 599
1688850 601
1688860 602
1688870 602
1688880 603
1688890 603
1688900 603
1688910 602
1688920 600
1688930 600
1688940 595
1688950 594
1688960 594
1688970 593
1688980 591
1688990 591
1689000 591
1689010 591
1689020 592
1689030 592
1689040 594
1689050 596
1689060 596
1689070 599
1689080 602
1689090 602
1689100 605
1689110 608
1689120 608
1689130 611
1689140 612
1689150 612
1689160 614
1689170 615
1689180 615
1689190 615
1689200 615
1689210 615
1689220 615
1689230 614
1689240 614
1689250 614
1689260 615
1689270 616
1689280 616
1689290 617
1689300 619
1689310 619
1689320 621
1689330 624
1689340 624
1689350 627
1689360 629
1689370 629
1689380 631
1689390 633
1689400 633
1689410 634
1689420 636
1689430 636
1689440 636
1689450 635
1689460 634
1689470 634
1689480 633
1689490 631
1689500 631
1689510 629
1689520 628
1689530 628
1689540 628
1689550 628
1689560 628
1689570 628
1689580 624
1689590 624
1689600 630
1689610 638
1689620 638
1689630 644
1689640 649
1689650 654
1689660 654
1689670 660
1689680 665
1689690 665
1689700 670
1689710 675
1689720 675
1689730 680
1689740 684
1689750 684
1689760 688
1689770 691
1689780 691
1689790 694
1689800 696
1689810 696
1689820 697
1689830 698
1689840 698
1689850 700
1689860 702
1689870 703
1689880 703
1689890 705
1689900 706
1689910 706
1689920 708
1689930 711
1689940 711
1689950 713
1689960 715
1689970 715
1689980 718
1689990 720
1690000 720
1690010 721
1690020 722
1690030 722
1690040 722
1690050 722
1690060 722
1690070 721
1690080 719
1690090 719
1690100 717
1690110 715
1690120 713
1690130 713
1690140 712
1690150 712
1690160 712
1690170 712
1690180 712
1690190 712
1690200 712
1690210 714
1690220 714
1690230 715
1690240 717
1690250 717
1690260 719
1690270 720
1690280 720
1690290 720
1690300 720
1690310 720
1690320 720
1690330 718
1690340 716
1690350 716
1690360 714
1690370 710
1690380 710
1690390 706
1690400 702
1690410 702
1690420 697
1690430 693
1690440 693
1690450 691
1690460 690
1690470 690
1690480 689
1690490 689
1690500 689
1690510 689
1690520 688
1690530 688
1690540 688
1690550 687
1690560 686
1690570 686
1690580 684
1690590 682
1690600 682
1690610 680
1690620 677
1690630 677
1690640 676
1690650 675
1690660 675
1690670 675
1690680 674
1690690 674
1690700 673
1690710 670
1690720 670
1690730 667
1690740 664
1690750 664
1690760 662
1690770 660
1690780 659
1690790 659
1690800 656
1690810 653
1690820 653
1690830 649
1690840 649
1690850 649
1690860 648
1690870 646
1690880 646
1690890 644
1690900 644
1690910 644
1690920 643
1690930 641
1690940 641
1690950 640
1690960 638
1690970 638
1690980 636
1690990 634
1691000 634
1691010 632
1691020 630
1691030 628
1691040 628
1691050 625
1691060 621
1691070 621
1691080 617
1691090 616
1691100 616
1691110 613
1691120 609
1691130 609
1691140 607
1691150 606
1691160 606
1691170 605
1691180 603
1691190 603
1691200 602
1691210 604
1691220 604
1691230 604
1691240 603
1691250 603
1691260 603
1691270 603
1691280 604
1691290 604
1691300 604
1691310 603
1691320 603
1691330 598
1691340 595
1691350 595
1691360 602
1691370 604
1691380 604
1691390 610
1691400 612
1691410 612
1691420 615
1691430 618
1691440 618
1691450 621
1691460 624
1691470 628
1691480 628
1691490 631
1691500 636
1691510 636
1691520 640
1691530 643
1691540 643
1691550 646
1691560 648
1691570 648
1691580 649
1691590 650
1691600 650
1691610 649
1691620 648
1691630 648
1691640 646
1691650 644
1691660 644
1691670 641
1691680 637
1691690 633
1691700 633
1691710 630
1691720 626
1691730 626
1691740 623
1691750 619
1691760 619
1691770 614
1691780 610
1691790 610
1691800 606
1691810 601
1691820 601
1691830 598
1691840 594
1691850 594
1691860 591
1691870 589
1691880 589
1691890 586
1691900 584
1691910 581
1691920 581
1691930 579
1691940 575
1691950 575
1691960 572
1691970 569
1691980 569
1691990 566
1692000 562
1692010 562
1692020 557
1692030 551
1692040 551
1692050 546
1692060 544
1692070 544
1692080 545
1692090 545
1692100 545
1692110 547
1692120 548
1692130 548
1692140 547
1692150 547
1692160 549
1692170 549
1692180 552
1692190 556
1692200 556
1692210 560
1692220 564
1692230 564
1692240 567
1692250 571
1692260 571
1692270 575
1692280 579
1692290 579
1692300 585
1692310 588
1692320 588
1692330 591
1692340 593
1692350 593
1692360 596
1692370 598
1692380 602
1692390 602
1692400 605
1692410 606
1692420 606
1692430 609
1692440 613
1692450 613
1692460 617
1692470 620
1692480 620
1692490 624
1692500 628
1692510 628
1692520 633
1692530 637
1692540 637
1692550 641
1692560 645
1692570 645
1692580 651
1692590 653
1692600 656
1692610 656
1692620 660
1692630 663
1692640 663
1692650 667
1692660 669
1692670 669
1692680 672
1692690 674
1692700 674
1692710 678
1692720 680
1692730 680
1692740 683
1692750 685
1692760 685
1692770 688
1692780 690
1692790 690
1692800 692
1692810 693
1692820 692
1692830 692
1692840 692
1692850 690
1692860 690
1692870 689
1692880 687
1692890 687
1692900 684
1692910 682
1692920 682
1692930 680
1692940 679
1692950 679
1692960 679
1692970 678
1692980 678
1692990 678
1693000 679
1693010 679
1693020 680
1693030 678
1693040 678
1693050 675
1693060 670
1693070 664
1693080 664
1693090 659
1693100 655
1693110 655
1693120 653
1693130 657
1693140 657
1693150 659
1693160 663
1693170 663
1693180 667
1693190 670
1693200 670
1693210 673
1693220 674
1693230 674
1693240 675
1693250 676
1693260 676
1693270 673
1693280 678
1693290 681
1693300 681
1693310 684
1693320 688
1693330 688
1693340 691
1693350 694
1693360 694
1693370 697
1693380 698
1693390 698
1693400 698
1693410 697
1693420 697
1693430 695
1693440 693
1693450 693
1693460 690
1693470 688
1693480 688
1693490 686
1693500 684
1693510 683
1693520 683
1693530 679
1693540 677
1693550 677
1693560 674
1693570 670
1693580 670
1693590 665
1693600 659
1693610 659
1693620 655
1693630 649
1693640 649
1693650 643
1693660 639
1693670 639
1693680 634
1693690 634
1693700 634
1693710 637
1693720 639
1693730 638
1693740 638
1693750 638
1693760 635
1693770 635
1693780 635
1693790 633
1693800 633
1693810 637
1693820 642
1693830 642
1693840 644
1693850 646
1693860 646
1693870 652
1693880 657
1693890 657
1693900 660
1693910 663
1693920 663
1693930 667
1693940 670
1693950 673
1693960 673
1693970 676
1693980 679
1693990 679
1694000 682
1694010 685
1694020 685
1694030 688
1694040 690
1694050 690
1694060 694
1694070 697
1694080 697
1694090 701
1694100 703
1694110 703
1694120 708
1694130 710
1694140 710
1694150 712
1694160 715
1694170 715
1694180 718
1694190 722
1694200 725
1694210 725
1694220 729
1694230 734
1694240 734
1694250 739
1694260 743
1694270 743
1694280 747
1694290 749
1694300 749
1694310 751
1694320 752
1694330 752
1694340 754
1694350 754
1694360 754
1694370 756
1694380 756
1694390 756
1694400 756
1694410 756
1694420 756
1694430 756
1694440 754
1694450 751
1694460 751
1694470 751
1694480 746
1694490 746
1694500 741
1694510 737
1694520 737
1694530 733
1694540 731
1694550 731
1694560 729
1694570 726
1694580 726
1694590 725
1694600 724
1694610 724
1694620 725
1694630 728
1694640 730
1694650 730
1694660 732
1694670 735
1694680 735
1694690 737
1694700 739
1694710 739
1694720 740
1694730 743
1694740 743
1694750 744
1694760 745
1694770 745
1694780 746
1694790 747
1694800 747
1694810 747
1694820 746
1694830 746
1694840 744
1694850 740
1694860 736
1694870 736
1694880 732
1694890 730
1694900 730
1694910 728
1694920 726
1694930 726
1694940 726
1694950 725
1694960 725
1694970 725
1694980 726
1694990 726
1695000 728
1695010 730
1695020 730
1695030 732
1695040 734
1695050 734
1695060 735
1695070 735
1695080 735
1695090 735
1695100 734
1695110 732
1695120 732
1695130 731
1695140 730
1695150 730
1695160 728
1695170 725
1695180 725
1695190 723
1695200 719
1695210 719
1695220 715
1695230 713
1695240 713
1695250 710
1695260 707
1695270 707
1695280 704
1695290 701
1695300 701
1695310 698
1695320 696
1695330 693
1695340 693
1695350 691
1695360 689
1695370 689
1695380 688
1695390 685
1695400 685
1695410 684
1695420 683
1695430 683
1695440 681
1695450 679
1695460 679
1695470 678
1695480 677
1695490 677
1695500 676
1695510 675
1695520 675
1695530 674
1695540 673
1695550 671
1695560 671
1695570 669
1695580 667
1695590 667
1695600 664
1695610 662
1695620 662
1695630 659
1695640 656
1695650 656
1695660 653
1695670 651
1695680 651
1695690 648
1695700 646
1695710 646
1695720 644
1695730 642
1695740 642
1695750 641
1695760 638
1695770 635
1695780 635
1695790 630
1695800 625
1695810 625
1695820 621
1695830 620
1695840 620
1695850 620
1695860 620
1695870 620
1695880 620
1695890 620
1695900 620
1695910 622
1695920 624
1695930 624
1695940 627
1695950 630
1695960 630
1695970 634
1695980 637
1695990 640
1696000 640
1696010 637
1696020 635
1696030 635
1696040 632
1696050 631
1696060 631
1696070 632
1696080 637
1696090 637
1696100 640
1696110 643
1696120 643
1696130 645
1696140 648
1696150 648
1696160 651
1696170 653
1696180 653
1696190 656
1696200 659
1696210 659
1696220 661
1696230 664
1696240 667
1696250 667
1696260 670
1696270 673
1696280 673
1696290 677
1696300 681
1696310 681
1696320 684
1696330 687
1696340 687
1696350 690
1696360 692
1696370 692
1696380 694
1696390 696
1696400 696
1696410 696
1696420 695
1696430 695
1696440 694
1696450 693
1696460 690
1696470 690
1696480 687
1696490 683
1696500 683
1696510 679
1696520 675
1696530 675
1696540 671
1696550 667
1696560 667
1696570 666
1696580 665
1696590 665
1696600 662
1696610 658
1696620 658
1696630 655
1696640 650
1696650 650
1696660 646
1696670 642
1696680 638
1696690 638
1696700 635
1696710 634
1696720 634
1696730 635
1696740 637
1696750 637
1696760 640
1696770 644
1696780 644
1696790 647
1696800 650
1696810 650
1696820 653
1696830 656
1696840 656
1696850 658
1696860 660
1696870 660
1696880 663
1696890 665
1696900 666
1696910 666
1696920 665
1696930 662
1696940 662
1696950 658
1696960 653
1696970 653
1696980 648
1696990 644
1697000 644
1697010 641
1697020 638
1697030 638
1697040 635
1697050 631
1697060 631
1697070 629
1697080 626
1697090 626
1697100 624
1697110 621
1697120 615
1697130 615
1697140 612
1697150 609
1697160 609
1697170 606
1697180 603
1697190 603
1697200 599
1697210 594
1697220 594
1697230 590
1697240 587
1697250 587
1697260 582
1697270 580
1697280 580
1697290 575
1697300 568
1697310 568
1697320 568
1697330 570
1697340 570
1697350 571
1697360 573
1697370 573
1697380 573
1697390 572
1697400 572
1697410 572
1697420 571
1697430 570
1697440 570
1697450 567
1697460 565
1697470 565
1697480 562
1697490 561
1697500 561
1697510 559
1697520 557
1697530 557
1697540 553
1697550 548
1697560 548
1697570 545
1697580 542
1697590 541
1697600 541
1697610 542
1697620 546
1697630 546
1697640 547
1697650 548
1697660 548
1697670 550
1697680 552
1697690 552
1697700 553
1697710 554
1697720 554
1697730 556
1697740 557
1697750 557
1697760 559
1697770 561
1697780 561
1697790 562
1697800 564
1697810 565
1697820 565
1697830 566
1697840 565
1697850 565
1697860 561
1697870 560
1697880 560
1697890 562
1697900 566
1697910 566
1697920 567
1697930 570
1697940 570
1697950 572
1697960 572
1697970 572
1697980 571
1697990 568
1698000 568
1698010 566
1698020 565
1698030 564
1698040 564
1698050 563
1698060 561
1698070 561
1698080 560
1698090 559
1698100 559
1698110 560
1698120 561
1698130 561
1698140 561
1698150 562
1698160 562
1698170 563
1698180 566
1698190 566
1698200 569
1698210 572
1698220 572
1698230 574
1698240 576
1698250 576
1698260 577
1698270 579
1698280 581
1698290 581
1698300 582
1698310 584
1698320 584
1698330 584
1698340 584
1698350 584
1698360 583
1698370 582
1698380 582
1698390 580
1698400 578
1698410 577
1698420 575
1698430 573
1698440 573
1698450 571
1698460 569
1698470 569
1698480 566
1698490 563
1698500 560
1698510 560
1698520 557
1698530 554
1698540 554
1698550 550
1698560 547
1698570 547
1698580 543
1698590 539
1698600 539
1698610 536
1698620 533
1698630 533
1698640 527
1698650 522
1698660 522
1698670 518
1698680 514
1698690 514
1698700 510
1698710 513
1698720 518
1698730 518
1698740 523
1698750 525
1698760 525
1698770 529
1698780 535
1698790 535
1698800 540
1698810 544
1698820 544
1698830 549
1698840 554
1698850 554
1698860 560
1698870 566
1698880 566
1698890 571
1698900 576
1698910 576
1698920 582
1698930 587
1698940 592
1698950 592
1698960 595
1698970 599
1698980 599
1698990 602
1699000 604
1699010 604
1699020 606
1699030 608
1699040 608
1699050 610
1699060 611
1699070 611
1699080 612
1699090 612
1699100 612
1699110 611
1699120 608
1699130 608
1699140 606
1699150 604
1699160 601
1699170 601
1699180 600
1699190 599
1699200 599
1699210 598
1699220 597
1699230 597
1699240 595
1699250 593
1699260 593
1699270 589
1699280 585
1699290 585
1699300 580
1699310 574
1699320 574
1699330 567
1699340 561
1699350 561
1699360 557
1699370 549
1699380 549
1699390 543
1699400 539
1699410 535
1699420 535
1699430 537
1699440 541
1699450 541
1699460 548
1699470 554
1699480 554
1699490 558
1699500 559
1699510 559
1699520 555
1699530 550
1699540 550
1699550 546
1699560 543
1699570 543
1699580 539
1699590 543
1699600 543
1699610 547
1699620 553
1699630 560
1699640 560
1699650 564
1699660 569
1699670 569
1699680 573
1699690 578
1699700 578
1699710 582
1699720 586
1699730 586
1699740 590
1699750 596
1699760 596
1699770 604
1699780 606
1699790 606
1699800 615
1699810 622
1699820 622
1699830 627
1699840 632
1699850 636
1699860 636
1699870 641
1699880 642
1699890 642
1699900 647
1699910 650
1699920 650
1699930 653
1699940 656
1699950 656
1699960 659
1699970 661
1699980 661
1699990 663
