1680000 621
1680010 618
1680020 618
1680030 615
1680040 609
1680050 609
1680060 605
1680070 600
1680080 600
1680090 595
1680100 599
1680110 599
1680120 601
1680130 603
1680140 603
1680150 610
1680160 610
1680170 611
1680180 611
1680190 612
1680200 613
1680210 613
1680220 615
1680230 617
1680240 617
1680250 618
1680260 619
1680270 619
1680280 619
1680290 620
1680300 620
1680310 620
1680320 623
1680330 623
1680340 623
1680350 623
1680360 623
1680370 623
1680380 623
1680390 622
1680400 622
1680410 621
1680420 623
1680430 623
1680440 623
1680450 622
1680460 622
1680470 623
1680480 622
1680490 622
1680500 622
1680510 622
1680520 622
1680530 622
1680540 621
1680550 621
1680560 621
1680570 620
1680580 620
1680590 618
1680600 617
1680610 615
1680620 615
1680630 614
1680640 612
1680650 612
1680660 609
1680670 607
1680680 607
1680690 604
1680700 601
1680710 601
1680720 599
1680730 597
1680740 597
1680750 594
1680760 592
1680770 592
1680780 590
1680790 587
1680800 587
1680810 585
1680820 583
1680830 583
1680840 579
1680850 576
1680860 573
1680870 573
1680880 570
1680890 566
1680900 566
1680910 563
1680920 560
1680930 560
1680940 558
1680950 556
1680960 556
1680970 554
1680980 552
1680990 552
1681000 550
1681010 548
1681020 548
1681030 545
1681040 543
1681050 543
1681060 541
1681070 538
1681080 533
1681090 533
1681100 525
1681110 514
1681120 514
1681130 510
1681140 509
1681150 509
1681160 509
1681170 509
1681180 509
1681190 507
1681200 508
1681210 508
1681220 509
1681230 509
1681240 509
1681250 509
1681260 509
1681270 509
1681280 509
1681290 510
1681300 511
1681310 511
1681320 512
1681330 514
1681340 514
1681350 514
1681360 514
1681370 514
1681380 513
1681390 514
1681400 514
1681410 515
1681420 515
1681430 515
1681440 515
1681450 518
1681460 518
1681470 519
1681480 520
1681490 520
1681500 519
1681510 520
1681520 522
1681530 522
1681540 524
1681550 527
1681560 527
1681570 531
1681580 533
1681590 533
1681600 536
1681610 539
1681620 539
1681630 543
1681640 547
1681650 547
1681660 552
1681670 558
1681680 558
1681690 563
1681700 568
1681710 568
1681720 572
1681730 576
1681740 576
1681750 580
1681760 582
1681770 586
1681780 586
1681790 589
1681800 593
1681810 593
1681820 597
1681830 602
1681840 602
1681850 607
1681860 611
1681870 611
1681880 617
1681890 621
1681900 621
1681910 626
1681920 630
1681930 630
1681940 634
1681950 637
1681960 637
1681970 637
1681980 636
1681990 637
1682000 637
1682010 639
1682020 642
1682030 642
1682040 645
1682050 648
1682060 648
1682070 651
1682080 653
1682090 653
1682100 655
1682110 658
1682120 658
1682130 662
1682140 665
1682150 665
1682160 668
1682170 669
1682180 669
1682190 675
1682200 680
1682210 685
1682220 685
1682230 690
1682240 696
1682250 696
1682260 702
1682270 707
1682280 707
1682290 712
1682300 716
1682310 716
1682320 721
1682330 726
1682340 726
1682350 729
1682360 734
1682370 734
1682380 738
1682390 739
1682400 739
1682410 735
1682420 729
1682430 726
1682440 726
1682450 723
1682460 720
1682470 720
1682480 717
1682490 714
1682500 714
1682510 712
1682520 709
1682530 709
1682540 706
1682550 703
1682560 703
1682570 699
1682580 695
1682590 695
1682600 692
1682610 687
1682620 687
1682630 688
1682640 691
1682650 691
1682660 693
1682670 692
1682680 695
1682690 695
1682700 697
1682710 698
1682720 698
1682730 699
1682740 699
1682750 699
1682760 700
1682770 702
1682780 702
1682790 703
1682800 704
1682810 704
1682820 706
1682830 708
1682840 708
1682850 709
1682860 711
1682870 711
1682880 712
1682890 716
1682900 718
1682910 718
1682920 721
1682930 724
1682940 724
1682950 728
1682960 732
1682970 732
1682980 736
1682990 740
1683000 740
1683010 744
1683020 745
1683030 745
1683040 745
1683050 745
1683060 745
1683070 744
1683080 743
1683090 743
1683100 743
1683110 741
1683120 744
1683130 744
1683140 747
1683150 747
1683160 747
1683170 747
1683180 747
1683190 747
1683200 747
1683210 745
1683220 745
1683230 743
1683240 740
1683250 740
1683260 737
1683270 733
1683280 733
1683290 729
1683300 726
1683310 726
1683320 723
1683330 721
1683340 717
1683350 717
1683360 711
1683370 707
1683380 707
1683390 704
1683400 698
1683410 698
1683420 692
1683430 686
1683440 686
1683450 684
1683460 678
1683470 678
1683480 669
1683490 665
1683500 665
1683510 667
1683520 670
1683530 670
1683540 672
1683550 671
1683560 667
1683570 667
1683580 665
1683590 661
1683600 661
1683610 657
1683620 655
1683630 655
1683640 653
1683650 651
1683660 651
1683670 648
1683680 644
1683690 644
1683700 640
1683710 633
1683720 633
1683730 629
1683740 623
1683750 623
1683760 617
1683770 615
1683780 615
1683790 620
1683800 621
1683810 623
1683820 623
1683830 631
1683840 635
1683850 635
1683860 642
1683870 648
1683880 648
1683890 652
1683900 656
1683910 656
1683920 661
1683930 665
1683940 665
1683950 667
1683960 673
1683970 673
1683980 678
1683990 683
1684000 683
1684010 689
1684020 692
1684030 699
1684040 699
1684050 704
1684060 710
1684070 710
1684080 716
1684090 722
1684100 722
1684110 728
1684120 733
1684130 733
1684140 739
1684150 746
1684160 746
1684170 751
1684180 757
1684190 757
1684200 763
1684210 768
1684220 768
1684230 773
1684240 778
1684250 783
1684260 783
1684270 787
1684280 791
1684290 791
1684300 795
1684310 799
1684320 799
1684330 803
1684340 807
1684350 807
1684360 809
1684370 810
1684380 810
1684390 809
1684400 809
1684410 809
1684420 808
1684430 807
1684440 807
1684450 806
1684460 804
1684470 803
1684480 803
1684490 801
1684500 799
1684510 799
1684520 797
1684530 794
1684540 794
1684550 792
1684560 790
1684570 790
1684580 789
1684590 788
1684600 788
1684610 787
1684620 786
1684630 786
1684640 783
1684650 780
1684660 780
1684670 778
1684680 775
1684690 775
1684700 772
1684710 768
1684720 765
1684730 765
1684740 763
1684750 760
1684760 760
1684770 758
1684780 757
1684790 757
1684800 754
1684810 753
1684820 753
1684830 750
1684840 747
1684850 747
1684860 744
1684870 740
1684880 740
1684890 736
1684900 730
1684910 730
1684920 723
1684930 721
1684940 719
1684950 719
1684960 713
1684970 713
1684980 713
1684990 722
1685000 726
1685010 726
1685020 726
1685030 724
1685040 724
1685050 727
1685060 730
1685070 730
1685080 736
1685090 740
1685100 740
1685110 743
1685120 746
1685130 746
1685140 752
1685150 757
1685160 760
1685170 760
1685180 763
1685190 767
1685200 767
1685210 771
1685220 775
1685230 775
1685240 779
1685250 783
1685260 783
1685270 787
1685280 789
1685290 789
1685300 792
1685310 795
1685320 795
1685330 797
1685340 798
1685350 798
1685360 795
1685370 790
1685380 784
1685390 784
1685400 778
1685410 773
1685420 773
1685430 768
1685440 763
1685450 763
1685460 760
1685470 757
1685480 757
1685490 754
1685500 751
1685510 751
1685520 747
1685530 743
1685540 743
1685550 739
1685560 735
1685570 735
1685580 730
1685590 726
1685600 726
1685610 719
1685620 713
1685630 709
1685640 709
1685650 705
1685660 701
1685670 701
1685680 696
1685690 694
1685700 694
1685710 689
1685720 686
1685730 686
1685740 684
1685750 682
1685760 682
1685770 679
1685780 677
1685790 677
1685800 674
1685810 671
1685820 671
1685830 668
1685840 666
1685850 662
1685860 662
1685870 659
1685880 656
1685890 656
1685900 653
1685910 650
1685920 650
1685930 647
1685940 644
1685950 644
1685960 641
1685970 638
1685980 638
1685990 635
1686000 627
1686010 627
1686020 622
1686030 617
1686040 617
1686050 621
1686060 620
1686070 623
1686080 623
1686090 628
1686100 631
1686110 631
1686120 635
1686130 637
1686140 637
1686150 640
1686160 643
1686170 643
1686180 647
1686190 649
1686200 649
1686210 651
1686220 653
1686230 653
1686240 654
1686250 657
1686260 657
1686270 657
1686280 657
1686290 658
1686300 658
1686310 659
1686320 661
1686330 661
1686340 664
1686350 666
1686360 666
1686370 669
1686380 674
1686390 674
1686400 678
1686410 680
1686420 680
1686430 681
1686440 683
1686450 683
1686460 685
1686470 687
1686480 687
1686490 689
1686500 690
1686510 690
1686520 691
1686530 692
1686540 690
1686550 690
1686560 688
1686570 687
1686580 687
1686590 688
1686600 690
1686610 690
1686620 692
1686630 694
1686640 694
1686650 694
1686660 696
1686670 696
1686680 696
1686690 697
1686700 697
1686710 698
1686720 696
1686730 696
1686740 690
1686750 685
1686760 680
1686770 680
1686780 676
1686790 669
1686800 669
1686810 665
1686820 660
1686830 660
1686840 658
1686850 655
1686860 655
1686870 652
1686880 649
1686890 649
1686900 646
1686910 643
1686920 643
1686930 639
1686940 636
1686950 636
1686960 633
1686970 631
1686980 628
1686990 628
1687000 623
1687010 621
1687020 621
1687030 617
1687040 614
1687050 614
1687060 611
1687070 607
1687080 607
1687090 605
1687100 602
1687110 602
1687120 598
1687130 594
1687140 594
1687150 591
1687160 587
1687170 587
1687180 584
1687190 581
1687200 578
1687210 578
1687220 573
1687230 569
1687240 569
1687250 563
1687260 559
1687270 559
1687280 557
1687290 556
1687300 556
1687310 556
1687320 553
1687330 553
1687340 551
1687350 550
1687360 550
1687370 546
1687380 541
1687390 541
1687400 536
1687410 529
1687420 529
1687430 524
1687440 518
1687450 513
1687460 513
1687470 507
1687480 502
1687490 502
1687500 498
1687510 495
1687520 495
1687530 493
1687540 492
1687550 492
1687560 491
1687570 490
1687580 490
1687590 489
1687600 488
1687610 488
1687620 487
1687630 486
1687640 486
1687650 485
1687660 485
1687670 485
1687680 485
1687690 485
1687700 484
1687710 484
1687720 484
1687730 483
1687740 483
1687750 484
1687760 485
1687770 485
1687780 490
1687790 494
1687800 494
1687810 498
1687820 503
1687830 503
1687840 507
1687850 512
1687860 512
1687870 516
1687880 519
1687890 520
1687900 520
1687910 519
1687920 522
1687930 522
1687940 528
1687950 530
1687960 530
1687970 530
1687980 532
1687990 532
1688000 532
1688010 532
1688020 532
1688030 530
1688040 535
1688050 535
1688060 538
1688070 544
1688080 544
1688090 548
1688100 552
1688110 556
1688120 556
1688130 560
1688140 563
1688150 563
1688160 566
1688170 569
1688180 569
1688190 572
1688200 574
1688210 574
1688220 576
1688230 579
1688240 579
1688250 582
1688260 584
1688270 584
1688280 583
1688290 582
1688300 582
1688310 578
1688320 574
1688330 574
1688340 571
1688350 567
1688360 564
1688370 564
1688380 563
1688390 560
1688400 560
1688410 557
1688420 553
1688430 553
1688440 548
1688450 543
1688460 543
1688470 537
1688480 531
1688490 531
1688500 527
1688510 527
1688520 527
1688530 530
1688540 532
1688550 532
1688560 533
1688570 532
1688580 526
1688590 526
1688600 523
1688610 517
1688620 517
1688630 524
1688640 527
1688650 527
1688660 530
1688670 534
1688680 534
1688690 539
1688700 544
1688710 544
1688720 547
1688730 551
1688740 551
1688750 552
1688760 554
1688770 554
1688780 556
1688790 558
1688800 560
1688810 560
1688820 562
1688830 565
1688840 565
1688850 569
1688860 568
1688870 568
1688880 571
1688890 573
1688900 573
1688910 574
1688920 575
1688930 575
1688940 571
1688950 565
1688960 565
1688970 558
1688980 557
1688990 557
1689000 552
1689010 550
1689020 553
1689030 553
1689040 557
1689050 561
1689060 561
1689070 566
1689080 570
1689090 570
1689100 572
1689110 575
1689120 575
1689130 577
1689140 579
1689150 579
1689160 580
1689170 581
1689180 581
1689190 584
1689200 586
1689210 586
1689220 589
1689230 591
1689240 593
1689250 593
1689260 595
1689270 595
1689280 595
1689290 597
1689300 597
1689310 597
1689320 598
1689330 597
1689340 597
1689350 594
1689360 587
1689370 587
1689380 581
1689390 581
1689400 581
1689410 586
1689420 590
1689430 590
1689440 594
1689450 597
1689460 597
1689470 600
1689480 604
1689490 607
1689500 607
1689510 612
1689520 616
1689530 616
1689540 619
1689550 623
1689560 623
1689570 626
1689580 630
1689590 630
1689600 632
1689610 634
1689620 634
1689630 637
1689640 640
1689650 640
1689660 642
1689670 642
1689680 642
1689690 641
1689700 639
1689710 637
1689720 637
1689730 633
1689740 629
1689750 629
1689760 627
1689770 625
1689780 625
1689790 625
1689800 625
1689810 625
1689820 626
1689830 627
1689840 627
1689850 626
1689860 628
1689870 628
1689880 631
1689890 634
1689900 634
1689910 637
1689920 638
1689930 637
1689940 637
1689950 642
1689960 646
1689970 646
1689980 650
1689990 653
1690000 653
1690010 656
1690020 657
1690030 657
1690040 659
1690050 661
1690060 661
1690070 664
1690080 667
1690090 667
1690100 672
1690110 678
1690120 678
1690130 684
1690140 690
1690150 695
1690160 695
1690170 700
1690180 705
1690190 705
1690200 709
1690210 716
1690220 716
1690230 718
1690240 722
1690250 722
1690260 727
1690270 732
1690280 732
1690290 738
1690300 743
1690310 743
1690320 747
1690330 751
1690340 751
1690350 754
1690360 756
1690370 756
1690380 759
1690390 761
1690400 763
1690410 763
1690420 765
1690430 766
1690440 766
1690450 766
1690460 766
1690470 766
1690480 765
1690490 764
1690500 764
1690510 761
1690520 758
1690530 758
1690540 753
1690550 749
1690560 749
1690570 744
1690580 740
1690590 740
1690600 738
1690610 737
1690620 736
1690630 736
1690640 736
1690650 737
1690660 737
1690670 738
1690680 738
1690690 738
1690700 738
1690710 738
1690720 738
1690730 738
1690740 737
1690750 737
1690760 737
1690770 737
1690780 737
1690790 736
1690800 735
1690810 735
1690820 735
1690830 734
1690840 733
1690850 733
1690860 732
1690870 731
1690880 731
1690890 730
1690900 730
1690910 730
1690920 730
1690930 729
1690940 729
1690950 728
1690960 727
1690970 727
1690980 724
1690990 721
1691000 721
1691010 717
1691020 711
1691030 711
1691040 705
1691050 699
1691060 693
1691070 693
1691080 688
1691090 683
1691100 683
1691110 678
1691120 672
1691130 672
1691140 667
1691150 662
1691160 662
1691170 657
1691180 652
1691190 652
1691200 647
1691210 642
1691220 642
1691230 637
1691240 631
1691250 631
1691260 626
1691270 619
1691280 619
1691290 614
1691300 609
1691310 603
1691320 603
1691330 597
1691340 594
1691350 594
1691360 590
1691370 584
1691380 584
1691390 578
1691400 571
1691410 571
1691420 563
1691430 557
1691440 557
1691450 559
1691460 558
1691470 558
1691480 559
1691490 558
1691500 558
1691510 558
1691520 559
1691530 561
1691540 561
1691550 567
1691560 572
1691570 572
1691580 578
1691590 583
1691600 583
1691610 588
1691620 593
1691630 593
1691640 598
1691650 603
1691660 603
1691670 608
1691680 613
1691690 613
1691700 617
1691710 622
1691720 622
1691730 624
1691740 622
1691750 619
1691760 619
1691770 616
1691780 612
1691790 612
1691800 607
1691810 606
1691820 606
1691830 605
1691840 604
1691850 604
1691860 610
1691870 612
1691880 612
1691890 617
1691900 620
1691910 620
1691920 625
1691930 629
1691940 629
1691950 633
1691960 636
1691970 639
1691980 639
1691990 642
1692000 644
1692010 644
1692020 646
1692030 650
1692040 650
1692050 652
1692060 655
1692070 655
1692080 658
1692090 660
1692100 660
1692110 662
1692120 665
1692130 665
1692140 667
1692150 670
1692160 670
1692170 673
1692180 677
1692190 677
1692200 680
1692210 682
1692220 685
1692230 685
1692240 687
1692250 689
1692260 689
1692270 689
1692280 690
1692290 690
1692300 690
1692310 690
1692320 690
1692330 690
1692340 689
1692350 689
1692360 688
1692370 687
1692380 687
1692390 686
1692400 685
1692410 685
1692420 682
1692430 678
1692440 675
1692450 675
1692460 671
1692470 666
1692480 666
1692490 662
1692500 657
1692510 657
1692520 653
1692530 650
1692540 650
1692550 648
1692560 645
1692570 645
1692580 642
1692590 644
1692600 644
1692610 651
1692620 656
1692630 656
1692640 660
1692650 665
1692660 670
1692670 670
1692680 675
1692690 680
1692700 680
1692710 684
1692720 689
1692730 689
1692740 693
1692750 698
1692760 698
1692770 703
1692780 707
1692790 707
1692800 711
1692810 714
1692820 714
1692830 718
1692840 720
1692850 720
1692860 721
1692870 721
1692880 716
1692890 716
1692900 720
1692910 725
1692920 725
1692930 728
1692940 731
1692950 731
1692960 736
1692970 739
1692980 739
1692990 745
1693000 749
1693010 749
1693020 753
1693030 757
1693040 757
1693050 761
1693060 765
1693070 765
1693080 769
1693090 772
1693100 772
1693110 775
1693120 778
1693130 777
1693140 777
1693150 781
1693160 782
1693170 782
1693180 784
1693190 786
1693200 786
1693210 786
1693220 785
1693230 785
1693240 785
1693250 784
1693260 784
1693270 783
1693280 782
1693290 782
1693300 780
1693310 779
1693320 779
1693330 777
1693340 776
1693350 774
1693360 774
1693370 772
1693380 768
1693390 768
1693400 764
1693410 760
1693420 760
1693430 755
1693440 749
1693450 749
1693460 744
1693470 738
1693480 738
1693490 731
1693500 724
1693510 724
1693520 717
1693530 711
1693540 711
1693550 704
1693560 698
1693570 702
1693580 702
1693590 704
1693600 705
1693610 705
1693620 703
1693630 700
1693640 700
1693650 694
1693660 691
1693670 691
1693680 698
1693690 706
1693700 706
1693710 716
1693720 723
1693730 724
1693740 730
1693750 736
1693760 736
1693770 741
1693780 747
1693790 752
1693800 752
1693810 756
1693820 759
1693830 759
1693840 760
1693850 761
1693860 761
1693870 759
1693880 755
1693890 755
1693900 752
1693910 747
1693920 747
1693930 742
1693940 738
1693950 738
1693960 734
1693970 732
1693980 732
1693990 730
1694000 727
1694010 727
1694020 720
1694030 713
1694040 707
1694050 707
1694060 701
1694070 695
1694080 695
1694090 688
1694100 686
1694110 686
1694120 687
1694130 692
1694140 692
1694150 697
1694160 702
1694170 702
1694180 707
1694190 711
1694200 711
1694210 715
1694220 720
1694230 720
1694240 725
1694250 730
1694260 733
1694270 733
1694280 736
1694290 739
1694300 739
1694310 744
1694320 747
1694330 747
1694340 751
1694350 756
1694360 756
1694370 760
1694380 764
1694390 764
1694400 768
1694410 773
1694420 773
1694430 776
1694440 780
1694450 780
1694460 784
1694470 787
1694480 791
1694490 791
1694500 794
1694510 797
1694520 797
1694530 801
1694540 804
1694550 804
1694560 807
1694570 810
1694580 810
1694590 812
1694600 815
1694610 815
1694620 817
1694630 819
1694640 819
1694650 821
1694660 823
1694670 823
1694680 823
1694690 823
1694700 822
1694710 822
1694720 820
1694730 818
1694740 818
1694750 815
1694760 809
1694770 809
1694780 806
1694790 804
1694800 804
1694810 802
1694820 800
1694830 800
1694840 798
1694850 796
1694860 796
1694870 794
1694880 791
1694890 791
1694900 788
1694910 784
1694920 780
1694930 780
1694940 776
1694950 772
1694960 772
1694970 766
1694980 761
1694990 761
1695000 755
1695010 751
1695020 751
1695030 746
1695040 745
1695050 745
1695060 743
1695070 741
1695080 741
1695090 738
1695100 733
1695110 733
1695120 729
1695130 726
1695140 726
1695150 726
1695160 725
1695170 722
1695180 722
1695190 719
1695200 716
1695210 716
1695220 710
1695230 709
1695240 709
1695250 711
1695260 713
1695270 713
1695280 715
1695290 716
1695300 716
1695310 718
1695320 720
1695330 720
1695340 721
1695350 721
1695360 721
1695370 721
1695380 718
1695390 714
1695400 714
1695410 709
1695420 703
1695430 703
1695440 698
1695450 692
1695460 692
1695470 686
1695480 678
1695490 678
1695500 672
1695510 665
1695520 665
1695530 659
1695540 654
1695550 654
1695560 651
1695570 651
1695580 651
1695590 657
1695600 660
1695610 665
1695620 665
1695630 671
1695640 677
1695650 677
1695660 683
1695670 689
1695680 689
1695690 695
1695700 699
1695710 699
1695720 703
1695730 708
1695740 708
1695750 712
1695760 713
1695770 713
1695780 717
1695790 719
1695800 719
1695810 727
1695820 731
1695830 733
1695840 733
1695850 738
1695860 742
1695870 742
1695880 746
1695890 750
1695900 750
1695910 754
1695920 757
1695930 757
1695940 760
1695950 763
1695960 763
1695970 766
1695980 769
1695990 769
1696000 771
1696010 775
1696020 775
1696030 776
1696040 780
1696050 780
1696060 782
1696070 783
1696080 783
1696090 783
1696100 784
1696110 784
1696120 784
1696130 784
1696140 783
1696150 783
1696160 781
1696170 781
1696180 781
1696190 779
1696200 778
1696210 778
1696220 777
1696230 776
1696240 776
1696250 776
1696260 775
1696270 775
1696280 774
1696290 774
1696300 773
1696310 773
1696320 772
1696330 770
1696340 770
1696350 768
1696360 766
1696370 766
1696380 763
1696390 760
1696400 760
1696410 757
1696420 753
1696430 753
1696440 750
1696450 746
1696460 746
1696470 741
1696480 737
1696490 737
1696500 732
1696510 726
1696520 721
1696530 721
1696540 715
1696550 710
1696560 710
1696570 706
1696580 702
1696590 702
1696600 699
1696610 696
1696620 696
1696630 695
1696640 693
1696650 693
1696660 692
1696670 690
1696680 690
1696690 687
1696700 685
1696710 685
1696720 682
1696730 679
1696740 674
1696750 674
1696760 670
1696770 665
1696780 665
1696790 660
1696800 656
1696810 656
1696820 653
1696830 650
1696840 650
1696850 648
1696860 646
1696870 646
1696880 644
1696890 643
1696900 643
1696910 640
1696920 638
1696930 638
1696940 637
1696950 636
1696960 636
1696970 634
1696980 632
1696990 629
1697000 629
1697010 627
1697020 625
1697030 625
1697040 620
1697050 617
1697060 617
1697070 614
1697080 612
1697090 612
1697100 610
1697110 609
1697120 609
1697130 608
1697140 606
1697150 606
1697160 605
1697170 603
1697180 603
1697190 599
1697200 592
1697210 583
1697220 583
1697230 584
1697240 591
1697250 591
1697260 592
1697270 591
1697280 591
1697290 598
1697300 603
1697310 603
1697320 606
1697330 607
1697340 607
1697350 609
1697360 610
1697370 610
1697380 612
1697390 616
1697400 616
1697410 621
1697420 628
1697430 631
1697440 631
1697450 635
1697460 638
1697470 638
1697480 641
1697490 643
1697500 643
1697510 645
1697520 645
1697530 645
1697540 645
1697550 643
1697560 643
1697570 640
1697580 635
1697590 635
1697600 630
1697610 625
1697620 625
1697630 627
1697640 631
1697650 635
1697660 635
1697670 638
1697680 642
1697690 642
1697700 646
1697710 650
1697720 650
1697730 653
1697740 657
1697750 657
1697760 660
1697770 661
1697780 661
1697790 662
1697800 663
1697810 663
1697820 662
1697830 659
1697840 659
1697850 655
1697860 651
1697870 651
1697880 646
1697890 643
1697900 639
1697910 639
1697920 636
1697930 632
1697940 632
1697950 628
1697960 623
1697970 623
1697980 619
1697990 616
1698000 616
1698010 612
1698020 609
1698030 609
1698040 607
1698050 604
1698060 604
1698070 600
1698080 596
1698090 596
1698100 593
1698110 589
1698120 587
1698130 587
1698140 584
1698150 580
1698160 580
1698170 576
1698180 573
1698190 573
1698200 568
1698210 563
1698220 563
1698230 560
1698240 557
1698250 557
1698260 556
1698270 556
1698280 556
1698290 556
1698300 555
1698310 555
1698320 560
1698330 564
1698340 568
1698350 568
1698360 571
1698370 575
1698380 575
1698390 578
1698400 581
1698410 581
1698420 584
1698430 586
1698440 586
1698450 589
1698460 592
1698470 592
1698480 593
1698490 593
1698500 593
1698510 591
1698520 587
1698530 587
1698540 583
1698550 578
1698560 573
1698570 573
1698580 574
1698590 578
1698600 578
1698610 580
1698620 584
1698630 584
1698640 587
1698650 591
1698660 591
1698670 595
1698680 600
1698690 600
1698700 604
1698710 607
1698720 607
1698730 609
1698740 612
1698750 612
1698760 615
1698770 619
1698780 619
1698790 623
1698800 628
1698810 633
1698820 633
1698830 638
1698840 644
1698850 644
1698860 647
1698870 652
1698880 652
1698890 656
1698900 661
1698910 661
1698920 665
1698930 669
1698940 669
1698950 673
1698960 676
1698970 676
1698980 679
1698990 682
1699000 682
1699010 684
1699020 685
1699030 686
1699040 686
1699050 687
1699060 687
1699070 687
1699080 687
1699090 686
1699100 686
1699110 685
1699120 685
1699130 685
1699140 684
1699150 682
1699160 682
1699170 681
1699180 679
1699190 679
1699200 677
1699210 676
1699220 676
1699230 673
1699240 671
1699250 670
1699260 670
1699270 668
1699280 666
1699290 666
1699300 664
1699310 662
1699320 662
1699330 660
1699340 658
1699350 658
1699360 655
1699370 652
1699380 652
1699390 649
1699400 646
1699410 646
1699420 644
1699430 642
1699440 642
1699450 640
1699460 637
1699470 634
1699480 634
1699490 632
1699500 630
1699510 630
1699520 627
1699530 624
1699540 624
1699550 621
1699560 619
1699570 619
1699580 616
1699590 613
1699600 613
1699610 610
1699620 607
1699630 607
1699640 604
1699650 604
1699660 604
1699670 601
1699680 598
1699690 598
1699700 596
1699710 594
1699720 592
1699730 592
1699740 590
1699750 589
1699760 589
1699770 587
1699780 585
1699790 585
1699800 584
1699810 581
1699820 581
1699830 580
1699840 579
1699850 579
1699860 579
1699870 580
1699880 580
1699890 580
1699900 580
1699910 580
1699920 581
1699930 581
1699940 580
1699950 580
1699960 581
1699970 581
1699980 581
1699990 582
