1680000 581
1680010 581
1680020 574
1680030 568
1680040 563
1680050 563
1680060 556
1680070 549
1680080 549
1680090 546
1680100 543
1680110 543
1680120 541
1680130 540
1680140 540
1680150 539
1680160 539
1680170 539
1680180 538
1680190 538
1680200 538
1680210 537
1680220 537
1680230 537
1680240 536
1680250 536
1680260 536
1680270 536
1680280 535
1680290 535
1680300 535
1680310 535
1680320 535
1680330 535
1680340 532
1680350 535
1680360 535
1680370 536
1680380 540
1680390 540
1680400 549
1680410 551
1680420 551
1680430 555
1680440 558
1680450 558
1680460 562
1680470 565
1680480 565
1680490 568
1680500 571
1680510 574
1680520 574
1680530 576
1680540 579
1680550 579
1680560 580
1680570 582
1680580 582
1680590 584
1680600 585
1680610 585
1680620 587
1680630 588
1680640 588
1680650 590
1680660 591
1680670 591
1680680 593
1680690 595
1680700 595
1680710 596
1680720 597
1680730 599
1680740 599
1680750 601
1680760 603
1680770 603
1680780 605
1680790 606
1680800 606
1680810 608
1680820 609
1680830 609
1680840 611
1680850 612
1680860 612
1680870 614
1680880 615
1680890 615
1680900 616
1680910 617
1680920 617
1680930 619
1680940 620
1680950 620
1680960 621
1680970 623
1680980 625
1680990 625
1681000 627
1681010 630
1681020 630
1681030 632
1681040 634
1681050 634
1681060 636
1681070 637
1681080 637
1681090 639
1681100 640
1681110 640
1681120 640
1681130 642
1681140 642
1681150 643
1681160 646
1681170 646
1681180 648
1681190 652
1681200 653
1681210 653
1681220 655
1681230 658
1681240 658
1681250 661
1681260 662
1681270 662
1681280 661
1681290 661
1681300 661
1681310 665
1681320 671
1681330 671
1681340 674
1681350 677
1681360 677
1681370 680
1681380 682
1681390 682
1681400 685
1681410 687
1681420 690
1681430 690
1681440 692
1681450 694
1681460 694
1681470 695
1681480 696
1681490 696
1681500 697
1681510 696
1681520 696
1681530 695
1681540 693
1681550 693
1681560 692
1681570 692
1681580 692
1681590 692
1681600 693
1681610 693
1681620 695
1681630 696
1681640 696
1681650 697
1681660 698
1681670 699
1681680 699
1681690 699
1681700 700
1681710 700
1681720 699
1681730 699
1681740 699
1681750 698
1681760 697
1681770 697
1681780 697
1681790 692
1681800 692
1681810 686
1681820 679
1681830 679
1681840 671
1681850 666
1681860 666
1681870 659
1681880 653
1681890 653
1681900 653
1681910 661
1681920 668
1681930 668
1681940 674
1681950 680
1681960 680
1681970 685
1681980 689
1681990 689
1682000 696
1682010 703
1682020 703
1682030 708
1682040 713
1682050 713
1682060 717
1682070 721
1682080 721
1682090 724
1682100 727
1682110 730
1682120 730
1682130 732
1682140 733
1682150 733
1682160 736
1682170 739
1682180 739
1682190 741
1682200 742
1682210 742
1682220 741
1682230 737
1682240 737
1682250 733
1682260 731
1682270 731
1682280 726
1682290 723
1682300 723
1682310 720
1682320 717
1682330 717
1682340 714
1682350 709
1682360 709
1682370 709
1682380 717
1682390 724
1682400 724
1682410 731
1682420 737
1682430 737
1682440 743
1682450 749
1682460 749
1682470 754
1682480 762
1682490 762
1682500 768
1682510 775
1682520 775
1682530 781
1682540 789
1682550 789
1682560 796
1682570 802
1682580 808
1682590 808
1682600 814
1682610 817
1682620 817
1682630 819
1682640 821
1682650 821
1682660 822
1682670 822
1682680 822
1682690 823
1682700 823
1682710 823
1682720 825
1682730 826
1682740 826
1682750 827
1682760 828
1682770 828
1682780 829
1682790 830
1682800 827
1682810 827
1682820 824
1682830 821
1682840 821
1682850 822
1682860 824
1682870 824
1682880 824
1682890 825
1682900 825
1682910 825
1682920 823
1682930 823
1682940 826
1682950 825
1682960 825
1682970 828
1682980 834
1682990 834
1683000 837
1683010 840
1683020 840
1683030 843
1683040 847
1683050 853
1683060 853
1683070 858
1683080 862
1683090 862
1683100 865
1683110 872
1683120 872
1683130 877
1683140 883
1683150 883
1683160 886
1683170 891
1683180 891
1683190 895
1683200 898
1683210 898
1683220 901
1683230 904
1683240 904
1683250 907
1683260 909
1683270 912
1683280 912
1683290 913
1683300 915
1683310 915
1683320 917
1683330 919
1683340 919
1683350 920
1683360 921
1683370 921
1683380 922
1683390 924
1683400 924
1683410 925
1683420 927
1683430 927
1683440 927
1683450 928
1683460 928
1683470 931
1683480 932
1683490 934
1683500 934
1683510 935
1683520 936
1683530 936
1683540 938
1683550 940
1683560 940
1683570 942
1683580 943
1683590 943
1683600 945
1683610 946
1683620 946
1683630 947
1683640 948
1683650 948
1683660 949
1683670 949
1683680 949
1683690 949
1683700 950
1683710 950
1683720 950
1683730 950
1683740 950
1683750 950
1683760 949
1683770 948
1683780 948
1683790 945
1683800 940
1683810 940
1683820 934
1683830 929
1683840 929
1683850 922
1683860 916
1683870 916
1683880 910
1683890 905
1683900 905
1683910 899
1683920 893
1683930 893
1683940 887
1683950 883
1683960 876
1683970 876
1683980 870
1683990 864
1684000 864
1684010 859
1684020 853
1684030 853
1684040 848
1684050 841
1684060 841
1684070 833
1684080 827
1684090 827
1684100 819
1684110 812
1684120 812
1684130 805
1684140 796
1684150 796
1684160 788
1684170 782
1684180 783
1684190 783
1684200 783
1684210 785
1684220 785
1684230 785
1684240 783
1684250 783
1684260 782
1684270 781
1684280 781
1684290 777
1684300 772
1684310 772
1684320 767
1684330 764
1684340 764
1684350 760
1684360 757
1684370 757
1684380 751
1684390 750
1684400 750
1684410 749
1684420 748
1684430 748
1684440 748
1684450 747
1684460 745
1684470 745
1684480 743
1684490 741
1684500 741
1684510 739
1684520 736
1684530 736
1684540 734
1684550 731
1684560 731
1684570 727
1684580 720
1684590 720
1684600 716
1684610 707
1684620 707
1684630 699
1684640 694
1684650 694
1684660 694
1684670 696
1684680 694
1684690 694
1684700 693
1684710 692
1684720 692
1684730 691
1684740 690
1684750 690
1684760 689
1684770 688
1684780 688
1684790 687
1684800 687
1684810 687
1684820 685
1684830 684
1684840 684
1684850 683
1684860 682
1684870 679
1684880 679
1684890 677
1684900 674
1684910 674
1684920 672
1684930 669
1684940 669
1684950 666
1684960 663
1684970 663
1684980 660
1684990 658
1685000 658
1685010 656
1685020 653
1685030 653
1685040 651
1685050 648
1685060 648
1685070 645
1685080 643
1685090 643
1685100 642
1685110 640
1685120 638
1685130 638
1685140 635
1685150 633
1685160 633
1685170 628
1685180 623
1685190 623
1685200 617
1685210 611
1685220 611
1685230 614
1685240 617
1685250 617
1685260 619
1685270 620
1685280 620
1685290 620
1685300 619
1685310 619
1685320 618
1685330 617
1685340 616
1685350 616
1685360 615
1685370 613
1685380 613
1685390 611
1685400 611
1685410 611
1685420 609
1685430 608
1685440 608
1685450 606
1685460 604
1685470 604
1685480 602
1685490 600
1685500 600
1685510 598
1685520 596
1685530 596
1685540 594
1685550 590
1685560 584
1685570 584
1685580 588
1685590 589
1685600 589
1685610 592
1685620 592
1685630 592
1685640 592
1685650 592
1685660 592
1685670 592
1685680 591
1685690 591
1685700 591
1685710 591
1685720 591
1685730 590
1685740 590
1685750 590
1685760 590
1685770 590
1685780 590
1685790 590
1685800 591
1685810 591
1685820 591
1685830 591
1685840 591
1685850 591
1685860 591
1685870 592
1685880 592
1685890 592
1685900 592
1685910 592
1685920 592
1685930 590
1685940 590
1685950 589
1685960 588
1685970 588
1685980 588
1685990 587
1686000 587
1686010 587
1686020 588
1686030 587
1686040 587
1686050 587
1686060 586
1686070 586
1686080 584
1686090 582
1686100 582
1686110 580
1686120 578
1686130 578
1686140 575
1686150 572
1686160 572
1686170 569
1686180 565
1686190 565
1686200 557
1686210 550
1686220 550
1686230 547
1686240 544
1686250 544
1686260 544
1686270 542
1686280 539
1686290 539
1686300 539
1686310 539
1686320 539
1686330 539
1686340 542
1686350 542
1686360 543
1686370 543
1686380 543
1686390 544
1686400 545
1686410 545
1686420 547
1686430 550
1686440 550
1686450 553
1686460 555
1686470 555
1686480 558
1686490 560
1686500 563
1686510 563
1686520 566
1686530 570
1686540 570
1686550 575
1686560 579
1686570 579
1686580 582
1686590 582
1686600 582
1686610 574
1686620 571
1686630 571
1686640 569
1686650 568
1686660 568
1686670 571
1686680 571
1686690 571
1686700 573
1686710 573
1686720 574
1686730 574
1686740 573
1686750 573
1686760 573
1686770 571
1686780 570
1686790 570
1686800 571
1686810 571
1686820 571
1686830 576
1686840 580
1686850 580
1686860 585
1686870 591
1686880 591
1686890 598
1686900 607
1686910 607
1686920 613
1686930 615
1686940 619
1686950 619
1686960 623
1686970 626
1686980 626
1686990 624
1687000 619
1687010 619
1687020 613
1687030 607
1687040 607
1687050 602
1687060 596
1687070 596
1687080 592
1687090 586
1687100 586
1687110 582
1687120 577
1687130 577
1687140 574
1687150 571
1687160 571
1687170 568
1687180 564
1687190 559
1687200 559
1687210 555
1687220 548
1687230 548
1687240 543
1687250 537
1687260 537
1687270 532
1687280 528
1687290 528
1687300 525
1687310 522
1687320 522
1687330 519
1687340 516
1687350 516
1687360 514
1687370 513
1687380 513
1687390 511
1687400 511
1687410 510
1687420 510
1687430 509
1687440 509
1687450 509
1687460 508
1687470 508
1687480 508
1687490 506
1687500 507
1687510 507
1687520 508
1687530 508
1687540 508
1687550 509
1687560 510
1687570 510
1687580 513
1687590 515
1687600 515
1687610 519
1687620 525
1687630 531
1687640 531
1687650 534
1687660 538
1687670 538
1687680 541
1687690 544
1687700 544
1687710 542
1687720 541
1687730 541
1687740 540
1687750 539
1687760 539
1687770 538
1687780 538
1687790 538
1687800 538
1687810 538
1687820 538
1687830 537
1687840 537
1687850 537
1687860 536
1687870 537
1687880 537
1687890 537
1687900 537
1687910 539
1687920 539
1687930 540
1687940 542
1687950 542
1687960 542
1687970 543
1687980 543
1687990 545
1688000 548
1688010 548
1688020 553
1688030 555
1688040 555
1688050 558
1688060 560
1688070 560
1688080 563
1688090 565
1688100 568
1688110 568
1688120 572
1688130 573
1688140 573
1688150 577
1688160 578
1688170 578
1688180 580
1688190 582
1688200 582
1688210 585
1688220 588
1688230 588
1688240 591
1688250 593
1688260 593
1688270 597
1688280 604
1688290 604
1688300 609
1688310 613
1688320 617
1688330 617
1688340 622
1688350 623
1688360 623
1688370 626
1688380 630
1688390 630
1688400 634
1688410 638
1688420 638
1688430 640
1688440 641
1688450 641
1688460 643
1688470 644
1688480 644
1688490 645
1688500 648
1688510 648
1688520 651
1688530 654
1688540 654
1688550 658
1688560 661
1688570 665
1688580 665
1688590 665
1688600 665
1688610 665
1688620 668
1688630 673
1688640 673
1688650 677
1688660 681
1688670 681
1688680 685
1688690 690
1688700 690
1688710 692
1688720 695
1688730 695
1688740 697
1688750 700
1688760 700
1688770 703
1688780 707
1688790 711
1688800 711
1688810 715
1688820 717
1688830 717
1688840 719
1688850 722
1688860 722
1688870 724
1688880 725
1688890 725
1688900 726
1688910 726
1688920 726
1688930 721
1688940 715
1688950 715
1688960 708
1688970 704
1688980 704
1688990 700
1689000 696
1689010 692
1689020 692
1689030 688
1689040 684
1689050 684
1689060 679
1689070 678
1689080 678
1689090 682
1689100 682
1689110 682
1689120 684
1689130 686
1689140 686
1689150 688
1689160 689
1689170 689
1689180 690
1689190 690
1689200 690
1689210 687
1689220 682
1689230 677
1689240 677
1689250 674
1689260 667
1689270 667
1689280 663
1689290 660
1689300 660
1689310 665
1689320 670
1689330 670
1689340 674
1689350 678
1689360 678
1689370 681
1689380 684
1689390 684
1689400 688
1689410 691
1689420 691
1689430 694
1689440 697
1689450 697
1689460 700
1689470 704
1689480 707
1689490 707
1689500 711
1689510 714
1689520 714
1689530 716
1689540 719
1689550 719
1689560 721
1689570 724
1689580 724
1689590 725
1689600 725
1689610 725
1689620 724
1689630 723
1689640 723
1689650 719
1689660 715
1689670 715
1689680 709
1689690 705
1689700 700
1689710 700
1689720 696
1689730 691
1689740 691
1689750 687
1689760 682
1689770 682
1689780 677
1689790 675
1689800 675
1689810 670
1689820 668
1689830 668
1689840 665
1689850 662
1689860 662
1689870 658
1689880 655
1689890 655
1689900 651
1689910 647
1689920 642
1689930 642
1689940 639
1689950 638
1689960 638
1689970 638
1689980 645
1689990 645
1690000 651
1690010 654
1690020 654
1690030 658
1690040 664
1690050 664
1690060 669
1690070 675
1690080 675
1690090 680
1690100 687
1690110 687
1690120 692
1690130 695
1690140 695
1690150 700
1690160 703
1690170 704
1690180 704
1690190 705
1690200 707
1690210 707
1690220 709
1690230 709
1690240 709
1690250 710
1690260 709
1690270 709
1690280 708
1690290 707
1690300 707
1690310 706
1690320 704
1690330 704
1690340 705
1690350 702
1690360 702
1690370 707
1690380 712
1690390 717
1690400 717
1690410 721
1690420 725
1690430 725
1690440 730
1690450 734
1690460 734
1690470 737
1690480 740
1690490 740
1690500 743
1690510 746
1690520 746
1690530 749
1690540 751
1690550 751
1690560 755
1690570 758
1690580 758
1690590 761
1690600 764
1690610 767
1690620 767
1690630 770
1690640 773
1690650 773
1690660 776
1690670 777
1690680 777
1690690 777
1690700 777
1690710 777
1690720 775
1690730 774
1690740 774
1690750 773
1690760 768
1690770 768
1690780 764
1690790 761
1690800 761
1690810 759
1690820 756
1690830 756
1690840 754
1690850 751
1690860 749
1690870 749
1690880 747
1690890 744
1690900 744
1690910 742
1690920 739
1690930 739
1690940 737
1690950 733
1690960 733
1690970 730
1690980 726
1690990 726
1691000 724
1691010 720
1691020 720
1691030 716
1691040 711
1691050 711
1691060 705
1691070 698
1691080 692
1691090 692
1691100 685
1691110 679
1691120 679
1691130 671
1691140 666
1691150 666
1691160 657
1691170 656
1691180 656
1691190 651
1691200 650
1691210 650
1691220 655
1691230 660
1691240 660
1691250 663
1691260 667
1691270 667
1691280 673
1691290 678
1691300 684
1691310 684
1691320 689
1691330 693
1691340 693
1691350 697
1691360 702
1691370 702
1691380 706
1691390 709
1691400 709
1691410 704
1691420 697
1691430 697
1691440 689
1691450 682
1691460 682
1691470 674
1691480 668
1691490 668
1691500 664
1691510 657
1691520 657
1691530 651
1691540 645
1691550 637
1691560 637
1691570 630
1691580 625
1691590 625
1691600 619
1691610 612
1691620 612
1691630 609
1691640 608
1691650 608
1691660 607
1691670 608
1691680 608
1691690 616
1691700 624
1691710 624
1691720 634
1691730 642
1691740 642
1691750 647
1691760 654
1691770 661
1691780 661
1691790 668
1691800 673
1691810 673
1691820 679
1691830 684
1691840 684
1691850 689
1691860 693
1691870 693
1691880 698
1691890 703
1691900 703
1691910 707
1691920 708
1691930 708
1691940 705
1691950 701
1691960 701
1691970 699
1691980 698
1691990 697
1692000 697
1692010 698
1692020 698
1692030 698
1692040 697
1692050 696
1692060 696
1692070 696
1692080 695
1692090 695
1692100 694
1692110 694
1692120 694
1692130 694
1692140 696
1692150 696
1692160 697
1692170 699
1692180 699
1692190 700
1692200 704
1692210 704
1692220 707
1692230 710
1692240 712
1692250 712
1692260 716
1692270 719
1692280 719
1692290 722
1692300 726
1692310 726
1692320 728
1692330 733
1692340 733
1692350 736
1692360 740
1692370 740
1692380 741
1692390 742
1692400 742
1692410 743
1692420 744
1692430 744
1692440 746
1692450 748
1692460 750
1692470 750
1692480 753
1692490 757
1692500 757
1692510 761
1692520 765
1692530 765
1692540 770
1692550 773
1692560 773
1692570 780
1692580 787
1692590 787
1692600 792
1692610 798
1692620 798
1692630 802
1692640 805
1692650 805
1692660 807
1692670 808
1692680 807
1692690 807
1692700 806
1692710 807
1692720 807
1692730 806
1692740 806
1692750 806
1692760 805
1692770 805
1692780 805
1692790 806
1692800 809
1692810 809
1692820 810
1692830 812
1692840 812
1692850 815
1692860 819
1692870 819
1692880 823
1692890 828
1692900 828
1692910 833
1692920 837
1692930 844
1692940 844
1692950 848
1692960 854
1692970 854
1692980 859
1692990 863
1693000 863
1693010 866
1693020 868
1693030 868
1693040 867
1693050 864
1693060 864
1693070 859
1693080 853
1693090 853
1693100 849
1693110 843
1693120 843
1693130 838
1693140 833
1693150 828
1693160 828
1693170 823
1693180 821
1693190 821
1693200 821
1693210 824
1693220 824
1693230 828
1693240 832
1693250 832
1693260 835
1693270 838
1693280 838
1693290 841
1693300 842
1693310 842
1693320 841
1693330 839
1693340 839
1693350 834
1693360 830
1693370 825
1693380 825
1693390 821
1693400 817
1693410 817
1693420 815
1693430 822
1693440 822
1693450 829
1693460 836
1693470 836
1693480 841
1693490 847
1693500 847
1693510 854
1693520 859
1693530 859
1693540 865
1693550 869
1693560 869
1693570 874
1693580 879
1693590 879
1693600 885
1693610 890
1693620 895
1693630 895
1693640 900
1693650 904
1693660 904
1693670 906
1693680 907
1693690 907
1693700 906
1693710 904
1693720 904
1693730 903
1693740 901
1693750 901
1693760 899
1693770 895
1693780 895
1693790 890
1693800 888
1693810 888
1693820 891
1693830 892
1693840 894
1693850 894
1693860 896
1693870 892
1693880 892
1693890 888
1693900 883
1693910 883
1693920 878
1693930 871
1693940 871
1693950 867
1693960 871
1693970 871
1693980 875
1693990 879
1694000 879
1694010 881
1694020 882
1694030 882
1694040 882
1694050 882
1694060 882
1694070 882
1694080 881
1694090 879
1694100 879
1694110 877
1694120 883
1694130 883
1694140 890
1694150 895
1694160 895
1694170 900
1694180 905
1694190 905
1694200 909
1694210 914
1694220 914
1694230 918
1694240 923
1694250 923
1694260 928
1694270 932
1694280 932
1694290 937
1694300 940
1694310 946
1694320 946
1694330 952
1694340 959
1694350 959
1694360 963
1694370 968
1694380 968
1694390 972
1694400 978
1694410 978
1694420 982
1694430 987
1694440 987
1694450 991
1694460 996
1694470 996
1694480 1000
1694490 1003
1694500 1003
1694510 1006
1694520 1009
1694530 1011
1694540 1011
1694550 1014
1694560 1015
1694570 1015
1694580 1016
1694590 1017
1694600 1017
1694610 1018
1694620 1019
1694630 1019
1694640 1019
1694650 1020
1694660 1020
1694670 1021
1694680 1021
1694690 1021
1694700 1021
1694710 1020
1694720 1020
1694730 1018
1694740 1015
1694750 1012
1694760 1012
1694770 1008
1694780 1005
1694790 1005
1694800 1002
1694810 999
1694820 999
1694830 996
1694840 993
1694850 993
1694860 989
1694870 986
1694880 986
1694890 982
1694900 978
1694910 978
1694920 974
1694930 970
1694940 970
1694950 966
1694960 960
1694970 960
1694980 955
1694990 950
1695000 945
1695010 945
1695020 940
1695030 935
1695040 935
1695050 930
1695060 924
1695070 924
1695080 920
1695090 915
1695100 915
1695110 910
1695120 905
1695130 905
1695140 902
1695150 897
1695160 897
1695170 892
1695180 888
1695190 888
1695200 884
1695210 880
1695220 876
1695230 876
1695240 871
1695250 866
1695260 866
1695270 861
1695280 858
1695290 858
1695300 852
1695310 852
1695320 852
1695330 854
1695340 854
1695350 854
1695360 854
1695370 855
1695380 855
1695390 855
1695400 854
1695410 854
1695420 853
1695430 852
1695440 851
1695450 851
1695460 850
1695470 849
1695480 849
1695490 848
1695500 847
1695510 847
1695520 845
1695530 844
1695540 844
1695550 843
1695560 842
1695570 842
1695580 840
1695590 837
1695600 837
1695610 834
1695620 828
1695630 828
1695640 822
1695650 818
1695660 818
1695670 813
1695680 816
1695690 823
1695700 823
1695710 828
1695720 832
1695730 832
1695740 836
1695750 840
1695760 840
1695770 845
1695780 850
1695790 850
1695800 856
1695810 860
1695820 860
1695830 865
1695840 870
1695850 870
1695860 874
1695870 878
1695880 878
1695890 880
1695900 883
1695910 885
1695920 885
1695930 886
1695940 887
1695950 887
1695960 888
1695970 889
1695980 889
1695990 889
1696000 890
1696010 890
1696020 891
1696030 891
1696040 891
1696050 892
1696060 893
1696070 893
1696080 894
1696090 895
1696100 895
1696110 896
1696120 897
1696130 898
1696140 898
1696150 899
1696160 899
1696170 899
1696180 898
1696190 896
1696200 896
1696210 891
1696220 886
1696230 886
1696240 880
1696250 876
1696260 876
1696270 871
1696280 867
1696290 867
1696300 862
1696310 857
1696320 857
1696330 852
1696340 846
1696350 846
1696360 841
1696370 836
1696380 832
1696390 832
1696400 826
1696410 821
1696420 821
1696430 817
1696440 811
1696450 811
1696460 807
1696470 802
1696480 802
1696490 798
1696500 795
1696510 795
1696520 791
1696530 785
1696540 785
1696550 779
1696560 774
1696570 774
1696580 769
1696590 763
1696600 757
1696610 757
1696620 751
1696630 745
1696640 745
1696650 742
1696660 742
1696670 742
1696680 744
1696690 750
1696700 750
1696710 757
1696720 762
1696730 762
1696740 768
1696750 775
1696760 775
1696770 779
1696780 785
1696790 785
1696800 791
1696810 797
1696820 804
1696830 804
1696840 810
1696850 815
1696860 815
1696870 819
1696880 823
1696890 823
1696900 827
1696910 829
1696920 829
1696930 829
1696940 828
1696950 828
1696960 824
1696970 820
1696980 820
1696990 818
1697000 818
1697010 818
1697020 820
1697030 823
1697040 823
1697050 823
1697060 825
1697070 830
1697080 830
1697090 833
1697100 839
1697110 839
1697120 847
1697130 853
1697140 853
1697150 861
1697160 861
1697170 861
1697180 865
1697190 866
1697200 866
1697210 865
1697220 863
1697230 863
1697240 864
1697250 865
1697260 865
1697270 866
1697280 865
1697290 862
1697300 862
1697310 856
1697320 851
1697330 851
1697340 847
1697350 845
1697360 845
1697370 847
1697380 848
1697390 848
1697400 848
1697410 845
1697420 845
1697430 841
1697440 837
1697450 837
1697460 837
1697470 834
1697480 834
1697490 831
1697500 826
1697510 822
1697520 822
1697530 822
1697540 824
1697550 824
1697560 828
1697570 832
1697580 832
1697590 834
1697600 839
1697610 839
1697620 842
1697630 846
1697640 846
1697650 851
1697660 854
1697670 854
1697680 856
1697690 858
1697700 858
1697710 860
1697720 861
1697730 861
1697740 862
1697750 862
1697760 862
1697770 862
1697780 861
1697790 860
1697800 860
1697810 859
1697820 857
1697830 857
1697840 854
1697850 852
1697860 852
1697870 848
1697880 844
1697890 844
1697900 839
1697910 835
1697920 835
1697930 832
1697940 829
1697950 829
1697960 827
1697970 825
1697980 822
1697990 822
1698000 820
1698010 818
1698020 818
1698030 814
1698040 810
1698050 810
1698060 806
1698070 800
1698080 800
1698090 797
1698100 790
1698110 790
1698120 784
1698130 779
1698140 779
1698150 773
1698160 769
1698170 769
1698180 764
1698190 761
1698200 761
1698210 761
1698220 764
1698230 767
1698240 767
1698250 767
1698260 766
1698270 766
1698280 764
1698290 763
1698300 763
1698310 765
1698320 768
1698330 768
1698340 772
1698350 778
1698360 778
1698370 782
1698380 786
1698390 786
1698400 791
1698410 795
1698420 795
1698430 797
1698440 798
1698450 800
1698460 800
1698470 801
1698480 803
1698490 803
1698500 802
1698510 802
1698520 802
1698530 803
1698540 804
1698550 804
1698560 804
1698570 806
1698580 806
1698590 808
1698600 810
1698610 810
1698620 812
1698630 811
1698640 811
1698650 809
1698660 807
1698670 805
1698680 805
1698690 802
1698700 800
1698710 800
1698720 798
1698730 795
1698740 795
1698750 794
1698760 792
1698770 792
1698780 789
1698790 787
1698800 787
1698810 784
1698820 781
1698830 781
1698840 778
1698850 775
1698860 775
1698870 771
1698880 767
1698890 764
1698900 764
1698910 762
1698920 759
1698930 759
1698940 755
1698950 749
1698960 749
1698970 745
1698980 740
1698990 740
1699000 735
1699010 731
1699020 731
1699030 728
1699040 723
1699050 723
1699060 718
1699070 714
1699080 714
1699090 710
1699100 705
1699110 705
1699120 699
1699130 693
1699140 688
1699150 688
1699160 683
1699170 678
1699180 678
1699190 674
1699200 670
1699210 670
1699220 666
1699230 661
1699240 661
1699250 657
1699260 653
1699270 653
1699280 651
1699290 648
1699300 648
1699310 644
1699320 639
1699330 639
1699340 634
1699350 631
1699360 627
1699370 627
1699380 624
1699390 621
1699400 621
1699410 616
1699420 615
1699430 615
1699440 613
1699450 611
1699460 611
1699470 608
1699480 606
1699490 606
1699500 605
1699510 604
1699520 604
1699530 602
1699540 602
1699550 602
1699560 601
1699570 601
1699580 600
1699590 600
1699600 599
1699610 598
1699620 598
1699630 597
1699640 595
1699650 595
1699660 593
1699670 591
1699680 591
1699690 589
1699700 587
1699710 587
1699720 583
1699730 578
1699740 578
1699750 572
1699760 568
1699770 568
1699780 564
1699790 562
1699800 561
1699810 561
1699820 560
1699830 560
1699840 560
1699850 560
1699860 560
1699870 560
1699880 561
1699890 561
1699900 561
1699910 562
1699920 562
1699930 562
1699940 562
1699950 562
1699960 562
1699970 563
1699980 563
1699990 563
