1680000 547
1680010 547
1680020 549
1680030 549
1680040 549
1680050 549
1680060 549
1680070 549
1680080 549
1680090 550
1680100 550
1680110 550
1680120 551
1680130 552
1680140 552
1680150 553
1680160 554
1680170 554
1680180 556
1680190 557
1680200 557
1680210 558
1680220 560
1680230 560
1680240 562
1680250 566
1680260 566
1680270 571
1680280 577
1680290 577
1680300 582
1680310 588
1680320 588
1680330 594
1680340 600
1680350 606
1680360 606
1680370 613
1680380 619
1680390 619
1680400 627
1680410 631
1680420 631
1680430 639
1680440 645
1680450 645
1680460 651
1680470 658
1680480 658
1680490 665
1680500 672
1680510 672
1680520 678
1680530 683
1680540 683
1680550 689
1680560 694
1680570 698
1680580 698
1680590 699
1680600 700
1680610 700
1680620 698
1680630 697
1680640 697
1680650 696
1680660 696
1680670 696
1680680 695
1680690 695
1680700 695
1680710 692
1680720 690
1680730 690
1680740 690
1680750 690
1680760 690
1680770 692
1680780 693
1680790 693
1680800 694
1680810 695
1680820 696
1680830 696
1680840 697
1680850 697
1680860 697
1680870 697
1680880 692
1680890 692
1680900 688
1680910 684
1680920 684
1680930 680
1680940 676
1680950 676
1680960 672
1680970 669
1680980 669
1680990 667
1681000 665
1681010 665
1681020 663
1681030 658
1681040 658
1681050 658
1681060 654
1681070 653
1681080 653
1681090 654
1681100 656
1681110 656
1681120 655
1681130 657
1681140 657
1681150 659
1681160 667
1681170 667
1681180 668
1681190 674
1681200 674
1681210 677
1681220 680
1681230 680
1681240 682
1681250 684
1681260 689
1681270 689
1681280 692
1681290 696
1681300 696
1681310 700
1681320 703
1681330 703
1681340 708
1681350 712
1681360 712
1681370 716
1681380 719
1681390 719
1681400 722
1681410 727
1681420 727
1681430 733
1681440 735
1681450 735
1681460 742
1681470 746
1681480 746
1681490 751
1681500 757
1681510 763
1681520 763
1681530 767
1681540 773
1681550 773
1681560 778
1681570 783
1681580 783
1681590 787
1681600 792
1681610 792
1681620 797
1681630 802
1681640 802
1681650 807
1681660 813
1681670 813
1681680 818
1681690 825
1681700 825
1681710 828
1681720 831
1681730 837
1681740 837
1681750 842
1681760 845
1681770 845
1681780 848
1681790 851
1681800 851
1681810 853
1681820 859
1681830 859
1681840 862
1681850 863
1681860 863
1681870 859
1681880 855
1681890 855
1681900 851
1681910 849
1681920 849
1681930 850
1681940 850
1681950 850
1681960 852
1681970 853
1681980 854
1681990 854
1682000 855
1682010 855
1682020 855
1682030 856
1682040 857
1682050 857
1682060 858
1682070 859
1682080 859
1682090 859
1682100 859
1682110 859
1682120 859
1682130 856
1682140 856
1682150 852
1682160 845
1682170 845
1682180 844
1682190 841
1682200 841
1682210 841
1682220 841
1682230 840
1682240 840
1682250 840
1682260 840
1682270 840
1682280 839
1682290 838
1682300 838
1682310 838
1682320 836
1682330 836
1682340 834
1682350 832
1682360 832
1682370 830
1682380 830
1682390 830
1682400 829
1682410 829
1682420 831
1682430 831
1682440 832
1682450 831
1682460 831
1682470 832
1682480 833
1682490 833
1682500 837
1682510 839
1682520 839
1682530 841
1682540 844
1682550 844
1682560 848
1682570 853
1682580 853
1682590 857
1682600 861
1682610 861
1682620 865
1682630 867
1682640 867
1682650 869
1682660 873
1682670 876
1682680 876
1682690 882
1682700 887
1682710 887
1682720 891
1682730 893
1682740 893
1682750 898
1682760 902
1682770 902
1682780 905
1682790 908
1682800 908
1682810 911
1682820 913
1682830 913
1682840 915
1682850 917
1682860 917
1682870 919
1682880 921
1682890 922
1682900 922
1682910 924
1682920 926
1682930 926
1682940 927
1682950 928
1682960 928
1682970 928
1682980 928
1682990 928
1683000 928
1683010 928
1683020 928
1683030 928
1683040 928
1683050 928
1683060 928
1683070 929
1683080 929
1683090 929
1683100 930
1683110 930
1683120 930
1683130 928
1683140 926
1683150 926
1683160 924
1683170 923
1683180 923
1683190 920
1683200 918
1683210 918
1683220 916
1683230 914
1683240 914
1683250 913
1683260 911
1683270 911
1683280 909
1683290 907
1683300 907
1683310 905
1683320 903
1683330 903
1683340 902
1683350 900
1683360 898
1683370 898
1683380 897
1683390 896
1683400 896
1683410 895
1683420 893
1683430 893
1683440 892
1683450 890
1683460 890
1683470 889
1683480 888
1683490 888
1683500 886
1683510 885
1683520 885
1683530 884
1683540 883
1683550 883
1683560 882
1683570 881
1683580 880
1683590 880
1683600 876
1683610 873
1683620 873
1683630 873
1683640 871
1683650 871
1683660 866
1683670 863
1683680 863
1683690 858
1683700 853
1683710 853
1683720 848
1683730 844
1683740 844
1683750 839
1683760 834
1683770 834
1683780 828
1683790 823
1683800 819
1683810 819
1683820 813
1683830 807
1683840 807
1683850 802
1683860 800
1683870 800
1683880 796
1683890 794
1683900 794
1683910 793
1683920 792
1683930 792
1683940 790
1683950 788
1683960 788
1683970 785
1683980 784
1683990 784
1684000 784
1684010 784
1684020 784
1684030 783
1684040 782
1684050 780
1684060 780
1684070 778
1684080 777
1684090 777
1684100 775
1684110 774
1684120 774
1684130 771
1684140 769
1684150 769
1684160 766
1684170 763
1684180 763
1684190 760
1684200 755
1684210 755
1684220 752
1684230 748
1684240 748
1684250 744
1684260 742
1684270 739
1684280 739
1684290 737
1684300 735
1684310 735
1684320 733
1684330 731
1684340 731
1684350 730
1684360 730
1684370 730
1684380 728
1684390 727
1684400 727
1684410 724
1684420 722
1684430 722
1684440 721
1684450 719
1684460 719
1684470 717
1684480 714
1684490 714
1684500 710
1684510 706
1684520 699
1684530 699
1684540 693
1684550 688
1684560 688
1684570 683
1684580 678
1684590 678
1684600 672
1684610 668
1684620 668
1684630 666
1684640 663
1684650 663
1684660 659
1684670 656
1684680 656
1684690 650
1684700 652
1684710 652
1684720 652
1684730 653
1684740 654
1684750 654
1684760 656
1684770 656
1684780 656
1684790 655
1684800 653
1684810 653
1684820 651
1684830 649
1684840 649
1684850 647
1684860 644
1684870 644
1684880 641
1684890 638
1684900 638
1684910 634
1684920 627
1684930 627
1684940 624
1684950 622
1684960 621
1684970 621
1684980 616
1684990 611
1685000 611
1685010 608
1685020 607
1685030 607
1685040 607
1685050 609
1685060 609
1685070 613
1685080 616
1685090 616
1685100 616
1685110 618
1685120 618
1685130 622
1685140 626
1685150 626
1685160 628
1685170 630
1685180 630
1685190 632
1685200 634
1685210 637
1685220 637
1685230 645
1685240 651
1685250 651
1685260 657
1685270 660
1685280 660
1685290 665
1685300 669
1685310 669
1685320 671
1685330 674
1685340 674
1685350 677
1685360 679
1685370 679
1685380 682
1685390 682
1685400 682
1685410 681
1685420 681
1685430 683
1685440 683
1685450 685
1685460 685
1685470 685
1685480 684
1685490 687
1685500 687
1685510 690
1685520 692
1685530 692
1685540 691
1685550 690
1685560 690
1685570 690
1685580 694
1685590 694
1685600 699
1685610 703
1685620 703
1685630 705
1685640 705
1685650 704
1685660 704
1685670 701
1685680 698
1685690 698
1685700 694
1685710 692
1685720 692
1685730 697
1685740 703
1685750 703
1685760 708
1685770 714
1685780 714
1685790 720
1685800 724
1685810 724
1685820 728
1685830 730
1685840 730
1685850 733
1685860 736
1685870 736
1685880 738
1685890 741
1685900 745
1685910 745
1685920 748
1685930 751
1685940 751
1685950 753
1685960 754
1685970 754
1685980 753
1685990 753
1686000 753
1686010 753
1686020 755
1686030 755
1686040 757
1686050 762
1686060 762
1686070 766
1686080 769
1686090 769
1686100 771
1686110 772
1686120 772
1686130 772
1686140 770
1686150 764
1686160 764
1686170 757
1686180 751
1686190 751
1686200 747
1686210 743
1686220 743
1686230 737
1686240 733
1686250 733
1686260 728
1686270 723
1686280 723
1686290 719
1686300 715
1686310 715
1686320 711
1686330 707
1686340 707
1686350 703
1686360 698
1686370 692
1686380 692
1686390 687
1686400 683
1686410 683
1686420 678
1686430 674
1686440 674
1686450 669
1686460 665
1686470 665
1686480 663
1686490 659
1686500 659
1686510 659
1686520 658
1686530 658
1686540 655
1686550 651
1686560 651
1686570 647
1686580 644
1686590 638
1686600 638
1686610 630
1686620 622
1686630 622
1686640 616
1686650 611
1686660 611
1686670 604
1686680 599
1686690 599
1686700 603
1686710 603
1686720 603
1686730 602
1686740 600
1686750 600
1686760 599
1686770 597
1686780 597
1686790 593
1686800 590
1686810 586
1686820 586
1686830 581
1686840 577
1686850 577
1686860 574
1686870 568
1686880 568
1686890 566
1686900 565
1686910 565
1686920 559
1686930 553
1686940 553
1686950 557
1686960 557
1686970 557
1686980 561
1686990 562
1687000 562
1687010 563
1687020 564
1687030 564
1687040 565
1687050 567
1687060 568
1687070 568
1687080 571
1687090 573
1687100 573
1687110 578
1687120 581
1687130 581
1687140 584
1687150 588
1687160 588
1687170 592
1687180 595
1687190 595
1687200 598
1687210 595
1687220 595
1687230 590
1687240 584
1687250 584
1687260 579
1687270 573
1687280 567
1687290 567
1687300 561
1687310 554
1687320 554
1687330 549
1687340 543
1687350 543
1687360 534
1687370 527
1687380 527
1687390 525
1687400 522
1687410 522
1687420 521
1687430 521
1687440 521
1687450 521
1687460 520
1687470 520
1687480 520
1687490 519
1687500 521
1687510 521
1687520 521
1687530 521
1687540 521
1687550 521
1687560 522
1687570 522
1687580 524
1687590 526
1687600 526
1687610 527
1687620 528
1687630 528
1687640 528
1687650 528
1687660 528
1687670 527
1687680 528
1687690 528
1687700 527
1687710 527
1687720 527
1687730 527
1687740 526
1687750 528
1687760 528
1687770 532
1687780 533
1687790 533
1687800 534
1687810 535
1687820 535
1687830 536
1687840 536
1687850 536
1687860 536
1687870 536
1687880 536
1687890 537
1687900 538
1687910 538
1687920 539
1687930 538
1687940 538
1687950 538
1687960 538
1687970 540
1687980 540
1687990 542
1688000 543
1688010 543
1688020 545
1688030 548
1688040 548
1688050 549
1688060 550
1688070 550
1688080 550
1688090 551
1688100 551
1688110 551
1688120 549
1688130 549
1688140 556
1688150 558
1688160 558
1688170 561
1688180 566
1688190 566
1688200 570
1688210 573
1688220 576
1688230 576
1688240 579
1688250 581
1688260 581
1688270 584
1688280 585
1688290 585
1688300 587
1688310 589
1688320 589
1688330 591
1688340 595
1688350 595
1688360 598
1688370 601
1688380 601
1688390 604
1688400 607
1688410 607
1688420 611
1688430 612
1688440 614
1688450 614
1688460 619
1688470 623
1688480 623
1688490 626
1688500 629
1688510 629
1688520 633
1688530 635
1688540 635
1688550 639
1688560 641
1688570 641
1688580 644
1688590 647
1688600 647
1688610 649
1688620 652
1688630 652
1688640 654
1688650 657
1688660 656
1688670 656
1688680 661
1688690 664
1688700 664
1688710 666
1688720 669
1688730 669
1688740 672
1688750 675
1688760 675
1688770 677
1688780 679
1688790 679
1688800 681
1688810 683
1688820 683
1688830 685
1688840 687
1688850 687
1688860 688
1688870 689
1688880 689
1688890 691
1688900 692
1688910 693
1688920 693
1688930 694
1688940 696
1688950 696
1688960 695
1688970 698
1688980 698
1688990 699
1689000 699
1689010 699
1689020 700
1689030 701
1689040 701
1689050 703
1689060 704
1689070 704
1689080 707
1689090 711
1689100 711
1689110 713
1689120 714
1689130 715
1689140 715
1689150 720
1689160 722
1689170 722
1689180 727
1689190 728
1689200 728
1689210 730
1689220 733
1689230 733
1689240 735
1689250 738
1689260 738
1689270 741
1689280 743
1689290 743
1689300 746
1689310 749
1689320 749
1689330 752
1689340 754
1689350 757
1689360 757
1689370 759
1689380 762
1689390 762
1689400 764
1689410 766
1689420 766
1689430 768
1689440 769
1689450 769
1689460 770
1689470 769
1689480 769
1689490 766
1689500 765
1689510 765
1689520 764
1689530 764
1689540 764
1689550 764
1689560 764
1689570 764
1689580 764
1689590 763
1689600 760
1689610 760
1689620 754
1689630 748
1689640 748
1689650 742
1689660 737
1689670 737
1689680 731
1689690 726
1689700 726
1689710 719
1689720 717
1689730 717
1689740 713
1689750 709
1689760 709
1689770 706
1689780 703
1689790 703
1689800 700
1689810 697
1689820 694
1689830 694
1689840 691
1689850 685
1689860 685
1689870 691
1689880 693
1689890 693
1689900 695
1689910 697
1689920 697
1689930 699
1689940 701
1689950 701
1689960 702
1689970 704
1689980 704
1689990 705
1690000 707
1690010 707
1690020 709
1690030 711
1690040 711
1690050 712
1690060 714
1690070 716
1690080 716
1690090 718
1690100 721
1690110 721
1690120 723
1690130 726
1690140 726
1690150 729
1690160 732
1690170 732
1690180 736
1690190 739
1690200 739
1690210 744
1690220 746
1690230 746
1690240 749
1690250 752
1690260 752
1690270 755
1690280 758
1690290 762
1690300 762
1690310 767
1690320 770
1690330 770
1690340 770
1690350 770
1690360 770
1690370 770
1690380 769
1690390 769
1690400 767
1690410 768
1690420 768
1690430 770
1690440 772
1690450 772
1690460 773
1690470 774
1690480 774
1690490 775
1690500 775
1690510 772
1690520 772
1690530 767
1690540 765
1690550 765
1690560 764
1690570 763
1690580 763
1690590 764
1690600 765
1690610 765
1690620 766
1690630 768
1690640 768
1690650 770
1690660 773
1690670 773
1690680 776
1690690 779
1690700 779
1690710 781
1690720 782
1690730 782
1690740 783
1690750 782
1690760 781
1690770 781
1690780 779
1690790 776
1690800 776
1690810 773
1690820 770
1690830 770
1690840 769
1690850 767
1690860 767
1690870 765
1690880 764
1690890 764
1690900 762
1690910 760
1690920 760
1690930 758
1690940 756
1690950 756
1690960 755
1690970 753
1690980 751
1690990 751
1691000 750
1691010 748
1691020 748
1691030 747
1691040 745
1691050 745
1691060 744
1691070 742
1691080 742
1691090 741
1691100 740
1691110 740
1691120 738
1691130 736
1691140 736
1691150 735
1691160 733
1691170 733
1691180 730
1691190 727
1691200 724
1691210 724
1691220 721
1691230 718
1691240 718
1691250 714
1691260 710
1691270 710
1691280 705
1691290 701
1691300 701
1691310 696
1691320 690
1691330 690
1691340 686
1691350 682
1691360 682
1691370 675
1691380 668
1691390 668
1691400 674
1691410 679
1691420 679
1691430 685
1691440 690
1691450 695
1691460 695
1691470 702
1691480 707
1691490 707
1691500 713
1691510 719
1691520 719
1691530 724
1691540 728
1691550 728
1691560 730
1691570 731
1691580 731
1691590 731
1691600 731
1691610 731
1691620 733
1691630 734
1691640 734
1691650 735
1691660 735
1691670 737
1691680 737
1691690 739
1691700 740
1691710 740
1691720 743
1691730 746
1691740 746
1691750 748
1691760 750
1691770 750
1691780 752
1691790 752
1691800 758
1691810 758
1691820 756
1691830 756
1691840 761
1691850 768
1691860 768
1691870 773
1691880 778
1691890 778
1691900 783
1691910 788
1691920 793
1691930 793
1691940 797
1691950 801
1691960 801
1691970 806
1691980 810
1691990 810
1692000 814
1692010 818
1692020 818
1692030 821
1692040 824
1692050 824
1692060 828
1692070 831
1692080 831
1692090 833
1692100 830
1692110 830
1692120 828
1692130 826
1692140 824
1692150 824
1692160 822
1692170 818
1692180 818
1692190 814
1692200 810
1692210 810
1692220 805
1692230 800
1692240 800
1692250 794
1692260 789
1692270 789
1692280 784
1692290 785
1692300 785
1692310 786
1692320 785
1692330 785
1692340 786
1692350 784
1692360 781
1692370 781
1692380 776
1692390 768
1692400 768
1692410 764
1692420 761
1692430 761
1692440 757
1692450 761
1692460 761
1692470 764
1692480 767
1692490 767
1692500 770
1692510 771
1692520 771
1692530 769
1692540 766
1692550 766
1692560 764
1692570 761
1692580 761
1692590 757
1692600 753
1692610 749
1692620 749
1692630 744
1692640 735
1692650 735
1692660 735
1692670 740
1692680 740
1692690 735
1692700 743
1692710 743
1692720 749
1692730 755
1692740 755
1692750 760
1692760 762
1692770 762
1692780 765
1692790 768
1692800 768
1692810 770
1692820 773
1692830 776
1692840 776
1692850 778
1692860 780
1692870 780
1692880 782
1692890 784
1692900 784
1692910 786
1692920 788
1692930 788
1692940 788
1692950 787
1692960 787
1692970 785
1692980 783
1692990 783
1693000 777
1693010 780
1693020 780
1693030 787
1693040 793
1693050 799
1693060 799
1693070 805
1693080 809
1693090 809
1693100 812
1693110 814
1693120 814
1693130 814
1693140 813
1693150 813
1693160 814
1693170 815
1693180 815
1693190 816
1693200 817
1693210 817
1693220 817
1693230 816
1693240 816
1693250 814
1693260 812
1693270 812
1693280 810
1693290 809
1693300 806
1693310 806
1693320 805
1693330 805
1693340 805
1693350 811
1693360 819
1693370 819
1693380 824
1693390 829
1693400 829
1693410 835
1693420 839
1693430 839
1693440 843
1693450 848
1693460 848
1693470 852
1693480 856
1693490 856
1693500 859
1693510 863
1693520 867
1693530 867
1693540 872
1693550 877
1693560 877
1693570 882
1693580 888
1693590 888
1693600 893
1693610 899
1693620 899
1693630 905
1693640 911
1693650 911
1693660 919
1693670 924
1693680 924
1693690 931
1693700 938
1693710 938
1693720 943
1693730 949
1693740 949
1693750 954
1693760 958
1693770 963
1693780 963
1693790 968
1693800 973
1693810 973
1693820 977
1693830 982
1693840 982
1693850 984
1693860 981
1693870 981
1693880 976
1693890 969
1693900 969
1693910 963
1693920 958
1693930 958
1693940 952
1693950 946
1693960 946
1693970 941
1693980 936
1693990 931
1694000 931
1694010 927
1694020 922
1694030 922
1694040 919
1694050 916
1694060 916
1694070 914
1694080 913
1694090 913
1694100 912
1694110 911
1694120 911
1694130 909
1694140 907
1694150 907
1694160 902
1694170 897
1694180 897
1694190 891
1694200 887
1694210 887
1694220 887
1694230 884
1694240 880
1694250 880
1694260 875
1694270 871
1694280 871
1694290 867
1694300 863
1694310 863
1694320 859
1694330 855
1694340 855
1694350 852
1694360 849
1694370 849
1694380 845
1694390 842
1694400 842
1694410 837
1694420 841
1694430 841
1694440 844
1694450 848
1694460 852
1694470 852
1694480 857
1694490 861
1694500 861
1694510 866
1694520 870
1694530 870
1694540 873
1694550 877
1694560 877
1694570 881
1694580 883
1694590 883
1694600 885
1694610 887
1694620 887
1694630 888
1694640 890
1694650 890
1694660 893
1694670 896
1694680 899
1694690 899
1694700 901
1694710 903
1694720 903
1694730 904
1694740 905
1694750 905
1694760 905
1694770 904
1694780 904
1694790 903
1694800 900
1694810 900
1694820 897
1694830 895
1694840 895
1694850 893
1694860 899
1694870 899
1694880 905
1694890 911
1694900 913
1694910 913
1694920 917
1694930 922
1694940 922
1694950 927
1694960 931
1694970 931
1694980 936
1694990 941
1695000 941
1695010 945
1695020 950
1695030 950
1695040 956
1695050 959
1695060 959
1695070 963
1695080 967
1695090 967
1695100 972
1695110 976
1695120 976
1695130 980
1695140 984
1695150 988
1695160 988
1695170 993
1695180 997
1695190 997
1695200 1001
1695210 1004
1695220 1004
1695230 1008
1695240 1011
1695250 1011
1695260 1014
1695270 1018
1695280 1018
1695290 1021
1695300 1024
1695310 1024
1695320 1027
1695330 1030
1695340 1030
1695350 1032
1695360 1034
1695370 1036
1695380 1036
1695390 1039
1695400 1041
1695410 1041
1695420 1043
1695430 1045
1695440 1045
1695450 1046
1695460 1048
1695470 1048
1695480 1050
1695490 1051
1695500 1051
1695510 1051
1695520 1051
1695530 1051
1695540 1051
1695550 1050
1695560 1050
1695570 1050
1695580 1049
1695590 1049
1695600 1048
1695610 1047
1695620 1046
1695630 1046
1695640 1044
1695650 1042
1695660 1042
1695670 1040
1695680 1037
1695690 1037
1695700 1034
1695710 1032
1695720 1032
1695730 1029
1695740 1025
1695750 1025
1695760 1022
1695770 1019
1695780 1019
1695790 1016
1695800 1012
1695810 1012
1695820 1008
1695830 1004
1695840 1000
1695850 1000
1695860 996
1695870 993
1695880 993
1695890 990
1695900 987
1695910 987
1695920 985
1695930 985
1695940 985
1695950 984
1695960 982
1695970 982
1695980 982
1695990 981
1696000 981
1696010 979
1696020 979
1696030 979
1696040 977
1696050 976
1696060 975
1696070 975
1696080 974
1696090 972
1696100 972
1696110 971
1696120 970
1696130 970
1696140 970
1696150 968
1696160 968
1696170 968
1696180 967
1696190 967
1696200 967
1696210 966
1696220 966
1696230 965
1696240 965
1696250 965
1696260 964
1696270 963
1696280 963
1696290 962
1696300 961
1696310 961
1696320 961
1696330 960
1696340 960
1696350 960
1696360 959
1696370 958
1696380 958
1696390 957
1696400 956
1696410 956
1696420 953
1696430 949
1696440 949
1696450 947
1696460 942
1696470 942
1696480 938
1696490 934
1696500 934
1696510 930
1696520 926
1696530 922
1696540 922
1696550 918
1696560 913
1696570 913
1696580 909
1696590 905
1696600 905
1696610 901
1696620 898
1696630 898
1696640 894
1696650 891
1696660 891
1696670 889
1696680 885
1696690 885
1696700 882
1696710 877
1696720 877
1696730 872
1696740 868
1696750 863
1696760 863
1696770 859
1696780 852
1696790 852
1696800 846
1696810 841
1696820 841
1696830 835
1696840 829
1696850 829
1696860 823
1696870 816
1696880 816
1696890 810
1696900 803
1696910 803
1696920 796
1696930 789
1696940 789
1696950 782
1696960 776
1696970 776
1696980 768
1696990 763
1697000 757
1697010 757
1697020 750
1697030 743
1697040 743
1697050 738
1697060 732
1697070 732
1697080 730
1697090 725
1697100 725
1697110 721
1697120 723
1697130 723
1697140 726
1697150 726
1697160 726
1697170 725
1697180 724
1697190 724
1697200 720
1697210 716
1697220 711
1697230 711
1697240 705
1697250 698
1697260 698
1697270 694
1697280 690
1697290 690
1697300 686
1697310 684
1697320 684
1697330 683
1697340 680
1697350 680
1697360 676
1697370 670
1697380 670
1697390 668
1697400 671
1697410 671
1697420 674
1697430 672
1697440 672
1697450 667
1697460 663
1697470 660
1697480 660
1697490 658
1697500 656
1697510 656
1697520 652
1697530 646
1697540 646
1697550 641
1697560 637
1697570 637
1697580 631
1697590 625
1697600 625
1697610 620
1697620 615
1697630 615
1697640 606
1697650 604
1697660 604
1697670 606
1697680 608
1697690 610
1697700 610
1697710 610
1697720 610
1697730 610
1697740 612
1697750 617
1697760 617
1697770 615
1697780 622
1697790 622
1697800 626
1697810 629
1697820 629
1697830 631
1697840 634
1697850 634
1697860 634
1697870 634
1697880 634
1697890 633
1697900 631
1697910 629
1697920 629
1697930 624
1697940 619
1697950 619
1697960 619
1697970 623
1697980 623
1697990 628
1698000 627
1698010 627
1698020 625
1698030 624
1698040 624
1698050 623
1698060 619
1698070 619
1698080 615
1698090 617
1698100 617
1698110 620
1698120 621
1698130 621
1698140 621
1698150 620
1698160 620
1698170 620
1698180 619
1698190 618
1698200 618
1698210 617
1698220 615
1698230 615
1698240 613
1698250 613
1698260 613
1698270 610
1698280 605
1698290 605
1698300 601
1698310 601
1698320 601
1698330 599
1698340 596
1698350 596
1698360 594
1698370 589
1698380 589
1698390 589
1698400 592
1698410 590
1698420 590
1698430 590
1698440 593
1698450 593
1698460 594
1698470 594
1698480 594
1698490 594
1698500 593
1698510 593
1698520 593
1698530 590
1698540 590
1698550 587
1698560 583
1698570 583
1698580 581
1698590 578
1698600 574
1698610 574
1698620 570
1698630 567
1698640 567
1698650 563
1698660 559
1698670 559
1698680 555
1698690 552
1698700 552
1698710 550
1698720 548
1698730 548
1698740 545
1698750 544
1698760 544
1698770 543
1698780 539
1698790 539
1698800 531
1698810 523
1698820 523
1698830 519
1698840 519
1698850 518
1698860 518
1698870 518
1698880 518
1698890 518
1698900 518
1698910 518
1698920 518
1698930 517
1698940 522
1698950 522
1698960 530
1698970 538
1698980 538
1698990 545
1699000 553
1699010 553
1699020 561
1699030 568
1699040 568
1699050 574
1699060 581
1699070 587
1699080 587
1699090 594
1699100 600
1699110 600
1699120 607
1699130 612
1699140 612
1699150 616
1699160 622
1699170 622
1699180 630
1699190 640
1699200 640
1699210 648
1699220 654
1699230 654
1699240 650
1699250 643
1699260 643
1699270 637
1699280 632
1699290 627
1699300 627
1699310 631
1699320 632
1699330 632
1699340 630
1699350 628
1699360 628
1699370 627
1699380 626
1699390 626
1699400 625
1699410 623
1699420 623
1699430 623
1699440 625
1699450 625
1699460 627
1699470 630
1699480 630
1699490 633
1699500 636
1699510 636
1699520 640
1699530 644
1699540 648
1699550 648
1699560 653
1699570 656
1699580 656
1699590 658
1699600 662
1699610 662
1699620 665
1699630 668
1699640 668
1699650 669
1699660 669
1699670 669
1699680 666
1699690 664
1699700 664
1699710 661
1699720 660
1699730 660
1699740 657
1699750 655
1699760 652
1699770 652
1699780 650
1699790 648
1699800 648
1699810 647
1699820 647
1699830 647
1699840 644
1699850 642
1699860 642
1699870 640
1699880 638
1699890 638
1699900 636
1699910 634
1699920 634
1699930 632
1699940 630
1699950 630
1699960 628
1699970 627
1699980 627
1699990 626
