1680000 562
1680010 562
1680020 559
1680030 559
1680040 559
1680050 561
1680060 561
1680070 561
1680080 561
1680090 564
1680100 564
1680110 568
1680120 575
1680130 575
1680140 583
1680150 590
1680160 598
1680170 598
1680180 605
1680190 612
1680200 612
1680210 620
1680220 627
1680230 627
1680240 635
1680250 644
1680260 644
1680270 650
1680280 657
1680290 657
1680300 661
1680310 663
1680320 663
1680330 665
1680340 666
1680350 666
1680360 667
1680370 669
1680380 671
1680390 671
1680400 673
1680410 675
1680420 675
1680430 676
1680440 678
1680450 678
1680460 678
1680470 675
1680480 675
1680490 670
1680500 666
1680510 666
1680520 665
1680530 664
1680540 664
1680550 666
1680560 669
1680570 669
1680580 672
1680590 675
1680600 675
1680610 676
1680620 675
1680630 675
1680640 675
1680650 674
1680660 674
1680670 674
1680680 676
1680690 682
1680700 682
1680710 687
1680720 690
1680730 690
1680740 692
1680750 694
1680760 694
1680770 696
1680780 696
1680790 696
1680800 694
1680810 690
1680820 690
1680830 685
1680840 684
1680850 689
1680860 689
1680870 691
1680880 692
1680890 692
1680900 693
1680910 694
1680920 694
1680930 694
1680940 694
1680950 694
1680960 693
1680970 691
1680980 691
1680990 690
1681000 696
1681010 696
1681020 702
1681030 708
1681040 708
1681050 715
1681060 720
1681070 720
1681080 725
1681090 731
1681100 736
1681110 736
1681120 741
1681130 746
1681140 746
1681150 752
1681160 757
1681170 757
1681180 762
1681190 767
1681200 767
1681210 773
1681220 778
1681230 778
1681240 784
1681250 790
1681260 790
1681270 797
1681280 803
1681290 803
1681300 809
1681310 816
1681320 823
1681330 823
1681340 829
1681350 833
1681360 833
1681370 833
1681380 833
1681390 833
1681400 834
1681410 834
1681420 834
1681430 832
1681440 826
1681450 826
1681460 820
1681470 814
1681480 814
1681490 808
1681500 806
1681510 806
1681520 802
1681530 799
1681540 796
1681550 796
1681560 791
1681570 786
1681580 786
1681590 779
1681600 772
1681610 772
1681620 768
1681630 767
1681640 767
1681650 761
1681660 757
1681670 757
1681680 758
1681690 763
1681700 763
1681710 771
1681720 779
1681730 779
1681740 785
1681750 792
1681760 792
1681770 798
1681780 805
1681790 811
1681800 811
1681810 817
1681820 823
1681830 823
1681840 829
1681850 836
1681860 836
1681870 842
1681880 843
1681890 843
1681900 838
1681910 832
1681920 832
1681930 826
1681940 820
1681950 820
1681960 814
1681970 808
1681980 804
1681990 799
1682000 793
1682010 788
1682020 788
1682030 783
1682040 779
1682050 779
1682060 775
1682070 771
1682080 771
1682090 766
1682100 763
1682110 763
1682120 757
1682130 763
1682140 763
1682150 771
1682160 778
1682170 778
1682180 783
1682190 789
1682200 789
1682210 793
1682220 797
1682230 797
1682240 802
1682250 806
1682260 810
1682270 810
1682280 812
1682290 812
1682300 812
1682310 809
1682320 805
1682330 805
1682340 803
1682350 800
1682360 800
1682370 796
1682380 793
1682390 793
1682400 789
1682410 787
1682420 787
1682430 789
1682440 796
1682450 796
1682460 805
1682470 812
1682480 819
1682490 819
1682500 827
1682510 834
1682520 834
1682530 840
1682540 846
1682550 846
1682560 854
1682570 860
1682580 860
1682590 866
1682600 872
1682610 872
1682620 878
1682630 880
1682640 880
1682650 878
1682660 873
1682670 873
1682680 869
1682690 866
1682700 863
1682710 863
1682720 860
1682730 858
1682740 858
1682750 855
1682760 855
1682770 855
1682780 854
1682790 851
1682800 851
1682810 847
1682820 843
1682830 843
1682840 851
1682850 858
1682860 858
1682870 865
1682880 872
1682890 872
1682900 877
1682910 882
1682920 882
1682930 886
1682940 891
1682950 896
1682960 896
1682970 900
1682980 905
1682990 905
1683000 910
1683010 912
1683020 912
1683030 919
1683040 923
1683050 923
1683060 925
1683070 926
1683080 926
1683090 928
1683100 930
1683110 930
1683120 932
1683130 933
1683140 933
1683150 935
1683160 936
1683170 937
1683180 937
1683190 938
1683200 940
1683210 940
1683220 942
1683230 944
1683240 944
1683250 946
1683260 944
1683270 944
1683280 942
1683290 939
1683300 939
1683310 936
1683320 932
1683330 932
1683340 928
1683350 923
1683360 923
1683370 920
1683380 916
1683390 916
1683400 913
1683410 910
1683420 907
1683430 907
1683440 905
1683450 904
1683460 904
1683470 901
1683480 899
1683490 899
1683500 896
1683510 893
1683520 893
1683530 888
1683540 883
1683550 883
1683560 879
1683570 873
1683580 873
1683590 869
1683600 862
1683610 862
1683620 856
1683630 850
1683640 844
1683650 844
1683660 837
1683670 833
1683680 833
1683690 824
1683700 824
1683710 824
1683720 830
1683730 834
1683740 834
1683750 836
1683760 838
1683770 838
1683780 840
1683790 840
1683800 840
1683810 840
1683820 840
1683830 840
1683840 840
1683850 841
1683860 841
1683870 842
1683880 844
1683890 846
1683900 846
1683910 850
1683920 853
1683930 853
1683940 855
1683950 855
1683960 855
1683970 851
1683980 846
1683990 846
1684000 841
1684010 836
1684020 836
1684030 830
1684040 823
1684050 823
1684060 816
1684070 808
1684080 808
1684090 804
1684100 799
1684110 794
1684120 794
1684130 788
1684140 783
1684150 783
1684160 778
1684170 774
1684180 774
1684190 771
1684200 769
1684210 769
1684220 766
1684230 763
1684240 763
1684250 759
1684260 754
1684270 754
1684280 750
1684290 746
1684300 746
1684310 742
1684320 739
1684330 734
1684340 734
1684350 731
1684360 729
1684370 729
1684380 727
1684390 723
1684400 723
1684410 720
1684420 714
1684430 714
1684440 708
1684450 702
1684460 702
1684470 704
1684480 711
1684490 711
1684500 712
1684510 716
1684520 716
1684530 717
1684540 719
1684550 719
1684560 720
1684570 721
1684580 723
1684590 723
1684600 728
1684610 735
1684620 735
1684630 741
1684640 746
1684650 746
1684660 750
1684670 754
1684680 754
1684690 759
1684700 764
1684710 764
1684720 769
1684730 772
1684740 772
1684750 774
1684760 774
1684770 774
1684780 775
1684790 775
1684800 776
1684810 776
1684820 776
1684830 776
1684840 776
1684850 775
1684860 775
1684870 775
1684880 775
1684890 775
1684900 775
1684910 775
1684920 777
1684930 777
1684940 776
1684950 774
1684960 774
1684970 773
1684980 774
1684990 774
1685000 777
1685010 778
1685020 778
1685030 776
1685040 777
1685050 780
1685060 780
1685070 782
1685080 783
1685090 783
1685100 783
1685110 783
1685120 783
1685130 782
1685140 780
1685150 780
1685160 780
1685170 783
1685180 783
1685190 785
1685200 791
1685210 791
1685220 794
1685230 797
1685240 797
1685250 799
1685260 801
1685270 803
1685280 803
1685290 805
1685300 807
1685310 807
1685320 810
1685330 812
1685340 812
1685350 815
1685360 818
1685370 818
1685380 821
1685390 824
1685400 824
1685410 827
1685420 829
1685430 829
1685440 832
1685450 834
1685460 834
1685470 836
1685480 838
1685490 840
1685500 840
1685510 842
1685520 844
1685530 844
1685540 846
1685550 848
1685560 848
1685570 850
1685580 853
1685590 853
1685600 855
1685610 858
1685620 858
1685630 860
1685640 862
1685650 862
1685660 864
1685670 866
1685680 866
1685690 867
1685700 868
1685710 868
1685720 866
1685730 863
1685740 858
1685750 858
1685760 852
1685770 846
1685780 846
1685790 839
1685800 833
1685810 833
1685820 829
1685830 822
1685840 822
1685850 817
1685860 811
1685870 811
1685880 807
1685890 802
1685900 802
1685910 798
1685920 794
1685930 794
1685940 790
1685950 787
1685960 784
1685970 784
1685980 782
1685990 781
1686000 781
1686010 778
1686020 774
1686030 774
1686040 770
1686050 768
1686060 768
1686070 767
1686080 765
1686090 765
1686100 764
1686110 763
1686120 763
1686130 762
1686140 761
1686150 761
1686160 760
1686170 760
1686180 760
1686190 759
1686200 759
1686210 758
1686220 758
1686230 760
1686240 761
1686250 761
1686260 761
1686270 760
1686280 760
1686290 759
1686300 757
1686310 757
1686320 756
1686330 755
1686340 755
1686350 754
1686360 752
1686370 752
1686380 751
1686390 751
1686400 751
1686410 749
1686420 746
1686430 744
1686440 744
1686450 742
1686460 740
1686470 740
1686480 737
1686490 735
1686500 735
1686510 732
1686520 729
1686530 729
1686540 726
1686550 723
1686560 723
1686570 718
1686580 713
1686590 713
1686600 708
1686610 705
1686620 705
1686630 702
1686640 701
1686650 698
1686660 698
1686670 694
1686680 690
1686690 690
1686700 687
1686710 684
1686720 684
1686730 681
1686740 678
1686750 678
1686760 674
1686770 670
1686780 670
1686790 670
1686800 668
1686810 668
1686820 666
1686830 665
1686840 665
1686850 664
1686860 663
1686870 663
1686880 662
1686890 661
1686900 659
1686910 659
1686920 658
1686930 658
1686940 658
1686950 656
1686960 656
1686970 656
1686980 653
1686990 651
1687000 651
1687010 650
1687020 649
1687030 649
1687040 647
1687050 645
1687060 645
1687070 642
1687080 639
1687090 639
1687100 636
1687110 634
1687120 632
1687130 632
1687140 629
1687150 624
1687160 624
1687170 619
1687180 615
1687190 615
1687200 610
1687210 608
1687220 608
1687230 603
1687240 598
1687250 598
1687260 592
1687270 585
1687280 585
1687290 579
1687300 573
1687310 573
1687320 567
1687330 561
1687340 561
1687350 556
1687360 550
1687370 543
1687380 543
1687390 538
1687400 535
1687410 535
1687420 533
1687430 532
1687440 532
1687450 531
1687460 531
1687470 531
1687480 529
1687490 529
1687500 529
1687510 531
1687520 533
1687530 533
1687540 537
1687550 538
1687560 538
1687570 540
1687580 542
1687590 545
1687600 545
1687610 548
1687620 551
1687630 551
1687640 554
1687650 557
1687660 557
1687670 560
1687680 563
1687690 563
1687700 566
1687710 569
1687720 569
1687730 572
1687740 574
1687750 574
1687760 577
1687770 582
1687780 582
1687790 584
1687800 588
1687810 592
1687820 592
1687830 596
1687840 599
1687850 599
1687860 602
1687870 605
1687880 605
1687890 610
1687900 615
1687910 615
1687920 619
1687930 623
1687940 623
1687950 626
1687960 631
1687970 631
1687980 637
1687990 642
1688000 642
1688010 647
1688020 653
1688030 653
1688040 657
1688050 659
1688060 658
1688070 658
1688080 656
1688090 655
1688100 655
1688110 653
1688120 651
1688130 651
1688140 650
1688150 649
1688160 649
1688170 648
1688180 647
1688190 647
1688200 647
1688210 647
1688220 647
1688230 647
1688240 646
1688250 646
1688260 645
1688270 644
1688280 643
1688290 643
1688300 643
1688310 643
1688320 643
1688330 643
1688340 644
1688350 644
1688360 644
1688370 646
1688380 646
1688390 648
1688400 649
1688410 649
1688420 650
1688430 650
1688440 650
1688450 650
1688460 651
1688470 651
1688480 650
1688490 649
1688500 649
1688510 646
1688520 642
1688530 640
1688540 640
1688550 637
1688560 635
1688570 635
1688580 634
1688590 634
1688600 634
1688610 634
1688620 633
1688630 633
1688640 633
1688650 634
1688660 634
1688670 634
1688680 632
1688690 632
1688700 631
1688710 631
1688720 631
1688730 630
1688740 629
1688750 629
1688760 629
1688770 630
1688780 633
1688790 633
1688800 634
1688810 634
1688820 634
1688830 633
1688840 632
1688850 632
1688860 633
1688870 634
1688880 634
1688890 634
1688900 634
1688910 634
1688920 634
1688930 635
1688940 635
1688950 635
1688960 636
1688970 637
1688980 637
1688990 639
1689000 641
1689010 641
1689020 642
1689030 640
1689040 640
1689050 641
1689060 639
1689070 639
1689080 640
1689090 641
1689100 641
1689110 641
1689120 640
1689130 640
1689140 640
1689150 641
1689160 641
1689170 644
1689180 645
1689190 645
1689200 648
1689210 649
1689220 650
1689230 650
1689240 649
1689250 652
1689260 652
1689270 653
1689280 656
1689290 656
1689300 661
1689310 662
1689320 662
1689330 664
1689340 667
1689350 667
1689360 670
1689370 672
1689380 672
1689390 675
1689400 678
1689410 678
1689420 683
1689430 685
1689440 687
1689450 687
1689460 689
1689470 692
1689480 692
1689490 697
1689500 701
1689510 701
1689520 704
1689530 707
1689540 707
1689550 708
1689560 709
1689570 709
1689580 711
1689590 713
1689600 713
1689610 716
1689620 719
1689630 719
1689640 723
1689650 727
1689660 727
1689670 730
1689680 733
1689690 735
1689700 735
1689710 737
1689720 739
1689730 739
1689740 741
1689750 743
1689760 743
1689770 745
1689780 746
1689790 746
1689800 749
1689810 751
1689820 751
1689830 753
1689840 754
1689850 754
1689860 757
1689870 760
1689880 760
1689890 761
1689900 765
1689910 767
1689920 767
1689930 767
1689940 770
1689950 770
1689960 774
1689970 777
1689980 777
1689990 778
1690000 778
1690010 778
1690020 777
1690030 774
1690040 774
1690050 770
1690060 766
1690070 766
1690080 765
1690090 761
1690100 761
1690110 757
1690120 755
1690130 750
1690140 750
1690150 744
1690160 742
1690170 742
1690180 742
1690190 744
1690200 744
1690210 745
1690220 747
1690230 747
1690240 747
1690250 748
1690260 748
1690270 747
1690280 744
1690290 744
1690300 748
1690310 753
1690320 753
1690330 757
1690340 761
1690350 761
1690360 763
1690370 765
1690380 768
1690390 768
1690400 771
1690410 774
1690420 774
1690430 777
1690440 780
1690450 780
1690460 782
1690470 784
1690480 784
1690490 786
1690500 788
1690510 788
1690520 791
1690530 793
1690540 793
1690550 796
1690560 799
1690570 799
1690580 802
1690590 805
1690600 809
1690610 809
1690620 811
1690630 814
1690640 814
1690650 816
1690660 816
1690670 816
1690680 810
1690690 804
1690700 804
1690710 799
1690720 792
1690730 792
1690740 786
1690750 782
1690760 782
1690770 777
1690780 774
1690790 774
1690800 770
1690810 768
1690820 768
1690830 764
1690840 759
1690850 755
1690860 755
1690870 753
1690880 750
1690890 750
1690900 747
1690910 744
1690920 744
1690930 744
1690940 742
1690950 742
1690960 740
1690970 737
1690980 737
1690990 734
1691000 732
1691010 732
1691020 732
1691030 731
1691040 731
1691050 730
1691060 732
1691070 734
1691080 734
1691090 735
1691100 737
1691110 737
1691120 739
1691130 740
1691140 740
1691150 739
1691160 737
1691170 737
1691180 735
1691190 734
1691200 734
1691210 733
1691220 734
1691230 734
1691240 737
1691250 739
1691260 739
1691270 742
1691280 746
1691290 746
1691300 749
1691310 750
1691320 748
1691330 748
1691340 745
1691350 742
1691360 742
1691370 741
1691380 738
1691390 738
1691400 735
1691410 735
1691420 735
1691430 741
1691440 747
1691450 747
1691460 752
1691470 757
1691480 757
1691490 762
1691500 767
1691510 767
1691520 772
1691530 777
1691540 782
1691550 782
1691560 787
1691570 792
1691580 792
1691590 797
1691600 802
1691610 802
1691620 806
1691630 809
1691640 809
1691650 812
1691660 815
1691670 815
1691680 818
1691690 820
1691700 820
1691710 823
1691720 826
1691730 826
1691740 829
1691750 833
1691760 836
1691770 836
1691780 838
1691790 840
1691800 840
1691810 839
1691820 836
1691830 836
1691840 832
1691850 830
1691860 830
1691870 827
1691880 824
1691890 824
1691900 821
1691910 819
1691920 819
1691930 817
1691940 819
1691950 819
1691960 826
1691970 832
1691980 832
1691990 837
1692000 843
1692010 848
1692020 848
1692030 852
1692040 856
1692050 856
1692060 858
1692070 859
1692080 859
1692090 860
1692100 861
1692110 861
1692120 862
1692130 863
1692140 863
1692150 863
1692160 862
1692170 862
1692180 861
1692190 859
1692200 859
1692210 860
1692220 866
1692230 870
1692240 870
1692250 876
1692260 881
1692270 881
1692280 887
1692290 892
1692300 892
1692310 899
1692320 903
1692330 903
1692340 908
1692350 911
1692360 911
1692370 917
1692380 921
1692390 921
1692400 925
1692410 928
1692420 928
1692430 931
1692440 932
1692450 932
1692460 931
1692470 928
1692480 924
1692490 924
1692500 921
1692510 918
1692520 918
1692530 916
1692540 914
1692550 914
1692560 912
1692570 910
1692580 910
1692590 908
1692600 906
1692610 906
1692620 905
1692630 903
1692640 903
1692650 902
1692660 901
1692670 901
1692680 900
1692690 899
1692700 898
1692710 898
1692720 897
1692730 896
1692740 896
1692750 895
1692760 894
1692770 894
1692780 893
1692790 892
1692800 892
1692810 891
1692820 890
1692830 890
1692840 889
1692850 888
1692860 888
1692870 887
1692880 887
1692890 887
1692900 886
1692910 883
1692920 882
1692930 882
1692940 882
1692950 882
1692960 882
1692970 882
1692980 882
1692990 882
1693000 882
1693010 883
1693020 883
1693030 883
1693040 884
1693050 884
1693060 884
1693070 884
1693080 884
1693090 885
1693100 885
1693110 885
1693120 885
1693130 885
1693140 885
1693150 884
1693160 884
1693170 884
1693180 884
1693190 883
1693200 882
1693210 882
1693220 881
1693230 882
1693240 882
1693250 885
1693260 886
1693270 886
1693280 888
1693290 889
1693300 889
1693310 891
1693320 893
1693330 893
1693340 895
1693350 898
1693360 898
1693370 900
1693380 902
1693390 904
1693400 904
1693410 906
1693420 908
1693430 908
1693440 910
1693450 912
1693460 912
1693470 914
1693480 916
1693490 916
1693500 919
1693510 921
1693520 921
1693530 923
1693540 925
1693550 925
1693560 928
1693570 930
1693580 930
1693590 932
1693600 934
1693610 934
1693620 936
1693630 939
1693640 941
1693650 941
1693660 943
1693670 945
1693680 945
1693690 946
1693700 948
1693710 948
1693720 949
1693730 946
1693740 946
1693750 941
1693760 936
1693770 936
1693780 931
1693790 926
1693800 926
1693810 921
1693820 913
1693830 913
1693840 907
1693850 900
1693860 891
1693870 891
1693880 884
1693890 877
1693900 877
1693910 871
1693920 864
1693930 864
1693940 858
1693950 852
1693960 852
1693970 846
1693980 839
1693990 839
1694000 833
1694010 825
1694020 825
1694030 819
1694040 812
1694050 812
1694060 805
1694070 798
1694080 791
1694090 791
1694100 785
1694110 779
1694120 779
1694130 772
1694140 768
1694150 768
1694160 764
1694170 772
1694180 772
1694190 778
1694200 781
1694210 781
1694220 785
1694230 789
1694240 789
1694250 793
1694260 797
1694270 797
1694280 801
1694290 805
1694300 805
1694310 808
1694320 810
1694330 811
1694340 811
1694350 812
1694360 814
1694370 814
1694380 815
1694390 818
1694400 818
1694410 821
1694420 823
1694430 823
1694440 825
1694450 827
1694460 827
1694470 829
1694480 832
1694490 832
1694500 834
1694510 836
1694520 836
1694530 839
1694540 841
1694550 844
1694560 844
1694570 846
1694580 849
1694590 849
1694600 850
1694610 854
1694620 854
1694630 856
1694640 857
1694650 857
1694660 858
1694670 858
1694680 858
1694690 858
1694700 861
1694710 861
1694720 864
1694730 868
1694740 868
1694750 875
1694760 881
1694770 881
1694780 886
1694790 891
1694800 896
1694810 896
1694820 900
1694830 905
1694840 905
1694850 907
1694860 914
1694870 914
1694880 920
1694890 925
1694900 925
1694910 930
1694920 935
1694930 935
1694940 941
1694950 946
1694960 946
1694970 952
1694980 958
1694990 958
1695000 962
1695010 966
1695020 970
1695030 970
1695040 975
1695050 979
1695060 979
1695070 983
1695080 987
1695090 987
1695100 992
1695110 995
1695120 995
1695130 999
1695140 1002
1695150 1002
1695160 1006
1695170 1009
1695180 1009
1695190 1013
1695200 1016
1695210 1016
1695220 1019
1695230 1021
1695240 1023
1695250 1023
1695260 1024
1695270 1020
1695280 1020
1695290 1017
1695300 1014
1695310 1014
1695320 1011
1695330 1008
1695340 1008
1695350 1004
1695360 1001
1695370 1001
1695380 998
1695390 995
1695400 995
1695410 993
1695420 990
1695430 990
1695440 987
1695450 985
1695460 985
1695470 979
1695480 978
1695490 977
1695500 977
1695510 975
1695520 973
1695530 973
1695540 971
1695550 970
1695560 970
1695570 968
1695580 967
1695590 967
1695600 966
1695610 965
1695620 965
1695630 965
1695640 963
1695650 963
1695660 962
1695670 961
1695680 961
1695690 959
1695700 956
1695710 954
1695720 954
1695730 951
1695740 950
1695750 950
1695760 948
1695770 946
1695780 946
1695790 944
1695800 942
1695810 942
1695820 940
1695830 938
1695840 938
1695850 936
1695860 934
1695870 934
1695880 933
1695890 931
1695900 931
1695910 929
1695920 927
1695930 927
1695940 925
1695950 924
1695960 922
1695970 922
1695980 921
1695990 918
1696000 918
1696010 916
1696020 913
1696030 913
1696040 911
1696050 908
1696060 908
1696070 904
1696080 901
1696090 901
1696100 898
1696110 895
1696120 895
1696130 892
1696140 889
1696150 889
1696160 883
1696170 879
1696180 874
1696190 874
1696200 868
1696210 863
1696220 863
1696230 858
1696240 852
1696250 852
1696260 854
1696270 859
1696280 859
1696290 864
1696300 870
1696310 870
1696320 875
1696330 880
1696340 880
1696350 885
1696360 890
1696370 890
1696380 894
1696390 898
1696400 903
1696410 903
1696420 906
1696430 910
1696440 910
1696450 914
1696460 917
1696470 917
1696480 921
1696490 924
1696500 924
1696510 928
1696520 931
1696530 931
1696540 934
1696550 936
1696560 936
1696570 940
1696580 944
1696590 944
1696600 946
1696610 949
1696620 949
1696630 952
1696640 954
1696650 955
1696660 955
1696670 955
1696680 956
1696690 956
1696700 957
1696710 955
1696720 955
1696730 951
1696740 946
1696750 946
1696760 942
1696770 936
1696780 936
1696790 930
1696800 925
1696810 925
1696820 920
1696830 914
1696840 914
1696850 908
1696860 902
1696870 897
1696880 897
1696890 891
1696900 885
1696910 885
1696920 879
1696930 874
1696940 874
1696950 867
1696960 862
1696970 862
1696980 857
1696990 852
1697000 852
1697010 847
1697020 842
1697030 842
1697040 836
1697050 831
1697060 831
1697070 825
1697080 821
1697090 821
1697100 816
1697110 811
1697120 806
1697130 806
1697140 801
1697150 796
1697160 796
1697170 790
1697180 785
1697190 785
1697200 779
1697210 773
1697220 773
1697230 767
1697240 759
1697250 759
1697260 754
1697270 749
1697280 749
1697290 743
1697300 737
1697310 737
1697320 731
1697330 726
1697340 720
1697350 720
1697360 714
1697370 709
1697380 709
1697390 703
1697400 698
1697410 698
1697420 693
1697430 689
1697440 689
1697450 684
1697460 679
1697470 679
1697480 676
1697490 672
1697500 672
1697510 670
1697520 669
1697530 669
1697540 669
1697550 670
1697560 670
1697570 669
1697580 668
1697590 668
1697600 668
1697610 666
1697620 665
1697630 665
1697640 664
1697650 664
1697660 664
1697670 668
1697680 670
1697690 670
1697700 672
1697710 673
1697720 673
1697730 673
1697740 673
1697750 673
1697760 672
1697770 671
1697780 671
1697790 670
1697800 671
1697810 672
1697820 672
1697830 674
1697840 676
1697850 676
1697860 679
1697870 681
1697880 681
1697890 682
1697900 684
1697910 684
1697920 686
1697930 688
1697940 688
1697950 690
1697960 693
1697970 693
1697980 696
1697990 700
1698000 700
1698010 703
1698020 705
1698030 706
1698040 706
1698050 706
1698060 707
1698070 707
1698080 710
1698090 713
1698100 713
1698110 718
1698120 725
1698130 725
1698140 728
1698150 736
1698160 736
1698170 739
1698180 741
1698190 741
1698200 741
1698210 736
1698220 736
1698230 732
1698240 726
1698250 726
1698260 719
1698270 712
1698280 705
1698290 705
1698300 700
1698310 694
1698320 694
1698330 689
1698340 683
1698350 683
1698360 677
1698370 671
1698380 671
1698390 665
1698400 659
1698410 659
1698420 653
1698430 646
1698440 646
1698450 639
1698460 632
1698470 632
1698480 625
1698490 618
1698500 612
1698510 612
1698520 605
1698530 598
1698540 598
1698550 591
1698560 585
1698570 585
1698580 578
1698590 571
1698600 571
1698610 563
1698620 557
1698630 557
1698640 552
1698650 546
1698660 546
1698670 542
1698680 541
1698690 541
1698700 541
1698710 544
1698720 544
1698730 548
1698740 554
1698750 562
1698760 562
1698770 568
1698780 577
1698790 577
1698800 582
1698810 588
1698820 588
1698830 595
1698840 602
1698850 602
1698860 609
1698870 617
1698880 617
1698890 624
1698900 630
1698910 630
1698920 637
1698930 644
1698940 644
1698950 650
1698960 656
1698970 662
1698980 662
1698990 669
1699000 676
1699010 676
1699020 684
1699030 690
1699040 690
1699050 696
1699060 701
1699070 701
1699080 705
1699090 708
1699100 708
1699110 711
1699120 712
1699130 712
1699140 712
1699150 710
1699160 710
1699170 708
1699180 705
1699190 702
1699200 702
1699210 700
1699220 697
1699230 697
1699240 694
1699250 690
1699260 690
1699270 687
1699280 683
1699290 683
1699300 684
1699310 684
1699320 684
1699330 684
1699340 685
1699350 685
1699360 686
1699370 687
1699380 687
1699390 688
1699400 690
1699410 690
1699420 692
1699430 695
1699440 696
1699450 696
1699460 696
1699470 692
1699480 692
1699490 687
1699500 681
1699510 681
1699520 675
1699530 671
1699540 671
1699550 674
1699560 677
1699570 677
1699580 681
1699590 684
1699600 684
1699610 686
1699620 689
1699630 689
1699640 690
1699650 691
1699660 694
1699670 694
1699680 696
1699690 698
1699700 698
1699710 700
1699720 702
1699730 702
1699740 704
1699750 705
1699760 705
1699770 706
1699780 707
1699790 707
1699800 708
1699810 709
1699820 709
1699830 710
1699840 710
1699850 710
1699860 708
1699870 706
1699880 706
1699890 701
1699900 696
1699910 690
1699920 690
1699930 684
1699940 678
1699950 678
1699960 671
1699970 665
1699980 665
1699990 659
