1680000 695
1680010 692
1680020 688
1680030 684
1680040 684
1680050 680
1680060 678
1680070 678
1680080 674
1680090 672
1680100 672
1680110 671
1680120 670
1680130 670
1680140 668
1680150 666
1680160 666
1680170 665
1680180 663
1680190 663
1680200 658
1680210 658
1680220 658
1680230 657
1680240 653
1680250 655
1680260 655
1680270 654
1680280 652
1680290 652
1680300 651
1680310 648
1680320 648
1680330 644
1680340 640
1680350 640
1680360 637
1680370 635
1680380 635
1680390 633
1680400 630
1680410 630
1680420 626
1680430 622
1680440 622
1680450 620
1680460 615
1680470 615
1680480 610
1680490 615
1680500 616
1680510 616
1680520 617
1680530 619
1680540 619
1680550 621
1680560 620
1680570 620
1680580 618
1680590 616
1680600 616
1680610 613
1680620 605
1680630 605
1680640 596
1680650 594
1680660 594
1680670 594
1680680 596
1680690 596
1680700 596
1680710 596
1680720 597
1680730 597
1680740 597
1680750 597
1680760 597
1680770 597
1680780 597
1680790 597
1680800 597
1680810 597
1680820 597
1680830 594
1680840 595
1680850 595
1680860 598
1680870 600
1680880 600
1680890 602
1680900 604
1680910 604
1680920 605
1680930 607
1680940 607
1680950 610
1680960 612
1680970 614
1680980 614
1680990 617
1681000 619
1681010 619
1681020 621
1681030 623
1681040 623
1681050 626
1681060 629
1681070 629
1681080 633
1681090 639
1681100 639
1681110 640
1681120 644
1681130 644
1681140 649
1681150 653
1681160 653
1681170 658
1681180 661
1681190 667
1681200 667
1681210 673
1681220 679
1681230 679
1681240 685
1681250 690
1681260 690
1681270 696
1681280 702
1681290 702
1681300 709
1681310 715
1681320 715
1681330 722
1681340 729
1681350 729
1681360 735
1681370 743
1681380 743
1681390 750
1681400 757
1681410 757
1681420 764
1681430 771
1681440 778
1681450 778
1681460 785
1681470 792
1681480 792
1681490 798
1681500 800
1681510 800
1681520 800
1681530 799
1681540 799
1681550 798
1681560 797
1681570 797
1681580 796
1681590 794
1681600 794
1681610 792
1681620 791
1681630 791
1681640 788
1681650 787
1681660 786
1681670 786
1681680 785
1681690 784
1681700 784
1681710 783
1681720 782
1681730 782
1681740 782
1681750 782
1681760 782
1681770 782
1681780 781
1681790 781
1681800 782
1681810 780
1681820 780
1681830 774
1681840 768
1681850 768
1681860 763
1681870 759
1681880 759
1681890 759
1681900 759
1681910 758
1681920 758
1681930 756
1681940 753
1681950 753
1681960 751
1681970 756
1681980 756
1681990 760
1682000 763
1682010 763
1682020 765
1682030 761
1682040 761
1682050 756
1682060 751
1682070 751
1682080 745
1682090 743
1682100 743
1682110 740
1682120 735
1682130 739
1682140 739
1682150 741
1682160 743
1682170 743
1682180 744
1682190 745
1682200 745
1682210 744
1682220 738
1682230 738
1682240 733
1682250 727
1682260 727
1682270 721
1682280 719
1682290 719
1682300 718
1682310 721
1682320 721
1682330 721
1682340 720
1682350 720
1682360 718
1682370 714
1682380 709
1682390 709
1682400 712
1682410 710
1682420 710
1682430 711
1682440 710
1682450 710
1682460 710
1682470 711
1682480 711
1682490 712
1682500 714
1682510 714
1682520 715
1682530 717
1682540 717
1682550 718
1682560 720
1682570 720
1682580 721
1682590 723
1682600 724
1682610 724
1682620 725
1682630 724
1682640 724
1682650 725
1682660 730
1682670 730
1682680 733
1682690 735
1682700 735
1682710 737
1682720 740
1682730 740
1682740 743
1682750 745
1682760 745
1682770 745
1682780 751
1682790 751
1682800 754
1682810 757
1682820 757
1682830 760
1682840 764
1682850 766
1682860 766
1682870 768
1682880 772
1682890 772
1682900 775
1682910 779
1682920 779
1682930 781
1682940 786
1682950 786
1682960 790
1682970 797
1682980 797
1682990 802
1683000 807
1683010 807
1683020 812
1683030 817
1683040 817
1683050 823
1683060 829
1683070 837
1683080 837
1683090 842
1683100 846
1683110 846
1683120 847
1683130 848
1683140 848
1683150 847
1683160 844
1683170 844
1683180 838
1683190 832
1683200 832
1683210 826
1683220 820
1683230 820
1683240 815
1683250 809
1683260 809
1683270 804
1683280 799
1683290 795
1683300 795
1683310 791
1683320 791
1683330 791
1683340 793
1683350 793
1683360 793
1683370 790
1683380 788
1683390 788
1683400 785
1683410 783
1683420 783
1683430 778
1683440 779
1683450 779
1683460 780
1683470 782
1683480 782
1683490 787
1683500 790
1683510 790
1683520 793
1683530 796
1683540 800
1683550 800
1683560 803
1683570 806
1683580 806
1683590 811
1683600 815
1683610 815
1683620 819
1683630 823
1683640 823
1683650 827
1683660 829
1683670 829
1683680 829
1683690 835
1683700 835
1683710 841
1683720 848
1683730 848
1683740 854
1683750 861
1683760 871
1683770 871
1683780 876
1683790 880
1683800 880
1683810 882
1683820 879
1683830 879
1683840 876
1683850 873
1683860 873
1683870 869
1683880 864
1683890 864
1683900 860
1683910 857
1683920 857
1683930 854
1683940 851
1683950 851
1683960 857
1683970 861
1683980 861
1683990 869
1684000 873
1684010 879
1684020 879
1684030 885
1684040 891
1684050 891
1684060 896
1684070 902
1684080 902
1684090 907
1684100 911
1684110 911
1684120 917
1684130 920
1684140 920
1684150 926
1684160 930
1684170 930
1684180 935
1684190 941
1684200 941
1684210 947
1684220 953
1684230 958
1684240 958
1684250 962
1684260 968
1684270 968
1684280 971
1684290 974
1684300 974
1684310 975
1684320 975
1684330 975
1684340 972
1684350 969
1684360 969
1684370 964
1684380 959
1684390 959
1684400 955
1684410 951
1684420 951
1684430 947
1684440 943
1684450 943
1684460 940
1684470 937
1684480 932
1684490 932
1684500 927
1684510 921
1684520 921
1684530 916
1684540 911
1684550 911
1684560 905
1684570 899
1684580 899
1684590 898
1684600 898
1684610 898
1684620 897
1684630 895
1684640 895
1684650 893
1684660 891
1684670 891
1684680 889
1684690 887
1684700 883
1684710 883
1684720 880
1684730 878
1684740 878
1684750 876
1684760 871
1684770 871
1684780 869
1684790 866
1684800 866
1684810 863
1684820 859
1684830 859
1684840 855
1684850 851
1684860 851
1684870 849
1684880 846
1684890 846
1684900 843
1684910 841
1684920 841
1684930 838
1684940 836
1684950 832
1684960 832
1684970 828
1684980 824
1684990 824
1685000 821
1685010 819
1685020 819
1685030 815
1685040 814
1685050 814
1685060 811
1685070 810
1685080 810
1685090 808
1685100 807
1685110 807
1685120 803
1685130 801
1685140 801
1685150 799
1685160 796
1685170 794
1685180 794
1685190 793
1685200 791
1685210 791
1685220 790
1685230 788
1685240 788
1685250 786
1685260 785
1685270 785
1685280 785
1685290 784
1685300 784
1685310 782
1685320 781
1685330 781
1685340 779
1685350 777
1685360 777
1685370 775
1685380 772
1685390 772
1685400 769
1685410 765
1685420 759
1685430 759
1685440 756
1685450 751
1685460 751
1685470 746
1685480 742
1685490 742
1685500 738
1685510 733
1685520 733
1685530 728
1685540 724
1685550 724
1685560 718
1685570 710
1685580 710
1685590 701
1685600 701
1685610 701
1685620 706
1685630 711
1685640 717
1685650 717
1685660 722
1685670 727
1685680 727
1685690 730
1685700 733
1685710 733
1685720 736
1685730 738
1685740 738
1685750 740
1685760 743
1685770 743
1685780 745
1685790 747
1685800 747
1685810 749
1685820 751
1685830 751
1685840 752
1685850 753
1685860 753
1685870 754
1685880 755
1685890 755
1685900 755
1685910 754
1685920 754
1685930 754
1685940 755
1685950 758
1685960 758
1685970 761
1685980 767
1685990 767
1686000 771
1686010 775
1686020 775
1686030 777
1686040 778
1686050 778
1686060 780
1686070 781
1686080 781
1686090 783
1686100 784
1686110 784
1686120 784
1686130 784
1686140 785
1686150 785
1686160 785
1686170 785
1686180 785
1686190 784
1686200 783
1686210 783
1686220 785
1686230 787
1686240 787
1686250 790
1686260 793
1686270 793
1686280 797
1686290 797
1686300 797
1686310 798
1686320 797
1686330 797
1686340 797
1686350 797
1686360 796
1686370 796
1686380 794
1686390 793
1686400 793
1686410 792
1686420 790
1686430 790
1686440 790
1686450 790
1686460 790
1686470 793
1686480 796
1686490 796
1686500 797
1686510 796
1686520 796
1686530 796
1686540 797
1686550 797
1686560 798
1686570 799
1686580 799
1686590 799
1686600 799
1686610 799
1686620 799
1686630 799
1686640 797
1686650 797
1686660 798
1686670 798
1686680 798
1686690 799
1686700 800
1686710 800
1686720 799
1686730 799
1686740 799
1686750 797
1686760 796
1686770 796
1686780 795
1686790 793
1686800 793
1686810 789
1686820 783
1686830 778
1686840 778
1686850 772
1686860 765
1686870 765
1686880 762
1686890 755
1686900 755
1686910 751
1686920 746
1686930 746
1686940 741
1686950 736
1686960 736
1686970 731
1686980 726
1686990 726
1687000 719
1687010 714
1687020 714
1687030 721
1687040 723
1687050 724
1687060 724
1687070 725
1687080 725
1687090 725
1687100 725
1687110 725
1687120 725
1687130 726
1687140 728
1687150 728
1687160 728
1687170 728
1687180 728
1687190 728
1687200 728
1687210 728
1687220 728
1687230 728
1687240 728
1687250 728
1687260 728
1687270 728
1687280 729
1687290 729
1687300 730
1687310 730
1687320 731
1687330 730
1687340 730
1687350 728
1687360 728
1687370 728
1687380 727
1687390 727
1687400 727
1687410 727
1687420 727
1687430 727
1687440 726
1687450 725
1687460 725
1687470 721
1687480 715
1687490 715
1687500 707
1687510 700
1687520 694
1687530 694
1687540 687
1687550 681
1687560 681
1687570 675
1687580 669
1687590 669
1687600 663
1687610 657
1687620 657
1687630 651
1687640 645
1687650 645
1687660 639
1687670 632
1687680 632
1687690 625
1687700 621
1687710 621
1687720 617
1687730 615
1687740 615
1687750 613
1687760 612
1687770 611
1687780 611
1687790 610
1687800 608
1687810 608
1687820 605
1687830 602
1687840 602
1687850 600
1687860 600
1687870 600
1687880 598
1687890 598
1687900 598
1687910 595
1687920 592
1687930 592
1687940 590
1687950 589
1687960 589
1687970 589
1687980 585
1687990 579
1688000 579
1688010 576
1688020 573
1688030 573
1688040 570
1688050 566
1688060 566
1688070 563
1688080 559
1688090 559
1688100 558
1688110 557
1688120 557
1688130 556
1688140 555
1688150 555
1688160 556
1688170 557
1688180 557
1688190 558
1688200 562
1688210 562
1688220 568
1688230 575
1688240 580
1688250 580
1688260 583
1688270 587
1688280 587
1688290 590
1688300 590
1688310 590
1688320 595
1688330 598
1688340 598
1688350 601
1688360 605
1688370 605
1688380 609
1688390 611
1688400 611
1688410 615
1688420 618
1688430 618
1688440 619
1688450 623
1688460 628
1688470 628
1688480 629
1688490 631
1688500 631
1688510 634
1688520 637
1688530 637
1688540 641
1688550 644
1688560 644
1688570 647
1688580 649
1688590 649
1688600 652
1688610 655
1688620 655
1688630 657
1688640 660
1688650 660
1688660 662
1688670 664
1688680 664
1688690 665
1688700 669
1688710 674
1688720 674
1688730 679
1688740 683
1688750 683
1688760 687
1688770 691
1688780 691
1688790 694
1688800 697
1688810 697
1688820 701
1688830 704
1688840 704
1688850 708
1688860 712
1688870 712
1688880 716
1688890 721
1688900 721
1688910 725
1688920 730
1688930 735
1688940 735
1688950 740
1688960 745
1688970 745
1688980 749
1688990 753
1689000 753
1689010 757
1689020 760
1689030 760
1689040 763
1689050 764
1689060 764
1689070 763
1689080 761
1689090 761
1689100 759
1689110 757
1689120 757
1689130 757
1689140 755
1689150 753
1689160 753
1689170 751
1689180 750
1689190 750
1689200 751
1689210 754
1689220 754
1689230 757
1689240 760
1689250 760
1689260 763
1689270 766
1689280 766
1689290 768
1689300 771
1689310 771
1689320 775
1689330 778
1689340 778
1689350 779
1689360 783
1689370 786
1689380 789
1689390 792
1689400 792
1689410 792
1689420 789
1689430 789
1689440 789
1689450 788
1689460 787
1689470 787
1689480 786
1689490 785
1689500 785
1689510 784
1689520 782
1689530 782
1689540 779
1689550 776
1689560 776
1689570 773
1689580 767
1689590 767
1689600 762
1689610 755
1689620 748
1689630 748
1689640 743
1689650 738
1689660 738
1689670 734
1689680 731
1689690 731
1689700 726
1689710 728
1689720 728
1689730 729
1689740 729
1689750 729
1689760 729
1689770 729
1689780 729
1689790 728
1689800 727
1689810 727
1689820 726
1689830 725
1689840 725
1689850 724
1689860 724
1689870 723
1689880 723
1689890 723
1689900 722
1689910 722
1689920 722
1689930 722
1689940 722
1689950 722
1689960 722
1689970 722
1689980 723
1689990 722
1690000 722
1690010 722
1690020 721
1690030 721
1690040 720
1690050 719
1690060 719
1690070 718
1690080 717
1690090 716
1690100 716
1690110 716
1690120 715
1690130 715
1690140 715
1690150 714
1690160 714
1690170 712
1690180 709
1690190 709
1690200 705
1690210 700
1690220 700
1690230 695
1690240 689
1690250 689
1690260 685
1690270 677
1690280 677
1690290 670
1690300 668
1690310 668
1690320 668
1690330 669
1690340 671
1690350 671
1690360 676
1690370 677
1690380 677
1690390 681
1690400 685
1690410 685
1690420 689
1690430 694
1690440 694
1690450 699
1690460 703
1690470 703
1690480 708
1690490 713
1690500 713
1690510 718
1690520 724
1690530 724
1690540 728
1690550 734
1690560 739
1690570 739
1690580 744
1690590 748
1690600 748
1690610 753
1690620 757
1690630 757
1690640 762
1690650 767
1690660 767
1690670 769
1690680 771
1690690 771
1690700 771
1690710 769
1690720 769
1690730 767
1690740 766
1690750 766
1690760 765
1690770 765
1690780 765
1690790 766
1690800 767
1690810 767
1690820 767
1690830 769
1690840 770
1690850 770
1690860 771
1690870 770
1690880 770
1690890 767
1690900 763
1690910 763
1690920 757
1690930 754
1690940 754
1690950 751
1690960 745
1690970 745
1690980 741
1690990 742
1691000 742
1691010 748
1691020 749
1691030 754
1691040 754
1691050 757
1691060 761
1691070 761
1691080 765
1691090 768
1691100 768
1691110 769
1691120 770
1691130 770
1691140 769
1691150 768
1691160 768
1691170 766
1691180 764
1691190 764
1691200 760
1691210 754
1691220 754
1691230 749
1691240 743
1691250 743
1691260 738
1691270 733
1691280 728
1691290 728
1691300 724
1691310 719
1691320 719
1691330 715
1691340 713
1691350 713
1691360 714
1691370 716
1691380 716
1691390 716
1691400 716
1691410 716
1691420 720
1691430 722
1691440 722
1691450 725
1691460 728
1691470 728
1691480 730
1691490 732
1691500 733
1691510 733
1691520 735
1691530 735
1691540 735
1691550 735
1691560 734
1691570 734
1691580 731
1691590 727
1691600 727
1691610 732
1691620 735
1691630 735
1691640 740
1691650 745
1691660 745
1691670 751
1691680 757
1691690 757
1691700 762
1691710 768
1691720 768
1691730 775
1691740 782
1691750 789
1691760 789
1691770 793
1691780 795
1691790 795
1691800 794
1691810 795
1691820 795
1691830 792
1691840 787
1691850 787
1691860 783
1691870 777
1691880 777
1691890 783
1691900 791
1691910 791
1691920 799
1691930 807
1691940 807
1691950 821
1691960 829
1691970 836
1691980 836
1691990 841
1692000 846
1692010 846
1692020 846
1692030 842
1692040 842
1692050 841
1692060 842
1692070 842
1692080 844
1692090 847
1692100 847
1692110 851
1692120 855
1692130 855
1692140 857
1692150 862
1692160 862
1692170 866
1692180 869
1692190 869
1692200 873
1692210 878
1692220 882
1692230 882
1692240 885
1692250 889
1692260 889
1692270 893
1692280 896
1692290 896
1692300 899
1692310 902
1692320 902
1692330 903
1692340 903
1692350 903
1692360 903
1692370 905
1692380 905
1692390 908
1692400 911
1692410 911
1692420 915
1692430 918
1692440 922
1692450 922
1692460 926
1692470 929
1692480 929
1692490 931
1692500 933
1692510 933
1692520 935
1692530 936
1692540 936
1692550 938
1692560 938
1692570 938
1692580 935
1692590 931
1692600 931
1692610 927
1692620 924
1692630 924
1692640 920
1692650 915
1692660 915
1692670 911
1692680 909
1692690 905
1692700 905
1692710 903
1692720 901
1692730 901
1692740 900
1692750 900
1692760 900
1692770 901
1692780 901
1692790 901
1692800 901
1692810 903
1692820 903
1692830 904
1692840 906
1692850 906
1692860 908
1692870 911
1692880 911
1692890 913
1692900 917
1692910 918
1692920 918
1692930 921
1692940 924
1692950 924
1692960 925
1692970 929
1692980 929
1692990 932
1693000 934
1693010 934
1693020 937
1693030 938
1693040 938
1693050 930
1693060 925
1693070 925
1693080 919
1693090 914
1693100 914
1693110 910
1693120 906
1693130 906
1693140 902
1693150 898
1693160 893
1693170 893
1693180 887
1693190 883
1693200 883
1693210 876
1693220 872
1693230 872
1693240 864
1693250 856
1693260 856
1693270 848
1693280 842
1693290 842
1693300 836
1693310 830
1693320 830
1693330 825
1693340 822
1693350 822
1693360 820
1693370 815
1693380 811
1693390 811
1693400 811
1693410 811
1693420 811
1693430 810
1693440 811
1693450 811
1693460 810
1693470 807
1693480 807
1693490 805
1693500 802
1693510 802
1693520 798
1693530 795
1693540 795
1693550 790
1693560 785
1693570 785
1693580 780
1693590 773
1693600 773
1693610 768
1693620 763
1693630 758
1693640 758
1693650 754
1693660 749
1693670 749
1693680 744
1693690 740
1693700 740
1693710 736
1693720 732
1693730 732
1693740 727
1693750 720
1693760 720
1693770 718
1693780 721
1693790 721
1693800 722
1693810 721
1693820 721
1693830 718
1693840 716
1693850 713
1693860 713
1693870 711
1693880 710
1693890 710
1693900 707
1693910 705
1693920 705
1693930 703
1693940 701
1693950 701
1693960 699
1693970 697
1693980 697
1693990 696
1694000 694
1694010 694
1694020 693
1694030 691
1694040 691
1694050 688
1694060 685
1694070 685
1694080 681
1694090 680
1694100 679
1694110 679
1694120 677
1694130 675
1694140 675
1694150 671
1694160 668
1694170 668
1694180 666
1694190 663
1694200 663
1694210 660
1694220 658
1694230 658
1694240 657
1694250 657
1694260 657
1694270 656
1694280 656
1694290 656
1694300 655
1694310 653
1694320 651
1694330 651
1694340 655
1694350 663
1694360 663
1694370 671
1694380 677
1694390 677
1694400 684
1694410 691
1694420 691
1694430 697
1694440 704
1694450 704
1694460 711
1694470 717
1694480 717
1694490 723
1694500 730
1694510 730
1694520 736
1694530 742
1694540 748
1694550 748
1694560 755
1694570 760
1694580 760
1694590 766
1694600 772
1694610 772
1694620 777
1694630 783
1694640 783
1694650 788
1694660 793
1694670 793
1694680 798
1694690 802
1694700 802
1694710 806
1694720 809
1694730 809
1694740 812
1694750 816
1694760 816
1694770 820
1694780 824
1694790 828
1694800 828
1694810 833
1694820 837
1694830 837
1694840 842
1694850 848
1694860 848
1694870 852
1694880 857
1694890 857
1694900 862
1694910 868
1694920 868
1694930 873
1694940 878
1694950 878
1694960 882
1694970 888
1694980 888
1694990 890
1695000 896
1695010 901
1695020 901
1695030 905
1695040 910
1695050 910
1695060 911
1695070 915
1695080 915
1695090 920
1695100 925
1695110 925
1695120 929
1695130 934
1695140 934
1695150 938
1695160 942
1695170 942
1695180 946
1695190 951
1695200 951
1695210 955
1695220 959
1695230 959
1695240 964
1695250 968
1695260 972
1695270 972
1695280 976
1695290 980
1695300 980
1695310 984
1695320 986
1695330 986
1695340 989
1695350 991
1695360 991
1695370 991
1695380 991
1695390 991
1695400 990
1695410 990
1695420 990
1695430 989
1695440 989
1695450 989
1695460 989
1695470 989
1695480 989
1695490 989
1695500 988
1695510 988
1695520 988
1695530 987
1695540 986
1695550 986
1695560 985
1695570 982
1695580 982
1695590 982
1695600 979
1695610 979
1695620 977
1695630 976
1695640 976
1695650 975
1695660 974
1695670 974
1695680 973
1695690 973
1695700 973
1695710 973
1695720 975
1695730 976
1695740 976
1695750 978
1695760 980
1695770 980
1695780 982
1695790 984
1695800 984
1695810 986
1695820 989
1695830 989
1695840 992
1695850 995
1695860 995
1695870 997
1695880 1000
1695890 1000
1695900 1002
1695910 1005
1695920 1005
1695930 1007
1695940 1009
1695950 1011
1695960 1011
1695970 1013
1695980 1015
1695990 1015
1696000 1017
1696010 1019
1696020 1019
1696030 1021
1696040 1022
1696050 1022
1696060 1024
1696070 1026
1696080 1026
1696090 1028
1696100 1030
1696110 1030
1696120 1031
1696130 1034
1696140 1034
1696150 1036
1696160 1038
1696170 1038
1696180 1040
1696190 1042
1696200 1044
1696210 1044
1696220 1047
1696230 1049
1696240 1049
1696250 1050
1696260 1052
1696270 1052
1696280 1054
1696290 1055
1696300 1055
1696310 1056
1696320 1057
1696330 1057
1696340 1057
1696350 1057
1696360 1057
1696370 1054
1696380 1051
1696390 1051
1696400 1048
1696410 1046
1696420 1045
1696430 1045
1696440 1044
1696450 1043
1696460 1043
1696470 1041
1696480 1041
1696490 1041
1696500 1040
1696510 1039
1696520 1039
1696530 1039
1696540 1039
1696550 1039
1696560 1038
1696570 1038
1696580 1038
1696590 1037
1696600 1035
1696610 1035
1696620 1034
1696630 1033
1696640 1033
1696650 1030
1696660 1028
1696670 1026
1696680 1026
1696690 1022
1696700 1020
1696710 1020
1696720 1016
1696730 1013
1696740 1013
1696750 1010
1696760 1008
1696770 1008
1696780 1005
1696790 1003
1696800 1003
1696810 1001
1696820 1000
1696830 1000
1696840 998
1696850 997
1696860 997
1696870 997
1696880 996
1696890 998
1696900 998
1696910 999
1696920 999
1696930 999
1696940 1001
1696950 1001
1696960 1001
1696970 1002
1696980 1003
1696990 1003
1697000 1004
1697010 1005
1697020 1005
1697030 1006
1697040 1007
1697050 1007
1697060 1007
1697070 1007
1697080 1007
1697090 1008
1697100 1008
1697110 1008
1697120 1009
1697130 1009
1697140 1009
1697150 1009
1697160 1011
1697170 1011
1697180 1011
1697190 1011
1697200 1011
1697210 1011
1697220 1011
1697230 1009
1697240 1009
1697250 1006
1697260 1003
1697270 1003
1697280 998
1697290 993
1697300 993
1697310 988
1697320 981
1697330 981
1697340 975
1697350 968
1697360 961
1697370 961
1697380 954
1697390 948
1697400 948
1697410 941
1697420 934
1697430 934
1697440 927
1697450 920
1697460 920
1697470 915
1697480 910
1697490 910
1697500 904
1697510 900
1697520 900
1697530 896
1697540 892
1697550 892
1697560 889
1697570 885
1697580 885
1697590 881
1697600 877
1697610 872
1697620 872
1697630 869
1697640 864
1697650 864
1697660 860
1697670 857
1697680 857
1697690 851
1697700 845
1697710 845
1697720 840
1697730 837
1697740 837
1697750 835
1697760 831
1697770 831
1697780 826
1697790 821
1697800 821
1697810 820
1697820 821
1697830 823
1697840 823
1697850 822
1697860 820
1697870 820
1697880 817
1697890 817
1697900 817
1697910 821
1697920 825
1697930 825
1697940 829
1697950 833
1697960 833
1697970 838
1697980 841
1697990 841
1698000 846
1698010 850
1698020 850
1698030 854
1698040 858
1698050 858
1698060 861
1698070 864
1698080 865
1698090 865
1698100 860
1698110 854
1698120 854
1698130 847
1698140 840
1698150 840
1698160 834
1698170 823
1698180 823
1698190 819
1698200 810
1698210 810
1698220 803
1698230 796
1698240 796
1698250 788
1698260 780
1698270 780
1698280 773
1698290 766
1698300 758
1698310 758
1698320 751
1698330 744
1698340 744
1698350 736
1698360 730
1698370 730
1698380 722
1698390 715
1698400 715
1698410 708
1698420 701
1698430 701
1698440 694
1698450 686
1698460 686
1698470 680
1698480 673
1698490 673
1698500 667
1698510 661
1698520 661
1698530 655
1698540 649
1698550 644
1698560 644
1698570 638
1698580 634
1698590 634
1698600 628
1698610 627
1698620 627
1698630 628
1698640 630
1698650 630
1698660 633
1698670 636
1698680 636
1698690 640
1698700 643
1698710 643
1698720 647
1698730 651
1698740 651
1698750 655
1698760 660
1698770 664
1698780 664
1698790 669
1698800 673
1698810 673
1698820 678
1698830 684
1698840 684
1698850 689
1698860 693
1698870 693
1698880 698
1698890 703
1698900 703
1698910 708
1698920 713
1698930 713
1698940 717
1698950 722
1698960 722
1698970 727
1698980 733
1698990 733
1699000 738
1699010 746
1699020 750
1699030 750
1699040 751
1699050 755
1699060 755
1699070 761
1699080 765
1699090 765
1699100 770
1699110 775
1699120 775
1699130 783
1699140 788
1699150 788
1699160 793
1699170 799
1699180 799
1699190 805
1699200 812
1699210 812
1699220 820
1699230 827
1699240 837
1699250 837
1699260 843
1699270 850
1699280 850
1699290 854
1699300 860
1699310 860
1699320 865
1699330 872
1699340 872
1699350 880
1699360 890
1699370 890
1699380 901
1699390 907
1699400 907
1699410 913
1699420 918
1699430 918
1699440 923
1699450 926
1699460 926
1699470 928
1699480 928
1699490 924
1699500 924
1699510 918
1699520 911
1699530 911
1699540 904
1699550 900
1699560 900
1699570 897
1699580 897
1699590 897
1699600 898
1699610 888
1699620 888
1699630 885
1699640 883
1699650 883
1699660 867
1699670 863
1699680 863
1699690 858
1699700 848
1699710 843
1699720 843
1699730 842
1699740 842
1699750 842
1699760 842
1699770 841
1699780 841
1699790 837
1699800 830
1699810 830
1699820 823
1699830 818
1699840 818
1699850 813
1699860 807
1699870 807
1699880 802
1699890 800
1699900 800
1699910 799
1699920 797
1699930 797
1699940 794
1699950 788
1699960 781
1699970 781
1699980 777
1699990 776
