1680000 952
1680010 956
1680020 960
1680030 960
1680040 964
1680050 969
1680060 969
1680070 973
1680080 978
1680090 978
1680100 982
1680110 986
1680120 986
1680130 983
1680140 978
1680150 978
1680160 974
1680170 970
1680180 970
1680190 964
1680200 960
1680210 960
1680220 957
1680230 955
1680240 955
1680250 955
1680260 956
1680270 958
1680280 958
1680290 957
1680300 954
1680310 954
1680320 953
1680330 954
1680340 954
1680350 956
1680360 957
1680370 957
1680380 958
1680390 958
1680400 958
1680410 958
1680420 957
1680430 957
1680440 956
1680450 956
1680460 956
1680470 956
1680480 957
1680490 957
1680500 957
1680510 957
1680520 956
1680530 956
1680540 954
1680550 951
1680560 951
1680570 947
1680580 942
1680590 942
1680600 936
1680610 930
1680620 930
1680630 924
1680640 919
1680650 919
1680660 915
1680670 913
1680680 913
1680690 910
1680700 909
1680710 909
1680720 909
1680730 908
1680740 906
1680750 906
1680760 904
1680770 902
1680780 902
1680790 899
1680800 897
1680810 897
1680820 896
1680830 894
1680840 894
1680850 892
1680860 891
1680870 891
1680880 889
1680890 890
1680900 890
1680910 891
1680920 890
1680930 890
1680940 887
1680950 882
1680960 877
1680970 877
1680980 870
1680990 864
1681000 864
1681010 858
1681020 852
1681030 852
1681040 844
1681050 838
1681060 838
1681070 830
1681080 822
1681090 822
1681100 811
1681110 817
1681120 817
1681130 823
1681140 830
1681150 830
1681160 834
1681170 839
1681180 844
1681190 844
1681200 850
1681210 855
1681220 855
1681230 858
1681240 856
1681250 856
1681260 850
1681270 845
1681280 845
1681290 838
1681300 831
1681310 831
1681320 825
1681330 819
1681340 819
1681350 818
1681360 821
1681370 821
1681380 823
1681390 826
1681400 826
1681410 827
1681420 829
1681430 830
1681440 830
1681450 832
1681460 832
1681470 832
1681480 833
1681490 832
1681500 832
1681510 832
1681520 830
1681530 830
1681540 827
1681550 824
1681560 824
1681570 821
1681580 817
1681590 817
1681600 813
1681610 806
1681620 806
1681630 797
1681640 788
1681650 788
1681660 785
1681670 787
1681680 788
1681690 788
1681700 789
1681710 791
1681720 791
1681730 792
1681740 791
1681750 791
1681760 790
1681770 788
1681780 788
1681790 787
1681800 785
1681810 785
1681820 782
1681830 778
1681840 778
1681850 774
1681860 773
1681870 773
1681880 773
1681890 772
1681900 770
1681910 770
1681920 769
1681930 767
1681940 767
1681950 766
1681960 765
1681970 765
1681980 763
1681990 762
1682000 762
1682010 762
1682020 761
1682030 761
1682040 760
1682050 760
1682060 760
1682070 759
1682080 759
1682090 759
1682100 758
1682110 757
1682120 757
1682130 755
1682140 752
1682150 756
1682160 756
1682170 756
1682180 759
1682190 759
1682200 760
1682210 761
1682220 761
1682230 762
1682240 763
1682250 763
1682260 764
1682270 764
1682280 764
1682290 762
1682300 766
1682310 766
1682320 768
1682330 769
1682340 769
1682350 768
1682360 770
1682370 770
1682380 770
1682390 775
1682400 772
1682410 772
1682420 775
1682430 779
1682440 779
1682450 781
1682460 780
1682470 780
1682480 782
1682490 787
1682500 787
1682510 793
1682520 795
1682530 795
1682540 798
1682550 800
1682560 800
1682570 805
1682580 810
1682590 810
1682600 814
1682610 818
1682620 823
1682630 823
1682640 827
1682650 831
1682660 831
1682670 834
1682680 838
1682690 838
1682700 842
1682710 846
1682720 846
1682730 851
1682740 855
1682750 855
1682760 858
1682770 862
1682780 862
1682790 866
1682800 870
1682810 870
1682820 873
1682830 876
1682840 876
1682850 881
1682860 884
1682870 890
1682880 890
1682890 893
1682900 897
1682910 897
1682920 901
1682930 905
1682940 905
1682950 908
1682960 912
1682970 912
1682980 916
1682990 920
1683000 920
1683010 923
1683020 926
1683030 926
1683040 929
1683050 932
1683060 932
1683070 936
1683080 938
1683090 941
1683100 941
1683110 943
1683120 945
1683130 945
1683140 947
1683150 950
1683160 950
1683170 952
1683180 955
1683190 955
1683200 957
1683210 959
1683220 959
1683230 963
1683240 965
1683250 965
1683260 967
1683270 970
1683280 970
1683290 973
1683300 975
1683310 975
1683320 978
1683330 981
1683340 984
1683350 984
1683360 987
1683370 989
1683380 989
1683390 993
1683400 996
1683410 996
1683420 1001
1683430 1006
1683440 1006
1683450 1011
1683460 1013
1683470 1013
1683480 1018
1683490 1021
1683500 1021
1683510 1024
1683520 1027
1683530 1027
1683540 1030
1683550 1032
1683560 1032
1683570 1033
1683580 1035
1683590 1037
1683600 1037
1683610 1038
1683620 1039
1683630 1039
1683640 1040
1683650 1042
1683660 1042
1683670 1043
1683680 1045
1683690 1045
1683700 1046
1683710 1047
1683720 1047
1683730 1049
1683740 1051
1683750 1047
1683760 1049
1683770 1050
1683780 1050
1683790 1051
1683800 1052
1683810 1053
1683820 1053
1683830 1054
1683840 1054
1683850 1054
1683860 1055
1683870 1055
1683880 1055
1683890 1054
1683900 1052
1683910 1052
1683920 1046
1683930 1040
1683940 1040
1683950 1034
1683960 1028
1683970 1028
1683980 1023
1683990 1017
1684000 1017
1684010 1010
1684020 1008
1684030 1008
1684040 1001
1684050 996
1684060 990
1684070 990
1684080 984
1684090 978
1684100 978
1684110 973
1684120 969
1684130 969
1684140 965
1684150 960
1684160 960
1684170 957
1684180 953
1684190 953
1684200 948
1684210 944
1684220 944
1684230 941
1684240 938
1684250 938
1684260 936
1684270 934
1684280 934
1684290 931
1684300 929
1684310 928
1684320 928
1684330 926
1684340 925
1684350 925
1684360 923
1684370 922
1684380 922
1684390 919
1684400 917
1684410 917
1684420 914
1684430 914
1684440 914
1684450 913
1684460 914
1684470 914
1684480 914
1684490 914
1684500 914
1684510 914
1684520 910
1684530 908
1684540 908
1684550 906
1684560 905
1684570 905
1684580 904
1684590 907
1684600 907
1684610 911
1684620 916
1684630 916
1684640 920
1684650 926
1684660 926
1684670 932
1684680 937
1684690 937
1684700 942
1684710 947
1684720 947
1684730 951
1684740 955
1684750 955
1684760 957
1684770 959
1684780 962
1684790 962
1684800 965
1684810 967
1684820 967
1684830 969
1684840 971
1684850 971
1684860 973
1684870 975
1684880 975
1684890 976
1684900 976
1684910 976
1684920 975
1684930 974
1684940 974
1684950 973
1684960 971
1684970 971
1684980 968
1684990 966
1685000 966
1685010 964
1685020 962
1685030 960
1685040 960
1685050 957
1685060 956
1685070 956
1685080 953
1685090 951
1685100 951
1685110 950
1685120 947
1685130 947
1685140 946
1685150 945
1685160 945
1685170 944
1685180 943
1685190 943
1685200 943
1685210 943
1685220 943
1685230 944
1685240 945
1685250 946
1685260 946
1685270 947
1685280 949
1685290 949
1685300 949
1685310 948
1685320 948
1685330 948
1685340 949
1685350 949
1685360 951
1685370 952
1685380 952
1685390 954
1685400 955
1685410 955
1685420 955
1685430 954
1685440 954
1685450 953
1685460 953
1685470 953
1685480 952
1685490 951
1685500 950
1685510 950
1685520 948
1685530 948
1685540 948
1685550 947
1685560 946
1685570 946
1685580 946
1685590 946
1685600 946
1685610 945
1685620 945
1685630 945
1685640 944
1685650 944
1685660 944
1685670 944
1685680 944
1685690 944
1685700 943
1685710 942
1685720 942
1685730 941
1685740 940
1685750 938
1685760 938
1685770 936
1685780 935
1685790 935
1685800 933
1685810 932
1685820 932
1685830 930
1685840 929
1685850 929
1685860 928
1685870 927
1685880 927
1685890 926
1685900 925
1685910 925
1685920 925
1685930 924
1685940 924
1685950 923
1685960 923
1685970 922
1685980 922
1685990 921
1686000 920
1686010 920
1686020 919
1686030 917
1686040 917
1686050 915
1686060 913
1686070 913
1686080 911
1686090 910
1686100 910
1686110 909
1686120 907
1686130 907
1686140 905
1686150 903
1686160 903
1686170 901
1686180 900
1686190 900
1686200 898
1686210 896
1686220 894
1686230 894
1686240 893
1686250 892
1686260 892
1686270 891
1686280 890
1686290 890
1686300 893
1686310 890
1686320 890
1686330 886
1686340 883
1686350 883
1686360 881
1686370 878
1686380 878
1686390 876
1686400 875
1686410 875
1686420 874
1686430 872
1686440 870
1686450 870
1686460 866
1686470 860
1686480 860
1686490 854
1686500 848
1686510 848
1686520 841
1686530 834
1686540 834
1686550 826
1686560 820
1686570 820
1686580 812
1686590 803
1686600 803
1686610 797
1686620 790
1686630 790
1686640 784
1686650 778
1686660 778
1686670 772
1686680 766
1686690 761
1686700 761
1686710 756
1686720 750
1686730 750
1686740 745
1686750 739
1686760 739
1686770 733
1686780 727
1686790 727
1686800 722
1686810 716
1686820 716
1686830 711
1686840 706
1686850 706
1686860 701
1686870 696
1686880 696
1686890 692
1686900 687
1686910 687
1686920 682
1686930 677
1686940 673
1686950 673
1686960 666
1686970 662
1686980 662
1686990 658
1687000 654
1687010 654
1687020 655
1687030 659
1687040 659
1687050 664
1687060 669
1687070 669
1687080 673
1687090 680
1687100 680
1687110 686
1687120 692
1687130 692
1687140 696
1687150 700
1687160 702
1687170 702
1687180 711
1687190 718
1687200 718
1687210 725
1687220 731
1687230 731
1687240 737
1687250 743
1687260 743
1687270 747
1687280 750
1687290 750
1687300 753
1687310 754
1687320 754
1687330 756
1687340 758
1687350 758
1687360 759
1687370 759
1687380 759
1687390 759
1687400 759
1687410 756
1687420 756
1687430 753
1687440 751
1687450 751
1687460 748
1687470 747
1687480 747
1687490 747
1687500 746
1687510 746
1687520 747
1687530 747
1687540 747
1687550 748
1687560 749
1687570 749
1687580 750
1687590 751
1687600 751
1687610 752
1687620 754
1687630 754
1687640 755
1687650 755
1687660 755
1687670 755
1687680 756
1687690 756
1687700 756
1687710 757
1687720 758
1687730 758
1687740 758
1687750 758
1687760 758
1687770 758
1687780 756
1687790 756
1687800 756
1687810 755
1687820 755
1687830 754
1687840 753
1687850 753
1687860 752
1687870 749
1687880 748
1687890 748
1687900 748
1687910 746
1687920 746
1687930 743
1687940 741
1687950 741
1687960 739
1687970 737
1687980 737
1687990 734
1688000 732
1688010 732
1688020 729
1688030 726
1688040 726
1688050 724
1688060 723
1688070 723
1688080 722
1688090 721
1688100 721
1688110 720
1688120 716
1688130 712
1688140 712
1688150 707
1688160 701
1688170 701
1688180 695
1688190 689
1688200 689
1688210 687
1688220 693
1688230 693
1688240 699
1688250 705
1688260 705
1688270 710
1688280 715
1688290 715
1688300 721
1688310 725
1688320 725
1688330 732
1688340 737
1688350 737
1688360 742
1688370 747
1688380 752
1688390 752
1688400 756
1688410 760
1688420 760
1688430 764
1688440 767
1688450 767
1688460 771
1688470 775
1688480 775
1688490 779
1688500 782
1688510 782
1688520 786
1688530 790
1688540 790
1688550 795
1688560 799
1688570 799
1688580 803
1688590 807
1688600 811
1688610 811
1688620 815
1688630 818
1688640 818
1688650 823
1688660 826
1688670 826
1688680 831
1688690 836
1688700 836
1688710 841
1688720 845
1688730 845
1688740 848
1688750 850
1688760 850
1688770 851
1688780 851
1688790 851
1688800 851
1688810 851
1688820 851
1688830 847
1688840 845
1688850 844
1688860 844
1688870 842
1688880 841
1688890 841
1688900 839
1688910 836
1688920 836
1688930 836
1688940 836
1688950 836
1688960 832
1688970 829
1688980 829
1688990 827
1689000 825
1689010 825
1689020 824
1689030 824
1689040 824
1689050 822
1689060 827
1689070 831
1689080 831
1689090 835
1689100 839
1689110 839
1689120 845
1689130 847
1689140 847
1689150 850
1689160 853
1689170 853
1689180 855
1689190 858
1689200 858
1689210 859
1689220 862
1689230 862
1689240 864
1689250 867
1689260 867
1689270 868
1689280 869
1689290 869
1689300 871
1689310 873
1689320 875
1689330 875
1689340 876
1689350 877
1689360 877
1689370 877
1689380 875
1689390 875
1689400 872
1689410 869
1689420 869
1689430 865
1689440 862
1689450 862
1689460 859
1689470 855
1689480 855
1689490 851
1689500 848
1689510 848
1689520 847
1689530 844
1689540 844
1689550 842
1689560 837
1689570 831
1689580 831
1689590 826
1689600 823
1689610 823
1689620 819
1689630 815
1689640 815
1689650 812
1689660 809
1689670 809
1689680 805
1689690 802
1689700 802
1689710 798
1689720 794
1689730 794
1689740 791
1689750 788
1689760 788
1689770 783
1689780 781
1689790 779
1689800 779
1689810 777
1689820 776
1689830 776
1689840 772
1689850 769
1689860 769
1689870 767
1689880 763
1689890 763
1689900 761
1689910 756
1689920 756
1689930 753
1689940 748
1689950 748
1689960 743
1689970 738
1689980 738
1689990 737
1690000 738
1690010 738
1690020 739
1690030 741
1690040 743
1690050 743
1690060 747
1690070 749
1690080 749
1690090 754
1690100 759
1690110 759
1690120 763
1690130 767
1690140 767
1690150 772
1690160 776
1690170 776
1690180 780
1690190 784
1690200 784
1690210 787
1690220 791
1690230 791
1690240 794
1690250 798
1690260 798
1690270 802
1690280 804
1690290 806
1690300 806
1690310 809
1690320 811
1690330 811
1690340 814
1690350 816
1690360 816
1690370 819
1690380 822
1690390 822
1690400 825
1690410 828
1690420 828
1690430 830
1690440 835
1690450 835
1690460 838
1690470 841
1690480 841
1690490 845
1690500 848
1690510 852
1690520 852
1690530 856
1690540 859
1690550 859
1690560 861
1690570 863
1690580 863
1690590 863
1690600 862
1690610 862
1690620 859
1690630 855
1690640 855
1690650 854
1690660 850
1690670 850
1690680 847
1690690 844
1690700 844
1690710 841
1690720 838
1690730 838
1690740 835
1690750 832
1690760 829
1690770 829
1690780 824
1690790 819
1690800 819
1690810 814
1690820 810
1690830 810
1690840 805
1690850 800
1690860 800
1690870 795
1690880 790
1690890 790
1690900 785
1690910 781
1690920 781
1690930 778
1690940 774
1690950 774
1690960 776
1690970 775
1690980 775
1690990 775
1691000 775
1691010 776
1691020 772
1691030 773
1691040 774
1691050 774
1691060 775
1691070 776
1691080 776
1691090 777
1691100 776
1691110 776
1691120 771
1691130 766
1691140 766
1691150 760
1691160 754
1691170 754
1691180 748
1691190 742
1691200 742
1691210 735
1691220 744
1691230 748
1691240 748
1691250 753
1691260 759
1691270 759
1691280 764
1691290 769
1691300 769
1691310 774
1691320 778
1691330 778
1691340 781
1691350 784
1691360 784
1691370 785
1691380 787
1691390 787
1691400 787
1691410 786
1691420 786
1691430 783
1691440 780
1691450 780
1691460 776
1691470 772
1691480 766
1691490 766
1691500 760
1691510 754
1691520 754
1691530 748
1691540 742
1691550 742
1691560 737
1691570 732
1691580 732
1691590 727
1691600 722
1691610 722
1691620 718
1691630 713
1691640 713
1691650 708
1691660 703
1691670 703
1691680 696
1691690 695
1691700 695
1691710 690
1691720 686
1691730 681
1691740 681
1691750 674
1691760 667
1691770 667
1691780 661
1691790 655
1691800 655
1691810 649
1691820 642
1691830 642
1691840 637
1691850 630
1691860 630
1691870 628
1691880 628
1691890 628
1691900 629
1691910 630
1691920 630
1691930 633
1691940 639
1691950 643
1691960 643
1691970 648
1691980 654
1691990 654
1692000 660
1692010 666
1692020 666
1692030 670
1692040 672
1692050 672
1692060 675
1692070 677
1692080 677
1692090 678
1692100 677
1692110 677
1692120 677
1692130 676
1692140 676
1692150 675
1692160 673
1692170 673
1692180 673
1692190 674
1692200 675
1692210 675
1692220 678
1692230 680
1692240 680
1692250 683
1692260 684
1692270 684
1692280 686
1692290 688
1692300 688
1692310 689
1692320 691
1692330 691
1692340 693
1692350 695
1692360 695
1692370 697
1692380 699
1692390 699
1692400 700
1692410 702
1692420 705
1692430 705
1692440 707
1692450 707
1692460 707
1692470 703
1692480 697
1692490 697
1692500 690
1692510 683
1692520 683
1692530 678
1692540 672
1692550 672
1692560 667
1692570 663
1692580 663
1692590 658
1692600 654
1692610 654
1692620 651
1692630 647
1692640 647
1692650 653
1692660 659
1692670 662
1692680 662
1692690 664
1692700 671
1692710 671
1692720 674
1692730 676
1692740 676
1692750 682
1692760 687
1692770 687
1692780 689
1692790 693
1692800 693
1692810 697
1692820 700
1692830 700
1692840 703
1692850 705
1692860 705
1692870 707
1692880 709
1692890 709
1692900 712
1692910 713
1692920 715
1692930 715
1692940 717
1692950 719
1692960 719
1692970 720
1692980 721
1692990 721
1693000 721
1693010 721
1693020 721
1693030 721
1693040 721
1693050 721
1693060 720
1693070 718
1693080 718
1693090 716
1693100 714
1693110 714
1693120 712
1693130 709
1693140 706
1693150 706
1693160 703
1693170 700
1693180 700
1693190 696
1693200 693
1693210 693
1693220 689
1693230 685
1693240 685
1693250 682
1693260 678
1693270 678
1693280 674
1693290 670
1693300 670
1693310 665
1693320 659
1693330 659
1693340 654
1693350 647
1693360 647
1693370 649
1693380 649
1693390 648
1693400 648
1693410 646
1693420 642
1693430 642
1693440 638
1693450 633
1693460 633
1693470 628
1693480 626
1693490 626
1693500 631
1693510 637
1693520 637
1693530 642
1693540 647
1693550 647
1693560 649
1693570 653
1693580 653
1693590 656
1693600 659
1693610 659
1693620 662
1693630 664
1693640 666
1693650 666
1693660 668
1693670 669
1693680 669
1693690 670
1693700 670
1693710 670
1693720 669
1693730 669
1693740 669
1693750 667
1693760 664
1693770 664
1693780 661
1693790 657
1693800 657
1693810 654
1693820 649
1693830 649
1693840 646
1693850 641
1693860 637
1693870 637
1693880 632
1693890 628
1693900 628
1693910 624
1693920 620
1693930 620
1693940 616
1693950 612
1693960 612
1693970 610
1693980 607
1693990 607
1694000 602
1694010 597
1694020 597
1694030 589
1694040 585
1694050 585
1694060 582
1694070 581
1694080 581
1694090 578
1694100 577
1694110 576
1694120 576
1694130 575
1694140 574
1694150 574
1694160 574
1694170 573
1694180 573
1694190 572
1694200 572
1694210 572
1694220 571
1694230 571
1694240 571
1694250 570
1694260 570
1694270 570
1694280 570
1694290 569
1694300 569
1694310 569
1694320 568
1694330 568
1694340 568
1694350 567
1694360 567
1694370 567
1694380 566
1694390 566
1694400 566
1694410 566
1694420 566
1694430 566
1694440 566
1694450 566
1694460 566
1694470 567
1694480 569
1694490 569
1694500 568
1694510 570
1694520 570
1694530 572
1694540 573
1694550 573
1694560 574
1694570 576
1694580 577
1694590 577
1694600 579
1694610 581
1694620 581
1694630 582
1694640 584
1694650 584
1694660 585
1694670 586
1694680 586
1694690 587
1694700 588
1694710 588
1694720 590
1694730 591
1694740 591
1694750 593
1694760 595
1694770 595
1694780 598
1694790 601
1694800 601
1694810 604
1694820 607
1694830 609
1694840 609
1694850 611
1694860 613
1694870 613
1694880 614
1694890 616
1694900 616
1694910 618
1694920 620
1694930 620
1694940 622
1694950 624
1694960 624
1694970 627
1694980 629
1694990 629
1695000 632
1695010 635
1695020 635
1695030 638
1695040 642
1695050 645
1695060 645
1695070 649
1695080 653
1695090 653
1695100 657
1695110 661
1695120 661
1695130 666
1695140 671
1695150 671
1695160 676
1695170 680
1695180 680
1695190 685
1695200 690
1695210 690
1695220 692
1695230 690
1695240 690
1695250 688
1695260 684
1695270 684
1695280 681
1695290 677
1695300 673
1695310 673
1695320 669
1695330 666
1695340 666
1695350 665
1695360 665
1695370 665
1695380 669
1695390 674
1695400 674
1695410 681
1695420 687
1695430 687
1695440 694
1695450 700
1695460 700
1695470 706
1695480 713
1695490 713
1695500 718
1695510 725
1695520 725
1695530 731
1695540 737
1695550 744
1695560 744
1695570 750
1695580 755
1695590 755
1695600 760
1695610 765
1695620 765
1695630 770
1695640 773
1695650 773
1695660 773
1695670 768
1695680 768
1695690 764
1695700 760
1695710 760
1695720 754
1695730 750
1695740 750
1695750 746
1695760 741
1695770 737
1695780 737
1695790 733
1695800 728
1695810 728
1695820 723
1695830 716
1695840 716
1695850 710
1695860 703
1695870 703
1695880 696
1695890 689
1695900 689
1695910 681
1695920 677
1695930 677
1695940 671
1695950 664
1695960 664
1695970 658
1695980 653
1695990 653
1696000 648
1696010 645
1696020 640
1696030 640
1696040 639
1696050 640
1696060 640
1696070 639
1696080 638
1696090 638
1696100 636
1696110 632
1696120 632
1696130 626
1696140 617
1696150 617
1696160 617
1696170 619
1696180 619
1696190 625
1696200 633
1696210 633
1696220 638
1696230 645
1696240 645
1696250 650
1696260 655
1696270 661
1696280 661
1696290 666
1696300 672
1696310 672
1696320 677
1696330 682
1696340 682
1696350 687
1696360 696
1696370 696
1696380 702
1696390 703
1696400 703
1696410 708
1696420 713
1696430 713
1696440 719
1696450 725
1696460 725
1696470 730
1696480 734
1696490 735
1696500 735
1696510 734
1696520 732
1696530 732
1696540 732
1696550 736
1696560 736
1696570 739
1696580 742
1696590 742
1696600 745
1696610 746
1696620 746
1696630 748
1696640 749
1696650 749
1696660 751
1696670 753
1696680 753
1696690 754
1696700 756
1696710 756
1696720 759
1696730 761
1696740 764
1696750 764
1696760 766
1696770 768
1696780 768
1696790 769
1696800 769
1696810 769
1696820 769
1696830 768
1696840 768
1696850 768
1696860 768
1696870 768
1696880 773
1696890 776
1696900 776
1696910 781
1696920 785
1696930 785
1696940 790
1696950 794
1696960 794
1696970 799
1696980 805
1696990 808
1697000 808
1697010 814
1697020 819
1697030 819
1697040 823
1697050 823
1697060 823
1697070 821
1697080 818
1697090 818
1697100 816
1697110 814
1697120 814
1697130 812
1697140 810
1697150 810
1697160 807
1697170 803
1697180 803
1697190 801
1697200 799
1697210 800
1697220 800
1697230 803
1697240 807
1697250 807
1697260 813
1697270 817
1697280 817
1697290 819
1697300 820
1697310 820
1697320 821
1697330 822
1697340 822
1697350 824
1697360 825
1697370 825
1697380 825
1697390 826
1697400 826
1697410 826
1697420 825
1697430 825
1697440 823
1697450 830
1697460 836
1697470 836
1697480 840
1697490 844
1697500 844
1697510 848
1697520 852
1697530 852
1697540 854
1697550 857
1697560 857
1697570 861
1697580 864
1697590 864
1697600 871
1697610 878
1697620 878
1697630 884
1697640 890
1697650 890
1697660 896
1697670 903
1697680 903
1697690 907
1697700 915
1697710 921
1697720 921
1697730 927
1697740 934
1697750 934
1697760 940
1697770 946
1697780 946
1697790 952
1697800 958
1697810 958
1697820 964
1697830 970
1697840 970
1697850 976
1697860 982
1697870 982
1697880 988
1697890 993
1697900 993
1697910 998
1697920 1003
1697930 1007
1697940 1007
1697950 1010
1697960 1013
1697970 1013
1697980 1012
1697990 1008
1698000 1008
1698010 1004
1698020 1001
1698030 1001
1698040 996
1698050 991
1698060 991
1698070 985
1698080 977
1698090 977
1698100 970
1698110 964
1698120 964
1698130 957
1698140 951
1698150 951
1698160 945
1698170 939
1698180 935
1698190 935
1698200 928
1698210 922
1698220 922
1698230 916
1698240 909
1698250 909
1698260 903
1698270 897
1698280 897
1698290 890
1698300 883
1698310 883
1698320 876
1698330 869
1698340 869
1698350 862
1698360 855
1698370 855
1698380 850
1698390 846
1698400 843
1698410 843
1698420 840
1698430 838
1698440 838
1698450 835
1698460 833
1698470 833
1698480 831
1698490 829
1698500 829
1698510 827
1698520 826
1698530 826
1698540 824
1698550 823
1698560 823
1698570 821
1698580 816
1698590 816
1698600 816
1698610 817
1698620 817
1698630 818
1698640 816
1698650 813
1698660 813
1698670 809
1698680 806
1698690 806
1698700 801
1698710 796
1698720 796
1698730 791
1698740 786
1698750 786
1698760 781
1698770 776
1698780 776
1698790 774
1698800 774
1698810 774
1698820 776
1698830 780
1698840 780
1698850 784
1698860 787
1698870 787
1698880 791
1698890 792
1698900 795
1698910 795
1698920 795
1698930 794
1698940 794
1698950 794
1698960 793
1698970 793
1698980 792
1698990 790
1699000 790
1699010 788
1699020 786
1699030 786
1699040 786
1699050 785
1699060 785
1699070 784
1699080 783
1699090 783
1699100 783
1699110 787
1699120 789
1699130 789
1699140 791
1699150 793
1699160 793
1699170 794
1699180 796
1699190 796
1699200 797
1699210 798
1699220 798
1699230 798
1699240 798
1699250 798
1699260 798
1699270 798
1699280 798
1699290 796
1699300 795
1699310 795
1699320 792
1699330 792
1699340 792
1699350 789
1699360 786
1699370 783
1699380 783
1699390 779
1699400 776
1699410 776
1699420 773
1699430 770
1699440 770
1699450 766
1699460 763
1699470 763
1699480 759
1699490 755
1699500 755
1699510 752
1699520 749
1699530 749
1699540 747
1699550 745
1699560 745
1699570 743
1699580 740
1699590 740
1699600 735
1699610 730
1699620 725
1699630 725
1699640 720
1699650 716
1699660 716
1699670 712
1699680 705
1699690 705
1699700 700
1699710 692
1699720 692
1699730 685
1699740 678
1699750 678
1699760 671
1699770 665
1699780 665
1699790 657
1699800 650
1699810 650
1699820 643
1699830 647
1699840 650
1699850 650
1699860 653
1699870 656
1699880 656
1699890 658
1699900 660
1699910 660
1699920 662
1699930 663
1699940 663
1699950 663
1699960 661
1699970 661
1699980 661
1699990 662
