1680000 1094
1680010 1098
1680020 1098
1680030 1104
1680040 1110
1680050 1110
1680060 1117
1680070 1124
1680080 1124
1680090 1130
1680100 1136
1680110 1142
1680120 1142
1680130 1148
1680140 1154
1680150 1154
1680160 1160
1680170 1167
1680180 1167
1680190 1171
1680200 1177
1680210 1177
1680220 1181
1680230 1186
1680240 1186
1680250 1189
1680260 1192
1680270 1192
1680280 1196
1680290 1198
1680300 1198
1680310 1199
1680320 1198
1680330 1198
1680340 1197
1680350 1196
1680360 1196
1680370 1196
1680380 1195
1680390 1195
1680400 1195
1680410 1197
1680420 1200
1680430 1200
1680440 1203
1680450 1205
1680460 1205
1680470 1207
1680480 1210
1680490 1210
1680500 1213
1680510 1217
1680520 1217
1680530 1219
1680540 1221
1680550 1221
1680560 1221
1680570 1222
1680580 1222
1680590 1222
1680600 1220
1680610 1217
1680620 1217
1680630 1214
1680640 1211
1680650 1211
1680660 1206
1680670 1205
1680680 1205
1680690 1200
1680700 1197
1680710 1197
1680720 1193
1680730 1190
1680740 1190
1680750 1187
1680760 1181
1680770 1181
1680780 1180
1680790 1175
1680800 1175
1680810 1172
1680820 1169
1680830 1166
1680840 1166
1680850 1162
1680860 1159
1680870 1159
1680880 1155
1680890 1152
1680900 1152
1680910 1149
1680920 1145
1680930 1145
1680940 1143
1680950 1138
1680960 1138
1680970 1134
1680980 1130
1680990 1130
1681000 1125
1681010 1121
1681020 1121
1681030 1115
1681040 1110
1681050 1110
1681060 1105
1681070 1100
1681080 1095
1681090 1095
1681100 1090
1681110 1084
1681120 1084
1681130 1079
1681140 1073
1681150 1073
1681160 1067
1681170 1060
1681180 1060
1681190 1056
1681200 1049
1681210 1049
1681220 1043
1681230 1038
1681240 1038
1681250 1032
1681260 1028
1681270 1028
1681280 1022
1681290 1018
1681300 1018
1681310 1011
1681320 1008
1681330 1002
1681340 1002
1681350 997
1681360 992
1681370 992
1681380 986
1681390 981
1681400 981
1681410 976
1681420 971
1681430 971
1681440 967
1681450 960
1681460 960
1681470 955
1681480 950
1681490 950
1681500 944
1681510 937
1681520 937
1681530 933
1681540 932
1681550 934
1681560 934
1681570 940
1681580 950
1681590 950
1681600 951
1681610 949
1681620 949
1681630 955
1681640 960
1681650 960
1681660 966
1681670 969
1681680 969
1681690 975
1681700 980
1681710 980
1681720 984
1681730 990
1681740 990
1681750 995
1681760 1000
1681770 1000
1681780 1005
1681790 1010
1681800 1015
1681810 1015
1681820 1020
1681830 1025
1681840 1025
1681850 1029
1681860 1033
1681870 1033
1681880 1039
1681890 1044
1681900 1044
1681910 1049
1681920 1055
1681930 1055
1681940 1061
1681950 1066
1681960 1066
1681970 1071
1681980 1076
1681990 1076
1682000 1080
1682010 1084
1682020 1084
1682030 1088
1682040 1092
1682050 1097
1682060 1097
1682070 1101
1682080 1105
1682090 1105
1682100 1109
1682110 1114
1682120 1114
1682130 1118
1682140 1122
1682150 1122
1682160 1126
1682170 1130
1682180 1130
1682190 1133
1682200 1137
1682210 1137
1682220 1140
1682230 1144
1682240 1144
1682250 1148
1682260 1151
1682270 1155
1682280 1155
1682290 1157
1682300 1159
1682310 1159
1682320 1162
1682330 1163
1682340 1163
1682350 1163
1682360 1160
1682370 1160
1682380 1156
1682390 1153
1682400 1153
1682410 1149
1682420 1146
1682430 1146
1682440 1143
1682450 1139
1682460 1139
1682470 1136
1682480 1133
1682490 1133
1682500 1130
1682510 1126
1682520 1124
1682530 1124
1682540 1120
1682550 1117
1682560 1117
1682570 1114
1682580 1112
1682590 1112
1682600 1111
1682610 1112
1682620 1112
1682630 1112
1682640 1113
1682650 1113
1682660 1115
1682670 1118
1682680 1118
1682690 1118
1682700 1119
1682710 1119
1682720 1121
1682730 1122
1682740 1122
1682750 1123
1682760 1125
1682770 1126
1682780 1126
1682790 1127
1682800 1128
1682810 1128
1682820 1129
1682830 1131
1682840 1131
1682850 1132
1682860 1133
1682870 1133
1682880 1135
1682890 1138
1682900 1138
1682910 1139
1682920 1141
1682930 1141
1682940 1145
1682950 1146
1682960 1146
1682970 1151
1682980 1154
1682990 1154
1683000 1158
1683010 1161
1683020 1164
1683030 1164
1683040 1166
1683050 1166
1683060 1166
1683070 1163
1683080 1158
1683090 1158
1683100 1154
1683110 1149
1683120 1149
1683130 1143
1683140 1138
1683150 1138
1683160 1132
1683170 1126
1683180 1126
1683190 1121
1683200 1114
1683210 1114
1683220 1112
1683230 1105
1683240 1100
1683250 1100
1683260 1097
1683270 1094
1683280 1094
1683290 1089
1683300 1085
1683310 1085
1683320 1082
1683330 1079
1683340 1079
1683350 1075
1683360 1070
1683370 1070
1683380 1067
1683390 1062
1683400 1062
1683410 1058
1683420 1054
1683430 1054
1683440 1048
1683450 1044
1683460 1044
1683470 1038
1683480 1034
1683490 1027
1683500 1027
1683510 1022
1683520 1017
1683530 1017
1683540 1011
1683550 1006
1683560 1006
1683570 1001
1683580 995
1683590 995
1683600 990
1683610 984
1683620 984
1683630 979
1683640 975
1683650 975
1683660 968
1683670 963
1683680 963
1683690 958
1683700 953
1683710 953
1683720 949
1683730 944
1683740 937
1683750 937
1683760 930
1683770 924
1683780 924
1683790 918
1683800 913
1683810 913
1683820 906
1683830 900
1683840 900
1683850 894
1683860 890
1683870 890
1683880 888
1683890 889
1683900 889
1683910 898
1683920 907
1683930 907
1683940 913
1683950 920
1683960 920
1683970 923
1683980 928
1683990 932
1684000 932
1684010 934
1684020 935
1684030 935
1684040 932
1684050 925
1684060 925
1684070 917
1684080 911
1684090 911
1684100 904
1684110 899
1684120 899
1684130 894
1684140 888
1684150 888
1684160 881
1684170 874
1684180 874
1684190 870
1684200 864
1684210 865
1684220 865
1684230 873
1684240 878
1684250 878
1684260 883
1684270 887
1684280 887
1684290 892
1684300 897
1684310 897
1684320 902
1684330 907
1684340 909
1684350 914
1684360 920
1684370 920
1684380 927
1684390 934
1684400 934
1684410 940
1684420 946
1684430 946
1684440 950
1684450 951
1684460 947
1684470 947
1684480 943
1684490 938
1684500 938
1684510 935
1684520 932
1684530 932
1684540 929
1684550 923
1684560 923
1684570 918
1684580 913
1684590 913
1684600 909
1684610 904
1684620 904
1684630 900
1684640 896
1684650 896
1684660 892
1684670 889
1684680 889
1684690 887
1684700 885
1684710 883
1684720 883
1684730 878
1684740 875
1684750 875
1684760 872
1684770 868
1684780 868
1684790 865
1684800 872
1684810 872
1684820 879
1684830 886
1684840 886
1684850 893
1684860 899
1684870 899
1684880 906
1684890 913
1684900 913
1684910 917
1684920 920
1684930 923
1684940 923
1684950 925
1684960 930
1684970 930
1684980 933
1684990 937
1685000 937
1685010 941
1685020 944
1685030 944
1685040 945
1685050 947
1685060 947
1685070 949
1685080 951
1685090 951
1685100 955
1685110 959
1685120 959
1685130 960
1685140 963
1685150 963
1685160 964
1685170 966
1685180 967
1685190 967
1685200 967
1685210 967
1685220 967
1685230 968
1685240 970
1685250 970
1685260 971
1685270 973
1685280 973
1685290 975
1685300 976
1685310 976
1685320 978
1685330 980
1685340 980
1685350 981
1685360 980
1685370 980
1685380 981
1685390 980
1685400 980
1685410 979
1685420 978
1685430 976
1685440 976
1685450 975
1685460 972
1685470 972
1685480 970
1685490 968
1685500 968
1685510 966
1685520 965
1685530 965
1685540 964
1685550 963
1685560 963
1685570 963
1685580 962
1685590 962
1685600 959
1685610 956
1685620 956
1685630 955
1685640 952
1685650 952
1685660 950
1685670 947
1685680 945
1685690 945
1685700 945
1685710 945
1685720 945
1685730 947
1685740 948
1685750 948
1685760 949
1685770 951
1685780 951
1685790 954
1685800 958
1685810 958
1685820 962
1685830 966
1685840 966
1685850 971
1685860 977
1685870 977
1685880 982
1685890 987
1685900 991
1685910 991
1685920 996
1685930 1001
1685940 1001
1685950 1006
1685960 1010
1685970 1010
1685980 1014
1685990 1018
1686000 1018
1686010 1021
1686020 1024
1686030 1024
1686040 1026
1686050 1023
1686060 1023
1686070 1017
1686080 1012
1686090 1012
1686100 1007
1686110 1001
1686120 1001
1686130 996
1686140 991
1686150 985
1686160 985
1686170 980
1686180 974
1686190 974
1686200 969
1686210 964
1686220 964
1686230 959
1686240 954
1686250 954
1686260 948
1686270 941
1686280 941
1686290 933
1686300 930
1686310 930
1686320 931
1686330 936
1686340 936
1686350 938
1686360 941
1686370 941
1686380 944
1686390 947
1686400 949
1686410 949
1686420 952
1686430 954
1686440 954
1686450 956
1686460 956
1686470 956
1686480 958
1686490 960
1686500 960
1686510 964
1686520 968
1686530 968
1686540 973
1686550 975
1686560 975
1686570 981
1686580 983
1686590 983
1686600 984
1686610 987
1686620 987
1686630 991
1686640 995
1686650 1002
1686660 1002
1686670 1008
1686680 1015
1686690 1015
1686700 1022
1686710 1029
1686720 1029
1686730 1036
1686740 1044
1686750 1044
1686760 1052
1686770 1057
1686780 1057
1686790 1065
1686800 1070
1686810 1070
1686820 1069
1686830 1067
1686840 1067
1686850 1063
1686860 1058
1686870 1053
1686880 1053
1686890 1048
1686900 1043
1686910 1043
1686920 1037
1686930 1032
1686940 1032
1686950 1026
1686960 1021
1686970 1021
1686980 1015
1686990 1010
1687000 1010
1687010 1004
1687020 998
1687030 998
1687040 992
1687050 985
1687060 985
1687070 979
1687080 973
1687090 973
1687100 969
1687110 963
1687120 958
1687130 958
1687140 951
1687150 946
1687160 946
1687170 939
1687180 933
1687190 933
1687200 928
1687210 921
1687220 921
1687230 917
1687240 912
1687250 912
1687260 907
1687270 901
1687280 901
1687290 895
1687300 888
1687310 888
1687320 891
1687330 896
1687340 896
1687350 902
1687360 908
1687370 914
1687380 914
1687390 920
1687400 927
1687410 927
1687420 932
1687430 938
1687440 938
1687450 943
1687460 948
1687470 948
1687480 953
1687490 959
1687500 959
1687510 964
1687520 969
1687530 969
1687540 975
1687550 981
1687560 981
1687570 987
1687580 993
1687590 998
1687600 998
1687610 1004
1687620 1009
1687630 1009
1687640 1015
1687650 1021
1687660 1021
1687670 1028
1687680 1033
1687690 1033
1687700 1038
1687710 1042
1687720 1042
1687730 1047
1687740 1052
1687750 1052
1687760 1056
1687770 1058
1687780 1058
1687790 1061
1687800 1063
1687810 1063
1687820 1062
1687830 1062
1687840 1060
1687850 1060
1687860 1059
1687870 1057
1687880 1057
1687890 1055
1687900 1052
1687910 1052
1687920 1050
1687930 1049
1687940 1049
1687950 1045
1687960 1044
1687970 1044
1687980 1042
1687990 1038
1688000 1038
1688010 1034
1688020 1029
1688030 1029
1688040 1023
1688050 1017
1688060 1017
1688070 1011
1688080 1004
1688090 997
1688100 997
1688110 991
1688120 987
1688130 987
1688140 982
1688150 977
1688160 977
1688170 973
1688180 969
1688190 969
1688200 964
1688210 960
1688220 960
1688230 955
1688240 950
1688250 950
1688260 946
1688270 940
1688280 940
1688290 936
1688300 931
1688310 931
1688320 926
1688330 921
1688340 915
1688350 915
1688360 912
1688370 919
1688380 919
1688390 924
1688400 932
1688410 932
1688420 936
1688430 943
1688440 943
1688450 951
1688460 957
1688470 957
1688480 961
1688490 966
1688500 966
1688510 971
1688520 976
1688530 976
1688540 980
1688550 985
1688560 990
1688570 990
1688580 995
1688590 998
1688600 998
1688610 1001
1688620 1004
1688630 1004
1688640 1006
1688650 1008
1688660 1008
1688670 1010
1688680 1009
1688690 1009
1688700 1007
1688710 1005
1688720 1005
1688730 1003
1688740 1000
1688750 1000
1688760 995
1688770 990
1688780 990
1688790 986
1688800 981
1688810 977
1688820 977
1688830 972
1688840 968
1688850 968
1688860 962
1688870 957
1688880 957
1688890 952
1688900 948
1688910 948
1688920 941
1688930 935
1688940 935
1688950 928
1688960 922
1688970 922
1688980 916
1688990 910
1689000 910
1689010 904
1689020 899
1689030 899
1689040 893
1689050 888
1689060 883
1689070 883
1689080 876
1689090 872
1689100 872
1689110 868
1689120 876
1689130 876
1689140 881
1689150 887
1689160 887
1689170 893
1689180 901
1689190 901
1689200 906
1689210 912
1689220 912
1689230 916
1689240 921
1689250 921
1689260 922
1689270 928
1689280 928
1689290 935
1689300 940
1689310 943
1689320 943
1689330 948
1689340 954
1689350 954
1689360 959
1689370 966
1689380 966
1689390 973
1689400 981
1689410 981
1689420 989
1689430 996
1689440 996
1689450 1004
1689460 1011
1689470 1011
1689480 1019
1689490 1027
1689500 1027
1689510 1035
1689520 1043
1689530 1051
1689540 1051
1689550 1058
1689560 1065
1689570 1065
1689580 1072
1689590 1077
1689600 1077
1689610 1082
1689620 1085
1689630 1085
1689640 1089
1689650 1091
1689660 1091
1689670 1094
1689680 1095
1689690 1095
1689700 1097
1689710 1099
1689720 1099
1689730 1100
1689740 1100
1689750 1100
1689760 1101
1689770 1101
1689780 1102
1689790 1102
1689800 1103
1689810 1104
1689820 1104
1689830 1105
1689840 1106
1689850 1106
1689860 1107
1689870 1108
1689880 1108
1689890 1108
1689900 1107
1689910 1107
1689920 1105
1689930 1104
1689940 1104
1689950 1102
1689960 1100
1689970 1100
1689980 1099
1689990 1097
1690000 1097
1690010 1095
1690020 1093
1690030 1090
1690040 1090
1690050 1084
1690060 1074
1690070 1074
1690080 1068
1690090 1063
1690100 1063
1690110 1059
1690120 1053
1690130 1053
1690140 1047
1690150 1040
1690160 1040
1690170 1037
1690180 1029
1690190 1029
1690200 1024
1690210 1018
1690220 1018
1690230 1013
1690240 1007
1690250 1002
1690260 1002
1690270 997
1690280 991
1690290 991
1690300 983
1690310 974
1690320 974
1690330 973
1690340 967
1690350 967
1690360 959
1690370 953
1690380 953
1690390 946
1690400 939
1690410 939
1690420 932
1690430 926
1690440 926
1690450 921
1690460 916
1690470 916
1690480 910
1690490 904
1690500 899
1690510 899
1690520 894
1690530 889
1690540 889
1690550 883
1690560 879
1690570 879
1690580 874
1690590 868
1690600 868
1690610 863
1690620 858
1690630 858
1690640 852
1690650 848
1690660 848
1690670 841
1690680 835
1690690 835
1690700 829
1690710 824
1690720 824
1690730 818
1690740 812
1690750 808
1690760 808
1690770 805
1690780 799
1690790 799
1690800 804
1690810 809
1690820 809
1690830 814
1690840 820
1690850 820
1690860 825
1690870 829
1690880 829
1690890 832
1690900 836
1690910 836
1690920 842
1690930 847
1690940 847
1690950 850
1690960 856
1690970 856
1690980 859
1690990 864
1691000 868
1691010 868
1691020 871
1691030 872
1691040 872
1691050 870
1691060 865
1691070 865
1691080 861
1691090 857
1691100 857
1691110 854
1691120 850
1691130 850
1691140 848
1691150 845
1691160 845
1691170 842
1691180 839
1691190 839
1691200 836
1691210 833
1691220 830
1691230 830
1691240 825
1691250 819
1691260 819
1691270 811
1691280 804
1691290 804
1691300 796
1691310 788
1691320 788
1691330 780
1691340 773
1691350 773
1691360 764
1691370 754
1691380 754
1691390 746
1691400 739
1691410 740
1691420 732
1691430 724
1691440 724
1691450 718
1691460 709
1691470 708
1691480 708
1691490 711
1691500 714
1691510 714
1691520 719
1691530 724
1691540 724
1691550 730
1691560 736
1691570 736
1691580 742
1691590 747
1691600 747
1691610 753
1691620 758
1691630 758
1691640 764
1691650 770
1691660 770
1691670 776
1691680 782
1691690 782
1691700 788
1691710 793
1691720 799
1691730 799
1691740 806
1691750 811
1691760 811
1691770 817
1691780 824
1691790 824
1691800 830
1691810 837
1691820 837
1691830 841
1691840 848
1691850 848
1691860 854
1691870 860
1691880 860
1691890 866
1691900 872
1691910 872
1691920 877
1691930 883
1691940 883
1691950 889
1691960 895
1691970 901
1691980 901
1691990 907
1692000 913
1692010 913
1692020 920
1692030 926
1692040 926
1692050 932
1692060 938
1692070 938
1692080 944
1692090 949
1692100 949
1692110 956
1692120 962
1692130 962
1692140 967
1692150 973
1692160 973
1692170 979
1692180 983
1692190 988
1692200 988
1692210 992
1692220 997
1692230 997
1692240 1002
1692250 1007
1692260 1007
1692270 1013
1692280 1018
1692290 1018
1692300 1024
1692310 1030
1692320 1030
1692330 1036
1692340 1042
1692350 1042
1692360 1047
1692370 1053
1692380 1053
1692390 1058
1692400 1064
1692410 1064
1692420 1069
1692430 1075
1692440 1081
1692450 1081
1692460 1087
1692470 1094
1692480 1094
1692490 1100
1692500 1106
1692510 1106
1692520 1113
1692530 1118
1692540 1118
1692550 1124
1692560 1131
1692570 1131
1692580 1136
1692590 1141
1692600 1141
1692610 1145
1692620 1150
1692630 1150
1692640 1155
1692650 1157
1692660 1157
1692670 1152
1692680 1146
1692690 1141
1692700 1141
1692710 1135
1692720 1131
1692730 1131
1692740 1126
1692750 1123
1692760 1123
1692770 1118
1692780 1114
1692790 1114
1692800 1111
1692810 1108
1692820 1108
1692830 1105
1692840 1103
1692850 1103
1692860 1101
1692870 1099
1692880 1099
1692890 1097
1692900 1096
1692910 1095
1692920 1095
1692930 1094
1692940 1093
1692950 1093
1692960 1091
1692970 1088
1692980 1088
1692990 1083
1693000 1079
1693010 1079
1693020 1074
1693030 1069
1693040 1069
1693050 1063
1693060 1057
1693070 1057
1693080 1051
1693090 1046
1693100 1046
1693110 1039
1693120 1033
1693130 1033
1693140 1027
1693150 1021
1693160 1014
1693170 1014
1693180 1007
1693190 1000
1693200 1000
1693210 994
1693220 987
1693230 987
1693240 981
1693250 973
1693260 973
1693270 965
1693280 959
1693290 959
1693300 953
1693310 948
1693320 948
1693330 942
1693340 936
1693350 936
1693360 931
1693370 925
1693380 925
1693390 920
1693400 915
1693410 911
1693420 911
1693430 906
1693440 901
1693450 901
1693460 897
1693470 891
1693480 891
1693490 885
1693500 880
1693510 880
1693520 874
1693530 868
1693540 868
1693550 861
1693560 854
1693570 854
1693580 848
1693590 841
1693600 841
1693610 834
1693620 828
1693630 828
1693640 821
1693650 815
1693660 808
1693670 808
1693680 803
1693690 799
1693700 799
1693710 794
1693720 789
1693730 789
1693740 783
1693750 778
1693760 778
1693770 773
1693780 766
1693790 766
1693800 762
1693810 755
1693820 755
1693830 749
1693840 742
1693850 742
1693860 738
1693870 734
1693880 730
1693890 730
1693900 727
1693910 724
1693920 724
1693930 722
1693940 721
1693950 721
1693960 720
1693970 718
1693980 718
1693990 720
1694000 722
1694010 722
1694020 724
1694030 725
1694040 725
1694050 725
1694060 725
1694070 725
1694080 726
1694090 726
1694100 726
1694110 726
1694120 725
1694130 725
1694140 725
1694150 724
1694160 723
1694170 723
1694180 720
1694190 721
1694200 721
1694210 719
1694220 717
1694230 717
1694240 716
1694250 715
1694260 715
1694270 713
1694280 712
1694290 712
1694300 711
1694310 710
1694320 710
1694330 709
1694340 709
1694350 709
1694360 709
1694370 708
1694380 707
1694390 707
1694400 707
1694410 707
1694420 707
1694430 708
1694440 708
1694450 708
1694460 708
1694470 708
1694480 708
1694490 707
1694500 708
1694510 708
1694520 709
1694530 710
1694540 710
1694550 710
1694560 711
1694570 711
1694580 710
1694590 710
1694600 710
1694610 710
1694620 709
1694630 708
1694640 708
1694650 708
1694660 707
1694670 707
1694680 705
1694690 704
1694700 704
1694710 702
1694720 698
1694730 698
1694740 696
1694750 693
1694760 693
1694770 689
1694780 685
1694790 685
1694800 681
1694810 677
1694820 677
1694830 671
1694840 668
1694850 663
1694860 663
1694870 659
1694880 654
1694890 654
1694900 650
1694910 645
1694920 645
1694930 641
1694940 637
1694950 637
1694960 634
1694970 631
1694980 631
1694990 628
1695000 625
1695010 625
1695020 621
1695030 617
1695040 617
1695050 613
1695060 610
1695070 610
1695080 606
1695090 602
1695100 598
1695110 598
1695120 593
1695130 588
1695140 588
1695150 582
1695160 578
1695170 578
1695180 581
1695190 581
1695200 581
1695210 582
1695220 581
1695230 581
1695240 581
1695250 581
1695260 581
1695270 583
1695280 586
1695290 586
1695300 589
1695310 593
1695320 593
1695330 596
1695340 601
1695350 603
1695360 603
1695370 607
1695380 610
1695390 610
1695400 614
1695410 619
1695420 619
1695430 623
1695440 627
1695450 627
1695460 631
1695470 635
1695480 635
1695490 638
1695500 642
1695510 642
1695520 644
1695530 647
1695540 647
1695550 650
1695560 653
1695570 655
1695580 655
1695590 657
1695600 659
1695610 659
1695620 661
1695630 662
1695640 662
1695650 663
1695660 664
1695670 664
1695680 665
1695690 666
1695700 666
1695710 667
1695720 668
1695730 668
1695740 669
1695750 670
1695760 670
1695770 670
1695780 669
1695790 669
1695800 666
1695810 662
1695820 657
1695830 657
1695840 652
1695850 647
1695860 647
1695870 642
1695880 638
1695890 638
1695900 633
1695910 630
1695920 630
1695930 623
1695940 619
1695950 619
1695960 614
1695970 608
1695980 608
1695990 604
1696000 599
1696010 599
1696020 594
1696030 590
1696040 590
1696050 585
1696060 581
1696070 576
1696080 576
1696090 571
1696100 567
1696110 567
1696120 561
1696130 554
1696140 554
1696150 548
1696160 542
1696170 542
1696180 538
1696190 534
1696200 534
1696210 534
1696220 533
1696230 533
1696240 533
1696250 533
1696260 533
1696270 532
1696280 532
1696290 532
1696300 530
1696310 532
1696320 532
1696330 532
1696340 531
1696350 532
1696360 532
1696370 531
1696380 531
1696390 531
1696400 531
1696410 531
1696420 531
1696430 531
1696440 531
1696450 531
1696460 531
1696470 531
1696480 531
1696490 530
1696500 530
1696510 530
1696520 531
1696530 536
1696540 541
1696550 541
1696560 546
1696570 550
1696580 550
1696590 554
1696600 557
1696610 557
1696620 559
1696630 561
1696640 561
1696650 562
1696660 564
1696670 564
1696680 560
1696690 561
1696700 561
1696710 561
1696720 561
1696730 561
1696740 561
1696750 563
1696760 563
1696770 565
1696780 567
1696790 570
1696800 570
1696810 573
1696820 576
1696830 576
1696840 579
1696850 583
1696860 583
1696870 587
1696880 590
1696890 590
1696900 596
1696910 600
1696920 600
1696930 606
1696940 610
1696950 610
1696960 616
1696970 620
1696980 620
1696990 625
1697000 632
1697010 632
1697020 636
1697030 641
1697040 644
1697050 644
1697060 647
1697070 650
1697080 650
1697090 652
1697100 655
1697110 655
1697120 657
1697130 659
1697140 659
1697150 662
1697160 665
1697170 665
1697180 668
1697190 670
1697200 670
1697210 672
1697220 674
1697230 674
1697240 677
1697250 679
1697260 679
1697270 681
1697280 682
1697290 683
1697300 683
1697310 684
1697320 683
1697330 683
1697340 683
1697350 682
1697360 682
1697370 679
1697380 677
1697390 677
1697400 673
1697410 669
1697420 669
1697430 665
1697440 661
1697450 661
1697460 657
1697470 653
1697480 653
1697490 648
1697500 644
1697510 640
1697520 640
1697530 635
1697540 630
1697550 630
1697560 623
1697570 624
1697580 624
1697590 628
1697600 630
1697610 630
1697620 633
1697630 634
1697640 634
1697650 635
1697660 634
1697670 634
1697680 633
1697690 631
1697700 631
1697710 635
1697720 640
1697730 640
1697740 645
1697750 653
1697760 657
1697770 657
1697780 661
1697790 666
1697800 666
1697810 671
1697820 677
1697830 677
1697840 682
1697850 688
1697860 688
1697870 692
1697880 698
1697890 698
1697900 703
1697910 708
1697920 708
1697930 713
1697940 718
1697950 718
1697960 722
1697970 728
1697980 728
1697990 734
1698000 738
1698010 741
1698020 741
1698030 745
1698040 752
1698050 752
1698060 755
1698070 760
1698080 760
1698090 766
1698100 772
1698110 772
1698120 777
1698130 776
1698140 776
1698150 772
1698160 768
1698170 768
1698180 767
1698190 765
1698200 765
1698210 762
1698220 760
1698230 759
1698240 759
1698250 755
1698260 752
1698270 752
1698280 748
1698290 744
1698300 744
1698310 741
1698320 736
1698330 736
1698340 733
1698350 729
1698360 729
1698370 725
1698380 720
1698390 720
1698400 718
1698410 713
1698420 713
1698430 710
1698440 707
1698450 707
1698460 703
1698470 700
1698480 698
1698490 698
1698500 696
1698510 694
1698520 694
1698530 691
1698540 689
1698550 689
1698560 686
1698570 684
1698580 684
1698590 682
1698600 680
1698610 680
1698620 679
1698630 678
1698640 678
1698650 677
1698660 676
1698670 676
1698680 674
1698690 673
1698700 673
1698710 672
1698720 671
1698730 670
1698740 670
1698750 669
1698760 668
1698770 668
1698780 667
1698790 665
1698800 665
1698810 665
1698820 664
1698830 664
1698840 663
1698850 662
1698860 662
1698870 661
1698880 658
1698890 658
1698900 656
1698910 653
1698920 653
1698930 651
1698940 646
1698950 646
1698960 643
1698970 639
1698980 634
1698990 634
1699000 631
1699010 626
1699020 626
1699030 624
1699040 619
1699050 619
1699060 614
1699070 611
1699080 611
1699090 607
1699100 602
1699110 602
1699120 599
1699130 595
1699140 595
1699150 590
1699160 586
1699170 586
1699180 582
1699190 576
1699200 573
1699210 573
1699220 567
1699230 561
1699240 561
1699250 554
1699260 552
1699270 552
1699280 553
1699290 552
1699300 552
1699310 550
1699320 547
1699330 547
1699340 543
1699350 541
1699360 541
1699370 537
1699380 533
1699390 533
1699400 531
1699410 527
1699420 527
1699430 524
1699440 521
1699450 519
1699460 519
1699470 516
1699480 513
1699490 513
1699500 511
1699510 509
1699520 509
1699530 508
1699540 506
1699550 506
1699560 505
1699570 504
1699580 504
1699590 504
1699600 503
1699610 503
1699620 503
1699630 503
1699640 503
1699650 502
1699660 501
1699670 501
1699680 500
1699690 498
1699700 497
1699710 497
1699720 495
1699730 494
1699740 494
1699750 491
1699760 489
1699770 489
1699780 489
1699790 489
1699800 489
1699810 488
1699820 486
1699830 486
1699840 487
1699850 488
1699860 488
1699870 488
1699880 488
1699890 488
1699900 488
1699910 487
1699920 487
1699930 487
1699940 487
1699950 487
1699960 487
1699970 486
1699980 486
1699990 486
