1680000 1268
1680010 1264
1680020 1264
1680030 1260
1680040 1256
1680050 1256
1680060 1251
1680070 1247
1680080 1247
1680090 1242
1680100 1237
1680110 1237
1680120 1233
1680130 1228
1680140 1228
1680150 1223
1680160 1219
1680170 1219
1680180 1214
1680190 1209
1680200 1203
1680210 1203
1680220 1201
1680230 1195
1680240 1195
1680250 1190
1680260 1185
1680270 1185
1680280 1180
1680290 1175
1680300 1175
1680310 1170
1680320 1166
1680330 1166
1680340 1161
1680350 1157
1680360 1157
1680370 1153
1680380 1148
1680390 1148
1680400 1144
1680410 1139
1680420 1139
1680430 1137
1680440 1136
1680450 1132
1680460 1132
1680470 1130
1680480 1128
1680490 1128
1680500 1126
1680510 1128
1680520 1128
1680530 1128
1680540 1131
1680550 1131
1680560 1131
1680570 1134
1680580 1134
1680590 1134
1680600 1135
1680610 1135
1680620 1136
1680630 1137
1680640 1137
1680650 1136
1680660 1139
1680670 1139
1680680 1142
1680690 1145
1680700 1148
1680710 1148
1680720 1151
1680730 1156
1680740 1156
1680750 1154
1680760 1155
1680770 1155
1680780 1154
1680790 1154
1680800 1154
1680810 1154
1680820 1154
1680830 1154
1680840 1150
1680850 1146
1680860 1146
1680870 1142
1680880 1138
1680890 1138
1680900 1134
1680910 1130
1680920 1125
1680930 1125
1680940 1121
1680950 1117
1680960 1117
1680970 1111
1680980 1107
1680990 1107
1681000 1104
1681010 1102
1681020 1102
1681030 1101
1681040 1096
1681050 1096
1681060 1099
1681070 1101
1681080 1101
1681090 1103
1681100 1107
1681110 1107
1681120 1110
1681130 1116
1681140 1116
1681150 1121
1681160 1125
1681170 1130
1681180 1130
1681190 1135
1681200 1139
1681210 1139
1681220 1141
1681230 1141
1681240 1141
1681250 1139
1681260 1137
1681270 1137
1681280 1134
1681290 1130
1681300 1130
1681310 1129
1681320 1131
1681330 1131
1681340 1134
1681350 1140
1681360 1140
1681370 1143
1681380 1147
1681390 1147
1681400 1154
1681410 1161
1681420 1168
1681430 1168
1681440 1174
1681450 1180
1681460 1180
1681470 1186
1681480 1191
1681490 1191
1681500 1197
1681510 1202
1681520 1202
1681530 1204
1681540 1205
1681550 1205
1681560 1207
1681570 1210
1681580 1210
1681590 1213
1681600 1216
1681610 1216
1681620 1218
1681630 1221
1681640 1221
1681650 1224
1681660 1227
1681670 1231
1681680 1231
1681690 1234
1681700 1238
1681710 1238
1681720 1242
1681730 1245
1681740 1245
1681750 1249
1681760 1252
1681770 1252
1681780 1255
1681790 1259
1681800 1259
1681810 1263
1681820 1267
1681830 1267
1681840 1271
1681850 1275
1681860 1275
1681870 1281
1681880 1288
1681890 1288
1681900 1292
1681910 1297
1681920 1302
1681930 1302
1681940 1306
1681950 1311
1681960 1311
1681970 1316
1681980 1320
1681990 1320
1682000 1324
1682010 1328
1682020 1328
1682030 1332
1682040 1336
1682050 1336
1682060 1340
1682070 1344
1682080 1344
1682090 1348
1682100 1352
1682110 1352
1682120 1356
1682130 1359
1682140 1363
1682150 1363
1682160 1366
1682170 1371
1682180 1371
1682190 1375
1682200 1377
1682210 1377
1682220 1379
1682230 1380
1682240 1380
1682250 1381
1682260 1381
1682270 1381
1682280 1381
1682290 1380
1682300 1380
1682310 1378
1682320 1375
1682330 1375
1682340 1372
1682350 1369
1682360 1369
1682370 1365
1682380 1362
1682390 1359
1682400 1359
1682410 1356
1682420 1353
1682430 1353
1682440 1349
1682450 1345
1682460 1345
1682470 1341
1682480 1337
1682490 1337
1682500 1334
1682510 1331
1682520 1331
1682530 1329
1682540 1329
1682550 1329
1682560 1326
1682570 1326
1682580 1326
1682590 1325
1682600 1323
1682610 1323
1682620 1321
1682630 1320
1682640 1318
1682650 1318
1682660 1316
1682670 1315
1682680 1315
1682690 1313
1682700 1312
1682710 1312
1682720 1311
1682730 1308
1682740 1308
1682750 1306
1682760 1303
1682770 1303
1682780 1301
1682790 1298
1682800 1298
1682810 1299
1682820 1301
1682830 1301
1682840 1303
1682850 1305
1682860 1305
1682870 1306
1682880 1305
1682890 1306
1682900 1306
1682910 1310
1682920 1313
1682930 1313
1682940 1317
1682950 1319
1682960 1319
1682970 1322
1682980 1323
1682990 1323
1683000 1322
1683010 1321
1683020 1321
1683030 1320
1683040 1317
1683050 1317
1683060 1315
1683070 1313
1683080 1313
1683090 1310
1683100 1308
1683110 1308
1683120 1305
1683130 1302
1683140 1299
1683150 1299
1683160 1296
1683170 1293
1683180 1293
1683190 1289
1683200 1285
1683210 1285
1683220 1280
1683230 1275
1683240 1275
1683250 1270
1683260 1265
1683270 1265
1683280 1260
1683290 1256
1683300 1256
1683310 1251
1683320 1248
1683330 1248
1683340 1246
1683350 1245
1683360 1244
1683370 1244
1683380 1245
1683390 1247
1683400 1247
1683410 1249
1683420 1249
1683430 1249
1683440 1251
1683450 1252
1683460 1252
1683470 1252
1683480 1251
1683490 1251
1683500 1250
1683510 1247
1683520 1247
1683530 1245
1683540 1246
1683550 1246
1683560 1250
1683570 1254
1683580 1254
1683590 1257
1683600 1260
1683610 1264
1683620 1264
1683630 1267
1683640 1271
1683650 1271
1683660 1274
1683670 1278
1683680 1278
1683690 1280
1683700 1284
1683710 1284
1683720 1287
1683730 1289
1683740 1289
1683750 1292
1683760 1295
1683770 1295
1683780 1298
1683790 1301
1683800 1301
1683810 1303
1683820 1306
1683830 1306
1683840 1308
1683850 1309
1683860 1309
1683870 1309
1683880 1308
1683890 1309
1683900 1309
1683910 1308
1683920 1308
1683930 1308
1683940 1307
1683950 1305
1683960 1305
1683970 1304
1683980 1302
1683990 1302
1684000 1301
1684010 1299
1684020 1299
1684030 1297
1684040 1296
1684050 1296
1684060 1294
1684070 1291
1684080 1291
1684090 1289
1684100 1288
1684110 1287
1684120 1287
1684130 1284
1684140 1281
1684150 1281
1684160 1277
1684170 1273
1684180 1273
1684190 1269
1684200 1264
1684210 1264
1684220 1258
1684230 1253
1684240 1253
1684250 1248
1684260 1243
1684270 1243
1684280 1238
1684290 1233
1684300 1233
1684310 1228
1684320 1224
1684330 1224
1684340 1219
1684350 1214
1684360 1209
1684370 1209
1684380 1204
1684390 1199
1684400 1199
1684410 1194
1684420 1189
1684430 1189
1684440 1185
1684450 1182
1684460 1182
1684470 1181
1684480 1179
1684490 1179
1684500 1177
1684510 1175
1684520 1175
1684530 1172
1684540 1170
1684550 1170
1684560 1168
1684570 1166
1684580 1165
1684590 1165
1684600 1162
1684610 1158
1684620 1158
1684630 1153
1684640 1160
1684650 1160
1684660 1164
1684670 1168
1684680 1168
1684690 1172
1684700 1177
1684710 1177
1684720 1182
1684730 1187
1684740 1187
1684750 1192
1684760 1197
1684770 1197
1684780 1201
1684790 1204
1684800 1204
1684810 1208
1684820 1212
1684830 1212
1684840 1212
1684850 1214
1684860 1217
1684870 1217
1684880 1220
1684890 1223
1684900 1223
1684910 1225
1684920 1227
1684930 1227
1684940 1229
1684950 1232
1684960 1232
1684970 1234
1684980 1235
1684990 1235
1685000 1235
1685010 1235
1685020 1235
1685030 1235
1685040 1236
1685050 1236
1685060 1236
1685070 1236
1685080 1234
1685090 1234
1685100 1232
1685110 1229
1685120 1229
1685130 1225
1685140 1222
1685150 1222
1685160 1218
1685170 1214
1685180 1214
1685190 1210
1685200 1205
1685210 1205
1685220 1202
1685230 1198
1685240 1198
1685250 1194
1685260 1190
1685270 1190
1685280 1186
1685290 1182
1685300 1182
1685310 1178
1685320 1176
1685330 1171
1685340 1171
1685350 1174
1685360 1180
1685370 1180
1685380 1183
1685390 1189
1685400 1189
1685410 1193
1685420 1199
1685430 1199
1685440 1205
1685450 1211
1685460 1211
1685470 1216
1685480 1221
1685490 1221
1685500 1227
1685510 1231
1685520 1231
1685530 1235
1685540 1240
1685550 1240
1685560 1245
1685570 1250
1685580 1254
1685590 1254
1685600 1259
1685610 1264
1685620 1264
1685630 1268
1685640 1274
1685650 1274
1685660 1278
1685670 1281
1685680 1281
1685690 1285
1685700 1287
1685710 1287
1685720 1289
1685730 1292
1685740 1292
1685750 1292
1685760 1289
1685770 1289
1685780 1282
1685790 1275
1685800 1267
1685810 1267
1685820 1260
1685830 1253
1685840 1253
1685850 1249
1685860 1241
1685870 1241
1685880 1235
1685890 1230
1685900 1230
1685910 1224
1685920 1218
1685930 1218
1685940 1211
1685950 1207
1685960 1207
1685970 1201
1685980 1195
1685990 1195
1686000 1190
1686010 1186
1686020 1186
1686030 1181
1686040 1176
1686050 1171
1686060 1171
1686070 1166
1686080 1161
1686090 1161
1686100 1157
1686110 1151
1686120 1151
1686130 1146
1686140 1141
1686150 1141
1686160 1137
1686170 1132
1686180 1132
1686190 1128
1686200 1123
1686210 1123
1686220 1120
1686230 1112
1686240 1112
1686250 1110
1686260 1107
1686270 1107
1686280 1102
1686290 1098
1686300 1094
1686310 1094
1686320 1090
1686330 1086
1686340 1086
1686350 1082
1686360 1078
1686370 1078
1686380 1071
1686390 1067
1686400 1067
1686410 1062
1686420 1057
1686430 1057
1686440 1052
1686450 1049
1686460 1049
1686470 1045
1686480 1038
1686490 1038
1686500 1038
1686510 1040
1686520 1040
1686530 1043
1686540 1044
1686550 1045
1686560 1045
1686570 1045
1686580 1045
1686590 1045
1686600 1045
1686610 1045
1686620 1045
1686630 1043
1686640 1038
1686650 1038
1686660 1033
1686670 1028
1686680 1028
1686690 1025
1686700 1033
1686710 1033
1686720 1037
1686730 1043
1686740 1043
1686750 1048
1686760 1053
1686770 1053
1686780 1058
1686790 1062
1686800 1066
1686810 1066
1686820 1070
1686830 1073
1686840 1073
1686850 1078
1686860 1081
1686870 1081
1686880 1084
1686890 1088
1686900 1088
1686910 1090
1686920 1093
1686930 1093
1686940 1094
1686950 1093
1686960 1093
1686970 1092
1686980 1089
1686990 1089
1687000 1084
1687010 1080
1687020 1076
1687030 1076
1687040 1072
1687050 1067
1687060 1067
1687070 1062
1687080 1058
1687090 1058
1687100 1053
1687110 1049
1687120 1049
1687130 1049
1687140 1052
1687150 1052
1687160 1054
1687170 1055
1687180 1055
1687190 1055
1687200 1057
1687210 1057
1687220 1058
1687230 1060
1687240 1060
1687250 1061
1687260 1063
1687270 1065
1687280 1065
1687290 1067
1687300 1070
1687310 1070
1687320 1071
1687330 1074
1687340 1074
1687350 1076
1687360 1076
1687370 1076
1687380 1077
1687390 1077
1687400 1077
1687410 1076
1687420 1075
1687430 1075
1687440 1075
1687450 1073
1687460 1073
1687470 1072
1687480 1071
1687490 1071
1687500 1069
1687510 1068
1687520 1067
1687530 1067
1687540 1065
1687550 1065
1687560 1065
1687570 1064
1687580 1063
1687590 1063
1687600 1063
1687610 1062
1687620 1062
1687630 1059
1687640 1061
1687650 1061
1687660 1058
1687670 1058
1687680 1058
1687690 1057
1687700 1056
1687710 1056
1687720 1056
1687730 1056
1687740 1056
1687750 1055
1687760 1053
1687770 1052
1687780 1052
1687790 1050
1687800 1048
1687810 1048
1687820 1048
1687830 1050
1687840 1050
1687850 1052
1687860 1054
1687870 1054
1687880 1055
1687890 1058
1687900 1058
1687910 1061
1687920 1063
1687930 1063
1687940 1063
1687950 1067
1687960 1067
1687970 1070
1687980 1073
1687990 1073
1688000 1076
1688010 1080
1688020 1083
1688030 1083
1688040 1086
1688050 1089
1688060 1089
1688070 1092
1688080 1095
1688090 1095
1688100 1099
1688110 1103
1688120 1103
1688130 1106
1688140 1109
1688150 1109
1688160 1111
1688170 1112
1688180 1112
1688190 1112
1688200 1112
1688210 1112
1688220 1110
1688230 1109
1688240 1106
1688250 1106
1688260 1105
1688270 1102
1688280 1102
1688290 1098
1688300 1094
1688310 1094
1688320 1089
1688330 1085
1688340 1085
1688350 1081
1688360 1078
1688370 1078
1688380 1074
1688390 1071
1688400 1071
1688410 1068
1688420 1065
1688430 1065
1688440 1063
1688450 1061
1688460 1061
1688470 1059
1688480 1056
1688490 1053
1688500 1053
1688510 1057
1688520 1059
1688530 1059
1688540 1060
1688550 1062
1688560 1062
1688570 1065
1688580 1067
1688590 1067
1688600 1069
1688610 1071
1688620 1071
1688630 1073
1688640 1075
1688650 1075
1688660 1076
1688670 1077
1688680 1077
1688690 1078
1688700 1079
1688710 1079
1688720 1080
1688730 1080
1688740 1081
1688750 1081
1688760 1081
1688770 1081
1688780 1081
1688790 1081
1688800 1080
1688810 1080
1688820 1080
1688830 1080
1688840 1080
1688850 1079
1688860 1078
1688870 1078
1688880 1077
1688890 1076
1688900 1076
1688910 1074
1688920 1073
1688930 1073
1688940 1071
1688950 1069
1688960 1069
1688970 1068
1688980 1068
1688990 1067
1689000 1067
1689010 1066
1689020 1066
1689030 1066
1689040 1066
1689050 1068
1689060 1068
1689070 1069
1689080 1070
1689090 1070
1689100 1072
1689110 1074
1689120 1074
1689130 1076
1689140 1078
1689150 1078
1689160 1080
1689170 1081
1689180 1081
1689190 1083
1689200 1085
1689210 1085
1689220 1086
1689230 1086
1689240 1086
1689250 1086
1689260 1086
1689270 1085
1689280 1085
1689290 1083
1689300 1080
1689310 1080
1689320 1076
1689330 1073
1689340 1073
1689350 1069
1689360 1065
1689370 1065
1689380 1062
1689390 1059
1689400 1059
1689410 1058
1689420 1059
1689430 1059
1689440 1063
1689450 1067
1689460 1072
1689470 1072
1689480 1077
1689490 1081
1689500 1081
1689510 1086
1689520 1090
1689530 1090
1689540 1095
1689550 1099
1689560 1099
1689570 1102
1689580 1106
1689590 1106
1689600 1109
1689610 1112
1689620 1112
1689630 1115
1689640 1118
1689650 1118
1689660 1121
1689670 1124
1689680 1124
1689690 1127
1689700 1130
1689710 1133
1689720 1133
1689730 1135
1689740 1138
1689750 1138
1689760 1140
1689770 1143
1689780 1143
1689790 1146
1689800 1149
1689810 1149
1689820 1149
1689830 1152
1689840 1152
1689850 1154
1689860 1154
1689870 1154
1689880 1154
1689890 1152
1689900 1152
1689910 1149
1689920 1144
1689930 1144
1689940 1143
1689950 1140
1689960 1136
1689970 1136
1689980 1133
1689990 1130
1690000 1130
1690010 1128
1690020 1128
1690030 1128
1690040 1129
1690050 1130
1690060 1130
1690070 1132
1690080 1133
1690090 1133
1690100 1136
1690110 1138
1690120 1138
1690130 1140
1690140 1142
1690150 1142
1690160 1143
1690170 1144
1690180 1144
1690190 1145
1690200 1146
1690210 1147
1690220 1147
1690230 1147
1690240 1147
1690250 1147
1690260 1147
1690270 1147
1690280 1147
1690290 1146
1690300 1144
1690310 1144
1690320 1143
1690330 1140
1690340 1140
1690350 1137
1690360 1133
1690370 1133
1690380 1128
1690390 1124
1690400 1124
1690410 1120
1690420 1115
1690430 1115
1690440 1111
1690450 1107
1690460 1103
1690470 1103
1690480 1099
1690490 1096
1690500 1096
1690510 1092
1690520 1088
1690530 1088
1690540 1085
1690550 1080
1690560 1080
1690570 1076
1690580 1070
1690590 1070
1690600 1064
1690610 1059
1690620 1059
1690630 1053
1690640 1047
1690650 1047
1690660 1041
1690670 1035
1690680 1029
1690690 1029
1690700 1025
1690710 1020
1690720 1020
1690730 1016
1690740 1013
1690750 1013
1690760 1011
1690770 1008
1690780 1008
1690790 1005
1690800 1002
1690810 1002
1690820 999
1690830 996
1690840 996
1690850 993
1690860 990
1690870 990
1690880 987
1690890 983
1690900 983
1690910 980
1690920 977
1690930 974
1690940 974
1690950 970
1690960 966
1690970 966
1690980 961
1690990 958
1691000 958
1691010 955
1691020 951
1691030 951
1691040 948
1691050 944
1691060 944
1691070 940
1691080 936
1691090 936
1691100 932
1691110 927
1691120 927
1691130 923
1691140 920
1691150 920
1691160 914
1691170 910
1691180 905
1691190 905
1691200 900
1691210 895
1691220 895
1691230 889
1691240 884
1691250 884
1691260 879
1691270 873
1691280 873
1691290 866
1691300 860
1691310 860
1691320 860
1691330 866
1691340 866
1691350 869
1691360 873
1691370 873
1691380 878
1691390 882
1691400 882
1691410 887
1691420 891
1691430 896
1691440 896
1691450 899
1691460 904
1691470 904
1691480 909
1691490 914
1691500 914
1691510 918
1691520 923
1691530 923
1691540 928
1691550 932
1691560 932
1691570 935
1691580 938
1691590 938
1691600 941
1691610 944
1691620 944
1691630 946
1691640 948
1691650 948
1691660 949
1691670 950
1691680 947
1691690 947
1691700 943
1691710 939
1691720 939
1691730 936
1691740 933
1691750 933
1691760 930
1691770 927
1691780 927
1691790 923
1691800 922
1691810 922
1691820 918
1691830 916
1691840 916
1691850 913
1691860 912
1691870 912
1691880 912
1691890 911
1691900 910
1691910 910
1691920 908
1691930 907
1691940 907
1691950 905
1691960 902
1691970 902
1691980 900
1691990 898
1692000 898
1692010 897
1692020 896
1692030 896
1692040 896
1692050 900
1692060 900
1692070 903
1692080 907
1692090 907
1692100 911
1692110 914
1692120 914
1692130 917
1692140 919
1692150 921
1692160 921
1692170 922
1692180 923
1692190 923
1692200 924
1692210 925
1692220 925
1692230 927
1692240 928
1692250 928
1692260 930
1692270 931
1692280 931
1692290 932
1692300 941
1692310 941
1692320 941
1692330 942
1692340 942
1692350 942
1692360 943
1692370 943
1692380 945
1692390 949
1692400 952
1692410 952
1692420 953
1692430 949
1692440 949
1692450 951
1692460 957
1692470 957
1692480 962
1692490 966
1692500 966
1692510 969
1692520 974
1692530 974
1692540 976
1692550 983
1692560 983
1692570 987
1692580 993
1692590 993
1692600 999
1692610 1002
1692620 1002
1692630 1006
1692640 1012
1692650 1017
1692660 1017
1692670 1022
1692680 1028
1692690 1028
1692700 1032
1692710 1036
1692720 1036
1692730 1042
1692740 1047
1692750 1047
1692760 1052
1692770 1058
1692780 1058
1692790 1063
1692800 1069
1692810 1069
1692820 1076
1692830 1082
1692840 1082
1692850 1088
1692860 1094
1692870 1094
1692880 1099
1692890 1102
1692900 1101
1692910 1101
1692920 1100
1692930 1098
1692940 1098
1692950 1097
1692960 1095
1692970 1095
1692980 1093
1692990 1091
1693000 1091
1693010 1089
1693020 1086
1693030 1086
1693040 1084
1693050 1081
1693060 1081
1693070 1078
1693080 1075
1693090 1075
1693100 1072
1693110 1069
1693120 1065
1693130 1065
1693140 1061
1693150 1058
1693160 1058
1693170 1056
1693180 1053
1693190 1053
1693200 1049
1693210 1045
1693220 1045
1693230 1040
1693240 1036
1693250 1036
1693260 1032
1693270 1027
1693280 1027
1693290 1022
1693300 1017
1693310 1017
1693320 1012
1693330 1007
1693340 1007
1693350 1002
1693360 998
1693370 994
1693380 994
1693390 989
1693400 984
1693410 984
1693420 979
1693430 974
1693440 974
1693450 969
1693460 964
1693470 964
1693480 959
1693490 953
1693500 953
1693510 949
1693520 943
1693530 943
1693540 938
1693550 932
1693560 932
1693570 927
1693580 922
1693590 922
1693600 918
1693610 914
1693620 909
1693630 909
1693640 904
1693650 902
1693660 902
1693670 897
1693680 892
1693690 892
1693700 888
1693710 883
1693720 883
1693730 878
1693740 872
1693750 872
1693760 867
1693770 862
1693780 862
1693790 857
1693800 852
1693810 852
1693820 847
1693830 842
1693840 842
1693850 836
1693860 831
1693870 821
1693880 821
1693890 820
1693900 815
1693910 815
1693920 808
1693930 805
1693940 805
1693950 809
1693960 813
1693970 813
1693980 816
1693990 819
1694000 819
1694010 823
1694020 827
1694030 827
1694040 830
1694050 834
1694060 834
1694070 838
1694080 838
1694090 838
1694100 839
1694110 840
1694120 848
1694130 848
1694140 852
1694150 857
1694160 857
1694170 862
1694180 866
1694190 866
1694200 868
1694210 871
1694220 871
1694230 875
1694240 879
1694250 879
1694260 884
1694270 889
1694280 889
1694290 895
1694300 901
1694310 901
1694320 910
1694330 913
1694340 914
1694350 914
1694360 915
1694370 915
1694380 915
1694390 916
1694400 917
1694410 917
1694420 918
1694430 918
1694440 918
1694450 919
1694460 920
1694470 920
1694480 921
1694490 921
1694500 921
1694510 920
1694520 919
1694530 919
1694540 917
1694550 915
1694560 915
1694570 913
1694580 911
1694590 910
1694600 910
1694610 909
1694620 907
1694630 907
1694640 905
1694650 903
1694660 903
1694670 900
1694680 897
1694690 897
1694700 892
1694710 888
1694720 888
1694730 884
1694740 880
1694750 880
1694760 876
1694770 872
1694780 872
1694790 868
1694800 861
1694810 861
1694820 854
1694830 856
1694840 861
1694850 861
1694860 863
1694870 865
1694880 865
1694890 868
1694900 870
1694910 870
1694920 872
1694930 872
1694940 872
1694950 872
1694960 871
1694970 871
1694980 869
1694990 868
1695000 868
1695010 867
1695020 867
1695030 867
1695040 866
1695050 865
1695060 865
1695070 861
1695080 858
1695090 855
1695100 855
1695110 852
1695120 852
1695130 852
1695140 851
1695150 850
1695160 850
1695170 849
1695180 849
1695190 849
1695200 849
1695210 848
1695220 848
1695230 848
1695240 849
1695250 849
1695260 850
1695270 852
1695280 852
1695290 854
1695300 857
1695310 857
1695320 860
1695330 862
1695340 865
1695350 865
1695360 868
1695370 872
1695380 872
1695390 875
1695400 877
1695410 877
1695420 880
1695430 882
1695440 882
1695450 883
1695460 884
1695470 884
1695480 884
1695490 884
1695500 884
1695510 884
1695520 884
1695530 884
1695540 884
1695550 883
1695560 882
1695570 882
1695580 880
1695590 879
1695600 879
1695610 879
1695620 878
1695630 878
1695640 878
1695650 877
1695660 877
1695670 877
1695680 877
1695690 877
1695700 877
1695710 877
1695720 877
1695730 876
1695740 875
1695750 875
1695760 873
1695770 871
1695780 871
1695790 869
1695800 865
1695810 861
1695820 861
1695830 857
1695840 854
1695850 854
1695860 852
1695870 855
1695880 855
1695890 856
1695900 858
1695910 858
1695920 860
1695930 861
1695940 861
1695950 862
1695960 862
1695970 862
1695980 861
1695990 861
1696000 861
1696010 862
1696020 863
1696030 863
1696040 865
1696050 866
1696060 869
1696070 869
1696080 870
1696090 871
1696100 871
1696110 872
1696120 872
1696130 872
1696140 872
1696150 871
1696160 871
1696170 868
1696180 865
1696190 865
1696200 861
1696210 856
1696220 856
1696230 850
1696240 844
1696250 844
1696260 838
1696270 833
1696280 833
1696290 827
1696300 822
1696310 818
1696320 818
1696330 813
1696340 809
1696350 809
1696360 806
1696370 802
1696380 802
1696390 797
1696400 793
1696410 793
1696420 793
1696430 795
1696440 795
1696450 794
1696460 793
1696470 793
1696480 793
1696490 794
1696500 794
1696510 793
1696520 794
1696530 794
1696540 793
1696550 791
1696560 789
1696570 789
1696580 786
1696590 784
1696600 784
1696610 783
1696620 782
1696630 782
1696640 782
1696650 781
1696660 781
1696670 781
1696680 780
1696690 780
1696700 779
1696710 778
1696720 778
1696730 778
1696740 777
1696750 777
1696760 776
1696770 775
1696780 772
1696790 772
1696800 769
1696810 767
1696820 767
1696830 766
1696840 762
1696850 762
1696860 758
1696870 755
1696880 755
1696890 752
1696900 748
1696910 748
1696920 745
1696930 742
1696940 742
1696950 738
1696960 736
1696970 736
1696980 734
1696990 731
1697000 731
1697010 726
1697020 721
1697030 717
1697040 717
1697050 715
1697060 711
1697070 711
1697080 707
1697090 704
1697100 704
1697110 700
1697120 696
1697130 696
1697140 691
1697150 684
1697160 684
1697170 688
1697180 693
1697190 693
1697200 699
1697210 703
1697220 703
1697230 708
1697240 712
1697250 712
1697260 715
1697270 719
1697280 722
1697290 722
1697300 726
1697310 731
1697320 731
1697330 735
1697340 738
1697350 738
1697360 742
1697370 745
1697380 745
1697390 748
1697400 750
1697410 750
1697420 749
1697430 747
1697440 747
1697450 744
1697460 742
1697470 742
1697480 739
1697490 736
1697500 736
1697510 732
1697520 728
1697530 724
1697540 724
1697550 720
1697560 716
1697570 716
1697580 712
1697590 707
1697600 707
1697610 703
1697620 699
1697630 699
1697640 696
1697650 692
1697660 692
1697670 685
1697680 681
1697690 681
1697700 674
1697710 668
1697720 668
1697730 670
1697740 671
1697750 671
1697760 671
1697770 673
1697780 676
1697790 676
1697800 680
1697810 681
1697820 681
1697830 683
1697840 683
1697850 683
1697860 684
1697870 688
1697880 688
1697890 691
1697900 695
1697910 695
1697920 701
1697930 705
1697940 705
1697950 708
1697960 712
1697970 712
1697980 716
1697990 717
1698000 722
1698010 722
1698020 725
1698030 728
1698040 728
1698050 730
1698060 732
1698070 732
1698080 732
1698090 731
1698100 731
1698110 727
1698120 722
1698130 722
1698140 717
1698150 711
1698160 711
1698170 706
1698180 701
1698190 701
1698200 696
1698210 691
1698220 691
1698230 686
1698240 681
1698250 677
1698260 677
1698270 670
1698280 669
1698290 669
1698300 665
1698310 659
1698320 659
1698330 655
1698340 651
1698350 651
1698360 647
1698370 645
1698380 645
1698390 644
1698400 644
1698410 644
1698420 644
1698430 642
1698440 642
1698450 639
1698460 636
1698470 636
1698480 633
1698490 630
1698500 627
1698510 627
1698520 624
1698530 621
1698540 621
1698550 616
1698560 613
1698570 613
1698580 609
1698590 603
1698600 603
1698610 597
1698620 591
1698630 591
1698640 586
1698650 582
1698660 582
1698670 576
1698680 568
1698690 568
1698700 570
1698710 578
1698720 578
1698730 584
1698740 588
1698750 593
1698760 593
1698770 598
1698780 602
1698790 602
1698800 606
1698810 613
1698820 613
1698830 619
1698840 624
1698850 624
1698860 629
1698870 634
1698880 634
1698890 640
1698900 646
1698910 646
1698920 650
1698930 657
1698940 657
1698950 662
1698960 667
1698970 667
1698980 673
1698990 678
1699000 682
1699010 682
1699020 688
1699030 694
1699040 694
1699050 697
1699060 699
1699070 699
1699080 701
1699090 702
1699100 702
1699110 702
1699120 702
1699130 702
1699140 702
1699150 702
1699160 702
1699170 703
1699180 703
1699190 703
1699200 704
1699210 705
1699220 705
1699230 705
1699240 708
1699250 709
1699260 709
1699270 712
1699280 713
1699290 713
1699300 713
1699310 714
1699320 714
1699330 710
1699340 707
1699350 707
1699360 705
1699370 705
1699380 705
1699390 705
1699400 706
1699410 706
1699420 713
1699430 719
1699440 719
1699450 725
1699460 731
1699470 735
1699480 735
1699490 737
1699500 736
1699510 736
1699520 735
1699530 735
1699540 735
1699550 733
1699560 733
1699570 733
1699580 741
1699590 743
1699600 743
1699610 740
1699620 742
1699630 742
1699640 750
1699650 756
1699660 756
1699670 763
1699680 769
1699690 769
1699700 775
1699710 782
1699720 789
1699730 789
1699740 792
1699750 795
1699760 795
1699770 797
1699780 799
1699790 799
1699800 801
1699810 803
1699820 803
1699830 803
1699840 804
1699850 804
1699860 805
1699870 803
1699880 803
1699890 802
1699900 801
1699910 801
1699920 798
1699930 796
1699940 796
1699950 793
1699960 791
1699970 788
1699980 788
1699990 784
