1680000 1308
1680010 1308
1680020 1308
1680030 1307
1680040 1306
1680050 1306
1680060 1305
1680070 1305
1680080 1305
1680090 1303
1680100 1301
1680110 1301
1680120 1299
1680130 1298
1680140 1298
1680150 1298
1680160 1299
1680170 1299
1680180 1299
1680190 1300
1680200 1300
1680210 1300
1680220 1301
1680230 1301
1680240 1301
1680250 1301
1680260 1302
1680270 1302
1680280 1302
1680290 1303
1680300 1303
1680310 1304
1680320 1306
1680330 1306
1680340 1307
1680350 1308
1680360 1308
1680370 1309
1680380 1310
1680390 1310
1680400 1311
1680410 1312
1680420 1312
1680430 1314
1680440 1316
1680450 1316
1680460 1317
1680470 1319
1680480 1320
1680490 1320
1680500 1321
1680510 1323
1680520 1323
1680530 1324
1680540 1323
1680550 1323
1680560 1323
1680570 1322
1680580 1322
1680590 1319
1680600 1316
1680610 1316
1680620 1312
1680630 1309
1680640 1309
1680650 1305
1680660 1301
1680670 1301
1680680 1297
1680690 1294
1680700 1294
1680710 1291
1680720 1287
1680730 1283
1680740 1283
1680750 1278
1680760 1273
1680770 1273
1680780 1269
1680790 1266
1680800 1266
1680810 1263
1680820 1263
1680830 1263
1680840 1264
1680850 1264
1680860 1264
1680870 1264
1680880 1266
1680890 1266
1680900 1267
1680910 1268
1680920 1268
1680930 1268
1680940 1268
1680950 1268
1680960 1267
1680970 1266
1680980 1264
1680990 1264
1681000 1260
1681010 1259
1681020 1259
1681030 1256
1681040 1256
1681050 1256
1681060 1258
1681070 1260
1681080 1260
1681090 1262
1681100 1263
1681110 1263
1681120 1263
1681130 1261
1681140 1261
1681150 1257
1681160 1255
1681170 1255
1681180 1259
1681190 1262
1681200 1264
1681210 1264
1681220 1265
1681230 1266
1681240 1266
1681250 1268
1681260 1269
1681270 1269
1681280 1272
1681290 1279
1681300 1279
1681310 1284
1681320 1289
1681330 1289
1681340 1294
1681350 1298
1681360 1298
1681370 1302
1681380 1305
1681390 1305
1681400 1308
1681410 1311
1681420 1311
1681430 1314
1681440 1315
1681450 1315
1681460 1315
1681470 1317
1681480 1317
1681490 1317
1681500 1318
1681510 1317
1681520 1317
1681530 1320
1681540 1324
1681550 1324
1681560 1326
1681570 1327
1681580 1327
1681590 1328
1681600 1331
1681610 1331
1681620 1333
1681630 1335
1681640 1335
1681650 1338
1681660 1342
1681670 1342
1681680 1347
1681690 1354
1681700 1361
1681710 1361
1681720 1367
1681730 1370
1681740 1370
1681750 1372
1681760 1375
1681770 1375
1681780 1374
1681790 1374
1681800 1374
1681810 1375
1681820 1376
1681830 1376
1681840 1377
1681850 1379
1681860 1379
1681870 1382
1681880 1387
1681890 1387
1681900 1391
1681910 1395
1681920 1395
1681930 1399
1681940 1404
1681950 1409
1681960 1409
1681970 1415
1681980 1419
1681990 1419
1682000 1422
1682010 1419
1682020 1419
1682030 1416
1682040 1413
1682050 1413
1682060 1409
1682070 1406
1682080 1406
1682090 1402
1682100 1398
1682110 1398
1682120 1394
1682130 1391
1682140 1391
1682150 1387
1682160 1384
1682170 1384
1682180 1381
1682190 1378
1682200 1374
1682210 1374
1682220 1371
1682230 1368
1682240 1368
1682250 1364
1682260 1360
1682270 1360
1682280 1356
1682290 1353
1682300 1353
1682310 1349
1682320 1346
1682330 1346
1682340 1342
1682350 1340
1682360 1340
1682370 1338
1682380 1336
1682390 1336
1682400 1334
1682410 1332
1682420 1332
1682430 1331
1682440 1329
1682450 1328
1682460 1328
1682470 1326
1682480 1324
1682490 1324
1682500 1322
1682510 1320
1682520 1320
1682530 1318
1682540 1316
1682550 1316
1682560 1313
1682570 1311
1682580 1311
1682590 1309
1682600 1307
1682610 1307
1682620 1305
1682630 1303
1682640 1303
1682650 1303
1682660 1303
1682670 1302
1682680 1302
1682690 1302
1682700 1302
1682710 1302
1682720 1301
1682730 1301
1682740 1301
1682750 1301
1682760 1300
1682770 1300
1682780 1300
1682790 1301
1682800 1301
1682810 1303
1682820 1305
1682830 1305
1682840 1307
1682850 1308
1682860 1308
1682870 1310
1682880 1311
1682890 1311
1682900 1311
1682910 1311
1682920 1312
1682930 1312
1682940 1312
1682950 1312
1682960 1312
1682970 1312
1682980 1311
1682990 1311
1683000 1308
1683010 1304
1683020 1304
1683030 1300
1683040 1296
1683050 1296
1683060 1291
1683070 1291
1683080 1291
1683090 1297
1683100 1299
1683110 1299
1683120 1301
1683130 1305
1683140 1305
1683150 1307
1683160 1309
1683170 1313
1683180 1313
1683190 1316
1683200 1320
1683210 1320
1683220 1324
1683230 1328
1683240 1328
1683250 1332
1683260 1336
1683270 1336
1683280 1341
1683290 1346
1683300 1346
1683310 1351
1683320 1356
1683330 1356
1683340 1361
1683350 1367
1683360 1367
1683370 1370
1683380 1376
1683390 1376
1683400 1380
1683410 1383
1683420 1386
1683430 1386
1683440 1389
1683450 1391
1683460 1391
1683470 1392
1683480 1392
1683490 1392
1683500 1390
1683510 1389
1683520 1389
1683530 1386
1683540 1384
1683550 1384
1683560 1381
1683570 1381
1683580 1381
1683590 1378
1683600 1377
1683610 1377
1683620 1377
1683630 1376
1683640 1376
1683650 1375
1683660 1372
1683670 1369
1683680 1369
1683690 1367
1683700 1366
1683710 1366
1683720 1365
1683730 1365
1683740 1365
1683750 1365
1683760 1365
1683770 1365
1683780 1365
1683790 1365
1683800 1365
1683810 1366
1683820 1366
1683830 1366
1683840 1367
1683850 1369
1683860 1369
1683870 1371
1683880 1372
1683890 1372
1683900 1374
1683910 1376
1683920 1379
1683930 1379
1683940 1380
1683950 1380
1683960 1380
1683970 1384
1683980 1386
1683990 1386
1684000 1388
1684010 1391
1684020 1391
1684030 1393
1684040 1395
1684050 1395
1684060 1397
1684070 1399
1684080 1399
1684090 1401
1684100 1400
1684110 1400
1684120 1399
1684130 1398
1684140 1397
1684150 1397
1684160 1397
1684170 1397
1684180 1397
1684190 1397
1684200 1396
1684210 1396
1684220 1396
1684230 1396
1684240 1396
1684250 1395
1684260 1394
1684270 1394
1684280 1394
1684290 1393
1684300 1393
1684310 1392
1684320 1391
1684330 1391
1684340 1390
1684350 1388
1684360 1388
1684370 1387
1684380 1385
1684390 1384
1684400 1384
1684410 1382
1684420 1381
1684430 1381
1684440 1379
1684450 1377
1684460 1377
1684470 1375
1684480 1372
1684490 1372
1684500 1370
1684510 1368
1684520 1368
1684530 1365
1684540 1362
1684550 1362
1684560 1359
1684570 1356
1684580 1356
1684590 1352
1684600 1350
1684610 1350
1684620 1348
1684630 1347
1684640 1348
1684650 1348
1684660 1348
1684670 1348
1684680 1348
1684690 1347
1684700 1347
1684710 1347
1684720 1347
1684730 1347
1684740 1347
1684750 1347
1684760 1348
1684770 1348
1684780 1350
1684790 1354
1684800 1354
1684810 1358
1684820 1362
1684830 1362
1684840 1366
1684850 1369
1684860 1369
1684870 1371
1684880 1373
1684890 1373
1684900 1373
1684910 1372
1684920 1370
1684930 1370
1684940 1369
1684950 1367
1684960 1367
1684970 1365
1684980 1362
1684990 1362
1685000 1359
1685010 1357
1685020 1357
1685030 1355
1685040 1352
1685050 1352
1685060 1349
1685070 1346
1685080 1346
1685090 1344
1685100 1342
1685110 1342
1685120 1340
1685130 1340
1685140 1340
1685150 1340
1685160 1340
1685170 1341
1685180 1341
1685190 1343
1685200 1345
1685210 1345
1685220 1346
1685230 1347
1685240 1347
1685250 1348
1685260 1348
1685270 1348
1685280 1348
1685290 1347
1685300 1347
1685310 1346
1685320 1345
1685330 1345
1685340 1346
1685350 1345
1685360 1345
1685370 1344
1685380 1341
1685390 1337
1685400 1337
1685410 1333
1685420 1330
1685430 1330
1685440 1326
1685450 1323
1685460 1323
1685470 1319
1685480 1316
1685490 1316
1685500 1313
1685510 1308
1685520 1308
1685530 1300
1685540 1297
1685550 1297
1685560 1293
1685570 1290
1685580 1290
1685590 1286
1685600 1282
1685610 1278
1685620 1278
1685630 1275
1685640 1274
1685650 1274
1685660 1271
1685670 1268
1685680 1268
1685690 1265
1685700 1263
1685710 1263
1685720 1260
1685730 1258
1685740 1258
1685750 1256
1685760 1254
1685770 1254
1685780 1251
1685790 1249
1685800 1249
1685810 1247
1685820 1244
1685830 1244
1685840 1241
1685850 1238
1685860 1235
1685870 1235
1685880 1233
1685890 1231
1685900 1231
1685910 1229
1685920 1228
1685930 1228
1685940 1227
1685950 1225
1685960 1225
1685970 1221
1685980 1219
1685990 1219
1686000 1217
1686010 1214
1686020 1214
1686030 1210
1686040 1207
1686050 1207
1686060 1204
1686070 1203
1686080 1203
1686090 1202
1686100 1201
1686110 1200
1686120 1200
1686130 1198
1686140 1195
1686150 1195
1686160 1192
1686170 1188
1686180 1188
1686190 1185
1686200 1182
1686210 1182
1686220 1178
1686230 1175
1686240 1175
1686250 1172
1686260 1171
1686270 1171
1686280 1168
1686290 1163
1686300 1163
1686310 1159
1686320 1157
1686330 1157
1686340 1154
1686350 1153
1686360 1152
1686370 1152
1686380 1152
1686390 1152
1686400 1152
1686410 1152
1686420 1150
1686430 1150
1686440 1147
1686450 1143
1686460 1143
1686470 1138
1686480 1134
1686490 1134
1686500 1130
1686510 1127
1686520 1127
1686530 1122
1686540 1118
1686550 1118
1686560 1113
1686570 1109
1686580 1109
1686590 1106
1686600 1101
1686610 1097
1686620 1097
1686630 1095
1686640 1091
1686650 1091
1686660 1087
1686670 1084
1686680 1084
1686690 1081
1686700 1080
1686710 1080
1686720 1077
1686730 1077
1686740 1077
1686750 1074
1686760 1070
1686770 1070
1686780 1069
1686790 1066
1686800 1066
1686810 1064
1686820 1061
1686830 1061
1686840 1059
1686850 1056
1686860 1053
1686870 1053
1686880 1049
1686890 1045
1686900 1045
1686910 1041
1686920 1038
1686930 1038
1686940 1033
1686950 1030
1686960 1030
1686970 1026
1686980 1023
1686990 1023
1687000 1020
1687010 1018
1687020 1018
1687030 1014
1687040 1011
1687050 1011
1687060 1007
1687070 1002
1687080 997
1687090 997
1687100 991
1687110 986
1687120 986
1687130 980
1687140 973
1687150 973
1687160 965
1687170 959
1687180 959
1687190 952
1687200 946
1687210 946
1687220 942
1687230 943
1687240 943
1687250 949
1687260 953
1687270 953
1687280 955
1687290 959
1687300 959
1687310 959
1687320 961
1687330 963
1687340 963
1687350 965
1687360 966
1687370 966
1687380 968
1687390 969
1687400 969
1687410 970
1687420 972
1687430 972
1687440 974
1687450 973
1687460 973
1687470 974
1687480 974
1687490 974
1687500 974
1687510 976
1687520 976
1687530 976
1687540 976
1687550 976
1687560 976
1687570 975
1687580 975
1687590 975
1687600 974
1687610 974
1687620 974
1687630 972
1687640 971
1687650 971
1687660 971
1687670 971
1687680 971
1687690 972
1687700 973
1687710 973
1687720 973
1687730 974
1687740 974
1687750 973
1687760 972
1687770 972
1687780 969
1687790 968
1687800 968
1687810 968
1687820 964
1687830 960
1687840 960
1687850 956
1687860 951
1687870 951
1687880 944
1687890 947
1687900 947
1687910 951
1687920 955
1687930 955
1687940 960
1687950 966
1687960 966
1687970 972
1687980 976
1687990 976
1688000 981
1688010 986
1688020 986
1688030 992
1688040 996
1688050 996
1688060 1001
1688070 1005
1688080 1010
1688090 1010
1688100 1015
1688110 1021
1688120 1021
1688130 1024
1688140 1026
1688150 1026
1688160 1029
1688170 1031
1688180 1031
1688190 1033
1688200 1035
1688210 1035
1688220 1037
1688230 1036
1688240 1036
1688250 1033
1688260 1028
1688270 1028
1688280 1023
1688290 1018
1688300 1013
1688310 1013
1688320 1008
1688330 1004
1688340 1004
1688350 1000
1688360 995
1688370 995
1688380 991
1688390 987
1688400 987
1688410 982
1688420 978
1688430 978
1688440 973
1688450 971
1688460 971
1688470 965
1688480 962
1688490 962
1688500 959
1688510 955
1688520 955
1688530 950
1688540 943
1688550 934
1688560 934
1688570 934
1688580 930
1688590 930
1688600 928
1688610 930
1688620 930
1688630 934
1688640 938
1688650 938
1688660 945
1688670 948
1688680 948
1688690 952
1688700 957
1688710 957
1688720 961
1688730 964
1688740 964
1688750 968
1688760 971
1688770 971
1688780 972
1688790 971
1688800 969
1688810 969
1688820 967
1688830 964
1688840 964
1688850 961
1688860 957
1688870 957
1688880 954
1688890 951
1688900 951
1688910 948
1688920 945
1688930 945
1688940 941
1688950 939
1688960 939
1688970 934
1688980 935
1688990 935
1689000 934
1689010 929
1689020 929
1689030 932
1689040 934
1689050 934
1689060 934
1689070 934
1689080 934
1689090 934
1689100 935
1689110 937
1689120 937
1689130 936
1689140 937
1689150 937
1689160 936
1689170 935
1689180 935
1689190 938
1689200 943
1689210 943
1689220 946
1689230 950
1689240 950
1689250 954
1689260 961
1689270 961
1689280 964
1689290 967
1689300 972
1689310 972
1689320 977
1689330 980
1689340 980
1689350 984
1689360 988
1689370 988
1689380 993
1689390 997
1689400 997
1689410 1002
1689420 1007
1689430 1007
1689440 1012
1689450 1015
1689460 1015
1689470 1019
1689480 1024
1689490 1024
1689500 1028
1689510 1032
1689520 1032
1689530 1035
1689540 1039
1689550 1042
1689560 1042
1689570 1044
1689580 1046
1689590 1046
1689600 1049
1689610 1052
1689620 1052
1689630 1055
1689640 1058
1689650 1058
1689660 1059
1689670 1058
1689680 1058
1689690 1056
1689700 1053
1689710 1053
1689720 1048
1689730 1045
1689740 1045
1689750 1040
1689760 1037
1689770 1035
1689780 1035
1689790 1032
1689800 1031
1689810 1031
1689820 1027
1689830 1026
1689840 1026
1689850 1022
1689860 1019
1689870 1019
1689880 1016
1689890 1012
1689900 1012
1689910 1007
1689920 1002
1689930 1002
1689940 999
1689950 994
1689960 994
1689970 990
1689980 987
1689990 987
1690000 984
1690010 982
1690020 980
1690030 980
1690040 977
1690050 975
1690060 975
1690070 972
1690080 965
1690090 965
1690100 968
1690110 972
1690120 972
1690130 974
1690140 978
1690150 978
1690160 981
1690170 986
1690180 986
1690190 991
1690200 994
1690210 994
1690220 998
1690230 1003
1690240 1003
1690250 1007
1690260 1011
1690270 1016
1690280 1016
1690290 1020
1690300 1025
1690310 1025
1690320 1029
1690330 1034
1690340 1034
1690350 1039
1690360 1042
1690370 1042
1690380 1048
1690390 1054
1690400 1054
1690410 1058
1690420 1062
1690430 1062
1690440 1066
1690450 1070
1690460 1070
1690470 1074
1690480 1078
1690490 1078
1690500 1081
1690510 1084
1690520 1087
1690530 1087
1690540 1089
1690550 1092
1690560 1092
1690570 1094
1690580 1096
1690590 1096
1690600 1098
1690610 1099
1690620 1099
1690630 1099
1690640 1098
1690650 1098
1690660 1097
1690670 1095
1690680 1095
1690690 1094
1690700 1092
1690710 1092
1690720 1091
1690730 1090
1690740 1090
1690750 1089
1690760 1088
1690770 1086
1690780 1086
1690790 1085
1690800 1084
1690810 1084
1690820 1083
1690830 1081
1690840 1081
1690850 1079
1690860 1077
1690870 1077
1690880 1074
1690890 1071
1690900 1071
1690910 1066
1690920 1063
1690930 1063
1690940 1059
1690950 1055
1690960 1055
1690970 1051
1690980 1049
1690990 1049
1691000 1047
1691010 1046
1691020 1045
1691030 1045
1691040 1044
1691050 1043
1691060 1043
1691070 1042
1691080 1041
1691090 1041
1691100 1041
1691110 1041
1691120 1041
1691130 1042
1691140 1043
1691150 1043
1691160 1044
1691170 1045
1691180 1045
1691190 1046
1691200 1047
1691210 1047
1691220 1048
1691230 1048
1691240 1048
1691250 1048
1691260 1049
1691270 1049
1691280 1049
1691290 1049
1691300 1050
1691310 1050
1691320 1050
1691330 1050
1691340 1050
1691350 1051
1691360 1052
1691370 1052
1691380 1052
1691390 1052
1691400 1052
1691410 1053
1691420 1054
1691430 1054
1691440 1054
1691450 1055
1691460 1055
1691470 1056
1691480 1058
1691490 1060
1691500 1060
1691510 1061
1691520 1062
1691530 1062
1691540 1063
1691550 1065
1691560 1065
1691570 1066
1691580 1068
1691590 1068
1691600 1068
1691610 1068
1691620 1068
1691630 1066
1691640 1063
1691650 1063
1691660 1058
1691670 1054
1691680 1054
1691690 1050
1691700 1045
1691710 1045
1691720 1042
1691730 1038
1691740 1034
1691750 1034
1691760 1031
1691770 1028
1691780 1028
1691790 1026
1691800 1024
1691810 1024
1691820 1022
1691830 1021
1691840 1021
1691850 1019
1691860 1019
1691870 1019
1691880 1020
1691890 1021
1691900 1021
1691910 1021
1691920 1022
1691930 1022
1691940 1023
1691950 1024
1691960 1024
1691970 1025
1691980 1026
1691990 1028
1692000 1028
1692010 1030
1692020 1033
1692030 1033
1692040 1035
1692050 1037
1692060 1037
1692070 1040
1692080 1042
1692090 1042
1692100 1046
1692110 1050
1692120 1050
1692130 1053
1692140 1055
1692150 1055
1692160 1057
1692170 1059
1692180 1059
1692190 1061
1692200 1063
1692210 1063
1692220 1061
1692230 1063
1692240 1065
1692250 1065
1692260 1068
1692270 1070
1692280 1070
1692290 1072
1692300 1074
1692310 1074
1692320 1076
1692330 1078
1692340 1078
1692350 1079
1692360 1081
1692370 1081
1692380 1082
1692390 1082
1692400 1082
1692410 1083
1692420 1084
1692430 1084
1692440 1084
1692450 1084
1692460 1084
1692470 1085
1692480 1085
1692490 1086
1692500 1086
1692510 1086
1692520 1086
1692530 1086
1692540 1086
1692550 1087
1692560 1087
1692570 1087
1692580 1087
1692590 1087
1692600 1087
1692610 1087
1692620 1087
1692630 1087
1692640 1087
1692650 1087
1692660 1087
1692670 1086
1692680 1086
1692690 1086
1692700 1086
1692710 1086
1692720 1086
1692730 1086
1692740 1086
1692750 1086
1692760 1084
1692770 1081
1692780 1081
1692790 1077
1692800 1073
1692810 1073
1692820 1069
1692830 1065
1692840 1065
1692850 1061
1692860 1057
1692870 1057
1692880 1053
1692890 1050
1692900 1050
1692910 1046
1692920 1044
1692930 1044
1692940 1040
1692950 1037
1692960 1033
1692970 1033
1692980 1030
1692990 1027
1693000 1027
1693010 1024
1693020 1020
1693030 1020
1693040 1016
1693050 1013
1693060 1013
1693070 1011
1693080 1006
1693090 1006
1693100 1002
1693110 998
1693120 998
1693130 993
1693140 990
1693150 990
1693160 984
1693170 979
1693180 979
1693190 972
1693200 965
1693210 969
1693220 969
1693230 970
1693240 970
1693250 970
1693260 974
1693270 977
1693280 977
1693290 978
1693300 980
1693310 980
1693320 980
1693330 978
1693340 978
1693350 975
1693360 972
1693370 972
1693380 971
1693390 970
1693400 970
1693410 971
1693420 973
1693430 973
1693440 975
1693450 978
1693460 982
1693470 982
1693480 985
1693490 988
1693500 988
1693510 987
1693520 988
1693530 988
1693540 988
1693550 989
1693560 989
1693570 990
1693580 991
1693590 991
1693600 993
1693610 996
1693620 996
1693630 997
1693640 1001
1693650 1001
1693660 1004
1693670 1010
1693680 1010
1693690 1015
1693700 1021
1693710 1026
1693720 1026
1693730 1032
1693740 1037
1693750 1037
1693760 1041
1693770 1044
1693780 1044
1693790 1046
1693800 1046
1693810 1046
1693820 1047
1693830 1046
1693840 1046
1693850 1047
1693860 1047
1693870 1047
1693880 1049
1693890 1052
1693900 1052
1693910 1054
1693920 1053
1693930 1053
1693940 1053
1693950 1052
1693960 1051
1693970 1051
1693980 1051
1693990 1051
1694000 1051
1694010 1049
1694020 1048
1694030 1048
1694040 1047
1694050 1047
1694060 1047
1694070 1046
1694080 1046
1694090 1046
1694100 1046
1694110 1046
1694120 1046
1694130 1046
1694140 1046
1694150 1046
1694160 1046
1694170 1047
1694180 1046
1694190 1046
1694200 1046
1694210 1047
1694220 1047
1694230 1048
1694240 1048
1694250 1048
1694260 1049
1694270 1048
1694280 1048
1694290 1048
1694300 1046
1694310 1046
1694320 1045
1694330 1043
1694340 1043
1694350 1041
1694360 1040
1694370 1040
1694380 1038
1694390 1037
1694400 1037
1694410 1035
1694420 1033
1694430 1031
1694440 1031
1694450 1028
1694460 1027
1694470 1027
1694480 1024
1694490 1022
1694500 1022
1694510 1020
1694520 1019
1694530 1019
1694540 1017
1694550 1015
1694560 1015
1694570 1014
1694580 1012
1694590 1012
1694600 1011
1694610 1010
1694620 1010
1694630 1010
1694640 1008
1694650 1008
1694660 1007
1694670 1007
1694680 1006
1694690 1006
1694700 1006
1694710 1006
1694720 1006
1694730 1006
1694740 1005
1694750 1005
1694760 1005
1694770 1005
1694780 1005
1694790 1004
1694800 1004
1694810 1004
1694820 1004
1694830 1004
1694840 1004
1694850 1004
1694860 1004
1694870 1004
1694880 1004
1694890 1004
1694900 1004
1694910 1004
1694920 1004
1694930 1004
1694940 1004
1694950 1004
1694960 1004
1694970 1004
1694980 1004
1694990 1004
1695000 1004
1695010 1004
1695020 1005
1695030 1005
1695040 1005
1695050 1005
1695060 1005
1695070 1005
1695080 1004
1695090 1004
1695100 1002
1695110 1000
1695120 1000
1695130 998
1695140 996
1695150 996
1695160 994
1695170 991
1695180 989
1695190 989
1695200 987
1695210 984
1695220 984
1695230 982
1695240 981
1695250 981
1695260 979
1695270 978
1695280 978
1695290 976
1695300 974
1695310 974
1695320 972
1695330 971
1695340 971
1695350 968
1695360 967
1695370 967
1695380 964
1695390 962
1695400 960
1695410 960
1695420 957
1695430 954
1695440 954
1695450 952
1695460 950
1695470 950
1695480 948
1695490 946
1695500 946
1695510 943
1695520 940
1695530 940
1695540 938
1695550 936
1695560 936
1695570 932
1695580 929
1695590 929
1695600 926
1695610 923
1695620 923
1695630 920
1695640 917
1695650 915
1695660 915
1695670 913
1695680 911
1695690 911
1695700 909
1695710 907
1695720 907
1695730 904
1695740 904
1695750 904
1695760 901
1695770 899
1695780 899
1695790 897
1695800 896
1695810 896
1695820 894
1695830 892
1695840 892
1695850 891
1695860 890
1695870 890
1695880 888
1695890 888
1695900 886
1695910 886
1695920 885
1695930 884
1695940 884
1695950 883
1695960 883
1695970 883
1695980 882
1695990 880
1696000 880
1696010 879
1696020 878
1696030 878
1696040 877
1696050 877
1696060 877
1696070 876
1696080 875
1696090 875
1696100 875
1696110 874
1696120 874
1696130 874
1696140 876
1696150 876
1696160 876
1696170 878
1696180 880
1696190 880
1696200 882
1696210 883
1696220 883
1696230 887
1696240 890
1696250 890
1696260 894
1696270 896
1696280 896
1696290 898
1696300 899
1696310 899
1696320 900
1696330 902
1696340 902
1696350 904
1696360 904
1696370 904
1696380 904
1696390 904
1696400 904
1696410 904
1696420 902
1696430 899
1696440 899
1696450 896
1696460 893
1696470 893
1696480 890
1696490 886
1696500 886
1696510 882
1696520 879
1696530 879
1696540 876
1696550 872
1696560 872
1696570 869
1696580 866
1696590 866
1696600 862
1696610 859
1696620 859
1696630 856
1696640 852
1696650 849
1696660 849
1696670 846
1696680 843
1696690 843
1696700 839
1696710 835
1696720 835
1696730 831
1696740 827
1696750 827
1696760 824
1696770 821
1696780 821
1696790 818
1696800 816
1696810 816
1696820 815
1696830 814
1696840 814
1696850 813
1696860 813
1696870 812
1696880 812
1696890 811
1696900 810
1696910 810
1696920 810
1696930 810
1696940 810
1696950 810
1696960 811
1696970 811
1696980 812
1696990 814
1697000 814
1697010 816
1697020 816
1697030 816
1697040 816
1697050 817
1697060 817
1697070 818
1697080 819
1697090 819
1697100 820
1697110 821
1697120 822
1697130 822
1697140 823
1697150 824
1697160 824
1697170 825
1697180 826
1697190 826
1697200 828
1697210 830
1697220 830
1697230 831
1697240 834
1697250 834
1697260 836
1697270 839
1697280 839
1697290 842
1697300 846
1697310 846
1697320 849
1697330 851
1697340 854
1697350 855
1697360 856
1697370 855
1697380 855
1697390 854
1697400 855
1697410 855
1697420 857
1697430 858
1697440 858
1697450 860
1697460 862
1697470 862
1697480 864
1697490 866
1697500 866
1697510 867
1697520 869
1697530 869
1697540 871
1697550 873
1697560 873
1697570 875
1697580 877
1697590 877
1697600 879
1697610 881
1697620 884
1697630 884
1697640 885
1697650 887
1697660 887
1697670 887
1697680 888
1697690 888
1697700 888
1697710 889
1697720 889
1697730 889
1697740 890
1697750 890
1697760 891
1697770 892
1697780 892
1697790 894
1697800 896
1697810 896
1697820 898
1697830 898
1697840 898
1697850 899
1697860 898
1697870 896
1697880 896
1697890 895
1697900 893
1697910 893
1697920 890
1697930 888
1697940 888
1697950 885
1697960 881
1697970 881
1697980 878
1697990 875
1698000 875
1698010 872
1698020 869
1698030 869
1698040 866
1698050 863
1698060 863
1698070 858
1698080 854
1698090 854
1698100 851
1698110 846
1698120 841
1698130 841
1698140 836
1698150 831
1698160 831
1698170 825
1698180 819
1698190 819
1698200 813
1698210 807
1698220 807
1698230 801
1698240 795
1698250 795
1698260 789
1698270 783
1698280 783
1698290 779
1698300 775
1698310 775
1698320 771
1698330 767
1698340 762
1698350 762
1698360 758
1698370 752
1698380 752
1698390 745
1698400 740
1698410 740
1698420 735
1698430 730
1698440 730
1698450 728
1698460 724
1698470 724
1698480 721
1698490 718
1698500 718
1698510 719
1698520 721
1698530 721
1698540 724
1698550 728
1698560 728
1698570 733
1698580 736
1698590 739
1698600 739
1698610 743
1698620 746
1698630 746
1698640 750
1698650 754
1698660 754
1698670 758
1698680 762
1698690 762
1698700 766
1698710 770
1698720 770
1698730 775
1698740 779
1698750 779
1698760 783
1698770 787
1698780 787
1698790 790
1698800 794
1698810 794
1698820 797
1698830 801
1698840 804
1698850 804
1698860 808
1698870 811
1698880 811
1698890 813
1698900 815
1698910 815
1698920 816
1698930 817
1698940 817
1698950 817
1698960 817
1698970 817
1698980 817
1698990 816
1699000 816
1699010 817
1699020 817
1699030 817
1699040 817
1699050 818
1699060 818
1699070 820
1699080 821
1699090 822
1699100 822
1699110 822
1699120 822
1699130 822
1699140 820
1699150 819
1699160 819
1699170 818
1699180 816
1699190 816
1699200 814
1699210 812
1699220 812
1699230 810
1699240 808
1699250 808
1699260 805
1699270 803
1699280 803
1699290 800
1699300 798
1699310 798
1699320 796
1699330 795
1699340 795
1699350 795
1699360 795
1699370 795
1699380 795
1699390 793
1699400 792
1699410 792
1699420 791
1699430 789
1699440 789
1699450 786
1699460 783
1699470 783
1699480 780
1699490 778
1699500 778
1699510 775
1699520 771
1699530 771
1699540 767
1699550 765
1699560 765
1699570 763
1699580 761
1699590 760
1699600 760
1699610 758
1699620 760
1699630 760
1699640 762
1699650 765
1699660 765
1699670 768
1699680 772
1699690 772
1699700 775
1699710 778
1699720 778
1699730 781
1699740 782
1699750 782
1699760 783
1699770 781
1699780 781
1699790 778
1699800 774
1699810 770
1699820 770
1699830 766
1699840 762
1699850 762
1699860 759
1699870 755
1699880 755
1699890 751
1699900 746
1699910 746
1699920 741
1699930 737
1699940 737
1699950 732
1699960 729
1699970 729
1699980 730
1699990 729
