1680000 1248
1680010 1248
1680020 1249
1680030 1250
1680040 1250
1680050 1248
1680060 1243
1680070 1243
1680080 1239
1680090 1235
1680100 1230
1680110 1230
1680120 1227
1680130 1223
1680140 1223
1680150 1220
1680160 1217
1680170 1217
1680180 1213
1680190 1209
1680200 1209
1680210 1206
1680220 1202
1680230 1202
1680240 1199
1680250 1196
1680260 1196
1680270 1192
1680280 1189
1680290 1189
1680300 1186
1680310 1183
1680320 1179
1680330 1179
1680340 1176
1680350 1173
1680360 1173
1680370 1170
1680380 1167
1680390 1167
1680400 1164
1680410 1160
1680420 1160
1680430 1156
1680440 1153
1680450 1153
1680460 1149
1680470 1145
1680480 1145
1680490 1140
1680500 1137
1680510 1137
1680520 1132
1680530 1128
1680540 1128
1680550 1124
1680560 1120
1680570 1115
1680580 1115
1680590 1111
1680600 1106
1680610 1106
1680620 1100
1680630 1096
1680640 1096
1680650 1089
1680660 1083
1680670 1083
1680680 1076
1680690 1071
1680700 1071
1680710 1068
1680720 1064
1680730 1064
1680740 1060
1680750 1056
1680760 1056
1680770 1052
1680780 1047
1680790 1047
1680800 1041
1680810 1034
1680820 1033
1680830 1033
1680840 1035
1680850 1041
1680860 1041
1680870 1048
1680880 1052
1680890 1052
1680900 1060
1680910 1066
1680920 1066
1680930 1070
1680940 1075
1680950 1075
1680960 1079
1680970 1083
1680980 1083
1680990 1087
1681000 1092
1681010 1092
1681020 1098
1681030 1104
1681040 1104
1681050 1109
1681060 1114
1681070 1119
1681080 1119
1681090 1124
1681100 1130
1681110 1130
1681120 1136
1681130 1141
1681140 1141
1681150 1146
1681160 1151
1681170 1151
1681180 1153
1681190 1153
1681200 1153
1681210 1149
1681220 1146
1681230 1146
1681240 1141
1681250 1137
1681260 1137
1681270 1133
1681280 1129
1681290 1129
1681300 1126
1681310 1123
1681320 1119
1681330 1119
1681340 1115
1681350 1112
1681360 1112
1681370 1109
1681380 1105
1681390 1105
1681400 1102
1681410 1098
1681420 1098
1681430 1093
1681440 1092
1681450 1092
1681460 1087
1681470 1083
1681480 1083
1681490 1077
1681500 1072
1681510 1072
1681520 1068
1681530 1064
1681540 1064
1681550 1061
1681560 1062
1681570 1069
1681580 1069
1681590 1077
1681600 1081
1681610 1081
1681620 1091
1681630 1099
1681640 1099
1681650 1107
1681660 1114
1681670 1114
1681680 1120
1681690 1125
1681700 1125
1681710 1131
1681720 1136
1681730 1136
1681740 1141
1681750 1146
1681760 1146
1681770 1151
1681780 1156
1681790 1156
1681800 1162
1681810 1166
1681820 1173
1681830 1173
1681840 1178
1681850 1184
1681860 1184
1681870 1189
1681880 1194
1681890 1194
1681900 1198
1681910 1203
1681920 1203
1681930 1208
1681940 1214
1681950 1214
1681960 1217
1681970 1223
1681980 1223
1681990 1228
1682000 1233
1682010 1233
1682020 1238
1682030 1243
1682040 1243
1682050 1247
1682060 1251
1682070 1255
1682080 1255
1682090 1257
1682100 1257
1682110 1257
1682120 1255
1682130 1252
1682140 1252
1682150 1249
1682160 1244
1682170 1244
1682180 1240
1682190 1235
1682200 1235
1682210 1231
1682220 1226
1682230 1226
1682240 1221
1682250 1217
1682260 1217
1682270 1213
1682280 1209
1682290 1209
1682300 1206
1682310 1203
1682320 1199
1682330 1199
1682340 1193
1682350 1191
1682360 1191
1682370 1185
1682380 1180
1682390 1180
1682400 1175
1682410 1170
1682420 1170
1682430 1165
1682440 1158
1682450 1158
1682460 1152
1682470 1145
1682480 1145
1682490 1138
1682500 1133
1682510 1133
1682520 1126
1682530 1119
1682540 1119
1682550 1111
1682560 1107
1682570 1101
1682580 1101
1682590 1094
1682600 1091
1682610 1091
1682620 1089
1682630 1086
1682640 1086
1682650 1084
1682660 1082
1682670 1082
1682680 1079
1682690 1075
1682700 1075
1682710 1071
1682720 1067
1682730 1067
1682740 1062
1682750 1057
1682760 1057
1682770 1053
1682780 1049
1682790 1045
1682800 1045
1682810 1042
1682820 1037
1682830 1037
1682840 1033
1682850 1031
1682860 1031
1682870 1028
1682880 1025
1682890 1025
1682900 1022
1682910 1019
1682920 1019
1682930 1017
1682940 1015
1682950 1015
1682960 1014
1682970 1014
1682980 1014
1682990 1014
1683000 1014
1683010 1014
1683020 1017
1683030 1017
1683040 1017
1683050 1017
1683060 1017
1683070 1018
1683080 1018
1683090 1019
1683100 1019
1683110 1019
1683120 1018
1683130 1014
1683140 1014
1683150 1010
1683160 1006
1683170 1006
1683180 1002
1683190 997
1683200 997
1683210 993
1683220 989
1683230 989
1683240 986
1683250 983
1683260 983
1683270 980
1683280 977
1683290 975
1683300 975
1683310 971
1683320 967
1683330 967
1683340 963
1683350 962
1683360 962
1683370 961
1683380 964
1683390 964
1683400 968
1683410 973
1683420 973
1683430 978
1683440 984
1683450 984
1683460 989
1683470 994
1683480 994
1683490 999
1683500 1004
1683510 1004
1683520 1008
1683530 1012
1683540 1015
1683550 1015
1683560 1018
1683570 1020
1683580 1020
1683590 1020
1683600 1019
1683610 1019
1683620 1018
1683630 1018
1683640 1018
1683650 1017
1683660 1016
1683670 1016
1683680 1016
1683690 1015
1683700 1015
1683710 1015
1683720 1016
1683730 1016
1683740 1017
1683750 1018
1683760 1018
1683770 1020
1683780 1021
1683790 1022
1683800 1022
1683810 1024
1683820 1023
1683830 1023
1683840 1022
1683850 1021
1683860 1021
1683870 1019
1683880 1016
1683890 1016
1683900 1015
1683910 1011
1683920 1011
1683930 1008
1683940 1006
1683950 1006
1683960 1003
1683970 1000
1683980 1000
1683990 998
1684000 995
1684010 995
1684020 991
1684030 997
1684040 1003
1684050 1003
1684060 1008
1684070 1012
1684080 1012
1684090 1017
1684100 1023
1684110 1023
1684120 1028
1684130 1033
1684140 1033
1684150 1038
1684160 1044
1684170 1044
1684180 1050
1684190 1056
1684200 1056
1684210 1062
1684220 1068
1684230 1068
1684240 1071
1684250 1067
1684260 1067
1684270 1063
1684280 1058
1684290 1054
1684300 1054
1684310 1051
1684320 1046
1684330 1046
1684340 1041
1684350 1036
1684360 1036
1684370 1030
1684380 1023
1684390 1023
1684400 1023
1684410 1032
1684420 1032
1684430 1038
1684440 1044
1684450 1044
1684460 1051
1684470 1057
1684480 1057
1684490 1063
1684500 1069
1684510 1069
1684520 1075
1684530 1082
1684540 1087
1684550 1087
1684560 1096
1684570 1103
1684580 1103
1684590 1110
1684600 1116
1684610 1116
1684620 1120
1684630 1125
1684640 1125
1684650 1130
1684660 1136
1684670 1136
1684680 1142
1684690 1147
1684700 1147
1684710 1147
1684720 1146
1684730 1146
1684740 1140
1684750 1135
1684760 1135
1684770 1130
1684780 1126
1684790 1122
1684800 1122
1684810 1118
1684820 1110
1684830 1110
1684840 1109
1684850 1102
1684860 1102
1684870 1096
1684880 1090
1684890 1090
1684900 1086
1684910 1082
1684920 1082
1684930 1079
1684940 1078
1684950 1078
1684960 1077
1684970 1077
1684980 1077
1684990 1076
1685000 1076
1685010 1076
1685020 1078
1685030 1080
1685040 1082
1685050 1082
1685060 1082
1685070 1084
1685080 1084
1685090 1086
1685100 1088
1685110 1088
1685120 1090
1685130 1091
1685140 1091
1685150 1088
1685160 1083
1685170 1083
1685180 1078
1685190 1073
1685200 1073
1685210 1068
1685220 1063
1685230 1063
1685240 1055
1685250 1049
1685260 1049
1685270 1043
1685280 1037
1685290 1033
1685300 1033
1685310 1026
1685320 1019
1685330 1019
1685340 1012
1685350 1010
1685360 1010
1685370 1018
1685380 1023
1685390 1023
1685400 1028
1685410 1034
1685420 1034
1685430 1040
1685440 1046
1685450 1046
1685460 1046
1685470 1046
1685480 1046
1685490 1044
1685500 1044
1685510 1046
1685520 1046
1685530 1051
1685540 1056
1685550 1056
1685560 1062
1685570 1066
1685580 1066
1685590 1071
1685600 1077
1685610 1077
1685620 1082
1685630 1088
1685640 1088
1685650 1094
1685660 1100
1685670 1100
1685680 1106
1685690 1112
1685700 1112
1685710 1118
1685720 1123
1685730 1123
1685740 1128
1685750 1133
1685760 1137
1685770 1137
1685780 1141
1685790 1146
1685800 1146
1685810 1150
1685820 1154
1685830 1154
1685840 1158
1685850 1161
1685860 1161
1685870 1164
1685880 1167
1685890 1167
1685900 1170
1685910 1173
1685920 1173
1685930 1176
1685940 1179
1685950 1179
1685960 1181
1685970 1184
1685980 1184
1685990 1187
1686000 1190
1686010 1192
1686020 1192
1686030 1195
1686040 1197
1686050 1197
1686060 1200
1686070 1202
1686080 1202
1686090 1204
1686100 1206
1686110 1206
1686120 1208
1686130 1209
1686140 1209
1686150 1208
1686160 1206
1686170 1206
1686180 1203
1686190 1199
1686200 1199
1686210 1196
1686220 1192
1686230 1192
1686240 1188
1686250 1185
1686260 1182
1686270 1182
1686280 1180
1686290 1177
1686300 1177
1686310 1176
1686320 1175
1686330 1175
1686340 1174
1686350 1173
1686360 1173
1686370 1173
1686380 1173
1686390 1173
1686400 1173
1686410 1172
1686420 1172
1686430 1173
1686440 1173
1686450 1173
1686460 1172
1686470 1171
1686480 1171
1686490 1170
1686500 1168
1686510 1166
1686520 1166
1686530 1165
1686540 1163
1686550 1163
1686560 1161
1686570 1159
1686580 1159
1686590 1157
1686600 1155
1686610 1155
1686620 1154
1686630 1152
1686640 1152
1686650 1150
1686660 1149
1686670 1154
1686680 1151
1686690 1147
1686700 1147
1686710 1141
1686720 1135
1686730 1135
1686740 1129
1686750 1123
1686760 1117
1686770 1117
1686780 1111
1686790 1106
1686800 1106
1686810 1103
1686820 1100
1686830 1100
1686840 1099
1686850 1100
1686860 1100
1686870 1100
1686880 1101
1686890 1101
1686900 1102
1686910 1102
1686920 1102
1686930 1103
1686940 1103
1686950 1103
1686960 1106
1686970 1106
1686980 1106
1686990 1107
1687000 1107
1687010 1108
1687020 1108
1687030 1104
1687040 1102
1687050 1102
1687060 1101
1687070 1098
1687080 1098
1687090 1096
1687100 1092
1687110 1092
1687120 1087
1687130 1084
1687140 1084
1687150 1082
1687160 1080
1687170 1080
1687180 1079
1687190 1078
1687200 1078
1687210 1078
1687220 1079
1687230 1079
1687240 1079
1687250 1081
1687260 1081
1687270 1081
1687280 1082
1687290 1083
1687300 1083
1687310 1084
1687320 1085
1687330 1085
1687340 1087
1687350 1089
1687360 1089
1687370 1091
1687380 1093
1687390 1093
1687400 1094
1687410 1095
1687420 1095
1687430 1095
1687440 1092
1687450 1092
1687460 1087
1687470 1080
1687480 1080
1687490 1076
1687500 1075
1687510 1070
1687520 1070
1687530 1064
1687540 1059
1687550 1059
1687560 1055
1687570 1050
1687580 1050
1687590 1046
1687600 1041
1687610 1041
1687620 1037
1687630 1032
1687640 1032
1687650 1028
1687660 1023
1687670 1023
1687680 1019
1687690 1014
1687700 1014
1687710 1009
1687720 1005
1687730 1005
1687740 996
1687750 993
1687760 992
1687770 992
1687780 991
1687790 985
1687800 985
1687810 981
1687820 976
1687830 976
1687840 972
1687850 969
1687860 969
1687870 964
1687880 961
1687890 961
1687900 958
1687910 954
1687920 954
1687930 951
1687940 948
1687950 948
1687960 944
1687970 940
1687980 936
1687990 936
1688000 931
1688010 926
1688020 926
1688030 921
1688040 916
1688050 916
1688060 909
1688070 903
1688080 903
1688090 895
1688100 888
1688110 888
1688120 882
1688130 875
1688140 875
1688150 869
1688160 863
1688170 863
1688180 856
1688190 851
1688200 851
1688210 845
1688220 840
1688230 838
1688240 838
1688250 831
1688260 825
1688270 825
1688280 823
1688290 819
1688300 819
1688310 815
1688320 813
1688330 813
1688340 810
1688350 807
1688360 807
1688370 804
1688380 801
1688390 801
1688400 797
1688410 793
1688420 793
1688430 789
1688440 786
1688450 786
1688460 782
1688470 777
1688480 773
1688490 773
1688500 768
1688510 765
1688520 765
1688530 760
1688540 760
1688550 760
1688560 759
1688570 755
1688580 755
1688590 754
1688600 757
1688610 757
1688620 763
1688630 764
1688640 764
1688650 769
1688660 772
1688670 772
1688680 775
1688690 778
1688700 778
1688710 778
1688720 784
1688730 791
1688740 791
1688750 796
1688760 802
1688770 802
1688780 808
1688790 814
1688800 814
1688810 822
1688820 829
1688830 829
1688840 836
1688850 843
1688860 843
1688870 850
1688880 856
1688890 856
1688900 861
1688910 867
1688920 867
1688930 874
1688940 883
1688950 883
1688960 895
1688970 904
1688980 912
1688990 912
1689000 923
1689010 930
1689020 930
1689030 934
1689040 939
1689050 939
1689060 946
1689070 954
1689080 954
1689090 963
1689100 968
1689110 968
1689120 974
1689130 979
1689140 979
1689150 978
1689160 970
1689170 970
1689180 961
1689190 952
1689200 952
1689210 944
1689220 936
1689230 929
1689240 929
1689250 922
1689260 915
1689270 915
1689280 908
1689290 902
1689300 902
1689310 893
1689320 891
1689330 891
1689340 887
1689350 882
1689360 882
1689370 874
1689380 869
1689390 869
1689400 865
1689410 860
1689420 860
1689430 857
1689440 852
1689450 852
1689460 848
1689470 844
1689480 841
1689490 841
1689500 838
1689510 834
1689520 834
1689530 831
1689540 828
1689550 828
1689560 825
1689570 822
1689580 822
1689590 818
1689600 815
1689610 815
1689620 812
1689630 806
1689640 806
1689650 803
1689660 796
1689670 796
1689680 791
1689690 785
1689700 785
1689710 778
1689720 771
1689730 772
1689740 772
1689750 776
1689760 781
1689770 781
1689780 784
1689790 788
1689800 788
1689810 794
1689820 802
1689830 802
1689840 807
1689850 814
1689860 814
1689870 820
1689880 824
1689890 824
1689900 829
1689910 834
1689920 834
1689930 840
1689940 846
1689950 846
1689960 852
1689970 861
1689980 867
1689990 867
1690000 873
1690010 879
1690020 879
1690030 884
1690040 890
1690050 890
1690060 898
1690070 907
1690080 907
1690090 914
1690100 920
1690110 920
1690120 926
1690130 930
1690140 930
1690150 927
1690160 925
1690170 925
1690180 926
1690190 928
1690200 928
1690210 928
1690220 928
1690230 927
1690240 927
1690250 925
1690260 922
1690270 922
1690280 918
1690290 914
1690300 914
1690310 908
1690320 905
1690330 905
1690340 898
1690350 893
1690360 893
1690370 888
1690380 882
1690390 882
1690400 877
1690410 872
1690420 872
1690430 867
1690440 861
1690450 855
1690460 855
1690470 847
1690480 844
1690490 844
1690500 837
1690510 831
1690520 831
1690530 826
1690540 820
1690550 820
1690560 815
1690570 809
1690580 809
1690590 805
1690600 800
1690610 800
1690620 795
1690630 791
1690640 791
1690650 788
1690660 782
1690670 782
1690680 777
1690690 772
1690700 768
1690710 768
1690720 763
1690730 770
1690740 770
1690750 774
1690760 777
1690770 777
1690780 781
1690790 783
1690800 783
1690810 789
1690820 792
1690830 792
1690840 797
1690850 801
1690860 801
1690870 805
1690880 809
1690890 809
1690900 813
1690910 817
1690920 817
1690930 821
1690940 826
1690950 829
1690960 829
1690970 835
1690980 839
1690990 839
1691000 845
1691010 849
1691020 849
1691030 853
1691040 857
1691050 857
1691060 861
1691070 865
1691080 865
1691090 867
1691100 870
1691110 870
1691120 873
1691130 875
1691140 875
1691150 877
1691160 879
1691170 879
1691180 881
1691190 884
1691200 886
1691210 886
1691220 888
1691230 890
1691240 890
1691250 892
1691260 894
1691270 894
1691280 896
1691290 897
1691300 897
1691310 898
1691320 899
1691330 899
1691340 900
1691350 902
1691360 902
1691370 904
1691380 906
1691390 906
1691400 906
1691410 907
1691420 907
1691430 907
1691440 904
1691450 900
1691460 900
1691470 896
1691480 892
1691490 892
1691500 888
1691510 884
1691520 884
1691530 881
1691540 878
1691550 878
1691560 875
1691570 873
1691580 873
1691590 871
1691600 870
1691610 870
1691620 867
1691630 864
1691640 864
1691650 863
1691660 859
1691670 859
1691680 857
1691690 853
1691700 848
1691710 848
1691720 842
1691730 839
1691740 839
1691750 834
1691760 829
1691770 829
1691780 824
1691790 818
1691800 818
1691810 813
1691820 809
1691830 809
1691840 804
1691850 800
1691860 800
1691870 796
1691880 792
1691890 792
1691900 787
1691910 781
1691920 781
1691930 777
1691940 771
1691950 770
1691960 770
1691970 765
1691980 766
1691990 766
1692000 769
1692010 773
1692020 773
1692030 780
1692040 785
1692050 785
1692060 790
1692070 794
1692080 794
1692090 798
1692100 802
1692110 802
1692120 806
1692130 809
1692140 809
1692150 812
1692160 813
1692170 813
1692180 814
1692190 816
1692200 819
1692210 819
1692220 822
1692230 824
1692240 824
1692250 826
1692260 830
1692270 830
1692280 833
1692290 836
1692300 836
1692310 839
1692320 844
1692330 844
1692340 848
1692350 853
1692360 853
1692370 858
1692380 863
1692390 863
1692400 867
1692410 872
1692420 872
1692430 878
1692440 882
1692450 887
1692460 887
1692470 891
1692480 896
1692490 896
1692500 901
1692510 905
1692520 905
1692530 910
1692540 914
1692550 914
1692560 918
1692570 922
1692580 922
1692590 927
1692600 931
1692610 931
1692620 934
1692630 938
1692640 938
1692650 941
1692660 944
1692670 944
1692680 946
1692690 950
1692700 952
1692710 952
1692720 954
1692730 956
1692740 956
1692750 958
1692760 959
1692770 959
1692780 960
1692790 960
1692800 960
1692810 960
1692820 959
1692830 959
1692840 957
1692850 954
1692860 954
1692870 950
1692880 948
1692890 948
1692900 944
1692910 940
1692920 940
1692930 934
1692940 930
1692950 925
1692960 925
1692970 918
1692980 912
1692990 912
1693000 905
1693010 899
1693020 899
1693030 894
1693040 889
1693050 889
1693060 886
1693070 882
1693080 882
1693090 874
1693100 867
1693110 867
1693120 863
1693130 858
1693140 858
1693150 853
1693160 848
1693170 842
1693180 842
1693190 835
1693200 833
1693210 833
1693220 825
1693230 817
1693240 817
1693250 811
1693260 805
1693270 805
1693280 799
1693290 792
1693300 792
1693310 787
1693320 781
1693330 781
1693340 776
1693350 771
1693360 771
1693370 767
1693380 763
1693390 763
1693400 765
1693410 768
1693420 773
1693430 773
1693440 776
1693450 779
1693460 779
1693470 781
1693480 783
1693490 783
1693500 785
1693510 787
1693520 787
1693530 789
1693540 791
1693550 791
1693560 794
1693570 797
1693580 797
1693590 800
1693600 802
1693610 802
1693620 805
1693630 808
1693640 808
1693650 810
1693660 814
1693670 818
1693680 818
1693690 821
1693700 824
1693710 824
1693720 827
1693730 829
1693740 829
1693750 832
1693760 834
1693770 834
1693780 837
1693790 840
1693800 840
1693810 843
1693820 846
1693830 846
1693840 848
1693850 851
1693860 851
1693870 855
1693880 857
1693890 857
1693900 860
1693910 864
1693920 866
1693930 866
1693940 869
1693950 872
1693960 872
1693970 875
1693980 877
1693990 877
1694000 880
1694010 883
1694020 883
1694030 886
1694040 890
1694050 890
1694060 892
1694070 896
1694080 896
1694090 899
1694100 901
1694110 901
1694120 903
1694130 905
1694140 905
1694150 907
1694160 909
1694170 912
1694180 912
1694190 912
1694200 915
1694210 915
1694220 916
1694230 915
1694240 915
1694250 913
1694260 909
1694270 909
1694280 904
1694290 899
1694300 899
1694310 893
1694320 886
1694330 886
1694340 881
1694350 874
1694360 874
1694370 866
1694380 859
1694390 859
1694400 852
1694410 846
1694420 839
1694430 839
1694440 832
1694450 825
1694460 825
1694470 820
1694480 812
1694490 812
1694500 806
1694510 799
1694520 799
1694530 793
1694540 784
1694550 784
1694560 780
1694570 773
1694580 773
1694590 767
1694600 761
1694610 761
1694620 755
1694630 750
1694640 750
1694650 744
1694660 739
1694670 734
1694680 734
1694690 729
1694700 725
1694710 725
1694720 721
1694730 716
1694740 716
1694750 711
1694760 707
1694770 707
1694780 702
1694790 697
1694800 697
1694810 693
1694820 686
1694830 686
1694840 680
1694850 677
1694860 677
1694870 672
1694880 669
1694890 669
1694900 674
1694910 676
1694920 678
1694930 678
1694940 680
1694950 680
1694960 680
1694970 685
1694980 689
1694990 689
1695000 691
1695010 694
1695020 694
1695030 696
1695040 698
1695050 698
1695060 701
1695070 704
1695080 704
1695090 707
1695100 710
1695110 710
1695120 713
1695130 716
1695140 716
1695150 719
1695160 722
1695170 725
1695180 725
1695190 729
1695200 733
1695210 733
1695220 736
1695230 740
1695240 740
1695250 744
1695260 748
1695270 748
1695280 752
1695290 756
1695300 756
1695310 761
1695320 766
1695330 766
1695340 770
1695350 774
1695360 774
1695370 778
1695380 785
1695390 785
1695400 786
1695410 786
1695420 794
1695430 794
1695440 799
1695450 803
1695460 803
1695470 807
1695480 811
1695490 811
1695500 816
1695510 820
1695520 820
1695530 825
1695540 829
1695550 829
1695560 833
1695570 837
1695580 837
1695590 839
1695600 837
1695610 837
1695620 831
1695630 824
1695640 816
1695650 816
1695660 809
1695670 802
1695680 802
1695690 798
1695700 794
1695710 794
1695720 790
1695730 787
1695740 787
1695750 784
1695760 782
1695770 782
1695780 779
1695790 776
1695800 776
1695810 772
1695820 768
1695830 768
1695840 763
1695850 757
1695860 757
1695870 752
1695880 747
1695890 742
1695900 742
1695910 737
1695920 731
1695930 731
1695940 724
1695950 719
1695960 719
1695970 712
1695980 708
1695990 708
1696000 702
1696010 698
1696020 698
1696030 696
1696040 693
1696050 693
1696060 687
1696070 686
1696080 686
1696090 684
1696100 683
1696110 683
1696120 677
1696130 675
1696140 672
1696150 672
1696160 668
1696170 666
1696180 666
1696190 664
1696200 661
1696210 661
1696220 659
1696230 656
1696240 656
1696250 654
1696260 651
1696270 651
1696280 648
1696290 645
1696300 645
1696310 640
1696320 633
1696330 633
1696340 627
1696350 622
1696360 622
1696370 616
1696380 612
1696390 606
1696400 606
1696410 598
1696420 591
1696430 591
1696440 586
1696450 584
1696460 584
1696470 584
1696480 584
1696490 584
1696500 585
1696510 586
1696520 586
1696530 591
1696540 595
1696550 595
1696560 602
1696570 607
1696580 607
1696590 611
1696600 616
1696610 616
1696620 620
1696630 624
1696640 627
1696650 627
1696660 628
1696670 628
1696680 628
1696690 626
1696700 623
1696710 623
1696720 621
1696730 617
1696740 617
1696750 615
1696760 612
1696770 612
1696780 610
1696790 608
1696800 608
1696810 605
1696820 603
1696830 603
1696840 600
1696850 597
1696860 597
1696870 595
1696880 592
1696890 589
1696900 589
1696910 587
1696920 587
1696930 587
1696940 584
1696950 580
1696960 580
1696970 578
1696980 576
1696990 576
1697000 573
1697010 570
1697020 570
1697030 570
1697040 570
1697050 570
1697060 570
1697070 569
1697080 569
1697090 569
1697100 569
1697110 569
1697120 568
1697130 567
1697140 564
1697150 564
1697160 562
1697170 558
1697180 558
1697190 548
1697200 548
1697210 548
1697220 549
1697230 551
1697240 551
1697250 553
1697260 553
1697270 553
1697280 553
1697290 553
1697300 553
1697310 553
1697320 552
1697330 552
1697340 552
1697350 552
1697360 552
1697370 551
1697380 546
1697390 543
1697400 543
1697410 544
1697420 544
1697430 544
1697440 543
1697450 544
1697460 544
1697470 544
1697480 543
1697490 543
1697500 543
1697510 542
1697520 542
1697530 542
1697540 541
1697550 541
1697560 540
1697570 540
1697580 540
1697590 541
1697600 541
1697610 541
1697620 541
1697630 541
1697640 541
1697650 541
1697660 541
1697670 540
1697680 540
1697690 540
1697700 540
1697710 540
1697720 540
1697730 540
1697740 540
1697750 540
1697760 540
1697770 540
1697780 541
1697790 541
1697800 541
1697810 541
1697820 540
1697830 540
1697840 540
1697850 539
1697860 539
1697870 539
1697880 539
1697890 539
1697900 539
1697910 538
1697920 538
1697930 538
1697940 538
1697950 537
1697960 537
1697970 537
1697980 537
1697990 537
1698000 536
1698010 536
1698020 536
1698030 536
1698040 536
1698050 536
1698060 536
1698070 533
1698080 533
1698090 535
1698100 535
1698110 535
1698120 535
1698130 535
1698140 535
1698150 535
1698160 535
1698170 534
1698180 534
1698190 534
1698200 534
1698210 534
1698220 534
1698230 534
1698240 534
1698250 535
1698260 535
1698270 535
1698280 535
1698290 535
1698300 535
1698310 535
1698320 534
1698330 534
1698340 534
1698350 534
1698360 533
1698370 533
1698380 533
1698390 533
1698400 533
1698410 533
1698420 533
1698430 533
1698440 532
1698450 532
1698460 532
1698470 532
1698480 532
1698490 532
1698500 531
1698510 532
1698520 532
1698530 532
1698540 532
1698550 532
1698560 532
1698570 532
1698580 532
1698590 533
1698600 533
1698610 534
1698620 534
1698630 535
1698640 536
1698650 536
1698660 537
1698670 537
1698680 537
1698690 537
1698700 535
1698710 535
1698720 537
1698730 536
1698740 536
1698750 536
1698760 536
1698770 536
1698780 536
1698790 537
1698800 537
1698810 537
1698820 537
1698830 537
1698840 537
1698850 537
1698860 537
1698870 537
1698880 537
1698890 536
1698900 536
1698910 535
1698920 535
1698930 535
1698940 534
1698950 534
1698960 534
1698970 533
1698980 533
1698990 533
1699000 533
1699010 533
1699020 533
1699030 533
1699040 533
1699050 533
1699060 532
1699070 532
1699080 532
1699090 532
1699100 532
1699110 531
1699120 531
1699130 531
1699140 535
1699150 535
1699160 536
1699170 535
1699180 535
1699190 530
1699200 530
1699210 530
1699220 529
1699230 528
1699240 528
1699250 528
1699260 528
1699270 528
1699280 528
1699290 529
1699300 529
1699310 529
1699320 530
1699330 530
1699340 530
1699350 530
1699360 531
1699370 531
1699380 531
1699390 531
1699400 531
1699410 528
1699420 527
1699430 527
1699440 529
1699450 528
1699460 528
1699470 528
1699480 528
1699490 528
1699500 527
1699510 526
1699520 526
1699530 526
1699540 525
1699550 525
1699560 525
1699570 525
1699580 525
1699590 525
1699600 525
1699610 525
1699620 525
1699630 526
1699640 525
1699650 525
1699660 525
1699670 524
1699680 524
1699690 524
1699700 524
1699710 524
1699720 523
1699730 522
1699740 522
1699750 522
1699760 521
1699770 521
1699780 521
1699790 520
1699800 520
1699810 521
1699820 521
1699830 521
1699840 519
1699850 519
1699860 519
1699870 519
1699880 519
1699890 519
1699900 519
1699910 519
1699920 519
1699930 519
1699940 519
1699950 519
1699960 519
1699970 519
1699980 518
1699990 518
