1680000 1479
1680010 1479
1680020 1481
1680030 1481
1680040 1482
1680050 1482
1680060 1482
1680070 1482
1680080 1482
1680090 1481
1680100 1481
1680110 1478
1680120 1477
1680130 1477
1680140 1475
1680150 1471
1680160 1471
1680170 1467
1680180 1464
1680190 1464
1680200 1460
1680210 1457
1680220 1457
1680230 1453
1680240 1450
1680250 1450
1680260 1446
1680270 1442
1680280 1442
1680290 1438
1680300 1434
1680310 1434
1680320 1430
1680330 1426
1680340 1426
1680350 1422
1680360 1418
1680370 1415
1680380 1415
1680390 1411
1680400 1407
1680410 1407
1680420 1403
1680430 1399
1680440 1399
1680450 1395
1680460 1390
1680470 1390
1680480 1385
1680490 1380
1680500 1380
1680510 1374
1680520 1369
1680530 1369
1680540 1363
1680550 1359
1680560 1359
1680570 1352
1680580 1346
1680590 1346
1680600 1341
1680610 1335
1680620 1329
1680630 1329
1680640 1322
1680650 1315
1680660 1315
1680670 1309
1680680 1303
1680690 1303
1680700 1299
1680710 1294
1680720 1294
1680730 1289
1680740 1288
1680750 1288
1680760 1288
1680770 1287
1680780 1287
1680790 1287
1680800 1286
1680810 1286
1680820 1285
1680830 1284
1680840 1284
1680850 1283
1680860 1282
1680870 1280
1680880 1280
1680890 1281
1680900 1283
1680910 1283
1680920 1284
1680930 1286
1680940 1286
1680950 1288
1680960 1290
1680970 1290
1680980 1292
1680990 1294
1681000 1294
1681010 1296
1681020 1298
1681030 1298
1681040 1300
1681050 1303
1681060 1303
1681070 1305
1681080 1308
1681090 1308
1681100 1311
1681110 1314
1681120 1317
1681130 1317
1681140 1322
1681150 1327
1681160 1327
1681170 1332
1681180 1337
1681190 1337
1681200 1341
1681210 1345
1681220 1345
1681230 1350
1681240 1353
1681250 1353
1681260 1357
1681270 1360
1681280 1360
1681290 1362
1681300 1361
1681310 1361
1681320 1359
1681330 1357
1681340 1357
1681350 1353
1681360 1348
1681370 1343
1681380 1343
1681390 1338
1681400 1333
1681410 1333
1681420 1327
1681430 1321
1681440 1321
1681450 1315
1681460 1310
1681470 1310
1681480 1302
1681490 1296
1681500 1296
1681510 1289
1681520 1283
1681530 1283
1681540 1276
1681550 1270
1681560 1270
1681570 1263
1681580 1257
1681590 1257
1681600 1251
1681610 1244
1681620 1237
1681630 1237
1681640 1231
1681650 1224
1681660 1224
1681670 1216
1681680 1209
1681690 1209
1681700 1202
1681710 1195
1681720 1195
1681730 1190
1681740 1185
1681750 1185
1681760 1180
1681770 1172
1681780 1172
1681790 1168
1681800 1161
1681810 1161
1681820 1154
1681830 1154
1681840 1154
1681850 1154
1681860 1153
1681870 1156
1681880 1156
1681890 1158
1681900 1162
1681910 1162
1681920 1167
1681930 1172
1681940 1172
1681950 1176
1681960 1181
1681970 1181
1681980 1186
1681990 1191
1682000 1191
1682010 1196
1682020 1200
1682030 1200
1682040 1204
1682050 1208
1682060 1208
1682070 1212
1682080 1215
1682090 1215
1682100 1218
1682110 1221
1682120 1223
1682130 1223
1682140 1223
1682150 1224
1682160 1224
1682170 1228
1682180 1234
1682190 1234
1682200 1237
1682210 1241
1682220 1241
1682230 1246
1682240 1250
1682250 1250
1682260 1254
1682270 1259
1682280 1259
1682290 1262
1682300 1265
1682310 1265
1682320 1269
1682330 1273
1682340 1273
1682350 1277
1682360 1280
1682370 1280
1682380 1283
1682390 1286
1682400 1286
1682410 1286
1682420 1284
1682430 1282
1682440 1282
1682450 1283
1682460 1282
1682470 1282
1682480 1289
1682490 1294
1682500 1294
1682510 1298
1682520 1302
1682530 1302
1682540 1306
1682550 1311
1682560 1311
1682570 1316
1682580 1323
1682590 1323
1682600 1329
1682610 1335
1682620 1335
1682630 1341
1682640 1348
1682650 1354
1682660 1354
1682670 1360
1682680 1365
1682690 1365
1682700 1371
1682710 1377
1682720 1377
1682730 1385
1682740 1391
1682750 1391
1682760 1398
1682770 1406
1682780 1406
1682790 1412
1682800 1418
1682810 1418
1682820 1425
1682830 1431
1682840 1431
1682850 1436
1682860 1441
1682870 1441
1682880 1446
1682890 1451
1682900 1455
1682910 1455
1682920 1459
1682930 1463
1682940 1463
1682950 1466
1682960 1469
1682970 1469
1682980 1472
1682990 1474
1683000 1474
1683010 1476
1683020 1478
1683030 1478
1683040 1479
1683050 1479
1683060 1479
1683070 1479
1683080 1477
1683090 1477
1683100 1475
1683110 1473
1683120 1473
1683130 1470
1683140 1466
1683150 1462
1683160 1462
1683170 1458
1683180 1453
1683190 1453
1683200 1447
1683210 1441
1683220 1441
1683230 1434
1683240 1428
1683250 1428
1683260 1423
1683270 1418
1683280 1418
1683290 1412
1683300 1405
1683310 1405
1683320 1401
1683330 1393
1683340 1393
1683350 1384
1683360 1378
1683370 1378
1683380 1379
1683390 1382
1683400 1387
1683410 1387
1683420 1391
1683430 1393
1683440 1393
1683450 1395
1683460 1396
1683470 1396
1683480 1397
1683490 1398
1683500 1398
1683510 1398
1683520 1399
1683530 1399
1683540 1400
1683550 1400
1683560 1400
1683570 1401
1683580 1400
1683590 1400
1683600 1398
1683610 1396
1683620 1396
1683630 1393
1683640 1390
1683650 1387
1683660 1387
1683670 1384
1683680 1381
1683690 1381
1683700 1378
1683710 1376
1683720 1376
1683730 1378
1683740 1381
1683750 1381
1683760 1386
1683770 1392
1683780 1392
1683790 1397
1683800 1403
1683810 1403
1683820 1410
1683830 1417
1683840 1417
1683850 1424
1683860 1431
1683870 1431
1683880 1438
1683890 1445
1683900 1449
1683910 1449
1683920 1457
1683930 1463
1683940 1463
1683950 1468
1683960 1473
1683970 1473
1683980 1477
1683990 1481
1684000 1481
1684010 1484
1684020 1486
1684030 1486
1684040 1487
1684050 1488
1684060 1488
1684070 1488
1684080 1488
1684090 1488
1684100 1488
1684110 1487
1684120 1487
1684130 1486
1684140 1485
1684150 1485
1684160 1485
1684170 1484
1684180 1483
1684190 1483
1684200 1481
1684210 1479
1684220 1479
1684230 1477
1684240 1473
1684250 1473
1684260 1470
1684270 1466
1684280 1466
1684290 1464
1684300 1461
1684310 1461
1684320 1458
1684330 1455
1684340 1455
1684350 1453
1684360 1452
1684370 1452
1684380 1450
1684390 1450
1684400 1451
1684410 1451
1684420 1453
1684430 1455
1684440 1455
1684450 1458
1684460 1460
1684470 1460
1684480 1462
1684490 1465
1684500 1465
1684510 1469
1684520 1472
1684530 1472
1684540 1476
1684550 1479
1684560 1479
1684570 1481
1684580 1483
1684590 1483
1684600 1482
1684610 1481
1684620 1481
1684630 1479
1684640 1476
1684650 1476
1684660 1473
1684670 1471
1684680 1468
1684690 1468
1684700 1464
1684710 1459
1684720 1459
1684730 1453
1684740 1447
1684750 1447
1684760 1441
1684770 1435
1684780 1435
1684790 1429
1684800 1422
1684810 1422
1684820 1415
1684830 1409
1684840 1409
1684850 1402
1684860 1396
1684870 1396
1684880 1389
1684890 1383
1684900 1383
1684910 1375
1684920 1369
1684930 1361
1684940 1361
1684950 1355
1684960 1347
1684970 1347
1684980 1340
1684990 1334
1685000 1334
1685010 1328
1685020 1321
1685030 1321
1685040 1314
1685050 1306
1685060 1306
1685070 1299
1685080 1292
1685090 1292
1685100 1284
1685110 1277
1685120 1277
1685130 1273
1685140 1267
1685150 1267
1685160 1261
1685170 1254
1685180 1246
1685190 1246
1685200 1239
1685210 1236
1685220 1236
1685230 1231
1685240 1227
1685250 1227
1685260 1219
1685270 1220
1685280 1220
1685290 1220
1685300 1217
1685310 1217
1685320 1214
1685330 1210
1685340 1210
1685350 1205
1685360 1201
1685370 1201
1685380 1197
1685390 1197
1685400 1197
1685410 1195
1685420 1193
1685430 1191
1685440 1191
1685450 1189
1685460 1187
1685470 1187
1685480 1184
1685490 1183
1685500 1183
1685510 1183
1685520 1183
1685530 1183
1685540 1183
1685550 1183
1685560 1183
1685570 1183
1685580 1183
1685590 1183
1685600 1184
1685610 1184
1685620 1184
1685630 1184
1685640 1184
1685650 1184
1685660 1184
1685670 1184
1685680 1183
1685690 1183
1685700 1183
1685710 1184
1685720 1184
1685730 1184
1685740 1185
1685750 1185
1685760 1185
1685770 1184
1685780 1184
1685790 1181
1685800 1178
1685810 1178
1685820 1174
1685830 1170
1685840 1170
1685850 1168
1685860 1164
1685870 1164
1685880 1159
1685890 1154
1685900 1154
1685910 1149
1685920 1148
1685930 1150
1685940 1150
1685950 1153
1685960 1156
1685970 1156
1685980 1161
1685990 1165
1686000 1165
1686010 1169
1686020 1173
1686030 1173
1686040 1177
1686050 1181
1686060 1181
1686070 1184
1686080 1188
1686090 1188
1686100 1191
1686110 1193
1686120 1193
1686130 1193
1686140 1191
1686150 1191
1686160 1188
1686170 1183
1686180 1179
1686190 1179
1686200 1174
1686210 1170
1686220 1170
1686230 1166
1686240 1163
1686250 1163
1686260 1158
1686270 1154
1686280 1154
1686290 1147
1686300 1143
1686310 1143
1686320 1136
1686330 1129
1686340 1129
1686350 1123
1686360 1116
1686370 1116
1686380 1110
1686390 1104
1686400 1104
1686410 1098
1686420 1092
1686430 1087
1686440 1087
1686450 1080
1686460 1075
1686470 1075
1686480 1067
1686490 1062
1686500 1062
1686510 1056
1686520 1050
1686530 1050
1686540 1044
1686550 1038
1686560 1038
1686570 1030
1686580 1023
1686590 1023
1686600 1015
1686610 1007
1686620 1007
1686630 1001
1686640 1001
1686650 1001
1686660 1000
1686670 998
1686680 998
1686690 996
1686700 995
1686710 993
1686720 993
1686730 991
1686740 991
1686750 991
1686760 990
1686770 990
1686780 990
1686790 992
1686800 994
1686810 994
1686820 995
1686830 997
1686840 997
1686850 993
1686860 994
1686870 994
1686880 995
1686890 995
1686900 995
1686910 997
1686920 1000
1686930 1000
1686940 1003
1686950 1005
1686960 1008
1686970 1008
1686980 1011
1686990 1014
1687000 1014
1687010 1015
1687020 1016
1687030 1016
1687040 1018
1687050 1020
1687060 1020
1687070 1022
1687080 1022
1687090 1022
1687100 1022
1687110 1021
1687120 1021
1687130 1020
1687140 1018
1687150 1018
1687160 1014
1687170 1008
1687180 1008
1687190 1003
1687200 997
1687210 992
1687220 992
1687230 988
1687240 985
1687250 985
1687260 983
1687270 980
1687280 980
1687290 977
1687300 975
1687310 975
1687320 972
1687330 970
1687340 970
1687350 967
1687360 965
1687370 965
1687380 962
1687390 960
1687400 960
1687410 957
1687420 954
1687430 954
1687440 951
1687450 949
1687460 946
1687470 946
1687480 944
1687490 941
1687500 941
1687510 938
1687520 934
1687530 934
1687540 932
1687550 929
1687560 929
1687570 925
1687580 921
1687590 921
1687600 921
1687610 920
1687620 920
1687630 916
1687640 913
1687650 913
1687660 912
1687670 913
1687680 913
1687690 911
1687700 909
1687710 907
1687720 907
1687730 906
1687740 905
1687750 905
1687760 903
1687770 901
1687780 901
1687790 898
1687800 894
1687810 894
1687820 891
1687830 889
1687840 889
1687850 885
1687860 883
1687870 883
1687880 880
1687890 877
1687900 877
1687910 874
1687920 871
1687930 871
1687940 868
1687950 866
1687960 863
1687970 863
1687980 861
1687990 858
1688000 858
1688010 855
1688020 851
1688030 851
1688040 848
1688050 846
1688060 846
1688070 844
1688080 840
1688090 840
1688100 838
1688110 836
1688120 836
1688130 835
1688140 833
1688150 833
1688160 832
1688170 832
1688180 832
1688190 831
1688200 828
1688210 826
1688220 826
1688230 823
1688240 820
1688250 820
1688260 814
1688270 809
1688280 809
1688290 806
1688300 802
1688310 802
1688320 799
1688330 796
1688340 796
1688350 792
1688360 791
1688370 791
1688380 789
1688390 787
1688400 787
1688410 785
1688420 783
1688430 783
1688440 780
1688450 778
1688460 776
1688470 776
1688480 770
1688490 767
1688500 767
1688510 766
1688520 766
1688530 766
1688540 763
1688550 762
1688560 762
1688570 763
1688580 762
1688590 762
1688600 759
1688610 758
1688620 758
1688630 761
1688640 759
1688650 759
1688660 755
1688670 754
1688680 754
1688690 754
1688700 752
1688710 752
1688720 750
1688730 752
1688740 751
1688750 751
1688760 751
1688770 750
1688780 750
1688790 750
1688800 749
1688810 749
1688820 749
1688830 749
1688840 749
1688850 749
1688860 750
1688870 750
1688880 750
1688890 750
1688900 750
1688910 750
1688920 751
1688930 751
1688940 751
1688950 752
1688960 752
1688970 751
1688980 751
1688990 751
1689000 751
1689010 751
1689020 751
1689030 751
1689040 752
1689050 752
1689060 752
1689070 752
1689080 753
1689090 753
1689100 754
1689110 754
1689120 754
1689130 755
1689140 756
1689150 756
1689160 757
1689170 757
1689180 757
1689190 758
1689200 759
1689210 759
1689220 760
1689230 761
1689240 762
1689250 762
1689260 763
1689270 764
1689280 764
1689290 765
1689300 767
1689310 767
1689320 768
1689330 770
1689340 770
1689350 771
1689360 773
1689370 773
1689380 774
1689390 774
1689400 774
1689410 774
1689420 773
1689430 773
1689440 773
1689450 772
1689460 772
1689470 772
1689480 772
1689490 772
1689500 772
1689510 771
1689520 773
1689530 773
1689540 776
1689550 780
1689560 780
1689570 783
1689580 787
1689590 787
1689600 789
1689610 789
1689620 789
1689630 791
1689640 794
1689650 794
1689660 797
1689670 796
1689680 796
1689690 792
1689700 788
1689710 788
1689720 785
1689730 781
1689740 777
1689750 777
1689760 772
1689770 766
1689780 766
1689790 764
1689800 760
1689810 760
1689820 758
1689830 756
1689840 756
1689850 750
1689860 740
1689870 740
1689880 732
1689890 729
1689900 729
1689910 728
1689920 728
1689930 728
1689940 728
1689950 734
1689960 734
1689970 742
1689980 746
1689990 748
1690000 748
1690010 752
1690020 755
1690030 755
1690040 759
1690050 763
1690060 763
1690070 768
1690080 774
1690090 774
1690100 779
1690110 785
1690120 785
1690130 790
1690140 796
1690150 796
1690160 801
1690170 806
1690180 806
1690190 811
1690200 814
1690210 814
1690220 817
1690230 820
1690240 823
1690250 823
1690260 824
1690270 826
1690280 826
1690290 827
1690300 829
1690310 829
1690320 830
1690330 832
1690340 832
1690350 834
1690360 836
1690370 836
1690380 838
1690390 840
1690400 840
1690410 842
1690420 842
1690430 842
1690440 841
1690450 840
1690460 840
1690470 839
1690480 837
1690490 836
1690500 836
1690510 832
1690520 832
1690530 832
1690540 831
1690550 827
1690560 827
1690570 824
1690580 819
1690590 819
1690600 814
1690610 809
1690620 809
1690630 803
1690640 799
1690650 799
1690660 798
1690670 799
1690680 799
1690690 802
1690700 804
1690710 804
1690720 809
1690730 811
1690740 811
1690750 813
1690760 815
1690770 818
1690780 818
1690790 820
1690800 823
1690810 823
1690820 825
1690830 827
1690840 827
1690850 825
1690860 826
1690870 826
1690880 827
1690890 831
1690900 831
1690910 829
1690920 826
1690930 826
1690940 823
1690950 820
1690960 820
1690970 818
1690980 816
1690990 816
1691000 815
1691010 815
1691020 816
1691030 816
1691040 816
1691050 817
1691060 817
1691070 815
1691080 811
1691090 811
1691100 818
1691110 823
1691120 823
1691130 829
1691140 834
1691150 834
1691160 840
1691170 846
1691180 846
1691190 851
1691200 857
1691210 857
1691220 862
1691230 867
1691240 867
1691250 872
1691260 879
1691270 884
1691280 884
1691290 886
1691300 890
1691310 890
1691320 893
1691330 897
1691340 897
1691350 900
1691360 902
1691370 902
1691380 905
1691390 908
1691400 908
1691410 910
1691420 912
1691430 912
1691440 914
1691450 914
1691460 914
1691470 912
1691480 910
1691490 910
1691500 908
1691510 908
1691520 911
1691530 911
1691540 914
1691550 918
1691560 918
1691570 922
1691580 926
1691590 926
1691600 930
1691610 933
1691620 933
1691630 933
1691640 929
1691650 929
1691660 924
1691670 919
1691680 919
1691690 914
1691700 908
1691710 908
1691720 901
1691730 895
1691740 895
1691750 889
1691760 884
1691770 878
1691780 878
1691790 872
1691800 866
1691810 866
1691820 861
1691830 855
1691840 855
1691850 850
1691860 843
1691870 843
1691880 837
1691890 835
1691900 835
1691910 832
1691920 824
1691930 824
1691940 820
1691950 815
1691960 815
1691970 809
1691980 804
1691990 804
1692000 798
1692010 794
1692020 790
1692030 790
1692040 785
1692050 780
1692060 780
1692070 773
1692080 768
1692090 768
1692100 762
1692110 756
1692120 756
1692130 747
1692140 746
1692150 746
1692160 745
1692170 753
1692180 753
1692190 758
1692200 762
1692210 762
1692220 769
1692230 777
1692240 777
1692250 784
1692260 792
1692270 798
1692280 798
1692290 803
1692300 807
1692310 807
1692320 811
1692330 816
1692340 816
1692350 820
1692360 827
1692370 827
1692380 833
1692390 837
1692400 837
1692410 841
1692420 847
1692430 847
1692440 852
1692450 856
1692460 856
1692470 861
1692480 864
1692490 864
1692500 868
1692510 867
1692520 865
1692530 865
1692540 863
1692550 860
1692560 860
1692570 858
1692580 856
1692590 856
1692600 853
1692610 853
1692620 853
1692630 853
1692640 854
1692650 854
1692660 855
1692670 854
1692680 854
1692690 853
1692700 853
1692710 853
1692720 855
1692730 853
1692740 853
1692750 852
1692760 850
1692770 850
1692780 847
1692790 845
1692800 844
1692810 844
1692820 845
1692830 846
1692840 846
1692850 848
1692860 851
1692870 851
1692880 855
1692890 860
1692900 860
1692910 862
1692920 864
1692930 864
1692940 864
1692950 866
1692960 866
1692970 867
1692980 869
1692990 869
1693000 870
1693010 872
1693020 872
1693030 873
1693040 876
1693050 878
1693060 878
1693070 880
1693080 877
1693090 877
1693100 871
1693110 866
1693120 866
1693130 859
1693140 851
1693150 851
1693160 846
1693170 852
1693180 852
1693190 857
1693200 861
1693210 861
1693220 863
1693230 869
1693240 869
1693250 873
1693260 877
1693270 877
1693280 880
1693290 883
1693300 884
1693310 884
1693320 884
1693330 884
1693340 884
1693350 887
1693360 886
1693370 886
1693380 888
1693390 890
1693400 890
1693410 891
1693420 889
1693430 889
1693440 888
1693450 890
1693460 890
1693470 891
1693480 894
1693490 894
1693500 898
1693510 904
1693520 904
1693530 910
1693540 912
1693550 918
1693560 918
1693570 923
1693580 928
1693590 928
1693600 932
1693610 937
1693620 937
1693630 942
1693640 947
1693650 947
1693660 952
1693670 956
1693680 956
1693690 962
1693700 967
1693710 967
1693720 972
1693730 977
1693740 977
1693750 982
1693760 988
1693770 988
1693780 995
1693790 1001
1693800 1008
1693810 1008
1693820 1012
1693830 1018
1693840 1018
1693850 1024
1693860 1029
1693870 1029
1693880 1034
1693890 1040
1693900 1040
1693910 1045
1693920 1050
1693930 1050
1693940 1056
1693950 1062
1693960 1062
1693970 1069
1693980 1072
1693990 1072
1694000 1079
1694010 1085
1694020 1085
1694030 1090
1694040 1095
1694050 1099
1694060 1099
1694070 1102
1694080 1104
1694090 1104
1694100 1104
1694110 1100
1694120 1100
1694130 1096
1694140 1093
1694150 1093
1694160 1090
1694170 1087
1694180 1087
1694190 1084
1694200 1081
1694210 1081
1694220 1078
1694230 1075
1694240 1075
1694250 1071
1694260 1066
1694270 1066
1694280 1063
1694290 1058
1694300 1053
1694310 1053
1694320 1048
1694330 1043
1694340 1043
1694350 1038
1694360 1036
1694370 1036
1694380 1035
1694390 1034
1694400 1034
1694410 1033
1694420 1033
1694430 1033
1694440 1033
1694450 1033
1694460 1033
1694470 1035
1694480 1037
1694490 1037
1694500 1039
1694510 1042
1694520 1042
1694530 1044
1694540 1046
1694550 1048
1694560 1048
1694570 1049
1694580 1049
1694590 1049
1694600 1050
1694610 1051
1694620 1051
1694630 1052
1694640 1055
1694650 1055
1694660 1057
1694670 1061
1694680 1061
1694690 1064
1694700 1066
1694710 1066
1694720 1068
1694730 1069
1694740 1069
1694750 1071
1694760 1073
1694770 1073
1694780 1072
1694790 1071
1694800 1069
1694810 1069
1694820 1066
1694830 1064
1694840 1064
1694850 1061
1694860 1059
1694870 1059
1694880 1057
1694890 1055
1694900 1055
1694910 1055
1694920 1054
1694930 1054
1694940 1054
1694950 1054
1694960 1054
1694970 1053
1694980 1048
1694990 1048
1695000 1044
1695010 1039
1695020 1039
1695030 1037
1695040 1032
1695050 1032
1695060 1029
1695070 1027
1695080 1023
1695090 1023
1695100 1020
1695110 1016
1695120 1016
1695130 1012
1695140 1007
1695150 1007
1695160 1002
1695170 998
1695180 998
1695190 993
1695200 988
1695210 988
1695220 983
1695230 978
1695240 978
1695250 973
1695260 968
1695270 968
1695280 963
1695290 959
1695300 959
1695310 953
1695320 948
1695330 940
1695340 940
1695350 937
1695360 934
1695370 934
1695380 933
1695390 931
1695400 931
1695410 931
1695420 930
1695430 930
1695440 928
1695450 928
1695460 928
1695470 927
1695480 926
1695490 926
1695500 926
1695510 927
1695520 927
1695530 927
1695540 927
1695550 927
1695560 928
1695570 930
1695580 925
1695590 925
1695600 922
1695610 918
1695620 918
1695630 914
1695640 910
1695650 910
1695660 906
1695670 901
1695680 901
1695690 897
1695700 892
1695710 892
1695720 888
1695730 884
1695740 884
1695750 884
1695760 888
1695770 888
1695780 893
1695790 900
1695800 900
1695810 906
1695820 909
1695830 910
1695840 910
1695850 907
1695860 902
1695870 902
1695880 896
1695890 890
1695900 890
1695910 884
1695920 878
1695930 878
1695940 872
1695950 866
1695960 866
1695970 860
1695980 855
1695990 855
1696000 849
1696010 844
1696020 844
1696030 846
1696040 851
1696050 851
1696060 854
1696070 858
1696080 862
1696090 862
1696100 867
1696110 871
1696120 871
1696130 877
1696140 880
1696150 880
1696160 887
1696170 892
1696180 892
1696190 897
1696200 900
1696210 900
1696220 901
1696230 902
1696240 902
1696250 902
1696260 902
1696270 902
1696280 900
1696290 899
1696300 899
1696310 897
1696320 896
1696330 894
1696340 894
1696350 892
1696360 891
1696370 891
1696380 890
1696390 889
1696400 889
1696410 889
1696420 888
1696430 888
1696440 888
1696450 888
1696460 888
1696470 887
1696480 887
1696490 887
1696500 886
1696510 885
1696520 885
1696530 884
1696540 882
1696550 882
1696560 882
1696570 880
1696580 879
1696590 879
1696600 877
1696610 875
1696620 875
1696630 873
1696640 871
1696650 871
1696660 867
1696670 865
1696680 865
1696690 862
1696700 859
1696710 859
1696720 856
1696730 852
1696740 852
1696750 848
1696760 845
1696770 845
1696780 841
1696790 837
1696800 837
1696810 834
1696820 830
1696830 827
1696840 827
1696850 823
1696860 819
1696870 819
1696880 815
1696890 809
1696900 809
1696910 803
1696920 796
1696930 796
1696940 789
1696950 783
1696960 783
1696970 777
1696980 771
1696990 771
1697000 765
1697010 759
1697020 759
1697030 755
1697040 751
1697050 751
1697060 746
1697070 743
1697080 743
1697090 737
1697100 731
1697110 730
1697120 730
1697130 729
1697140 724
1697150 724
1697160 721
1697170 714
1697180 714
1697190 708
1697200 702
1697210 702
1697220 696
1697230 691
1697240 691
1697250 684
1697260 682
1697270 682
1697280 679
1697290 682
1697300 682
1697310 688
1697320 693
1697330 693
1697340 699
1697350 704
1697360 709
1697370 709
1697380 713
1697390 717
1697400 717
1697410 720
1697420 722
1697430 722
1697440 722
1697450 721
1697460 721
1697470 721
1697480 719
1697490 719
1697500 718
1697510 716
1697520 716
1697530 713
1697540 710
1697550 710
1697560 708
1697570 705
1697580 705
1697590 702
1697600 699
1697610 696
1697620 696
1697630 694
1697640 691
1697650 691
1697660 688
1697670 686
1697680 686
1697690 684
1697700 681
1697710 681
1697720 678
1697730 675
1697740 675
1697750 673
1697760 670
1697770 670
1697780 667
1697790 665
1697800 665
1697810 663
1697820 661
1697830 661
1697840 660
1697850 656
1697860 649
1697870 649
1697880 643
1697890 645
1697900 645
1697910 650
1697920 654
1697930 654
1697940 657
1697950 657
1697960 657
1697970 657
1697980 656
1697990 656
1698000 654
1698010 651
1698020 651
1698030 649
1698040 648
1698050 648
1698060 647
1698070 645
1698080 645
1698090 645
1698100 645
1698110 645
1698120 638
1698130 638
1698140 637
1698150 637
1698160 636
1698170 635
1698180 635
1698190 635
1698200 635
1698210 635
1698220 634
1698230 633
1698240 633
1698250 632
1698260 630
1698270 630
1698280 629
1698290 627
1698300 627
1698310 626
1698320 625
1698330 625
1698340 623
1698350 620
1698360 617
1698370 617
1698380 617
1698390 616
1698400 616
1698410 615
1698420 615
1698430 615
1698440 614
1698450 614
1698460 614
1698470 613
1698480 612
1698490 612
1698500 611
1698510 611
1698520 611
1698530 610
1698540 610
1698550 610
1698560 609
1698570 609
1698580 609
1698590 608
1698600 608
1698610 608
1698620 608
1698630 607
1698640 607
1698650 607
1698660 607
1698670 607
1698680 607
1698690 609
1698700 613
1698710 613
1698720 616
1698730 619
1698740 619
1698750 620
1698760 616
1698770 616
1698780 612
1698790 612
1698800 612
1698810 618
1698820 623
1698830 623
1698840 629
1698850 633
1698860 638
1698870 638
1698880 642
1698890 646
1698900 646
1698910 647
1698920 650
1698930 650
1698940 652
1698950 655
1698960 655
1698970 657
1698980 658
1698990 658
1699000 659
1699010 658
1699020 658
1699030 655
1699040 653
1699050 653
1699060 652
1699070 651
1699080 651
1699090 651
1699100 652
1699110 652
1699120 652
1699130 653
1699140 654
1699150 654
1699160 655
1699170 656
1699180 656
1699190 657
1699200 658
1699210 658
1699220 659
1699230 660
1699240 660
1699250 660
1699260 660
1699270 660
1699280 660
1699290 659
1699300 659
1699310 657
1699320 655
1699330 655
1699340 661
1699350 666
1699360 666
1699370 671
1699380 676
1699390 680
1699400 680
1699410 683
1699420 686
1699430 686
1699440 688
1699450 690
1699460 690
1699470 692
1699480 694
1699490 694
1699500 696
1699510 698
1699520 698
1699530 701
1699540 703
1699550 703
1699560 704
1699570 704
1699580 704
1699590 699
1699600 694
1699610 694
1699620 689
1699630 684
1699640 678
1699650 678
1699660 673
1699670 669
1699680 669
1699690 666
1699700 664
1699710 664
1699720 661
1699730 658
1699740 658
1699750 654
1699760 652
1699770 652
1699780 648
1699790 646
1699800 646
1699810 642
1699820 639
1699830 639
1699840 646
1699850 651
1699860 651
1699870 656
1699880 662
1699890 667
1699900 667
1699910 672
1699920 678
1699930 678
1699940 683
1699950 689
1699960 689
1699970 694
1699980 699
1699990 699
