1680000 1059
1680010 1051
1680020 1051
1680030 1048
1680040 1053
1680050 1053
1680060 1052
1680070 1055
1680080 1055
1680090 1056
1680100 1056
1680110 1056
1680120 1056
1680130 1057
1680140 1057
1680150 1060
1680160 1064
1680170 1064
1680180 1066
1680190 1068
1680200 1069
1680210 1069
1680220 1071
1680230 1071
1680240 1071
1680250 1073
1680260 1072
1680270 1072
1680280 1072
1680290 1074
1680300 1074
1680310 1077
1680320 1081
1680330 1081
1680340 1087
1680350 1092
1680360 1092
1680370 1094
1680380 1098
1680390 1098
1680400 1103
1680410 1111
1680420 1111
1680430 1116
1680440 1122
1680450 1122
1680460 1126
1680470 1131
1680480 1137
1680490 1137
1680500 1142
1680510 1148
1680520 1148
1680530 1154
1680540 1159
1680550 1159
1680560 1165
1680570 1171
1680580 1171
1680590 1177
1680600 1182
1680610 1182
1680620 1188
1680630 1194
1680640 1194
1680650 1199
1680660 1205
1680670 1205
1680680 1211
1680690 1217
1680700 1217
1680710 1223
1680720 1229
1680730 1235
1680740 1235
1680750 1242
1680760 1248
1680770 1248
1680780 1255
1680790 1258
1680800 1258
1680810 1265
1680820 1270
1680830 1270
1680840 1276
1680850 1281
1680860 1281
1680870 1287
1680880 1292
1680890 1292
1680900 1298
1680910 1304
1680920 1304
1680930 1310
1680940 1316
1680950 1316
1680960 1322
1680970 1328
1680980 1328
1680990 1334
1681000 1340
1681010 1345
1681020 1345
1681030 1346
1681040 1341
1681050 1341
1681060 1333
1681070 1321
1681080 1321
1681090 1314
1681100 1306
1681110 1306
1681120 1299
1681130 1292
1681140 1292
1681150 1286
1681160 1278
1681170 1278
1681180 1272
1681190 1265
1681200 1265
1681210 1258
1681220 1251
1681230 1251
1681240 1244
1681250 1238
1681260 1232
1681270 1232
1681280 1225
1681290 1219
1681300 1219
1681310 1214
1681320 1208
1681330 1208
1681340 1200
1681350 1198
1681360 1198
1681370 1193
1681380 1186
1681390 1186
1681400 1180
1681410 1173
1681420 1173
1681430 1165
1681440 1161
1681450 1161
1681460 1152
1681470 1144
1681480 1144
1681490 1136
1681500 1130
1681510 1123
1681520 1123
1681530 1112
1681540 1100
1681550 1100
1681560 1095
1681570 1093
1681580 1093
1681590 1094
1681600 1092
1681610 1092
1681620 1090
1681630 1085
1681640 1085
1681650 1079
1681660 1070
1681670 1070
1681680 1057
1681690 1049
1681700 1049
1681710 1042
1681720 1037
1681730 1037
1681740 1030
1681750 1026
1681760 1026
1681770 1025
1681780 1024
1681790 1024
1681800 1024
1681810 1024
1681820 1034
1681830 1034
1681840 1041
1681850 1047
1681860 1047
1681870 1053
1681880 1059
1681890 1059
1681900 1065
1681910 1071
1681920 1071
1681930 1076
1681940 1081
1681950 1081
1681960 1087
1681970 1093
1681980 1093
1681990 1098
1682000 1104
1682010 1104
1682020 1109
1682030 1115
1682040 1121
1682050 1121
1682060 1126
1682070 1131
1682080 1131
1682090 1137
1682100 1142
1682110 1142
1682120 1148
1682130 1154
1682140 1154
1682150 1160
1682160 1166
1682170 1166
1682180 1172
1682190 1177
1682200 1177
1682210 1184
1682220 1190
1682230 1190
1682240 1196
1682250 1202
1682260 1202
1682270 1209
1682280 1215
1682290 1215
1682300 1221
1682310 1227
1682320 1232
1682330 1232
1682340 1236
1682350 1241
1682360 1241
1682370 1245
1682380 1251
1682390 1251
1682400 1257
1682410 1265
1682420 1265
1682430 1273
1682440 1281
1682450 1281
1682460 1289
1682470 1296
1682480 1296
1682490 1304
1682500 1312
1682510 1312
1682520 1319
1682530 1326
1682540 1326
1682550 1332
1682560 1338
1682570 1343
1682580 1343
1682590 1344
1682600 1341
1682610 1341
1682620 1337
1682630 1335
1682640 1335
1682650 1333
1682660 1331
1682670 1331
1682680 1329
1682690 1327
1682700 1327
1682710 1325
1682720 1326
1682730 1326
1682740 1327
1682750 1330
1682760 1330
1682770 1331
1682780 1330
1682790 1330
1682800 1327
1682810 1324
1682820 1322
1682830 1322
1682840 1319
1682850 1316
1682860 1316
1682870 1313
1682880 1311
1682890 1311
1682900 1308
1682910 1311
1682920 1311
1682930 1313
1682940 1321
1682950 1321
1682960 1327
1682970 1334
1682980 1334
1682990 1340
1683000 1346
1683010 1346
1683020 1353
1683030 1360
1683040 1360
1683050 1367
1683060 1374
1683070 1374
1683080 1381
1683090 1387
1683100 1386
1683110 1386
1683120 1381
1683130 1374
1683140 1374
1683150 1364
1683160 1356
1683170 1356
1683180 1349
1683190 1345
1683200 1345
1683210 1339
1683220 1338
1683230 1338
1683240 1338
1683250 1339
1683260 1339
1683270 1338
1683280 1336
1683290 1336
1683300 1331
1683310 1327
1683320 1327
1683330 1321
1683340 1316
1683350 1308
1683360 1308
1683370 1310
1683380 1314
1683390 1314
1683400 1317
1683410 1319
1683420 1319
1683430 1320
1683440 1318
1683450 1318
1683460 1314
1683470 1310
1683480 1310
1683490 1302
1683500 1299
1683510 1299
1683520 1291
1683530 1285
1683540 1285
1683550 1280
1683560 1274
1683570 1274
1683580 1268
1683590 1262
1683600 1262
1683610 1253
1683620 1248
1683630 1257
1683640 1257
1683650 1263
1683660 1269
1683670 1269
1683680 1275
1683690 1281
1683700 1281
1683710 1285
1683720 1290
1683730 1290
1683740 1295
1683750 1300
1683760 1300
1683770 1306
1683780 1312
1683790 1312
1683800 1320
1683810 1324
1683820 1324
1683830 1333
1683840 1339
1683850 1339
1683860 1345
1683870 1349
1683880 1355
1683890 1355
1683900 1360
1683910 1365
1683920 1365
1683930 1369
1683940 1373
1683950 1373
1683960 1376
1683970 1377
1683980 1377
1683990 1378
1684000 1377
1684010 1377
1684020 1376
1684030 1375
1684040 1375
1684050 1374
1684060 1373
1684070 1373
1684080 1372
1684090 1372
1684100 1372
1684110 1371
1684120 1369
1684130 1369
1684140 1365
1684150 1359
1684160 1351
1684170 1351
1684180 1348
1684190 1340
1684200 1340
1684210 1334
1684220 1328
1684230 1328
1684240 1324
1684250 1319
1684260 1319
1684270 1314
1684280 1309
1684290 1309
1684300 1307
1684310 1305
1684320 1305
1684330 1303
1684340 1299
1684350 1299
1684360 1294
1684370 1288
1684380 1288
1684390 1281
1684400 1283
1684410 1295
1684420 1295
1684430 1303
1684440 1310
1684450 1310
1684460 1316
1684470 1322
1684480 1322
1684490 1328
1684500 1334
1684510 1334
1684520 1340
1684530 1347
1684540 1347
1684550 1353
1684560 1358
1684570 1358
1684580 1364
1684590 1370
1684600 1370
1684610 1376
1684620 1381
1684630 1381
1684640 1387
1684650 1394
1684660 1397
1684670 1397
1684680 1404
1684690 1409
1684700 1409
1684710 1414
1684720 1420
1684730 1420
1684740 1425
1684750 1431
1684760 1431
1684770 1436
1684780 1441
1684790 1441
1684800 1446
1684810 1451
1684820 1451
1684830 1456
1684840 1461
1684850 1461
1684860 1466
1684870 1472
1684880 1472
1684890 1477
1684900 1482
1684910 1482
1684920 1487
1684930 1492
1684940 1496
1684950 1496
1684960 1500
1684970 1503
1684980 1503
1684990 1507
1685000 1510
1685010 1510
1685020 1512
1685030 1514
1685040 1514
1685050 1517
1685060 1518
1685070 1518
1685080 1521
1685090 1522
1685100 1522
1685110 1524
1685120 1526
1685130 1526
1685140 1527
1685150 1528
1685160 1528
1685170 1529
1685180 1531
1685190 1532
1685200 1532
1685210 1534
1685220 1535
1685230 1535
1685240 1537
1685250 1538
1685260 1538
1685270 1540
1685280 1542
1685290 1542
1685300 1543
1685310 1545
1685320 1545
1685330 1547
1685340 1549
1685350 1549
1685360 1551
1685370 1552
1685380 1552
1685390 1553
1685400 1555
1685410 1555
1685420 1556
1685430 1558
1685440 1558
1685450 1559
1685460 1561
1685470 1563
1685480 1563
1685490 1564
1685500 1565
1685510 1565
1685520 1567
1685530 1569
1685540 1569
1685550 1570
1685560 1572
1685570 1572
1685580 1573
1685590 1574
1685600 1574
1685610 1575
1685620 1576
1685630 1576
1685640 1577
1685650 1578
1685660 1578
1685670 1578
1685680 1580
1685690 1580
1685700 1582
1685710 1584
1685720 1586
1685730 1586
1685740 1589
1685750 1592
1685760 1592
1685770 1595
1685780 1597
1685790 1597
1685800 1600
1685810 1603
1685820 1603
1685830 1605
1685840 1608
1685850 1608
1685860 1611
1685870 1613
1685880 1613
1685890 1616
1685900 1618
1685910 1618
1685920 1620
1685930 1623
1685940 1623
1685950 1625
1685960 1626
1685970 1626
1685980 1628
1685990 1630
1686000 1632
1686010 1632
1686020 1633
1686030 1635
1686040 1635
1686050 1637
1686060 1638
1686070 1638
1686080 1640
1686090 1642
1686100 1642
1686110 1643
1686120 1643
1686130 1643
1686140 1643
1686150 1643
1686160 1643
1686170 1642
1686180 1639
1686190 1639
1686200 1635
1686210 1631
1686220 1631
1686230 1626
1686240 1621
1686250 1617
1686260 1617
1686270 1614
1686280 1610
1686290 1610
1686300 1606
1686310 1601
1686320 1601
1686330 1597
1686340 1593
1686350 1593
1686360 1589
1686370 1584
1686380 1584
1686390 1581
1686400 1578
1686410 1578
1686420 1574
1686430 1571
1686440 1571
1686450 1567
1686460 1564
1686470 1564
1686480 1561
1686490 1558
1686500 1555
1686510 1555
1686520 1554
1686530 1554
1686540 1554
1686550 1554
1686560 1555
1686570 1555
1686580 1557
1686590 1558
1686600 1558
1686610 1560
1686620 1562
1686630 1562
1686640 1565
1686650 1567
1686660 1567
1686670 1569
1686680 1570
1686690 1570
1686700 1573
1686710 1575
1686720 1575
1686730 1577
1686740 1580
1686750 1580
1686760 1581
1686770 1584
1686780 1585
1686790 1585
1686800 1588
1686810 1589
1686820 1589
1686830 1592
1686840 1596
1686850 1596
1686860 1599
1686870 1602
1686880 1602
1686890 1604
1686900 1607
1686910 1607
1686920 1609
1686930 1610
1686940 1610
1686950 1610
1686960 1609
1686970 1609
1686980 1607
1686990 1605
1687000 1605
1687010 1603
1687020 1600
1687030 1597
1687040 1597
1687050 1594
1687060 1590
1687070 1590
1687080 1587
1687090 1582
1687100 1582
1687110 1578
1687120 1574
1687130 1574
1687140 1571
1687150 1568
1687160 1568
1687170 1566
1687180 1562
1687190 1562
1687200 1559
1687210 1556
1687220 1556
1687230 1554
1687240 1550
1687250 1550
1687260 1547
1687270 1544
1687280 1544
1687290 1541
1687300 1539
1687310 1540
1687320 1540
1687330 1538
1687340 1536
1687350 1536
1687360 1534
1687370 1532
1687380 1532
1687390 1530
1687400 1528
1687410 1528
1687420 1526
1687430 1524
1687440 1524
1687450 1522
1687460 1520
1687470 1520
1687480 1518
1687490 1516
1687500 1516
1687510 1513
1687520 1512
1687530 1512
1687540 1509
1687550 1508
1687560 1504
1687570 1504
1687580 1501
1687590 1498
1687600 1498
1687610 1501
1687620 1504
1687630 1504
1687640 1504
1687650 1505
1687660 1505
1687670 1506
1687680 1507
1687690 1507
1687700 1510
1687710 1513
1687720 1513
1687730 1516
1687740 1518
1687750 1518
1687760 1521
1687770 1522
1687780 1522
1687790 1524
1687800 1525
1687810 1525
1687820 1526
1687830 1528
1687840 1528
1687850 1528
1687860 1529
1687870 1530
1687880 1530
1687890 1531
1687900 1530
1687910 1530
1687920 1530
1687930 1530
1687940 1530
1687950 1529
1687960 1528
1687970 1528
1687980 1526
1687990 1522
1688000 1522
1688010 1516
1688020 1509
1688030 1509
1688040 1502
1688050 1494
1688060 1494
1688070 1486
1688080 1479
1688090 1472
1688100 1472
1688110 1466
1688120 1461
1688130 1461
1688140 1455
1688150 1449
1688160 1449
1688170 1443
1688180 1437
1688190 1437
1688200 1433
1688210 1428
1688220 1428
1688230 1425
1688240 1421
1688250 1421
1688260 1418
1688270 1414
1688280 1414
1688290 1412
1688300 1412
1688310 1412
1688320 1411
1688330 1411
1688340 1410
1688350 1410
1688360 1411
1688370 1411
1688380 1411
1688390 1411
1688400 1411
1688410 1411
1688420 1410
1688430 1409
1688440 1409
1688450 1407
1688460 1408
1688470 1408
1688480 1409
1688490 1411
1688500 1411
1688510 1414
1688520 1416
1688530 1416
1688540 1417
1688550 1421
1688560 1421
1688570 1423
1688580 1425
1688590 1425
1688600 1428
1688610 1430
1688620 1432
1688630 1432
1688640 1434
1688650 1436
1688660 1436
1688670 1437
1688680 1438
1688690 1438
1688700 1438
1688710 1437
1688720 1437
1688730 1436
1688740 1433
1688750 1433
1688760 1430
1688770 1425
1688780 1425
1688790 1419
1688800 1413
1688810 1413
1688820 1406
1688830 1401
1688840 1401
1688850 1398
1688860 1395
1688870 1392
1688880 1392
1688890 1390
1688900 1385
1688910 1385
1688920 1378
1688930 1371
1688940 1371
1688950 1364
1688960 1357
1688970 1357
1688980 1351
1688990 1344
1689000 1344
1689010 1336
1689020 1336
1689030 1336
1689040 1337
1689050 1336
1689060 1336
1689070 1339
1689080 1342
1689090 1342
1689100 1342
1689110 1345
1689120 1345
1689130 1347
1689140 1349
1689150 1352
1689160 1352
1689170 1354
1689180 1350
1689190 1350
1689200 1344
1689210 1337
1689220 1337
1689230 1331
1689240 1337
1689250 1337
1689260 1343
1689270 1346
1689280 1346
1689290 1352
1689300 1357
1689310 1357
1689320 1363
1689330 1367
1689340 1367
1689350 1371
1689360 1375
1689370 1375
1689380 1381
1689390 1386
1689400 1392
1689410 1392
1689420 1397
1689430 1403
1689440 1403
1689450 1401
1689460 1397
1689470 1397
1689480 1391
1689490 1385
1689500 1385
1689510 1378
1689520 1372
1689530 1372
1689540 1366
1689550 1370
1689560 1370
1689570 1372
1689580 1374
1689590 1374
1689600 1375
1689610 1378
1689620 1378
1689630 1381
1689640 1384
1689650 1387
1689660 1387
1689670 1390
1689680 1392
1689690 1392
1689700 1395
1689710 1397
1689720 1397
1689730 1399
1689740 1400
1689750 1400
1689760 1400
1689770 1399
1689780 1399
1689790 1395
1689800 1390
1689810 1390
1689820 1384
1689830 1378
1689840 1378
1689850 1372
1689860 1367
1689870 1367
1689880 1362
1689890 1357
1689900 1357
1689910 1352
1689920 1345
1689930 1339
1689940 1339
1689950 1332
1689960 1325
1689970 1325
1689980 1319
1689990 1313
1690000 1313
1690010 1307
1690020 1302
1690030 1302
1690040 1296
1690050 1290
1690060 1290
1690070 1284
1690080 1278
1690090 1278
1690100 1271
1690110 1265
1690120 1265
1690130 1261
1690140 1263
1690150 1263
1690160 1264
1690170 1265
1690180 1267
1690190 1267
1690200 1269
1690210 1272
1690220 1272
1690230 1274
1690240 1277
1690250 1277
1690260 1280
1690270 1283
1690280 1283
1690290 1286
1690300 1289
1690310 1289
1690320 1292
1690330 1296
1690340 1296
1690350 1299
1690360 1302
1690370 1302
1690380 1305
1690390 1308
1690400 1308
1690410 1310
1690420 1312
1690430 1312
1690440 1314
1690450 1314
1690460 1315
1690470 1315
1690480 1314
1690490 1313
1690500 1313
1690510 1311
1690520 1308
1690530 1308
1690540 1304
1690550 1301
1690560 1301
1690570 1298
1690580 1292
1690590 1292
1690600 1287
1690610 1280
1690620 1280
1690630 1276
1690640 1273
1690650 1273
1690660 1273
1690670 1272
1690680 1272
1690690 1266
1690700 1258
1690710 1250
1690720 1250
1690730 1248
1690740 1251
1690750 1251
1690760 1254
1690770 1256
1690780 1256
1690790 1247
1690800 1242
1690810 1242
1690820 1229
1690830 1220
1690840 1220
1690850 1211
1690860 1203
1690870 1203
1690880 1197
1690890 1191
1690900 1191
1690910 1184
1690920 1175
1690930 1175
1690940 1167
1690950 1158
1690960 1158
1690970 1150
1690980 1140
1690990 1131
1691000 1131
1691010 1121
1691020 1112
1691030 1112
1691040 1105
1691050 1099
1691060 1099
1691070 1091
1691080 1087
1691090 1087
1691100 1083
1691110 1080
1691120 1080
1691130 1078
1691140 1071
1691150 1071
1691160 1066
1691170 1058
1691180 1058
1691190 1051
1691200 1042
1691210 1042
1691220 1036
1691230 1041
1691240 1041
1691250 1041
1691260 1043
1691270 1042
1691280 1042
1691290 1033
1691300 1028
1691310 1028
1691320 1022
1691330 1014
1691340 1014
1691350 1006
1691360 999
1691370 999
1691380 994
1691390 988
1691400 988
1691410 982
1691420 975
1691430 975
1691440 967
1691450 963
1691460 963
1691470 959
1691480 953
1691490 947
1691500 947
1691510 941
1691520 935
1691530 935
1691540 929
1691550 922
1691560 922
1691570 916
1691580 913
1691590 913
1691600 911
1691610 907
1691620 907
1691630 902
1691640 901
1691650 901
1691660 898
1691670 900
1691680 900
1691690 902
1691700 906
1691710 906
1691720 911
1691730 917
1691740 917
1691750 921
1691760 925
1691770 929
1691780 929
1691790 934
1691800 938
1691810 938
1691820 942
1691830 947
1691840 947
1691850 951
1691860 951
1691870 951
1691880 952
1691890 949
1691900 949
1691910 947
1691920 946
1691930 946
1691940 944
1691950 942
1691960 942
1691970 944
1691980 950
1691990 950
1692000 959
1692010 965
1692020 973
1692030 973
1692040 980
1692050 988
1692060 988
1692070 995
1692080 1000
1692090 1000
1692100 1006
1692110 1012
1692120 1012
1692130 1018
1692140 1023
1692150 1023
1692160 1027
1692170 1032
1692180 1032
1692190 1036
1692200 1039
1692210 1039
1692220 1043
1692230 1048
1692240 1048
1692250 1048
1692260 1052
1692270 1052
1692280 1056
1692290 1059
1692300 1062
1692310 1062
1692320 1066
1692330 1069
1692340 1069
1692350 1071
1692360 1073
1692370 1073
1692380 1075
1692390 1075
1692400 1075
1692410 1076
1692420 1077
1692430 1077
1692440 1077
1692450 1077
1692460 1077
1692470 1077
1692480 1077
1692490 1077
1692500 1075
1692510 1072
1692520 1072
1692530 1067
1692540 1061
1692550 1055
1692560 1055
1692570 1048
1692580 1043
1692590 1043
1692600 1037
1692610 1033
1692620 1033
1692630 1028
1692640 1024
1692650 1024
1692660 1019
1692670 1015
1692680 1015
1692690 1011
1692700 1010
1692710 1010
1692720 1011
1692730 1015
1692740 1015
1692750 1020
1692760 1023
1692770 1023
1692780 1025
1692790 1028
1692800 1028
1692810 1033
1692820 1037
1692830 1041
1692840 1041
1692850 1045
1692860 1050
1692870 1050
1692880 1054
1692890 1058
1692900 1058
1692910 1062
1692920 1066
1692930 1066
1692940 1071
1692950 1074
1692960 1074
1692970 1078
1692980 1081
1692990 1081
1693000 1084
1693010 1086
1693020 1086
1693030 1087
1693040 1084
1693050 1084
1693060 1082
1693070 1079
1693080 1075
1693090 1075
1693100 1071
1693110 1066
1693120 1066
1693130 1062
1693140 1056
1693150 1056
1693160 1050
1693170 1044
1693180 1044
1693190 1037
1693200 1030
1693210 1030
1693220 1025
1693230 1019
1693240 1019
1693250 1015
1693260 1013
1693270 1013
1693280 1011
1693290 1010
1693300 1010
1693310 1010
1693320 1012
1693330 1016
1693340 1016
1693350 1019
1693360 1022
1693370 1022
1693380 1024
1693390 1027
1693400 1027
1693410 1029
1693420 1033
1693430 1033
1693440 1034
1693450 1038
1693460 1038
1693470 1038
1693480 1038
1693490 1038
1693500 1036
1693510 1031
1693520 1031
1693530 1028
1693540 1027
1693550 1027
1693560 1025
1693570 1023
1693580 1023
1693590 1021
1693600 1019
1693610 1017
1693620 1017
1693630 1016
1693640 1016
1693650 1016
1693660 1015
1693670 1014
1693680 1014
1693690 1013
1693700 1011
1693710 1011
1693720 1009
1693730 1009
1693740 1009
1693750 1007
1693760 1005
1693770 1005
1693780 1000
1693790 996
1693800 996
1693810 990
1693820 984
1693830 984
1693840 979
1693850 974
1693860 970
1693870 970
1693880 966
1693890 961
1693900 961
1693910 956
1693920 953
1693930 953
1693940 951
1693950 948
1693960 948
1693970 944
1693980 940
1693990 940
1694000 939
1694010 942
1694020 942
1694030 945
1694040 945
1694050 945
1694060 943
1694070 941
1694080 941
1694090 936
1694100 931
1694110 931
1694120 926
1694130 923
1694140 919
1694150 919
1694160 915
1694170 911
1694180 911
1694190 907
1694200 903
1694210 903
1694220 899
1694230 895
1694240 895
1694250 891
1694260 886
1694270 886
1694280 881
1694290 875
1694300 875
1694310 868
1694320 862
1694330 862
1694340 856
1694350 851
1694360 851
1694370 849
1694380 844
1694390 841
1694400 841
1694410 838
1694420 835
1694430 835
1694440 831
1694450 828
1694460 828
1694470 824
1694480 825
1694490 825
1694500 823
1694510 821
1694520 821
1694530 819
1694540 817
1694550 817
1694560 814
1694570 811
1694580 811
1694590 806
1694600 803
1694610 803
1694620 798
1694630 793
1694640 793
1694650 789
1694660 787
1694670 783
1694680 783
1694690 777
1694700 772
1694710 772
1694720 768
1694730 762
1694740 762
1694750 756
1694760 750
1694770 750
1694780 745
1694790 738
1694800 738
1694810 732
1694820 725
1694830 725
1694840 719
1694850 713
1694860 713
1694870 705
1694880 700
1694890 700
1694900 696
1694910 693
1694920 693
1694930 693
1694940 694
1694950 699
1694960 699
1694970 705
1694980 711
1694990 711
1695000 715
1695010 712
1695020 712
1695030 705
1695040 701
1695050 701
1695060 696
1695070 692
1695080 692
1695090 692
1695100 695
1695110 695
1695120 704
1695130 713
1695140 713
1695150 722
1695160 731
1695170 740
1695180 740
1695190 749
1695200 757
1695210 757
1695220 764
1695230 771
1695240 771
1695250 777
1695260 783
1695270 783
1695280 789
1695290 794
1695300 794
1695310 799
1695320 801
1695330 801
1695340 800
1695350 795
1695360 795
1695370 790
1695380 784
1695390 784
1695400 777
1695410 769
1695420 769
1695430 762
1695440 754
1695450 746
1695460 746
1695470 739
1695480 732
1695490 732
1695500 726
1695510 722
1695520 722
1695530 716
1695540 710
1695550 710
1695560 708
1695570 719
1695580 719
1695590 726
1695600 733
1695610 733
1695620 741
1695630 748
1695640 748
1695650 755
1695660 762
1695670 762
1695680 767
1695690 770
1695700 768
1695710 768
1695720 766
1695730 764
1695740 764
1695750 761
1695760 759
1695770 759
1695780 757
1695790 757
1695800 757
1695810 758
1695820 759
1695830 759
1695840 760
1695850 762
1695860 762
1695870 765
1695880 767
1695890 767
1695900 770
1695910 770
1695920 770
1695930 770
1695940 769
1695950 769
1695960 768
1695970 768
1695980 768
1695990 768
1696000 769
1696010 771
1696020 771
1696030 774
1696040 777
1696050 777
1696060 781
1696070 784
1696080 784
1696090 786
1696100 787
1696110 787
1696120 788
1696130 789
1696140 789
1696150 789
1696160 789
1696170 789
1696180 789
1696190 788
1696200 788
1696210 785
1696220 780
1696230 773
1696240 773
1696250 766
1696260 758
1696270 758
1696280 750
1696290 742
1696300 742
1696310 734
1696320 725
1696330 725
1696340 719
1696350 709
1696360 709
1696370 705
1696380 708
1696390 708
1696400 712
1696410 718
1696420 718
1696430 723
1696440 728
1696450 728
1696460 734
1696470 740
1696480 744
1696490 744
1696500 747
1696510 749
1696520 749
1696530 746
1696540 743
1696550 743
1696560 741
1696570 739
1696580 739
1696590 737
1696600 734
1696610 734
1696620 730
1696630 729
1696640 729
1696650 725
1696660 722
1696670 722
1696680 719
1696690 718
1696700 718
1696710 724
1696720 732
1696730 732
1696740 737
1696750 746
1696760 754
1696770 754
1696780 761
1696790 768
1696800 768
1696810 774
1696820 780
1696830 780
1696840 784
1696850 790
1696860 790
1696870 794
1696880 793
1696890 793
1696900 790
1696910 785
1696920 785
1696930 781
1696940 775
1696950 775
1696960 768
1696970 762
1696980 762
1696990 756
1697000 750
1697010 746
1697020 746
1697030 743
1697040 741
1697050 741
1697060 741
1697070 741
1697080 741
1697090 741
1697100 741
1697110 741
1697120 742
1697130 745
1697140 745
1697150 749
1697160 755
1697170 755
1697180 762
1697190 769
1697200 769
1697210 775
1697220 781
1697230 781
1697240 786
1697250 791
1697260 791
1697270 795
1697280 796
1697290 794
1697300 794
1697310 791
1697320 787
1697330 787
1697340 784
1697350 780
1697360 780
1697370 777
1697380 775
1697390 775
1697400 772
1697410 770
1697420 770
1697430 767
1697440 763
1697450 763
1697460 760
1697470 758
1697480 758
1697490 756
1697500 752
1697510 752
1697520 750
1697530 748
1697540 748
1697550 748
1697560 746
1697570 745
1697580 745
1697590 745
1697600 745
1697610 745
1697620 745
1697630 745
1697640 745
1697650 747
1697660 749
1697670 749
1697680 751
1697690 755
1697700 755
1697710 756
1697720 760
1697730 760
1697740 763
1697750 762
1697760 762
1697770 761
1697780 759
1697790 759
1697800 756
1697810 754
1697820 751
1697830 751
1697840 750
1697850 747
1697860 747
1697870 742
1697880 739
1697890 739
1697900 738
1697910 739
1697920 739
1697930 744
1697940 746
1697950 746
1697960 748
1697970 750
1697980 750
1697990 753
1698000 755
1698010 755
1698020 759
1698030 762
1698040 762
1698050 765
1698060 769
1698070 773
1698080 773
1698090 778
1698100 784
1698110 784
1698120 789
1698130 794
1698140 794
1698150 799
1698160 801
1698170 801
1698180 801
1698190 802
1698200 802
1698210 802
1698220 804
1698230 804
1698240 807
1698250 809
1698260 809
1698270 812
1698280 815
1698290 815
1698300 817
1698310 819
1698320 819
1698330 819
1698340 815
1698350 810
1698360 810
1698370 804
1698380 799
1698390 799
1698400 793
1698410 787
1698420 787
1698430 780
1698440 773
1698450 773
1698460 766
1698470 759
1698480 759
1698490 752
1698500 745
1698510 745
1698520 739
1698530 733
1698540 733
1698550 727
1698560 722
1698570 722
1698580 719
1698590 714
1698600 711
1698610 711
1698620 708
1698630 706
1698640 706
1698650 703
1698660 701
1698670 701
1698680 699
1698690 697
1698700 697
1698710 698
1698720 695
1698730 695
1698740 695
1698750 696
1698760 696
1698770 697
1698780 697
1698790 697
1698800 698
1698810 700
1698820 700
1698830 705
1698840 710
1698850 713
1698860 713
1698870 717
1698880 720
1698890 720
1698900 723
1698910 723
1698920 723
1698930 720
1698940 718
1698950 718
1698960 713
1698970 710
1698980 710
1698990 706
1699000 703
1699010 703
1699020 699
1699030 695
1699040 695
1699050 690
1699060 685
1699070 685
1699080 681
1699090 678
1699100 678
1699110 676
1699120 674
1699130 674
1699140 674
1699150 673
1699160 673
1699170 673
1699180 673
1699190 673
1699200 673
1699210 674
1699220 674
1699230 674
1699240 675
1699250 677
1699260 677
1699270 676
1699280 675
1699290 675
1699300 672
1699310 666
1699320 666
1699330 661
1699340 657
1699350 657
1699360 650
1699370 645
1699380 641
1699390 641
1699400 637
1699410 632
1699420 632
1699430 627
1699440 622
1699450 622
1699460 618
1699470 614
1699480 614
1699490 610
1699500 605
1699510 605
1699520 601
1699530 599
1699540 599
1699550 599
1699560 599
1699570 599
1699580 599
1699590 599
1699600 599
1699610 600
1699620 600
1699630 600
1699640 596
1699650 589
1699660 582
1699670 582
1699680 576
1699690 572
1699700 572
1699710 567
1699720 563
1699730 563
1699740 560
1699750 557
1699760 557
1699770 554
1699780 552
1699790 552
1699800 549
1699810 545
1699820 545
1699830 544
1699840 543
1699850 543
1699860 542
1699870 539
1699880 539
1699890 536
1699900 535
1699910 535
1699920 535
1699930 535
1699940 536
1699950 536
1699960 536
1699970 535
1699980 535
1699990 536
