1680000 946
1680010 946
1680020 943
1680030 939
1680040 936
1680050 936
1680060 933
1680070 931
1680080 931
1680090 936
1680100 942
1680110 942
1680120 947
1680130 950
1680140 950
1680150 952
1680160 952
1680170 952
1680180 953
1680190 953
1680200 953
1680210 953
1680220 952
1680230 952
1680240 952
1680250 951
1680260 951
1680270 952
1680280 954
1680290 954
1680300 954
1680310 954
1680320 956
1680330 956
1680340 957
1680350 959
1680360 959
1680370 960
1680380 962
1680390 962
1680400 964
1680410 965
1680420 965
1680430 966
1680440 967
1680450 967
1680460 967
1680470 968
1680480 968
1680490 968
1680500 967
1680510 967
1680520 967
1680530 965
1680540 965
1680550 962
1680560 958
1680570 952
1680580 952
1680590 946
1680600 939
1680610 939
1680620 936
1680630 937
1680640 937
1680650 939
1680660 942
1680670 942
1680680 945
1680690 948
1680700 948
1680710 951
1680720 954
1680730 954
1680740 957
1680750 959
1680760 959
1680770 961
1680780 962
1680790 962
1680800 962
1680810 963
1680820 963
1680830 962
1680840 961
1680850 960
1680860 960
1680870 959
1680880 958
1680890 958
1680900 955
1680910 953
1680920 953
1680930 951
1680940 949
1680950 949
1680960 947
1680970 943
1680980 943
1680990 938
1681000 933
1681010 933
1681020 927
1681030 923
1681040 923
1681050 919
1681060 913
1681070 913
1681080 909
1681090 906
1681100 903
1681110 903
1681120 900
1681130 897
1681140 897
1681150 891
1681160 885
1681170 885
1681180 882
1681190 884
1681200 884
1681210 885
1681220 886
1681230 886
1681240 886
1681250 886
1681260 886
1681270 890
1681280 898
1681290 898
1681300 906
1681310 914
1681320 914
1681330 922
1681340 929
1681350 929
1681360 936
1681370 943
1681380 950
1681390 950
1681400 958
1681410 966
1681420 966
1681430 973
1681440 981
1681450 981
1681460 988
1681470 993
1681480 993
1681490 997
1681500 997
1681510 997
1681520 995
1681530 989
1681540 989
1681550 984
1681560 977
1681570 977
1681580 971
1681590 964
1681600 964
1681610 959
1681620 953
1681630 947
1681640 947
1681650 941
1681660 935
1681670 935
1681680 930
1681690 925
1681700 925
1681710 919
1681720 916
1681730 916
1681740 916
1681750 918
1681760 918
1681770 919
1681780 924
1681790 924
1681800 928
1681810 929
1681820 929
1681830 930
1681840 932
1681850 932
1681860 934
1681870 935
1681880 935
1681890 937
1681900 938
1681910 940
1681920 940
1681930 943
1681940 944
1681950 944
1681960 946
1681970 948
1681980 948
1681990 950
1682000 952
1682010 952
1682020 955
1682030 958
1682040 958
1682050 963
1682060 969
1682070 969
1682080 973
1682090 977
1682100 977
1682110 982
1682120 989
1682130 989
1682140 993
1682150 997
1682160 1001
1682170 1001
1682180 1004
1682190 1009
1682200 1009
1682210 1014
1682220 1019
1682230 1019
1682240 1025
1682250 1030
1682260 1030
1682270 1036
1682280 1041
1682290 1041
1682300 1049
1682310 1053
1682320 1053
1682330 1058
1682340 1063
1682350 1063
1682360 1068
1682370 1073
1682380 1073
1682390 1078
1682400 1083
1682410 1083
1682420 1087
1682430 1091
1682440 1095
1682450 1095
1682460 1098
1682470 1102
1682480 1102
1682490 1105
1682500 1107
1682510 1107
1682520 1110
1682530 1114
1682540 1114
1682550 1116
1682560 1119
1682570 1119
1682580 1121
1682590 1124
1682600 1124
1682610 1128
1682620 1132
1682630 1132
1682640 1136
1682650 1140
1682660 1140
1682670 1144
1682680 1149
1682690 1154
1682700 1154
1682710 1159
1682720 1164
1682730 1164
1682740 1170
1682750 1174
1682760 1174
1682770 1179
1682780 1184
1682790 1184
1682800 1188
1682810 1192
1682820 1192
1682830 1195
1682840 1198
1682850 1198
1682860 1202
1682870 1204
1682880 1204
1682890 1207
1682900 1209
1682910 1209
1682920 1212
1682930 1215
1682940 1215
1682950 1218
1682960 1221
1682970 1225
1682980 1225
1682990 1228
1683000 1232
1683010 1232
1683020 1236
1683030 1239
1683040 1239
1683050 1242
1683060 1246
1683070 1246
1683080 1248
1683090 1252
1683100 1252
1683110 1252
1683120 1258
1683130 1258
1683140 1263
1683150 1269
1683160 1269
1683170 1274
1683180 1278
1683190 1278
1683200 1282
1683210 1287
1683220 1293
1683230 1293
1683240 1299
1683250 1306
1683260 1306
1683270 1312
1683280 1318
1683290 1318
1683300 1324
1683310 1330
1683320 1330
1683330 1336
1683340 1343
1683350 1343
1683360 1350
1683370 1357
1683380 1357
1683390 1364
1683400 1371
1683410 1371
1683420 1378
1683430 1384
1683440 1384
1683450 1390
1683460 1396
1683470 1396
1683480 1400
1683490 1407
1683500 1413
1683510 1413
1683520 1417
1683530 1421
1683540 1421
1683550 1422
1683560 1428
1683570 1428
1683580 1425
1683590 1422
1683600 1422
1683610 1417
1683620 1410
1683630 1410
1683640 1405
1683650 1401
1683660 1401
1683670 1405
1683680 1409
1683690 1409
1683700 1412
1683710 1411
1683720 1411
1683730 1415
1683740 1419
1683750 1426
1683760 1426
1683770 1431
1683780 1436
1683790 1436
1683800 1438
1683810 1439
1683820 1439
1683830 1440
1683840 1443
1683850 1443
1683860 1446
1683870 1449
1683880 1449
1683890 1453
1683900 1458
1683910 1458
1683920 1464
1683930 1469
1683940 1469
1683950 1472
1683960 1476
1683970 1476
1683980 1480
1683990 1485
1684000 1485
1684010 1491
1684020 1497
1684030 1507
1684040 1507
1684050 1511
1684060 1517
1684070 1517
1684080 1525
1684090 1530
1684100 1530
1684110 1533
1684120 1535
1684130 1535
1684140 1536
1684150 1537
1684160 1537
1684170 1538
1684180 1539
1684190 1539
1684200 1539
1684210 1538
1684220 1538
1684230 1535
1684240 1531
1684250 1531
1684260 1526
1684270 1520
1684280 1517
1684290 1517
1684300 1512
1684310 1509
1684320 1509
1684330 1505
1684340 1500
1684350 1500
1684360 1496
1684370 1492
1684380 1492
1684390 1487
1684400 1481
1684410 1481
1684420 1476
1684430 1471
1684440 1471
1684450 1465
1684460 1458
1684470 1458
1684480 1451
1684490 1445
1684500 1445
1684510 1438
1684520 1432
1684530 1432
1684540 1426
1684550 1419
1684560 1414
1684570 1414
1684580 1409
1684590 1407
1684600 1407
1684610 1404
1684620 1402
1684630 1402
1684640 1399
1684650 1395
1684660 1395
1684670 1391
1684680 1386
1684690 1386
1684700 1381
1684710 1374
1684720 1374
1684730 1377
1684740 1381
1684750 1381
1684760 1383
1684770 1385
1684780 1385
1684790 1387
1684800 1388
1684810 1388
1684820 1388
1684830 1383
1684840 1385
1684850 1385
1684860 1389
1684870 1396
1684880 1396
1684890 1400
1684900 1406
1684910 1406
1684920 1411
1684930 1416
1684940 1416
1684950 1420
1684960 1425
1684970 1425
1684980 1430
1684990 1434
1685000 1434
1685010 1437
1685020 1441
1685030 1441
1685040 1444
1685050 1447
1685060 1447
1685070 1449
1685080 1451
1685090 1450
1685100 1450
1685110 1448
1685120 1444
1685130 1444
1685140 1440
1685150 1436
1685160 1436
1685170 1431
1685180 1426
1685190 1426
1685200 1421
1685210 1416
1685220 1416
1685230 1409
1685240 1401
1685250 1401
1685260 1395
1685270 1387
1685280 1387
1685290 1381
1685300 1375
1685310 1375
1685320 1366
1685330 1363
1685340 1364
1685350 1364
1685360 1365
1685370 1366
1685380 1366
1685390 1368
1685400 1367
1685410 1367
1685420 1366
1685430 1367
1685440 1367
1685450 1362
1685460 1360
1685470 1360
1685480 1356
1685490 1351
1685500 1351
1685510 1346
1685520 1339
1685530 1339
1685540 1333
1685550 1329
1685560 1329
1685570 1325
1685580 1320
1685590 1320
1685600 1315
1685610 1309
1685620 1303
1685630 1303
1685640 1297
1685650 1291
1685660 1291
1685670 1285
1685680 1280
1685690 1280
1685700 1273
1685710 1262
1685720 1262
1685730 1262
1685740 1266
1685750 1266
1685760 1270
1685770 1274
1685780 1274
1685790 1278
1685800 1281
1685810 1281
1685820 1285
1685830 1289
1685840 1289
1685850 1294
1685860 1297
1685870 1301
1685880 1301
1685890 1305
1685900 1310
1685910 1310
1685920 1313
1685930 1315
1685940 1315
1685950 1319
1685960 1321
1685970 1321
1685980 1324
1685990 1325
1686000 1325
1686010 1323
1686020 1320
1686030 1320
1686040 1317
1686050 1314
1686060 1314
1686070 1310
1686080 1306
1686090 1306
1686100 1303
1686110 1300
1686120 1300
1686130 1295
1686140 1290
1686150 1282
1686160 1282
1686170 1276
1686180 1282
1686190 1282
1686200 1287
1686210 1291
1686220 1291
1686230 1295
1686240 1299
1686250 1299
1686260 1304
1686270 1309
1686280 1309
1686290 1314
1686300 1319
1686310 1319
1686320 1324
1686330 1328
1686340 1328
1686350 1333
1686360 1336
1686370 1336
1686380 1341
1686390 1345
1686400 1342
1686410 1342
1686420 1335
1686430 1330
1686440 1330
1686450 1321
1686460 1314
1686470 1314
1686480 1307
1686490 1299
1686500 1299
1686510 1292
1686520 1284
1686530 1284
1686540 1276
1686550 1269
1686560 1269
1686570 1261
1686580 1254
1686590 1254
1686600 1247
1686610 1240
1686620 1240
1686630 1233
1686640 1226
1686650 1226
1686660 1220
1686670 1213
1686680 1206
1686690 1206
1686700 1199
1686710 1191
1686720 1191
1686730 1184
1686740 1177
1686750 1177
1686760 1173
1686770 1170
1686780 1170
1686790 1167
1686800 1173
1686810 1173
1686820 1175
1686830 1181
1686840 1181
1686850 1185
1686860 1190
1686870 1190
1686880 1196
1686890 1200
1686900 1200
1686910 1204
1686920 1208
1686930 1212
1686940 1212
1686950 1216
1686960 1220
1686970 1220
1686980 1224
1686990 1228
1687000 1228
1687010 1232
1687020 1236
1687030 1236
1687040 1239
1687050 1244
1687060 1244
1687070 1248
1687080 1251
1687090 1251
1687100 1254
1687110 1256
1687120 1256
1687130 1257
1687140 1261
1687150 1261
1687160 1271
1687170 1278
1687180 1278
1687190 1285
1687200 1292
1687210 1299
1687220 1299
1687230 1305
1687240 1313
1687250 1313
1687260 1320
1687270 1327
1687280 1327
1687290 1333
1687300 1340
1687310 1340
1687320 1346
1687330 1349
1687340 1349
1687350 1353
1687360 1356
1687370 1356
1687380 1356
1687390 1356
1687400 1356
1687410 1354
1687420 1352
1687430 1352
1687440 1350
1687450 1347
1687460 1344
1687470 1344
1687480 1341
1687490 1338
1687500 1338
1687510 1333
1687520 1326
1687530 1326
1687540 1319
1687550 1311
1687560 1311
1687570 1304
1687580 1297
1687590 1297
1687600 1291
1687610 1286
1687620 1286
1687630 1281
1687640 1276
1687650 1276
1687660 1271
1687670 1267
1687680 1267
1687690 1263
1687700 1260
1687710 1260
1687720 1256
1687730 1252
1687740 1244
1687750 1244
1687760 1242
1687770 1252
1687780 1252
1687790 1263
1687800 1269
1687810 1269
1687820 1276
1687830 1282
1687840 1282
1687850 1289
1687860 1295
1687870 1295
1687880 1301
1687890 1307
1687900 1307
1687910 1311
1687920 1316
1687930 1316
1687940 1321
1687950 1326
1687960 1326
1687970 1331
1687980 1335
1687990 1341
1688000 1341
1688010 1343
1688020 1349
1688030 1349
1688040 1354
1688050 1359
1688060 1359
1688070 1363
1688080 1368
1688090 1368
1688100 1373
1688110 1378
1688120 1378
1688130 1384
1688140 1390
1688150 1390
1688160 1396
1688170 1402
1688180 1402
1688190 1408
1688200 1415
1688210 1415
1688220 1421
1688230 1428
1688240 1428
1688250 1434
1688260 1441
1688270 1447
1688280 1447
1688290 1453
1688300 1458
1688310 1458
1688320 1462
1688330 1465
1688340 1465
1688350 1467
1688360 1467
1688370 1467
1688380 1464
1688390 1462
1688400 1462
1688410 1457
1688420 1453
1688430 1453
1688440 1447
1688450 1440
1688460 1440
1688470 1434
1688480 1429
1688490 1429
1688500 1425
1688510 1422
1688520 1422
1688530 1422
1688540 1421
1688550 1421
1688560 1421
1688570 1420
1688580 1421
1688590 1421
1688600 1422
1688610 1424
1688620 1424
1688630 1426
1688640 1428
1688650 1428
1688660 1430
1688670 1432
1688680 1432
1688690 1433
1688700 1435
1688710 1435
1688720 1437
1688730 1439
1688740 1439
1688750 1441
1688760 1442
1688770 1442
1688780 1442
1688790 1443
1688800 1443
1688810 1443
1688820 1444
1688830 1444
1688840 1444
1688850 1445
1688860 1446
1688870 1446
1688880 1447
1688890 1449
1688900 1449
1688910 1450
1688920 1451
1688930 1451
1688940 1452
1688950 1454
1688960 1454
1688970 1455
1688980 1456
1688990 1456
1689000 1458
1689010 1460
1689020 1460
1689030 1462
1689040 1464
1689050 1467
1689060 1467
1689070 1469
1689080 1471
1689090 1471
1689100 1473
1689110 1475
1689120 1475
1689130 1476
1689140 1476
1689150 1476
1689160 1475
1689170 1472
1689180 1472
1689190 1468
1689200 1461
1689210 1461
1689220 1455
1689230 1453
1689240 1453
1689250 1453
1689260 1449
1689270 1449
1689280 1446
1689290 1445
1689300 1445
1689310 1439
1689320 1432
1689330 1412
1689340 1412
1689350 1385
1689360 1377
1689370 1377
1689380 1372
1689390 1377
1689400 1377
1689410 1388
1689420 1382
1689430 1382
1689440 1361
1689450 1332
1689460 1332
1689470 1326
1689480 1319
1689490 1319
1689500 1309
1689510 1306
1689520 1306
1689530 1306
1689540 1312
1689550 1312
1689560 1317
1689570 1321
1689580 1325
1689590 1325
1689600 1328
1689610 1331
1689620 1331
1689630 1334
1689640 1335
1689650 1335
1689660 1336
1689670 1336
1689680 1336
1689690 1336
1689700 1335
1689710 1335
1689720 1332
1689730 1328
1689740 1328
1689750 1323
1689760 1321
1689770 1321
1689780 1316
1689790 1311
1689800 1311
1689810 1307
1689820 1304
1689830 1304
1689840 1302
1689850 1303
1689860 1307
1689870 1307
1689880 1312
1689890 1316
1689900 1316
1689910 1319
1689920 1322
1689930 1322
1689940 1323
1689950 1322
1689960 1322
1689970 1320
1689980 1318
1689990 1318
1690000 1316
1690010 1313
1690020 1313
1690030 1311
1690040 1308
1690050 1308
1690060 1306
1690070 1304
1690080 1304
1690090 1301
1690100 1299
1690110 1297
1690120 1297
1690130 1295
1690140 1292
1690150 1292
1690160 1290
1690170 1287
1690180 1287
1690190 1285
1690200 1283
1690210 1283
1690220 1279
1690230 1276
1690240 1276
1690250 1275
1690260 1275
1690270 1275
1690280 1276
1690290 1275
1690300 1275
1690310 1273
1690320 1273
1690330 1273
1690340 1273
1690350 1271
1690360 1271
1690370 1265
1690380 1259
1690390 1254
1690400 1254
1690410 1247
1690420 1241
1690430 1241
1690440 1236
1690450 1229
1690460 1229
1690470 1223
1690480 1217
1690490 1217
1690500 1213
1690510 1208
1690520 1208
1690530 1205
1690540 1201
1690550 1201
1690560 1195
1690570 1191
1690580 1191
1690590 1189
1690600 1188
1690610 1188
1690620 1186
1690630 1185
1690640 1184
1690650 1184
1690660 1184
1690670 1183
1690680 1183
1690690 1181
1690700 1179
1690710 1179
1690720 1178
1690730 1176
1690740 1176
1690750 1174
1690760 1171
1690770 1171
1690780 1170
1690790 1166
1690800 1166
1690810 1162
1690820 1157
1690830 1157
1690840 1153
1690850 1149
1690860 1149
1690870 1145
1690880 1140
1690890 1140
1690900 1136
1690910 1132
1690920 1129
1690930 1129
1690940 1125
1690950 1121
1690960 1121
1690970 1115
1690980 1109
1690990 1109
1691000 1106
1691010 1103
1691020 1103
1691030 1102
1691040 1101
1691050 1101
1691060 1099
1691070 1095
1691080 1095
1691090 1075
1691100 1066
1691110 1066
1691120 1066
1691130 1066
1691140 1066
1691150 1061
1691160 1057
1691170 1057
1691180 1067
1691190 1064
1691200 1067
1691210 1067
1691220 1069
1691230 1059
1691240 1059
1691250 1035
1691260 1020
1691270 1020
1691280 1011
1691290 1009
1691300 1009
1691310 1000
1691320 994
1691330 994
1691340 989
1691350 986
1691360 986
1691370 980
1691380 976
1691390 976
1691400 984
1691410 983
1691420 983
1691430 980
1691440 977
1691450 975
1691460 975
1691470 974
1691480 972
1691490 972
1691500 970
1691510 970
1691520 970
1691530 969
1691540 968
1691550 968
1691560 960
1691570 963
1691580 963
1691590 972
1691600 980
1691610 980
1691620 984
1691630 985
1691640 985
1691650 986
1691660 985
1691670 985
1691680 985
1691690 986
1691700 986
1691710 987
1691720 990
1691730 994
1691740 994
1691750 1002
1691760 1009
1691770 1009
1691780 1016
1691790 1023
1691800 1023
1691810 1031
1691820 1038
1691830 1038
1691840 1045
1691850 1052
1691860 1052
1691870 1059
1691880 1066
1691890 1066
1691900 1073
1691910 1080
1691920 1080
1691930 1087
1691940 1093
1691950 1093
1691960 1100
1691970 1107
1691980 1115
1691990 1115
1692000 1121
1692010 1128
1692020 1128
1692030 1135
1692040 1142
1692050 1142
1692060 1148
1692070 1154
1692080 1154
1692090 1160
1692100 1166
1692110 1166
1692120 1172
1692130 1178
1692140 1178
1692150 1182
1692160 1187
1692170 1187
1692180 1192
1692190 1196
1692200 1196
1692210 1201
1692220 1205
1692230 1205
1692240 1203
1692250 1198
1692260 1192
1692270 1192
1692280 1187
1692290 1181
1692300 1181
1692310 1173
1692320 1166
1692330 1166
1692340 1159
1692350 1152
1692360 1152
1692370 1145
1692380 1138
1692390 1138
1692400 1132
1692410 1125
1692420 1125
1692430 1118
1692440 1112
1692450 1112
1692460 1106
1692470 1101
1692480 1101
1692490 1100
1692500 1101
1692510 1103
1692520 1103
1692530 1106
1692540 1108
1692550 1108
1692560 1110
1692570 1112
1692580 1112
1692590 1116
1692600 1112
1692610 1112
1692620 1099
1692630 1093
1692640 1093
1692650 1088
1692660 1083
1692670 1083
1692680 1082
1692690 1085
1692700 1085
1692710 1089
1692720 1094
1692730 1094
1692740 1100
1692750 1106
1692760 1106
1692770 1108
1692780 1111
1692790 1116
1692800 1116
1692810 1118
1692820 1119
1692830 1119
1692840 1121
1692850 1110
1692860 1110
1692870 1101
1692880 1092
1692890 1092
1692900 1085
1692910 1078
1692920 1078
1692930 1074
1692940 1070
1692950 1070
1692960 1064
1692970 1055
1692980 1055
1692990 1048
1693000 1040
1693010 1040
1693020 1035
1693030 1027
1693040 1018
1693050 1018
1693060 1008
1693070 1001
1693080 1001
1693090 994
1693100 987
1693110 987
1693120 984
1693130 977
1693140 977
1693150 972
1693160 965
1693170 965
1693180 957
1693190 960
1693200 960
1693210 966
1693220 972
1693230 972
1693240 978
1693250 984
1693260 984
1693270 990
1693280 998
1693290 998
1693300 1005
1693310 1012
1693320 1018
1693330 1018
1693340 1024
1693350 1028
1693360 1028
1693370 1029
1693380 1021
1693390 1021
1693400 1013
1693410 1010
1693420 1010
1693430 1008
1693440 1005
1693450 1005
1693460 1003
1693470 1000
1693480 1000
1693490 1011
1693500 1016
1693510 1016
1693520 1023
1693530 1032
1693540 1032
1693550 1039
1693560 1045
1693570 1051
1693580 1051
1693590 1057
1693600 1063
1693610 1063
1693620 1070
1693630 1076
1693640 1076
1693650 1082
1693660 1089
1693670 1089
1693680 1095
1693690 1102
1693700 1102
1693710 1109
1693720 1115
1693730 1115
1693740 1121
1693750 1128
1693760 1128
1693770 1131
1693780 1129
1693790 1129
1693800 1128
1693810 1126
1693820 1126
1693830 1126
1693840 1125
1693850 1124
1693860 1124
1693870 1123
1693880 1122
1693890 1122
1693900 1121
1693910 1120
1693920 1120
1693930 1117
1693940 1115
1693950 1115
1693960 1112
1693970 1107
1693980 1107
1693990 1102
1694000 1098
1694010 1098
1694020 1094
1694030 1088
1694040 1088
1694050 1081
1694060 1076
1694070 1076
1694080 1069
1694090 1061
1694100 1059
1694110 1059
1694120 1058
1694130 1055
1694140 1055
1694150 1050
1694160 1045
1694170 1045
1694180 1039
1694190 1033
1694200 1033
1694210 1025
1694220 1021
1694230 1021
1694240 1016
1694250 1013
1694260 1013
1694270 1011
1694280 1013
1694290 1013
1694300 1013
1694310 1013
1694320 1013
1694330 1015
1694340 1018
1694350 1018
1694360 1022
1694370 1026
1694380 1029
1694390 1029
1694400 1033
1694410 1036
1694420 1036
1694430 1041
1694440 1046
1694450 1046
1694460 1050
1694470 1055
1694480 1055
1694490 1061
1694500 1065
1694510 1065
1694520 1070
1694530 1075
1694540 1075
1694550 1079
1694560 1083
1694570 1083
1694580 1087
1694590 1091
1694600 1091
1694610 1093
1694620 1090
1694630 1086
1694640 1086
1694650 1082
1694660 1078
1694670 1078
1694680 1073
1694690 1069
1694700 1069
1694710 1065
1694720 1060
1694730 1060
1694740 1056
1694750 1050
1694760 1050
1694770 1046
1694780 1040
1694790 1040
1694800 1036
1694810 1031
1694820 1031
1694830 1026
1694840 1021
1694850 1021
1694860 1017
1694870 1011
1694880 1011
1694890 1006
1694900 1001
1694910 995
1694920 995
1694930 991
1694940 986
1694950 986
1694960 981
1694970 976
1694980 976
1694990 971
1695000 966
1695010 966
1695020 961
1695030 956
1695040 956
1695050 952
1695060 948
1695070 948
1695080 944
1695090 940
1695100 940
1695110 937
1695120 934
1695130 934
1695140 930
1695150 926
1695160 921
1695170 921
1695180 917
1695190 912
1695200 912
1695210 907
1695220 904
1695230 904
1695240 900
1695250 894
1695260 894
1695270 889
1695280 885
1695290 885
1695300 881
1695310 878
1695320 878
1695330 875
1695340 872
1695350 872
1695360 868
1695370 865
1695380 865
1695390 861
1695400 858
1695410 858
1695420 855
1695430 851
1695440 848
1695450 848
1695460 844
1695470 840
1695480 840
1695490 836
1695500 833
1695510 833
1695520 828
1695530 824
1695540 824
1695550 820
1695560 815
1695570 815
1695580 809
1695590 803
1695600 803
1695610 801
1695620 798
1695630 798
1695640 795
1695650 792
1695660 792
1695670 789
1695680 785
1695690 781
1695700 781
1695710 778
1695720 776
1695730 776
1695740 772
1695750 768
1695760 768
1695770 764
1695780 758
1695790 758
1695800 753
1695810 749
1695820 749
1695830 745
1695840 742
1695850 742
1695860 739
1695870 739
1695880 739
1695890 736
1695900 736
1695910 736
1695920 735
1695930 740
1695940 740
1695950 744
1695960 749
1695970 753
1695980 753
1695990 758
1696000 762
1696010 762
1696020 765
1696030 768
1696040 768
1696050 770
1696060 773
1696070 773
1696080 776
1696090 778
1696100 778
1696110 779
1696120 777
1696130 777
1696140 773
1696150 769
1696160 769
1696170 765
1696180 761
1696190 761
1696200 756
1696210 750
1696220 745
1696230 745
1696240 740
1696250 735
1696260 735
1696270 729
1696280 723
1696290 723
1696300 715
1696310 711
1696320 711
1696330 705
1696340 701
1696350 701
1696360 698
1696370 693
1696380 693
1696390 687
1696400 687
1696410 687
1696420 687
1696430 686
1696440 686
1696450 686
1696460 686
1696470 686
1696480 686
1696490 687
1696500 692
1696510 692
1696520 697
1696530 699
1696540 699
1696550 701
1696560 695
1696570 695
1696580 688
1696590 688
1696600 688
1696610 693
1696620 700
1696630 700
1696640 706
1696650 713
1696660 713
1696670 717
1696680 722
1696690 722
1696700 726
1696710 731
1696720 731
1696730 734
1696740 736
1696750 738
1696760 738
1696770 738
1696780 738
1696790 738
1696800 737
1696810 737
1696820 737
1696830 739
1696840 740
1696850 740
1696860 742
1696870 745
1696880 745
1696890 747
1696900 750
1696910 750
1696920 752
1696930 752
1696940 752
1696950 752
1696960 751
1696970 751
1696980 750
1696990 747
1697000 747
1697010 743
1697020 739
1697030 735
1697040 735
1697050 729
1697060 725
1697070 725
1697080 720
1697090 717
1697100 717
1697110 712
1697120 713
1697130 713
1697140 711
1697150 713
1697160 713
1697170 722
1697180 732
1697190 732
1697200 739
1697210 746
1697220 746
1697230 752
1697240 758
1697250 758
1697260 764
1697270 769
1697280 774
1697290 774
1697300 780
1697310 785
1697320 785
1697330 789
1697340 794
1697350 794
1697360 795
1697370 791
1697380 791
1697390 787
1697400 783
1697410 783
1697420 778
1697430 772
1697440 772
1697450 767
1697460 763
1697470 763
1697480 757
1697490 751
1697500 751
1697510 754
1697520 762
1697530 762
1697540 765
1697550 770
1697560 775
1697570 775
1697580 780
1697590 783
1697600 783
1697610 786
1697620 789
1697630 789
1697640 790
1697650 792
1697660 792
1697670 795
1697680 798
1697690 798
1697700 802
1697710 804
1697720 804
1697730 803
1697740 797
1697750 797
1697760 789
1697770 783
1697780 783
1697790 778
1697800 775
1697810 769
1697820 769
1697830 763
1697840 756
1697850 756
1697860 752
1697870 747
1697880 747
1697890 742
1697900 736
1697910 736
1697920 730
1697930 730
1697940 730
1697950 743
1697960 747
1697970 747
1697980 747
1697990 743
1698000 743
1698010 740
1698020 736
1698030 736
1698040 738
1698050 741
1698060 741
1698070 743
1698080 746
1698090 749
1698100 749
1698110 754
1698120 760
1698130 760
1698140 766
1698150 773
1698160 773
1698170 780
1698180 787
1698190 787
1698200 794
1698210 800
1698220 800
1698230 807
1698240 814
1698250 814
1698260 820
1698270 826
1698280 826
1698290 833
1698300 839
1698310 839
1698320 845
1698330 850
1698340 853
1698350 853
1698360 853
1698370 849
1698380 849
1698390 844
1698400 840
1698410 845
1698420 840
1698430 838
1698440 838
1698450 835
1698460 832
1698470 832
1698480 830
1698490 828
1698500 828
1698510 824
1698520 820
1698530 820
1698540 815
1698550 809
1698560 809
1698570 802
1698580 792
1698590 792
1698600 789
1698610 783
1698620 778
1698630 778
1698640 776
1698650 774
1698660 774
1698670 770
1698680 767
1698690 767
1698700 765
1698710 760
1698720 760
1698730 756
1698740 753
1698750 753
1698760 750
1698770 747
1698780 747
1698790 743
1698800 737
1698810 737
1698820 731
1698830 724
1698840 724
1698850 719
1698860 719
1698870 720
1698880 720
1698890 721
1698900 720
1698910 720
1698920 715
1698930 709
1698940 709
1698950 701
1698960 694
1698970 694
1698980 687
1698990 680
1699000 680
1699010 674
1699020 667
1699030 667
1699040 663
1699050 655
1699060 655
1699070 648
1699080 642
1699090 642
1699100 635
1699110 629
1699120 629
1699130 623
1699140 617
1699150 611
1699160 611
1699170 604
1699180 599
1699190 599
1699200 595
1699210 589
1699220 589
1699230 583
1699240 577
1699250 577
1699260 571
1699270 567
1699280 567
1699290 562
1699300 557
1699310 557
1699320 552
1699330 550
1699340 550
1699350 549
1699360 549
1699370 549
1699380 549
1699390 548
1699400 547
1699410 547
1699420 546
1699430 547
1699440 547
1699450 547
1699460 553
1699470 553
1699480 559
1699490 567
1699500 567
1699510 575
1699520 582
1699530 582
1699540 588
1699550 595
1699560 595
1699570 601
1699580 609
1699590 609
1699600 615
1699610 621
1699620 621
1699630 627
1699640 632
1699650 632
1699660 637
1699670 641
1699680 644
1699690 644
1699700 645
1699710 647
1699720 647
1699730 650
1699740 652
1699750 652
1699760 655
1699770 659
1699780 659
1699790 663
1699800 667
1699810 667
1699820 671
1699830 674
1699840 674
1699850 677
1699860 679
1699870 679
1699880 683
1699890 687
1699900 687
1699910 693
1699920 699
1699930 703
1699940 703
1699950 710
1699960 716
1699970 716
1699980 721
1699990 726
