1680000 1026
1680010 1027
1680020 1029
1680030 1029
1680040 1030
1680050 1031
1680060 1033
1680070 1033
1680080 1034
1680090 1035
1680100 1035
1680110 1036
1680120 1038
1680130 1038
1680140 1039
1680150 1040
1680160 1040
1680170 1040
1680180 1040
1680190 1040
1680200 1041
1680210 1040
1680220 1040
1680230 1040
1680240 1040
1680250 1040
1680260 1040
1680270 1040
1680280 1040
1680290 1039
1680300 1039
1680310 1039
1680320 1040
1680330 1041
1680340 1042
1680350 1042
1680360 1044
1680370 1044
1680380 1044
1680390 1044
1680400 1044
1680410 1044
1680420 1045
1680430 1044
1680440 1044
1680450 1045
1680460 1044
1680470 1044
1680480 1042
1680490 1040
1680500 1040
1680510 1037
1680520 1036
1680530 1036
1680540 1042
1680550 1047
1680560 1047
1680570 1052
1680580 1057
1680590 1063
1680600 1063
1680610 1071
1680620 1078
1680630 1078
1680640 1084
1680650 1089
1680660 1089
1680670 1094
1680680 1098
1680690 1098
1680700 1104
1680710 1111
1680720 1111
1680730 1117
1680740 1123
1680750 1123
1680760 1131
1680770 1138
1680780 1138
1680790 1144
1680800 1151
1680810 1151
1680820 1156
1680830 1163
1680840 1163
1680850 1168
1680860 1174
1680870 1180
1680880 1180
1680890 1186
1680900 1191
1680910 1191
1680920 1197
1680930 1204
1680940 1204
1680950 1212
1680960 1217
1680970 1217
1680980 1221
1680990 1225
1681000 1225
1681010 1230
1681020 1235
1681030 1235
1681040 1240
1681050 1245
1681060 1245
1681070 1248
1681080 1252
1681090 1252
1681100 1255
1681110 1257
1681120 1257
1681130 1257
1681140 1256
1681150 1255
1681160 1255
1681170 1254
1681180 1253
1681190 1253
1681200 1252
1681210 1252
1681220 1252
1681230 1252
1681240 1252
1681250 1252
1681260 1251
1681270 1251
1681280 1251
1681290 1251
1681300 1251
1681310 1251
1681320 1252
1681330 1251
1681340 1251
1681350 1251
1681360 1251
1681370 1251
1681380 1249
1681390 1247
1681400 1247
1681410 1248
1681420 1242
1681430 1236
1681440 1236
1681450 1231
1681460 1226
1681470 1226
1681480 1220
1681490 1215
1681500 1215
1681510 1210
1681520 1206
1681530 1206
1681540 1201
1681550 1196
1681560 1196
1681570 1190
1681580 1183
1681590 1183
1681600 1176
1681610 1168
1681620 1168
1681630 1162
1681640 1167
1681650 1167
1681660 1171
1681670 1174
1681680 1179
1681690 1179
1681700 1182
1681710 1186
1681720 1186
1681730 1189
1681740 1194
1681750 1194
1681760 1199
1681770 1204
1681780 1204
1681790 1209
1681800 1213
1681810 1213
1681820 1217
1681830 1221
1681840 1221
1681850 1225
1681860 1228
1681870 1228
1681880 1230
1681890 1233
1681900 1233
1681910 1234
1681920 1235
1681930 1235
1681940 1232
1681950 1228
1681960 1224
1681970 1224
1681980 1221
1681990 1220
1682000 1220
1682010 1222
1682020 1225
1682030 1225
1682040 1229
1682050 1233
1682060 1233
1682070 1237
1682080 1241
1682090 1241
1682100 1245
1682110 1249
1682120 1249
1682130 1253
1682140 1256
1682150 1256
1682160 1259
1682170 1262
1682180 1262
1682190 1266
1682200 1269
1682210 1269
1682220 1269
1682230 1272
1682240 1274
1682250 1274
1682260 1275
1682270 1275
1682280 1275
1682290 1272
1682300 1269
1682310 1269
1682320 1266
1682330 1262
1682340 1262
1682350 1258
1682360 1253
1682370 1253
1682380 1247
1682390 1241
1682400 1241
1682410 1235
1682420 1229
1682430 1229
1682440 1224
1682450 1218
1682460 1218
1682470 1213
1682480 1207
1682490 1207
1682500 1201
1682510 1196
1682520 1191
1682530 1191
1682540 1184
1682550 1180
1682560 1180
1682570 1177
1682580 1172
1682590 1172
1682600 1168
1682610 1164
1682620 1164
1682630 1159
1682640 1158
1682650 1158
1682660 1153
1682670 1150
1682680 1150
1682690 1146
1682700 1143
1682710 1143
1682720 1140
1682730 1138
1682740 1138
1682750 1136
1682760 1135
1682770 1134
1682780 1134
1682790 1134
1682800 1133
1682810 1133
1682820 1132
1682830 1132
1682840 1132
1682850 1131
1682860 1130
1682870 1130
1682880 1128
1682890 1128
1682900 1128
1682910 1129
1682920 1127
1682930 1127
1682940 1127
1682950 1126
1682960 1126
1682970 1126
1682980 1125
1682990 1125
1683000 1124
1683010 1123
1683020 1123
1683030 1121
1683040 1120
1683050 1117
1683060 1117
1683070 1116
1683080 1115
1683090 1115
1683100 1114
1683110 1114
1683120 1114
1683130 1113
1683140 1112
1683150 1112
1683160 1112
1683170 1111
1683180 1111
1683190 1111
1683200 1111
1683210 1111
1683220 1112
1683230 1113
1683240 1113
1683250 1113
1683260 1114
1683270 1114
1683280 1115
1683290 1116
1683300 1116
1683310 1116
1683320 1117
1683330 1117
1683340 1117
1683350 1117
1683360 1118
1683370 1118
1683380 1117
1683390 1117
1683400 1117
1683410 1116
1683420 1115
1683430 1115
1683440 1114
1683450 1114
1683460 1114
1683470 1114
1683480 1113
1683490 1113
1683500 1109
1683510 1104
1683520 1104
1683530 1097
1683540 1089
1683550 1089
1683560 1084
1683570 1079
1683580 1079
1683590 1073
1683600 1067
1683610 1063
1683620 1063
1683630 1057
1683640 1050
1683650 1050
1683660 1044
1683670 1042
1683680 1042
1683690 1035
1683700 1014
1683710 1014
1683720 997
1683730 983
1683740 983
1683750 974
1683760 967
1683770 967
1683780 959
1683790 951
1683800 951
1683810 944
1683820 937
1683830 937
1683840 930
1683850 922
1683860 913
1683870 913
1683880 905
1683890 899
1683900 899
1683910 892
1683920 883
1683930 883
1683940 874
1683950 873
1683960 873
1683970 872
1683980 869
1683990 869
1684000 864
1684010 857
1684020 857
1684030 849
1684040 840
1684050 840
1684060 840
1684070 839
1684080 839
1684090 844
1684100 853
1684110 853
1684120 861
1684130 872
1684140 880
1684150 880
1684160 887
1684170 892
1684180 892
1684190 895
1684200 895
1684210 895
1684220 898
1684230 900
1684240 900
1684250 907
1684260 914
1684270 914
1684280 919
1684290 924
1684300 924
1684310 928
1684320 936
1684330 936
1684340 946
1684350 950
1684360 950
1684370 947
1684380 944
1684390 944
1684400 951
1684410 958
1684420 964
1684430 964
1684440 971
1684450 978
1684460 978
1684470 986
1684480 993
1684490 993
1684500 999
1684510 1005
1684520 1005
1684530 1012
1684540 1017
1684550 1017
1684560 1024
1684570 1031
1684580 1031
1684590 1038
1684600 1042
1684610 1042
1684620 1049
1684630 1055
1684640 1055
1684650 1061
1684660 1067
1684670 1067
1684680 1072
1684690 1076
1684700 1081
1684710 1081
1684720 1085
1684730 1090
1684740 1090
1684750 1095
1684760 1099
1684770 1099
1684780 1104
1684790 1109
1684800 1109
1684810 1115
1684820 1119
1684830 1119
1684840 1124
1684850 1128
1684860 1128
1684870 1131
1684880 1135
1684890 1135
1684900 1138
1684910 1142
1684920 1142
1684930 1146
1684940 1150
1684950 1154
1684960 1154
1684970 1159
1684980 1165
1684990 1165
1685000 1166
1685010 1172
1685020 1172
1685030 1176
1685040 1180
1685050 1180
1685060 1184
1685070 1188
1685080 1188
1685090 1192
1685100 1195
1685110 1195
1685120 1199
1685130 1202
1685140 1202
1685150 1206
1685160 1209
1685170 1209
1685180 1212
1685190 1216
1685200 1216
1685210 1220
1685220 1223
1685230 1225
1685240 1225
1685250 1227
1685260 1228
1685270 1228
1685280 1225
1685290 1221
1685300 1221
1685310 1216
1685320 1210
1685330 1210
1685340 1203
1685350 1197
1685360 1197
1685370 1189
1685380 1183
1685390 1183
1685400 1175
1685410 1169
1685420 1169
1685430 1162
1685440 1156
1685450 1156
1685460 1151
1685470 1146
1685480 1146
1685490 1143
1685500 1140
1685510 1137
1685520 1137
1685530 1135
1685540 1134
1685550 1134
1685560 1134
1685570 1133
1685580 1133
1685590 1133
1685600 1135
1685610 1135
1685620 1137
1685630 1139
1685640 1139
1685650 1140
1685660 1141
1685670 1141
1685680 1142
1685690 1142
1685700 1142
1685710 1141
1685720 1141
1685730 1141
1685740 1141
1685750 1140
1685760 1140
1685770 1137
1685780 1134
1685790 1129
1685800 1129
1685810 1123
1685820 1117
1685830 1117
1685840 1112
1685850 1108
1685860 1108
1685870 1104
1685880 1102
1685890 1102
1685900 1100
1685910 1096
1685920 1096
1685930 1087
1685940 1080
1685950 1080
1685960 1075
1685970 1070
1685980 1070
1685990 1067
1686000 1065
1686010 1065
1686020 1064
1686030 1065
1686040 1066
1686050 1066
1686060 1066
1686070 1067
1686080 1067
1686090 1068
1686100 1069
1686110 1069
1686120 1071
1686130 1072
1686140 1072
1686150 1074
1686160 1077
1686170 1077
1686180 1080
1686190 1082
1686200 1082
1686210 1085
1686220 1087
1686230 1087
1686240 1085
1686250 1084
1686260 1084
1686270 1086
1686280 1091
1686290 1091
1686300 1094
1686310 1096
1686320 1099
1686330 1099
1686340 1101
1686350 1104
1686360 1104
1686370 1106
1686380 1107
1686390 1111
1686400 1112
1686410 1113
1686420 1113
1686430 1114
1686440 1114
1686450 1114
1686460 1114
1686470 1114
1686480 1114
1686490 1113
1686500 1114
1686510 1114
1686520 1114
1686530 1114
1686540 1114
1686550 1115
1686560 1116
1686570 1116
1686580 1117
1686590 1118
1686600 1121
1686610 1121
1686620 1121
1686630 1124
1686640 1124
1686650 1128
1686660 1131
1686670 1131
1686680 1133
1686690 1136
1686700 1136
1686710 1142
1686720 1145
1686730 1145
1686740 1149
1686750 1153
1686760 1153
1686770 1157
1686780 1161
1686790 1161
1686800 1167
1686810 1173
1686820 1173
1686830 1178
1686840 1182
1686850 1182
1686860 1187
1686870 1192
1686880 1196
1686890 1196
1686900 1201
1686910 1206
1686920 1206
1686930 1211
1686940 1215
1686950 1215
1686960 1221
1686970 1226
1686980 1226
1686990 1232
1687000 1236
1687010 1236
1687020 1242
1687030 1245
1687040 1245
1687050 1249
1687060 1249
1687070 1249
1687080 1248
1687090 1247
1687100 1247
1687110 1246
1687120 1244
1687130 1242
1687140 1242
1687150 1237
1687160 1227
1687170 1227
1687180 1223
1687190 1223
1687200 1223
1687210 1223
1687220 1217
1687230 1217
1687240 1217
1687250 1219
1687260 1219
1687270 1221
1687280 1223
1687290 1223
1687300 1226
1687310 1229
1687320 1229
1687330 1232
1687340 1235
1687350 1235
1687360 1237
1687370 1238
1687380 1238
1687390 1239
1687400 1241
1687410 1242
1687420 1242
1687430 1243
1687440 1244
1687450 1244
1687460 1245
1687470 1246
1687480 1246
1687490 1247
1687500 1247
1687510 1247
1687520 1248
1687530 1249
1687540 1249
1687550 1250
1687560 1252
1687570 1252
1687580 1255
1687590 1257
1687600 1257
1687610 1259
1687620 1262
1687630 1262
1687640 1263
1687650 1265
1687660 1265
1687670 1267
1687680 1269
1687690 1270
1687700 1270
1687710 1271
1687720 1272
1687730 1272
1687740 1275
1687750 1279
1687760 1279
1687770 1282
1687780 1285
1687790 1285
1687800 1288
1687810 1291
1687820 1291
1687830 1294
1687840 1297
1687850 1297
1687860 1300
1687870 1303
1687880 1303
1687890 1306
1687900 1309
1687910 1309
1687920 1312
1687930 1315
1687940 1315
1687950 1319
1687960 1323
1687970 1327
1687980 1327
1687990 1331
1688000 1335
1688010 1335
1688020 1339
1688030 1343
1688040 1343
1688050 1348
1688060 1352
1688070 1352
1688080 1356
1688090 1360
1688100 1360
1688110 1364
1688120 1367
1688130 1367
1688140 1371
1688150 1374
1688160 1374
1688170 1376
1688180 1379
1688190 1379
1688200 1380
1688210 1381
1688220 1382
1688230 1382
1688240 1382
1688250 1381
1688260 1381
1688270 1379
1688280 1377
1688290 1377
1688300 1374
1688310 1370
1688320 1370
1688330 1365
1688340 1360
1688350 1360
1688360 1354
1688370 1349
1688380 1349
1688390 1345
1688400 1341
1688410 1341
1688420 1338
1688430 1334
1688440 1334
1688450 1330
1688460 1325
1688470 1325
1688480 1323
1688490 1323
1688500 1323
1688510 1323
1688520 1323
1688530 1322
1688540 1322
1688550 1322
1688560 1320
1688570 1320
1688580 1320
1688590 1318
1688600 1318
1688610 1315
1688620 1313
1688630 1313
1688640 1310
1688650 1308
1688660 1308
1688670 1306
1688680 1304
1688690 1304
1688700 1302
1688710 1301
1688720 1301
1688730 1300
1688740 1298
1688750 1298
1688760 1297
1688770 1296
1688780 1294
1688790 1294
1688800 1293
1688810 1292
1688820 1292
1688830 1290
1688840 1289
1688850 1289
1688860 1287
1688870 1286
1688880 1286
1688890 1285
1688900 1284
1688910 1284
1688920 1283
1688930 1282
1688940 1282
1688950 1281
1688960 1280
1688970 1280
1688980 1280
1688990 1279
1689000 1279
1689010 1279
1689020 1279
1689030 1279
1689040 1278
1689050 1278
1689060 1278
1689070 1278
1689080 1277
1689090 1276
1689100 1276
1689110 1275
1689120 1275
1689130 1275
1689140 1273
1689150 1271
1689160 1271
1689170 1268
1689180 1264
1689190 1264
1689200 1260
1689210 1255
1689220 1255
1689230 1250
1689240 1245
1689250 1245
1689260 1238
1689270 1232
1689280 1232
1689290 1226
1689300 1220
1689310 1215
1689320 1215
1689330 1211
1689340 1206
1689350 1206
1689360 1202
1689370 1198
1689380 1198
1689390 1194
1689400 1190
1689410 1190
1689420 1188
1689430 1184
1689440 1184
1689450 1182
1689460 1181
1689470 1181
1689480 1180
1689490 1178
1689500 1178
1689510 1175
1689520 1172
1689530 1172
1689540 1167
1689550 1162
1689560 1162
1689570 1157
1689580 1152
1689590 1147
1689600 1147
1689610 1141
1689620 1137
1689630 1137
1689640 1132
1689650 1129
1689660 1129
1689670 1126
1689680 1122
1689690 1122
1689700 1119
1689710 1115
1689720 1115
1689730 1112
1689740 1111
1689750 1111
1689760 1111
1689770 1111
1689780 1111
1689790 1113
1689800 1114
1689810 1114
1689820 1116
1689830 1117
1689840 1117
1689850 1119
1689860 1120
1689870 1122
1689880 1122
1689890 1123
1689900 1124
1689910 1124
1689920 1125
1689930 1126
1689940 1126
1689950 1126
1689960 1126
1689970 1126
1689980 1126
1689990 1125
1690000 1125
1690010 1124
1690020 1121
1690030 1121
1690040 1119
1690050 1116
1690060 1116
1690070 1114
1690080 1112
1690090 1112
1690100 1109
1690110 1107
1690120 1107
1690130 1105
1690140 1103
1690150 1104
1690160 1104
1690170 1102
1690180 1101
1690190 1101
1690200 1100
1690210 1097
1690220 1097
1690230 1096
1690240 1097
1690250 1097
1690260 1097
1690270 1100
1690280 1100
1690290 1102
1690300 1107
1690310 1107
1690320 1109
1690330 1114
1690340 1114
1690350 1120
1690360 1125
1690370 1125
1690380 1131
1690390 1136
1690400 1142
1690410 1142
1690420 1146
1690430 1151
1690440 1151
1690450 1156
1690460 1160
1690470 1160
1690480 1164
1690490 1167
1690500 1167
1690510 1170
1690520 1173
1690530 1173
1690540 1175
1690550 1177
1690560 1177
1690570 1178
1690580 1178
1690590 1178
1690600 1176
1690610 1174
1690620 1174
1690630 1172
1690640 1170
1690650 1170
1690660 1169
1690670 1168
1690680 1167
1690690 1167
1690700 1166
1690710 1165
1690720 1165
1690730 1167
1690740 1167
1690750 1167
1690760 1168
1690770 1169
1690780 1169
1690790 1170
1690800 1171
1690810 1171
1690820 1172
1690830 1173
1690840 1173
1690850 1175
1690860 1177
1690870 1177
1690880 1179
1690890 1181
1690900 1181
1690910 1182
1690920 1185
1690930 1185
1690940 1186
1690950 1186
1690960 1189
1690970 1189
1690980 1191
1690990 1192
1691000 1192
1691010 1194
1691020 1195
1691030 1195
1691040 1197
1691050 1200
1691060 1200
1691070 1202
1691080 1203
1691090 1203
1691100 1204
1691110 1203
1691120 1203
1691130 1202
1691140 1204
1691150 1204
1691160 1208
1691170 1210
1691180 1210
1691190 1212
1691200 1214
1691210 1214
1691220 1215
1691230 1217
1691240 1219
1691250 1219
1691260 1223
1691270 1226
1691280 1226
1691290 1228
1691300 1230
1691310 1230
1691320 1233
1691330 1236
1691340 1236
1691350 1239
1691360 1241
1691370 1241
1691380 1244
1691390 1247
1691400 1247
1691410 1250
1691420 1253
1691430 1253
1691440 1256
1691450 1259
1691460 1259
1691470 1262
1691480 1265
1691490 1269
1691500 1269
1691510 1272
1691520 1274
1691530 1274
1691540 1277
1691550 1280
1691560 1280
1691570 1284
1691580 1287
1691590 1287
1691600 1290
1691610 1293
1691620 1293
1691630 1296
1691640 1298
1691650 1298
1691660 1300
1691670 1298
1691680 1298
1691690 1293
1691700 1288
1691710 1288
1691720 1285
1691730 1281
1691740 1281
1691750 1277
1691760 1274
1691770 1271
1691780 1271
1691790 1268
1691800 1265
1691810 1265
1691820 1262
1691830 1259
1691840 1259
1691850 1256
1691860 1253
1691870 1253
1691880 1249
1691890 1245
1691900 1245
1691910 1241
1691920 1237
1691930 1237
1691940 1234
1691950 1230
1691960 1230
1691970 1225
1691980 1221
1691990 1221
1692000 1216
1692010 1212
1692020 1212
1692030 1207
1692040 1202
1692050 1197
1692060 1197
1692070 1193
1692080 1192
1692090 1192
1692100 1184
1692110 1179
1692120 1179
1692130 1174
1692140 1168
1692150 1168
1692160 1161
1692170 1154
1692180 1154
1692190 1148
1692200 1141
1692210 1141
1692220 1135
1692230 1129
1692240 1129
1692250 1123
1692260 1116
1692270 1116
1692280 1109
1692290 1102
1692300 1102
1692310 1094
1692320 1087
1692330 1085
1692340 1085
1692350 1083
1692360 1081
1692370 1081
1692380 1078
1692390 1081
1692400 1081
1692410 1081
1692420 1073
1692430 1073
1692440 1060
1692450 1052
1692460 1052
1692470 1059
1692480 1069
1692490 1069
1692500 1079
1692510 1085
1692520 1085
1692530 1091
1692540 1095
1692550 1095
1692560 1098
1692570 1101
1692580 1104
1692590 1104
1692600 1106
1692610 1108
1692620 1108
1692630 1110
1692640 1112
1692650 1112
1692660 1113
1692670 1115
1692680 1115
1692690 1116
1692700 1118
1692710 1118
1692720 1119
1692730 1119
1692740 1119
1692750 1118
1692760 1115
1692770 1115
1692780 1110
1692790 1105
1692800 1105
1692810 1100
1692820 1095
1692830 1095
1692840 1087
1692850 1081
1692860 1075
1692870 1075
1692880 1072
1692890 1065
1692900 1065
1692910 1059
1692920 1051
1692930 1051
1692940 1044
1692950 1035
1692960 1035
1692970 1039
1692980 1041
1692990 1041
1693000 1043
1693010 1043
1693020 1043
1693030 1042
1693040 1041
1693050 1041
1693060 1041
1693070 1041
1693080 1041
1693090 1041
1693100 1040
1693110 1040
1693120 1039
1693130 1038
1693140 1037
1693150 1037
1693160 1034
1693170 1031
1693180 1031
1693190 1026
1693200 1020
1693210 1020
1693220 1014
1693230 1010
1693240 1010
1693250 1018
1693260 1022
1693270 1022
1693280 1025
1693290 1026
1693300 1026
1693310 1025
1693320 1022
1693330 1022
1693340 1018
1693350 1013
1693360 1013
1693370 1008
1693380 1006
1693390 1006
1693400 1015
1693410 1019
1693420 1024
1693430 1024
1693440 1029
1693450 1031
1693460 1031
1693470 1031
1693480 1032
1693490 1032
1693500 1032
1693510 1034
1693520 1034
1693530 1037
1693540 1042
1693550 1042
1693560 1046
1693570 1052
1693580 1052
1693590 1057
1693600 1062
1693610 1062
1693620 1068
1693630 1073
1693640 1073
1693650 1077
1693660 1080
1693670 1082
1693680 1082
1693690 1084
1693700 1086
1693710 1086
1693720 1089
1693730 1092
1693740 1092
1693750 1095
1693760 1097
1693770 1097
1693780 1095
1693790 1088
1693800 1088
1693810 1082
1693820 1076
1693830 1076
1693840 1072
1693850 1063
1693860 1063
1693870 1057
1693880 1051
1693890 1051
1693900 1045
1693910 1038
1693920 1038
1693930 1033
1693940 1027
1693950 1020
1693960 1020
1693970 1013
1693980 1019
1693990 1019
1694000 1019
1694010 1020
1694020 1020
1694030 1020
1694040 1019
1694050 1019
1694060 1018
1694070 1017
1694080 1017
1694090 1015
1694100 1011
1694110 1011
1694120 1006
1694130 1001
1694140 1001
1694150 995
1694160 991
1694170 991
1694180 988
1694190 987
1694200 987
1694210 987
1694220 987
1694230 989
1694240 989
1694250 991
1694260 992
1694270 992
1694280 994
1694290 994
1694300 994
1694310 993
1694320 992
1694330 992
1694340 991
1694350 989
1694360 989
1694370 988
1694380 982
1694390 982
1694400 979
1694410 978
1694420 978
1694430 978
1694440 980
1694450 980
1694460 981
1694470 981
1694480 981
1694490 980
1694500 979
1694510 974
1694520 974
1694530 969
1694540 964
1694550 964
1694560 957
1694570 954
1694580 954
1694590 946
1694600 940
1694610 940
1694620 936
1694630 932
1694640 932
1694650 928
1694660 924
1694670 924
1694680 920
1694690 916
1694700 916
1694710 912
1694720 908
1694730 908
1694740 903
1694750 898
1694760 895
1694770 895
1694780 891
1694790 887
1694800 887
1694810 885
1694820 885
1694830 885
1694840 884
1694850 886
1694860 886
1694870 885
1694880 886
1694890 886
1694900 890
1694910 895
1694920 895
1694930 901
1694940 906
1694950 906
1694960 911
1694970 917
1694980 917
1694990 923
1695000 930
1695010 930
1695020 937
1695030 943
1695040 948
1695050 948
1695060 954
1695070 960
1695080 960
1695090 967
1695100 974
1695110 974
1695120 980
1695130 986
1695140 986
1695150 990
1695160 994
1695170 994
1695180 995
1695190 991
1695200 991
1695210 986
1695220 980
1695230 980
1695240 973
1695250 966
1695260 966
1695270 962
1695280 953
1695290 953
1695300 950
1695310 946
1695320 942
1695330 942
1695340 938
1695350 932
1695360 932
1695370 926
1695380 923
1695390 923
1695400 920
1695410 918
1695420 918
1695430 911
1695440 904
1695450 904
1695460 897
1695470 894
1695480 894
1695490 892
1695500 888
1695510 888
1695520 883
1695530 881
1695540 881
1695550 878
1695560 876
1695570 876
1695580 873
1695590 871
1695600 872
1695610 872
1695620 872
1695630 872
1695640 872
1695650 870
1695660 867
1695670 867
1695680 861
1695690 859
1695700 859
1695710 861
1695720 861
1695730 861
1695740 861
1695750 862
1695760 862
1695770 861
1695780 861
1695790 861
1695800 859
1695810 862
1695820 862
1695830 866
1695840 866
1695850 866
1695860 866
1695870 859
1695880 855
1695890 855
1695900 854
1695910 855
1695920 855
1695930 855
1695940 855
1695950 855
1695960 853
1695970 848
1695980 848
1695990 843
1696000 845
1696010 845
1696020 847
1696030 845
1696040 845
1696050 844
1696060 843
1696070 843
1696080 843
1696090 841
1696100 841
1696110 842
1696120 843
1696130 845
1696140 845
1696150 850
1696160 858
1696170 858
1696180 863
1696190 868
1696200 868
1696210 873
1696220 877
1696230 877
1696240 881
1696250 883
1696260 883
1696270 884
1696280 884
1696290 884
1696300 889
1696310 897
1696320 897
1696330 902
1696340 906
1696350 906
1696360 909
1696370 912
1696380 912
1696390 915
1696400 917
1696410 920
1696420 920
1696430 922
1696440 924
1696450 924
1696460 925
1696470 928
1696480 928
1696490 931
1696500 933
1696510 933
1696520 935
1696530 936
1696540 936
1696550 945
1696560 952
1696570 952
1696580 957
1696590 961
1696600 961
1696610 964
1696620 967
1696630 967
1696640 969
1696650 970
1696660 970
1696670 973
1696680 975
1696690 975
1696700 975
1696710 976
1696720 978
1696730 978
1696740 981
1696750 983
1696760 983
1696770 985
1696780 987
1696790 987
1696800 990
1696810 992
1696820 992
1696830 994
1696840 995
1696850 995
1696860 997
1696870 998
1696880 998
1696890 998
1696900 998
1696910 998
1696920 998
1696930 997
1696940 997
1696950 996
1696960 995
1696970 995
1696980 995
1696990 994
1697000 992
1697010 992
1697020 991
1697030 989
1697040 989
1697050 990
1697060 989
1697070 989
1697080 988
1697090 986
1697100 986
1697110 981
1697120 974
1697130 974
1697140 968
1697150 963
1697160 963
1697170 958
1697180 954
1697190 954
1697200 947
1697210 940
1697220 945
1697230 945
1697240 948
1697250 950
1697260 950
1697270 954
1697280 956
1697290 956
1697300 958
1697310 958
1697320 958
1697330 956
1697340 952
1697350 952
1697360 948
1697370 943
1697380 943
1697390 942
1697400 944
1697410 944
1697420 947
1697430 951
1697440 951
1697450 956
1697460 962
1697470 962
1697480 967
1697490 972
1697500 977
1697510 977
1697520 980
1697530 980
1697540 980
1697550 980
1697560 978
1697570 978
1697580 977
1697590 976
1697600 976
1697610 975
1697620 973
1697630 973
1697640 972
1697650 971
1697660 971
1697670 970
1697680 969
1697690 969
1697700 968
1697710 967
1697720 967
1697730 965
1697740 962
1697750 962
1697760 958
1697770 956
1697780 957
1697790 957
1697800 958
1697810 959
1697820 959
1697830 959
1697840 952
1697850 952
1697860 949
1697870 946
1697880 946
1697890 942
1697900 938
1697910 938
1697920 935
1697930 931
1697940 931
1697950 927
1697960 924
1697970 924
1697980 921
1697990 918
1698000 918
1698010 916
1698020 915
1698030 915
1698040 916
1698050 918
1698060 920
1698070 920
1698080 924
1698090 929
1698100 929
1698110 934
1698120 939
1698130 939
1698140 943
1698150 948
1698160 948
1698170 952
1698180 957
1698190 957
1698200 961
1698210 967
1698220 967
1698230 974
1698240 979
1698250 979
1698260 986
1698270 992
1698280 992
1698290 997
1698300 1002
1698310 1007
1698320 1007
1698330 1011
1698340 1013
1698350 1013
1698360 1014
1698370 1015
1698380 1015
1698390 1017
1698400 1015
1698410 1015
1698420 1010
1698430 1004
1698440 1004
1698450 997
1698460 991
1698470 991
1698480 985
1698490 979
1698500 979
1698510 974
1698520 969
1698530 969
1698540 965
1698550 962
1698560 962
1698570 958
1698580 954
1698590 951
1698600 951
1698610 951
1698620 953
1698630 953
1698640 953
1698650 955
1698660 955
1698670 956
1698680 958
1698690 958
1698700 960
1698710 961
1698720 961
1698730 962
1698740 962
1698750 962
1698760 963
1698770 964
1698780 964
1698790 965
1698800 964
1698810 964
1698820 964
1698830 964
1698840 964
1698850 963
1698860 963
1698870 963
1698880 963
1698890 962
1698900 962
1698910 962
1698920 961
1698930 960
1698940 960
1698950 958
1698960 956
1698970 956
1698980 952
1698990 946
1699000 946
1699010 940
1699020 935
1699030 935
1699040 930
1699050 925
1699060 925
1699070 922
1699080 924
1699090 924
1699100 925
1699110 927
1699120 927
1699130 929
1699140 931
1699150 933
1699160 933
1699170 934
1699180 934
1699190 934
1699200 934
1699210 934
1699220 934
1699230 933
1699240 932
1699250 932
1699260 931
1699270 929
1699280 929
1699290 928
1699300 927
1699310 927
1699320 927
1699330 925
1699340 925
1699350 924
1699360 923
1699370 923
1699380 921
1699390 919
1699400 919
1699410 919
1699420 918
1699430 917
1699440 917
1699450 917
1699460 917
1699470 917
1699480 917
1699490 916
1699500 916
1699510 916
1699520 917
1699530 917
1699540 918
1699550 920
1699560 920
1699570 922
1699580 925
1699590 925
1699600 927
1699610 930
1699620 930
1699630 934
1699640 937
1699650 937
1699660 940
1699670 946
1699680 950
1699690 950
1699700 953
1699710 947
1699720 947
1699730 938
1699740 926
1699750 926
1699760 919
1699770 911
1699780 911
1699790 904
1699800 897
1699810 897
1699820 890
1699830 884
1699840 884
1699850 876
1699860 870
1699870 870
1699880 864
1699890 858
1699900 858
1699910 853
1699920 847
1699930 847
1699940 841
1699950 838
1699960 840
1699970 840
1699980 840
1699990 841
