1680000 564
1680010 566
1680020 568
1680030 570
1680040 570
1680050 572
1680060 573
1680070 573
1680080 573
1680090 573
1680100 573
1680110 574
1680120 574
1680130 574
1680140 573
1680150 570
1680160 570
1680170 567
1680180 565
1680190 565
1680200 562
1680210 558
1680220 558
1680230 556
1680240 554
1680250 554
1680260 553
1680270 551
1680280 551
1680290 551
1680300 551
1680310 550
1680320 550
1680330 550
1680340 549
1680350 549
1680360 550
1680370 550
1680380 550
1680390 551
1680400 553
1680410 553
1680420 555
1680430 556
1680440 556
1680450 559
1680460 566
1680470 566
1680480 569
1680490 570
1680500 570
1680510 573
1680520 576
1680530 576
1680540 579
1680550 582
1680560 582
1680570 586
1680580 589
1680590 589
1680600 592
1680610 595
1680620 598
1680630 598
1680640 600
1680650 602
1680660 602
1680670 604
1680680 603
1680690 603
1680700 599
1680710 596
1680720 596
1680730 593
1680740 590
1680750 590
1680760 588
1680770 586
1680780 586
1680790 586
1680800 586
1680810 586
1680820 587
1680830 583
1680840 583
1680850 581
1680860 578
1680870 578
1680880 575
1680890 573
1680900 570
1680910 570
1680920 568
1680930 565
1680940 565
1680950 562
1680960 557
1680970 557
1680980 557
1680990 557
1681000 557
1681010 557
1681020 558
1681030 558
1681040 558
1681050 558
1681060 558
1681070 558
1681080 558
1681090 558
1681100 559
1681110 559
1681120 559
1681130 559
1681140 559
1681150 559
1681160 561
1681170 568
1681180 568
1681190 573
1681200 579
1681210 579
1681220 579
1681230 580
1681240 580
1681250 580
1681260 588
1681270 592
1681280 592
1681290 596
1681300 600
1681310 600
1681320 602
1681330 605
1681340 605
1681350 608
1681360 611
1681370 611
1681380 613
1681390 615
1681400 615
1681410 618
1681420 620
1681430 620
1681440 623
1681450 624
1681460 624
1681470 623
1681480 622
1681490 621
1681500 621
1681510 621
1681520 622
1681530 622
1681540 624
1681550 624
1681560 624
1681570 624
1681580 625
1681590 625
1681600 626
1681610 627
1681620 627
1681630 627
1681640 628
1681650 628
1681660 628
1681670 628
1681680 628
1681690 628
1681700 626
1681710 626
1681720 624
1681730 623
1681740 623
1681750 623
1681760 623
1681770 623
1681780 624
1681790 623
1681800 621
1681810 621
1681820 621
1681830 620
1681840 620
1681850 620
1681860 621
1681870 621
1681880 621
1681890 622
1681900 622
1681910 623
1681920 623
1681930 623
1681940 623
1681950 624
1681960 624
1681970 626
1681980 625
1681990 625
1682000 624
1682010 625
1682020 625
1682030 625
1682040 627
1682050 627
1682060 629
1682070 630
1682080 630
1682090 633
1682100 632
1682110 633
1682120 633
1682130 634
1682140 633
1682150 633
1682160 632
1682170 632
1682180 632
1682190 631
1682200 630
1682210 630
1682220 629
1682230 627
1682240 627
1682250 627
1682260 625
1682270 625
1682280 624
1682290 624
1682300 624
1682310 624
1682320 623
1682330 623
1682340 623
1682350 622
1682360 622
1682370 623
1682380 622
1682390 623
1682400 623
1682410 623
1682420 624
1682430 624
1682440 623
1682450 623
1682460 623
1682470 623
1682480 623
1682490 623
1682500 623
1682510 623
1682520 623
1682530 621
1682540 619
1682550 619
1682560 617
1682570 615
1682580 615
1682590 613
1682600 611
1682610 611
1682620 610
1682630 609
1682640 609
1682650 608
1682660 608
1682670 608
1682680 608
1682690 608
1682700 607
1682710 607
1682720 606
1682730 605
1682740 605
1682750 603
1682760 601
1682770 601
1682780 599
1682790 597
1682800 597
1682810 597
1682820 595
1682830 595
1682840 592
1682850 589
1682860 589
1682870 586
1682880 584
1682890 584
1682900 581
1682910 580
1682920 580
1682930 575
1682940 574
1682950 574
1682960 576
1682970 576
1682980 578
1682990 578
1683000 578
1683010 578
1683020 578
1683030 579
1683040 580
1683050 580
1683060 582
1683070 588
1683080 588
1683090 589
1683100 590
1683110 590
1683120 592
1683130 592
1683140 592
1683150 592
1683160 591
1683170 591
1683180 590
1683190 588
1683200 588
1683210 585
1683220 582
1683230 582
1683240 579
1683250 575
1683260 575
1683270 572
1683280 568
1683290 564
1683300 564
1683310 560
1683320 553
1683330 553
1683340 547
1683350 543
1683360 543
1683370 542
1683380 542
1683390 542
1683400 541
1683410 542
1683420 542
1683430 545
1683440 547
1683450 547
1683460 549
1683470 547
1683480 547
1683490 543
1683500 546
1683510 546
1683520 544
1683530 536
1683540 536
1683550 530
1683560 528
1683570 526
1683580 526
1683590 525
1683600 525
1683610 525
1683620 524
1683630 524
1683640 524
1683650 524
1683660 523
1683670 523
1683680 523
1683690 523
1683700 523
1683710 523
1683720 521
1683730 521
1683740 520
1683750 520
1683760 520
1683770 519
1683780 521
1683790 521
1683800 521
1683810 521
1683820 521
1683830 521
1683840 520
1683850 520
1683860 520
1683870 520
1683880 520
1683890 520
1683900 520
1683910 520
1683920 520
1683930 520
1683940 520
1683950 520
1683960 520
1683970 519
1683980 519
1683990 519
1684000 519
1684010 519
1684020 519
1684030 519
1684040 519
1684050 519
1684060 519
1684070 519
1684080 519
1684090 519
1684100 519
1684110 518
1684120 518
1684130 518
1684140 514
1684150 514
1684160 514
1684170 514
1684180 514
1684190 514
1684200 514
1684210 514
1684220 518
1684230 518
1684240 520
1684250 520
1684260 520
1684270 520
1684280 520
1684290 520
1684300 517
1684310 518
1684320 518
1684330 520
1684340 520
1684350 520
1684360 520
1684370 520
1684380 520
1684390 520
1684400 520
1684410 520
1684420 520
1684430 519
1684440 519
1684450 519
1684460 519
1684470 519
1684480 519
1684490 519
1684500 519
1684510 519
1684520 519
1684530 520
1684540 520
1684550 519
1684560 519
1684570 519
1684580 520
1684590 519
1684600 519
1684610 520
1684620 521
1684630 521
1684640 520
1684650 519
1684660 519
1684670 519
1684680 519
1684690 519
1684700 519
1684710 519
1684720 519
1684730 519
1684740 519
1684750 519
1684760 519
1684770 519
1684780 519
1684790 519
1684800 519
1684810 519
1684820 519
1684830 519
1684840 519
1684850 519
1684860 519
1684870 519
1684880 519
1684890 519
1684900 519
1684910 519
1684920 519
1684930 519
1684940 519
1684950 520
1684960 520
1684970 520
1684980 520
1684990 520
1685000 520
1685010 520
1685020 520
1685030 520
1685040 520
1685050 521
1685060 521
1685070 521
1685080 521
1685090 521
1685100 521
1685110 521
1685120 522
1685130 522
1685140 522
1685150 522
1685160 522
1685170 522
1685180 523
1685190 523
1685200 523
1685210 523
1685220 523
1685230 523
1685240 524
1685250 524
1685260 524
1685270 524
1685280 524
1685290 524
1685300 524
1685310 524
1685320 524
1685330 524
1685340 524
1685350 524
1685360 524
1685370 524
1685380 524
1685390 526
1685400 524
1685410 524
1685420 528
1685430 526
1685440 526
1685450 526
1685460 526
1685470 526
1685480 527
1685490 527
1685500 527
1685510 527
1685520 527
1685530 527
1685540 527
1685550 527
1685560 527
1685570 527
1685580 527
1685590 527
1685600 527
1685610 527
1685620 527
1685630 527
1685640 526
1685650 526
1685660 526
1685670 526
1685680 526
1685690 526
1685700 526
1685710 527
1685720 527
1685730 527
1685740 527
1685750 527
1685760 527
1685770 527
1685780 527
1685790 527
1685800 528
1685810 528
1685820 527
1685830 527
1685840 527
1685850 527
1685860 527
1685870 527
1685880 527
1685890 527
1685900 527
1685910 528
1685920 527
1685930 527
1685940 527
1685950 527
1685960 527
1685970 527
1685980 527
1685990 526
1686000 526
1686010 526
1686020 526
1686030 526
1686040 525
1686050 525
1686060 525
1686070 525
1686080 525
1686090 525
1686100 525
1686110 525
1686120 525
1686130 525
1686140 525
1686150 525
1686160 525
1686170 525
1686180 525
1686190 525
1686200 525
1686210 525
1686220 525
1686230 525
1686240 525
1686250 525
1686260 525
1686270 525
1686280 525
1686290 525
1686300 525
1686310 525
1686320 525
1686330 525
1686340 525
1686350 525
1686360 525
1686370 525
1686380 525
1686390 525
1686400 525
1686410 525
1686420 525
1686430 525
1686440 525
1686450 525
1686460 525
1686470 525
1686480 525
1686490 525
1686500 525
1686510 525
1686520 525
1686530 525
1686540 525
1686550 525
1686560 525
1686570 525
1686580 525
1686590 525
1686600 525
1686610 525
1686620 525
1686630 525
1686640 525
1686650 525
1686660 525
1686670 525
1686680 525
1686690 525
1686700 526
1686710 526
1686720 526
1686730 526
1686740 526
1686750 526
1686760 526
1686770 526
1686780 526
1686790 526
1686800 526
1686810 527
1686820 527
1686830 527
1686840 527
1686850 528
1686860 529
1686870 529
1686880 530
1686890 527
1686900 527
1686910 527
1686920 529
1686930 529
1686940 529
1686950 530
1686960 530
1686970 530
1686980 530
1686990 530
1687000 530
1687010 530
1687020 530
1687030 529
1687040 531
1687050 531
1687060 533
1687070 537
1687080 537
1687090 542
1687100 549
1687110 556
1687120 556
1687130 563
1687140 566
1687150 566
1687160 567
1687170 569
1687180 569
1687190 573
1687200 577
1687210 577
1687220 581
1687230 584
1687240 584
1687250 586
1687260 589
1687270 589
1687280 591
1687290 592
1687300 592
1687310 593
1687320 593
1687330 593
1687340 593
1687350 596
1687360 596
1687370 599
1687380 601
1687390 601
1687400 603
1687410 606
1687420 608
1687430 608
1687440 608
1687450 608
1687460 608
1687470 609
1687480 610
1687490 610
1687500 610
1687510 609
1687520 609
1687530 609
1687540 609
1687550 609
1687560 609
1687570 608
1687580 608
1687590 608
1687600 609
1687610 609
1687620 609
1687630 608
1687640 608
1687650 605
1687660 602
1687670 602
1687680 599
1687690 595
1687700 594
1687710 594
1687720 591
1687730 589
1687740 589
1687750 587
1687760 585
1687770 585
1687780 583
1687790 581
1687800 581
1687810 579
1687820 576
1687830 576
1687840 573
1687850 571
1687860 571
1687870 568
1687880 564
1687890 564
1687900 561
1687910 558
1687920 558
1687930 554
1687940 552
1687950 552
1687960 551
1687970 551
1687980 551
1687990 552
1688000 553
1688010 554
1688020 554
1688030 554
1688040 554
1688050 554
1688060 554
1688070 554
1688080 554
1688090 554
1688100 554
1688110 554
1688120 554
1688130 555
1688140 555
1688150 555
1688160 555
1688170 555
1688180 554
1688190 557
1688200 557
1688210 560
1688220 566
1688230 566
1688240 574
1688250 578
1688260 578
1688270 581
1688280 585
1688290 589
1688300 589
1688310 593
1688320 598
1688330 598
1688340 602
1688350 606
1688360 606
1688370 610
1688380 616
1688390 616
1688400 622
1688410 627
1688420 627
1688430 633
1688440 638
1688450 638
1688460 645
1688470 650
1688480 650
1688490 654
1688500 658
1688510 658
1688520 662
1688530 666
1688540 666
1688550 669
1688560 673
1688570 673
1688580 677
1688590 678
1688600 680
1688610 680
1688620 683
1688630 686
1688640 686
1688650 689
1688660 691
1688670 691
1688680 693
1688690 694
1688700 694
1688710 696
1688720 697
1688730 697
1688740 699
1688750 700
1688760 700
1688770 701
1688780 702
1688790 702
1688800 704
1688810 705
1688820 705
1688830 707
1688840 709
1688850 709
1688860 710
1688870 712
1688880 713
1688890 713
1688900 715
1688910 716
1688920 716
1688930 720
1688940 724
1688950 724
1688960 727
1688970 730
1688980 730
1688990 732
1689000 736
1689010 736
1689020 738
1689030 741
1689040 741
1689050 743
1689060 746
1689070 746
1689080 749
1689090 752
1689100 752
1689110 754
1689120 756
1689130 756
1689140 757
1689150 760
1689160 760
1689170 761
1689180 763
1689190 764
1689200 764
1689210 763
1689220 760
1689230 760
1689240 757
1689250 753
1689260 753
1689270 750
1689280 748
1689290 748
1689300 744
1689310 740
1689320 740
1689330 735
1689340 730
1689350 730
1689360 722
1689370 713
1689380 713
1689390 706
1689400 697
1689410 697
1689420 690
1689430 683
1689440 683
1689450 678
1689460 673
1689470 668
1689480 668
1689490 665
1689500 662
1689510 662
1689520 659
1689530 657
1689540 657
1689550 655
1689560 653
1689570 653
1689580 651
1689590 649
1689600 649
1689610 648
1689620 647
1689630 647
1689640 642
1689650 639
1689660 639
1689670 636
1689680 632
1689690 632
1689700 627
1689710 623
1689720 623
1689730 619
1689740 615
1689750 615
1689760 611
1689770 607
1689780 604
1689790 604
1689800 600
1689810 597
1689820 597
1689830 596
1689840 600
1689850 600
1689860 606
1689870 612
1689880 612
1689890 615
1689900 620
1689910 620
1689920 623
1689930 628
1689940 628
1689950 633
1689960 638
1689970 638
1689980 641
1689990 644
1690000 644
1690010 648
1690020 651
1690030 651
1690040 655
1690050 659
1690060 664
1690070 664
1690080 667
1690090 671
1690100 671
1690110 675
1690120 679
1690130 679
1690140 682
1690150 685
1690160 685
1690170 689
1690180 693
1690190 693
1690200 695
1690210 698
1690220 698
1690230 701
1690240 705
1690250 705
1690260 709
1690270 713
1690280 713
1690290 716
1690300 719
1690310 719
1690320 722
1690330 726
1690340 726
1690350 729
1690360 733
1690370 736
1690380 736
1690390 739
1690400 742
1690410 742
1690420 744
1690430 747
1690440 747
1690450 749
1690460 751
1690470 751
1690480 753
1690490 756
1690500 756
1690510 759
1690520 762
1690530 762
1690540 766
1690550 769
1690560 769
1690570 771
1690580 775
1690590 775
1690600 780
1690610 785
1690620 785
1690630 789
1690640 791
1690650 795
1690660 795
1690670 799
1690680 803
1690690 803
1690700 807
1690710 810
1690720 810
1690730 814
1690740 817
1690750 817
1690760 820
1690770 824
1690780 824
1690790 826
1690800 827
1690810 827
1690820 826
1690830 824
1690840 824
1690850 823
1690860 821
1690870 821
1690880 818
1690890 816
1690900 816
1690910 812
1690920 810
1690930 810
1690940 807
1690950 804
1690960 801
1690970 801
1690980 799
1690990 796
1691000 796
1691010 793
1691020 791
1691030 791
1691040 789
1691050 785
1691060 785
1691070 783
1691080 780
1691090 780
1691100 777
1691110 774
1691120 774
1691130 770
1691140 765
1691150 765
1691160 761
1691170 758
1691180 758
1691190 757
1691200 756
1691210 756
1691220 756
1691230 757
1691240 758
1691250 758
1691260 759
1691270 761
1691280 761
1691290 761
1691300 763
1691310 763
1691320 766
1691330 769
1691340 769
1691350 773
1691360 778
1691370 778
1691380 783
1691390 787
1691400 787
1691410 791
1691420 793
1691430 793
1691440 794
1691450 795
1691460 795
1691470 797
1691480 800
1691490 800
1691500 803
1691510 805
1691520 805
1691530 806
1691540 805
1691550 802
1691560 802
1691570 799
1691580 795
1691590 795
1691600 790
1691610 785
1691620 785
1691630 780
1691640 775
1691650 775
1691660 771
1691670 767
1691680 767
1691690 763
1691700 760
1691710 760
1691720 758
1691730 756
1691740 756
1691750 755
1691760 753
1691770 753
1691780 751
1691790 748
1691800 748
1691810 746
1691820 743
1691830 743
1691840 739
1691850 735
1691860 729
1691870 729
1691880 724
1691890 722
1691900 722
1691910 717
1691920 713
1691930 713
1691940 710
1691950 708
1691960 708
1691970 703
1691980 698
1691990 698
1692000 695
1692010 691
1692020 691
1692030 686
1692040 683
1692050 683
1692060 679
1692070 676
1692080 676
1692090 674
1692100 670
1692110 670
1692120 667
1692130 664
1692140 661
1692150 661
1692160 656
1692170 652
1692180 652
1692190 650
1692200 650
1692210 650
1692220 648
1692230 643
1692240 643
1692250 638
1692260 635
1692270 635
1692280 633
1692290 630
1692300 630
1692310 629
1692320 628
1692330 628
1692340 625
1692350 623
1692360 623
1692370 620
1692380 617
1692390 617
1692400 614
1692410 611
1692420 611
1692430 606
1692440 602
1692450 598
1692460 598
1692470 595
1692480 591
1692490 591
1692500 588
1692510 583
1692520 583
1692530 585
1692540 586
1692550 586
1692560 588
1692570 590
1692580 590
1692590 595
1692600 597
1692610 597
1692620 599
1692630 602
1692640 602
1692650 604
1692660 606
1692670 606
1692680 607
1692690 608
1692700 608
1692710 612
1692720 614
1692730 615
1692740 615
1692750 616
1692760 617
1692770 617
1692780 618
1692790 618
1692800 618
1692810 617
1692820 616
1692830 616
1692840 615
1692850 614
1692860 614
1692870 613
1692880 611
1692890 611
1692900 609
1692910 609
1692920 609
1692930 608
1692940 607
1692950 607
1692960 605
1692970 602
1692980 602
1692990 597
1693000 593
1693010 593
1693020 587
1693030 583
1693040 579
1693050 579
1693060 578
1693070 574
1693080 574
1693090 573
1693100 573
1693110 573
1693120 572
1693130 572
1693140 572
1693150 572
1693160 572
1693170 572
1693180 573
1693190 573
1693200 573
1693210 573
1693220 573
1693230 573
1693240 574
1693250 574
1693260 574
1693270 574
1693280 575
1693290 575
1693300 575
1693310 575
1693320 575
1693330 575
1693340 572
1693350 575
1693360 575
1693370 575
1693380 576
1693390 576
1693400 576
1693410 580
1693420 580
1693430 585
1693440 587
1693450 587
1693460 589
1693470 591
1693480 591
1693490 593
1693500 595
1693510 595
1693520 596
1693530 597
1693540 597
1693550 600
1693560 603
1693570 603
1693580 606
1693590 610
1693600 610
1693610 613
1693620 617
1693630 620
1693640 620
1693650 621
1693660 625
1693670 625
1693680 630
1693690 633
1693700 633
1693710 635
1693720 639
1693730 639
1693740 642
1693750 646
1693760 646
1693770 648
1693780 652
1693790 652
1693800 655
1693810 658
1693820 658
1693830 660
1693840 661
1693850 661
1693860 662
1693870 661
1693880 661
1693890 663
1693900 664
1693910 665
1693920 665
1693930 669
1693940 670
1693950 670
1693960 672
1693970 675
1693980 675
1693990 678
1694000 681
1694010 681
1694020 685
1694030 688
1694040 688
1694050 691
1694060 694
1694070 694
1694080 697
1694090 699
1694100 699
1694110 702
1694120 704
1694130 704
1694140 707
1694150 710
1694160 710
1694170 713
1694180 715
1694190 715
1694200 718
1694210 720
1694220 722
1694230 722
1694240 724
1694250 725
1694260 725
1694270 725
1694280 726
1694290 726
1694300 726
1694310 726
1694320 726
1694330 725
1694340 723
1694350 723
1694360 723
1694370 723
1694380 723
1694390 723
1694400 723
1694410 723
1694420 723
1694430 722
1694440 722
1694450 721
1694460 718
1694470 718
1694480 716
1694490 715
1694500 713
1694510 713
1694520 711
1694530 710
1694540 710
1694550 709
1694560 708
1694570 708
1694580 706
1694590 703
1694600 703
1694610 704
1694620 699
1694630 699
1694640 695
1694650 701
1694660 701
1694670 704
1694680 706
1694690 706
1694700 707
1694710 708
1694720 708
1694730 708
1694740 709
1694750 709
1694760 708
1694770 707
1694780 707
1694790 705
1694800 702
1694810 699
1694820 699
1694830 696
1694840 693
1694850 693
1694860 689
1694870 686
1694880 686
1694890 685
1694900 684
1694910 684
1694920 682
1694930 682
1694940 682
1694950 682
1694960 681
1694970 681
1694980 683
1694990 685
1695000 685
1695010 687
1695020 691
1695030 691
1695040 693
1695050 691
1695060 691
1695070 690
1695080 693
1695090 696
1695100 696
1695110 698
1695120 699
1695130 699
1695140 700
1695150 703
1695160 703
1695170 703
1695180 701
1695190 701
1695200 698
1695210 696
1695220 696
1695230 694
1695240 691
1695250 691
1695260 687
1695270 684
1695280 684
1695290 680
1695300 676
1695310 676
1695320 673
1695330 670
1695340 670
1695350 668
1695360 668
1695370 668
1695380 667
1695390 665
1695400 662
1695410 662
1695420 658
1695430 655
1695440 655
1695450 650
1695460 649
1695470 649
1695480 655
1695490 663
1695500 663
1695510 667
1695520 671
1695530 671
1695540 674
1695550 675
1695560 675
1695570 677
1695580 679
1695590 679
1695600 680
1695610 681
1695620 681
1695630 683
1695640 684
1695650 684
1695660 685
1695670 685
1695680 686
1695690 686
1695700 687
1695710 687
1695720 687
1695730 689
1695740 692
1695750 692
1695760 694
1695770 696
1695780 696
1695790 699
1695800 700
1695810 700
1695820 702
1695830 702
1695840 702
1695850 703
1695860 704
1695870 704
1695880 705
1695890 705
1695900 705
1695910 706
1695920 707
1695930 707
1695940 707
1695950 706
1695960 706
1695970 705
1695980 708
1695990 708
1696000 708
1696010 707
1696020 701
1696030 701
1696040 699
1696050 698
1696060 698
1696070 697
1696080 696
1696090 696
1696100 694
1696110 693
1696120 693
1696130 691
1696140 688
1696150 688
1696160 687
1696170 680
1696180 680
1696190 677
1696200 673
1696210 673
1696220 670
1696230 665
1696240 665
1696250 662
1696260 659
1696270 657
1696280 657
1696290 655
1696300 648
1696310 648
1696320 644
1696330 645
1696340 645
1696350 643
1696360 640
1696370 640
1696380 630
1696390 626
1696400 626
1696410 619
1696420 616
1696430 616
1696440 613
1696450 609
1696460 609
1696470 606
1696480 604
1696490 604
1696500 599
1696510 596
1696520 596
1696530 591
1696540 586
1696550 586
1696560 581
1696570 577
1696580 572
1696590 572
1696600 566
1696610 563
1696620 563
1696630 566
1696640 570
1696650 570
1696660 576
1696670 581
1696680 581
1696690 585
1696700 589
1696710 589
1696720 592
1696730 596
1696740 596
1696750 601
1696760 606
1696770 606
1696780 609
1696790 608
1696800 608
1696810 607
1696820 606
1696830 606
1696840 609
1696850 610
1696860 611
1696870 611
1696880 613
1696890 613
1696900 613
1696910 618
1696920 619
1696930 619
1696940 618
1696950 618
1696960 618
1696970 618
1696980 618
1696990 618
1697000 620
1697010 622
1697020 622
1697030 625
1697040 631
1697050 631
1697060 639
1697070 646
1697080 646
1697090 648
1697100 651
1697110 651
1697120 653
1697130 654
1697140 654
1697150 657
1697160 657
1697170 658
1697180 658
1697190 666
1697200 675
1697210 675
1697220 683
1697230 689
1697240 689
1697250 693
1697260 696
1697270 696
1697280 700
1697290 701
1697300 701
1697310 705
1697320 710
1697330 710
1697340 714
1697350 717
1697360 717
1697370 720
1697380 723
1697390 723
1697400 727
1697410 730
1697420 730
1697430 733
1697440 737
1697450 740
1697460 740
1697470 744
1697480 747
1697490 747
1697500 750
1697510 753
1697520 753
1697530 756
1697540 761
1697550 761
1697560 766
1697570 768
1697580 768
1697590 771
1697600 775
1697610 775
1697620 779
1697630 783
1697640 783
1697650 786
1697660 789
1697670 789
1697680 792
1697690 795
1697700 795
1697710 798
1697720 800
1697730 800
1697740 803
1697750 805
1697760 808
1697770 808
1697780 811
1697790 813
1697800 813
1697810 815
1697820 816
1697830 816
1697840 817
1697850 818
1697860 818
1697870 818
1697880 818
1697890 818
1697900 818
1697910 818
1697920 818
1697930 817
1697940 816
1697950 816
1697960 816
1697970 816
1697980 816
1697990 816
1698000 816
1698010 816
1698020 817
1698030 817
1698040 818
1698050 818
1698060 818
1698070 819
1698080 819
1698090 820
1698100 821
1698110 821
1698120 822
1698130 823
1698140 823
1698150 824
1698160 825
1698170 825
1698180 825
1698190 826
1698200 826
1698210 827
1698220 827
1698230 827
1698240 828
1698250 829
1698260 829
1698270 829
1698280 829
1698290 829
1698300 830
1698310 830
1698320 830
1698330 831
1698340 831
1698350 831
1698360 831
1698370 831
1698380 830
1698390 830
1698400 829
1698410 828
1698420 828
1698430 827
1698440 825
1698450 825
1698460 822
1698470 819
1698480 819
1698490 815
1698500 812
1698510 812
1698520 809
1698530 808
1698540 808
1698550 806
1698560 804
1698570 804
1698580 802
1698590 797
1698600 797
1698610 792
1698620 785
1698630 779
1698640 779
1698650 773
1698660 768
1698670 768
1698680 763
1698690 759
1698700 759
1698710 756
1698720 752
1698730 752
1698740 746
1698750 742
1698760 742
1698770 737
1698780 734
1698790 734
1698800 730
1698810 725
1698820 725
1698830 721
1698840 717
1698850 717
1698860 713
1698870 709
1698880 709
1698890 704
1698900 699
1698910 699
1698920 696
1698930 692
1698940 685
1698950 685
1698960 681
1698970 681
1698980 681
1698990 681
1699000 681
1699010 681
1699020 679
1699030 676
1699040 676
1699050 674
1699060 670
1699070 670
1699080 668
1699090 665
1699100 665
1699110 663
1699120 660
1699130 660
1699140 658
1699150 657
1699160 657
1699170 656
1699180 653
1699190 653
1699200 651
1699210 649
1699220 648
1699230 648
1699240 647
1699250 646
1699260 646
1699270 644
1699280 642
1699290 642
1699300 641
1699310 641
1699320 641
1699330 640
1699340 639
1699350 639
1699360 638
1699370 637
1699380 637
1699390 637
1699400 636
1699410 636
1699420 634
1699430 634
1699440 634
1699450 633
1699460 632
1699470 632
1699480 626
1699490 618
1699500 618
1699510 611
1699520 604
1699530 602
1699540 602
1699550 603
1699560 605
1699570 605
1699580 604
1699590 605
1699600 605
1699610 605
1699620 603
1699630 603
1699640 603
1699650 602
1699660 602
1699670 601
1699680 601
1699690 601
1699700 602
1699710 606
1699720 606
1699730 610
1699740 615
1699750 615
1699760 620
1699770 625
1699780 625
1699790 629
1699800 630
1699810 628
1699820 628
1699830 627
1699840 626
1699850 626
1699860 623
1699870 620
1699880 620
1699890 621
1699900 623
1699910 623
1699920 627
1699930 632
1699940 632
1699950 637
1699960 643
1699970 643
1699980 649
1699990 656
