1680000 1279
1680010 1279
1680020 1284
1680030 1288
1680040 1292
1680050 1292
1680060 1295
1680070 1297
1680080 1297
1680090 1300
1680100 1302
1680110 1302
1680120 1303
1680130 1305
1680140 1305
1680150 1307
1680160 1310
1680170 1310
1680180 1311
1680190 1311
1680200 1311
1680210 1314
1680220 1316
1680230 1316
1680240 1317
1680250 1319
1680260 1319
1680270 1321
1680280 1322
1680290 1322
1680300 1325
1680310 1327
1680320 1327
1680330 1329
1680340 1332
1680350 1334
1680360 1334
1680370 1336
1680380 1338
1680390 1338
1680400 1340
1680410 1342
1680420 1342
1680430 1345
1680440 1346
1680450 1346
1680460 1348
1680470 1349
1680480 1349
1680490 1350
1680500 1351
1680510 1351
1680520 1352
1680530 1353
1680540 1353
1680550 1355
1680560 1355
1680570 1355
1680580 1356
1680590 1358
1680600 1358
1680610 1359
1680620 1361
1680630 1361
1680640 1362
1680650 1363
1680660 1363
1680670 1363
1680680 1345
1680690 1331
1680700 1331
1680710 1320
1680720 1312
1680730 1312
1680740 1304
1680750 1296
1680760 1296
1680770 1286
1680780 1277
1680790 1277
1680800 1269
1680810 1262
1680820 1262
1680830 1256
1680840 1254
1680850 1254
1680860 1252
1680870 1251
1680880 1251
1680890 1251
1680900 1253
1680910 1253
1680920 1251
1680930 1246
1680940 1246
1680950 1239
1680960 1233
1680970 1233
1680980 1231
1680990 1230
1681000 1228
1681010 1228
1681020 1227
1681030 1224
1681040 1224
1681050 1220
1681060 1216
1681070 1216
1681080 1213
1681090 1208
1681100 1208
1681110 1203
1681120 1199
1681130 1199
1681140 1196
1681150 1193
1681160 1193
1681170 1191
1681180 1189
1681190 1189
1681200 1188
1681210 1186
1681220 1186
1681230 1184
1681240 1184
1681250 1184
1681260 1184
1681270 1183
1681280 1183
1681290 1183
1681300 1181
1681310 1180
1681320 1180
1681330 1177
1681340 1175
1681350 1175
1681360 1172
1681370 1170
1681380 1170
1681390 1168
1681400 1167
1681410 1167
1681420 1166
1681430 1163
1681440 1163
1681450 1162
1681460 1161
1681470 1161
1681480 1160
1681490 1159
1681500 1159
1681510 1158
1681520 1157
1681530 1157
1681540 1156
1681550 1156
1681560 1156
1681570 1160
1681580 1161
1681590 1161
1681600 1162
1681610 1163
1681620 1162
1681630 1162
1681640 1160
1681650 1157
1681660 1157
1681670 1151
1681680 1146
1681690 1146
1681700 1142
1681710 1138
1681720 1138
1681730 1131
1681740 1128
1681750 1128
1681760 1121
1681770 1118
1681780 1118
1681790 1121
1681800 1123
1681810 1123
1681820 1122
1681830 1126
1681840 1126
1681850 1132
1681860 1136
1681870 1136
1681880 1140
1681890 1145
1681900 1145
1681910 1150
1681920 1155
1681930 1160
1681940 1160
1681950 1163
1681960 1166
1681970 1166
1681980 1167
1681990 1172
1682000 1172
1682010 1174
1682020 1175
1682030 1175
1682040 1177
1682050 1179
1682060 1179
1682070 1180
1682080 1180
1682090 1180
1682100 1180
1682110 1184
1682120 1184
1682130 1191
1682140 1199
1682150 1199
1682160 1206
1682170 1214
1682180 1214
1682190 1220
1682200 1226
1682210 1226
1682220 1232
1682230 1238
1682240 1244
1682250 1244
1682260 1251
1682270 1256
1682280 1256
1682290 1261
1682300 1263
1682310 1263
1682320 1269
1682330 1272
1682340 1272
1682350 1277
1682360 1280
1682370 1280
1682380 1281
1682390 1283
1682400 1283
1682410 1284
1682420 1286
1682430 1286
1682440 1289
1682450 1291
1682460 1291
1682470 1293
1682480 1294
1682490 1294
1682500 1296
1682510 1300
1682520 1300
1682530 1304
1682540 1310
1682550 1315
1682560 1315
1682570 1320
1682580 1325
1682590 1325
1682600 1331
1682610 1336
1682620 1336
1682630 1340
1682640 1345
1682650 1345
1682660 1350
1682670 1355
1682680 1355
1682690 1358
1682700 1357
1682710 1357
1682720 1356
1682730 1356
1682740 1356
1682750 1355
1682760 1354
1682770 1354
1682780 1354
1682790 1353
1682800 1353
1682810 1353
1682820 1352
1682830 1352
1682840 1352
1682850 1352
1682860 1351
1682870 1351
1682880 1350
1682890 1350
1682900 1350
1682910 1349
1682920 1347
1682930 1347
1682940 1344
1682950 1342
1682960 1342
1682970 1339
1682980 1338
1682990 1338
1683000 1335
1683010 1334
1683020 1334
1683030 1336
1683040 1338
1683050 1338
1683060 1340
1683070 1346
1683080 1346
1683090 1346
1683100 1351
1683110 1351
1683120 1354
1683130 1358
1683140 1358
1683150 1362
1683160 1366
1683170 1371
1683180 1371
1683190 1375
1683200 1378
1683210 1378
1683220 1382
1683230 1384
1683240 1384
1683250 1385
1683260 1386
1683270 1386
1683280 1386
1683290 1385
1683300 1385
1683310 1384
1683320 1383
1683330 1383
1683340 1383
1683350 1381
1683360 1381
1683370 1379
1683380 1376
1683390 1376
1683400 1374
1683410 1372
1683420 1372
1683430 1369
1683440 1367
1683450 1367
1683460 1364
1683470 1361
1683480 1361
1683490 1358
1683500 1355
1683510 1351
1683520 1351
1683530 1348
1683540 1345
1683550 1345
1683560 1342
1683570 1339
1683580 1339
1683590 1337
1683600 1335
1683610 1335
1683620 1334
1683630 1333
1683640 1333
1683650 1331
1683660 1332
1683670 1332
1683680 1331
1683690 1331
1683700 1331
1683710 1331
1683720 1332
1683730 1332
1683740 1332
1683750 1333
1683760 1333
1683770 1333
1683780 1334
1683790 1334
1683800 1336
1683810 1337
1683820 1338
1683830 1338
1683840 1339
1683850 1340
1683860 1340
1683870 1341
1683880 1342
1683890 1342
1683900 1343
1683910 1344
1683920 1344
1683930 1345
1683940 1346
1683950 1346
1683960 1345
1683970 1343
1683980 1343
1683990 1341
1684000 1339
1684010 1339
1684020 1335
1684030 1333
1684040 1333
1684050 1327
1684060 1322
1684070 1322
1684080 1316
1684090 1311
1684100 1311
1684110 1306
1684120 1301
1684130 1297
1684140 1297
1684150 1291
1684160 1286
1684170 1286
1684180 1281
1684190 1276
1684200 1276
1684210 1278
1684220 1283
1684230 1283
1684240 1287
1684250 1291
1684260 1291
1684270 1294
1684280 1297
1684290 1297
1684300 1300
1684310 1303
1684320 1303
1684330 1306
1684340 1310
1684350 1310
1684360 1313
1684370 1316
1684380 1316
1684390 1318
1684400 1321
1684410 1321
1684420 1323
1684430 1324
1684440 1325
1684450 1325
1684460 1324
1684470 1321
1684480 1321
1684490 1317
1684500 1311
1684510 1311
1684520 1306
1684530 1301
1684540 1301
1684550 1296
1684560 1292
1684570 1292
1684580 1288
1684590 1285
1684600 1285
1684610 1280
1684620 1274
1684630 1274
1684640 1269
1684650 1275
1684660 1275
1684670 1279
1684680 1283
1684690 1283
1684700 1286
1684710 1290
1684720 1290
1684730 1294
1684740 1299
1684750 1305
1684760 1305
1684770 1308
1684780 1312
1684790 1312
1684800 1315
1684810 1317
1684820 1317
1684830 1317
1684840 1313
1684850 1313
1684860 1308
1684870 1304
1684880 1304
1684890 1300
1684900 1295
1684910 1295
1684920 1290
1684930 1283
1684940 1283
1684950 1277
1684960 1271
1684970 1271
1684980 1259
1684990 1252
1685000 1252
1685010 1246
1685020 1240
1685030 1240
1685040 1233
1685050 1225
1685060 1222
1685070 1222
1685080 1216
1685090 1211
1685100 1211
1685110 1206
1685120 1202
1685130 1202
1685140 1197
1685150 1190
1685160 1190
1685170 1183
1685180 1176
1685190 1176
1685200 1169
1685210 1162
1685220 1162
1685230 1164
1685240 1167
1685250 1167
1685260 1169
1685270 1172
1685280 1172
1685290 1175
1685300 1178
1685310 1178
1685320 1181
1685330 1181
1685340 1181
1685350 1179
1685360 1177
1685370 1174
1685380 1174
1685390 1171
1685400 1167
1685410 1167
1685420 1163
1685430 1159
1685440 1159
1685450 1160
1685460 1165
1685470 1165
1685480 1171
1685490 1178
1685500 1178
1685510 1182
1685520 1181
1685530 1181
1685540 1177
1685550 1172
1685560 1172
1685570 1174
1685580 1170
1685590 1170
1685600 1173
1685610 1180
1685620 1180
1685630 1185
1685640 1191
1685650 1191
1685660 1197
1685670 1203
1685680 1203
1685690 1209
1685700 1217
1685710 1222
1685720 1222
1685730 1229
1685740 1235
1685750 1235
1685760 1240
1685770 1246
1685780 1246
1685790 1251
1685800 1257
1685810 1257
1685820 1262
1685830 1267
1685840 1267
1685850 1272
1685860 1276
1685870 1276
1685880 1281
1685890 1285
1685900 1285
1685910 1289
1685920 1296
1685930 1296
1685940 1300
1685950 1304
1685960 1304
1685970 1309
1685980 1313
1685990 1313
1686000 1317
1686010 1322
1686020 1325
1686030 1325
1686040 1330
1686050 1334
1686060 1334
1686070 1338
1686080 1342
1686090 1342
1686100 1346
1686110 1350
1686120 1350
1686130 1352
1686140 1355
1686150 1355
1686160 1356
1686170 1359
1686180 1359
1686190 1361
1686200 1363
1686210 1363
1686220 1365
1686230 1366
1686240 1366
1686250 1367
1686260 1368
1686270 1368
1686280 1367
1686290 1365
1686300 1365
1686310 1362
1686320 1358
1686330 1353
1686340 1353
1686350 1351
1686360 1348
1686370 1348
1686380 1347
1686390 1346
1686400 1346
1686410 1345
1686420 1346
1686430 1346
1686440 1348
1686450 1357
1686460 1357
1686470 1359
1686480 1362
1686490 1362
1686500 1364
1686510 1365
1686520 1365
1686530 1365
1686540 1365
1686550 1365
1686560 1365
1686570 1363
1686580 1363
1686590 1362
1686600 1361
1686610 1361
1686620 1359
1686630 1357
1686640 1354
1686650 1354
1686660 1350
1686670 1346
1686680 1346
1686690 1341
1686700 1338
1686710 1338
1686720 1334
1686730 1331
1686740 1331
1686750 1328
1686760 1325
1686770 1325
1686780 1324
1686790 1323
1686800 1323
1686810 1321
1686820 1320
1686830 1320
1686840 1321
1686850 1320
1686860 1320
1686870 1321
1686880 1321
1686890 1321
1686900 1321
1686910 1321
1686920 1321
1686930 1321
1686940 1321
1686950 1320
1686960 1320
1686970 1317
1686980 1314
1686990 1314
1687000 1310
1687010 1308
1687020 1308
1687030 1305
1687040 1300
1687050 1300
1687060 1296
1687070 1293
1687080 1293
1687090 1293
1687100 1291
1687110 1291
1687120 1292
1687130 1293
1687140 1293
1687150 1294
1687160 1293
1687170 1293
1687180 1293
1687190 1292
1687200 1292
1687210 1293
1687220 1294
1687230 1294
1687240 1293
1687250 1291
1687260 1289
1687270 1289
1687280 1286
1687290 1285
1687300 1285
1687310 1283
1687320 1284
1687330 1284
1687340 1285
1687350 1287
1687360 1287
1687370 1288
1687380 1289
1687390 1289
1687400 1290
1687410 1288
1687420 1288
1687430 1285
1687440 1283
1687450 1283
1687460 1283
1687470 1283
1687480 1283
1687490 1284
1687500 1285
1687510 1285
1687520 1287
1687530 1290
1687540 1290
1687550 1294
1687560 1297
1687570 1297
1687580 1297
1687590 1298
1687600 1300
1687610 1300
1687620 1304
1687630 1301
1687640 1301
1687650 1293
1687660 1285
1687670 1285
1687680 1278
1687690 1270
1687700 1270
1687710 1264
1687720 1259
1687730 1259
1687740 1254
1687750 1249
1687760 1249
1687770 1243
1687780 1236
1687790 1236
1687800 1229
1687810 1223
1687820 1223
1687830 1218
1687840 1215
1687850 1215
1687860 1211
1687870 1209
1687880 1209
1687890 1209
1687900 1208
1687910 1207
1687920 1207
1687930 1208
1687940 1208
1687950 1208
1687960 1209
1687970 1213
1687980 1213
1687990 1215
1688000 1217
1688010 1217
1688020 1219
1688030 1221
1688040 1221
1688050 1222
1688060 1222
1688070 1222
1688080 1215
1688090 1207
1688100 1207
1688110 1199
1688120 1193
1688130 1193
1688140 1186
1688150 1179
1688160 1179
1688170 1173
1688180 1167
1688190 1167
1688200 1160
1688210 1152
1688220 1145
1688230 1145
1688240 1138
1688250 1129
1688260 1129
1688270 1126
1688280 1117
1688290 1117
1688300 1110
1688310 1103
1688320 1103
1688330 1095
1688340 1088
1688350 1088
1688360 1080
1688370 1078
1688380 1078
1688390 1078
1688400 1078
1688410 1078
1688420 1077
1688430 1077
1688440 1077
1688450 1075
1688460 1072
1688470 1072
1688480 1068
1688490 1063
1688500 1063
1688510 1057
1688520 1051
1688530 1047
1688540 1047
1688550 1055
1688560 1061
1688570 1061
1688580 1066
1688590 1071
1688600 1071
1688610 1076
1688620 1080
1688630 1080
1688640 1083
1688650 1082
1688660 1082
1688670 1079
1688680 1076
1688690 1076
1688700 1075
1688710 1077
1688720 1077
1688730 1079
1688740 1080
1688750 1080
1688760 1081
1688770 1082
1688780 1082
1688790 1084
1688800 1085
1688810 1085
1688820 1090
1688830 1097
1688840 1103
1688850 1103
1688860 1112
1688870 1117
1688880 1117
1688890 1125
1688900 1133
1688910 1133
1688920 1139
1688930 1146
1688940 1146
1688950 1152
1688960 1160
1688970 1160
1688980 1167
1688990 1175
1689000 1175
1689010 1183
1689020 1190
1689030 1190
1689040 1195
1689050 1199
1689060 1199
1689070 1202
1689080 1206
1689090 1206
1689100 1208
1689110 1204
1689120 1204
1689130 1199
1689140 1193
1689150 1188
1689160 1188
1689170 1183
1689180 1178
1689190 1178
1689200 1173
1689210 1167
1689220 1167
1689230 1162
1689240 1157
1689250 1157
1689260 1152
1689270 1148
1689280 1148
1689290 1144
1689300 1140
1689310 1140
1689320 1137
1689330 1134
1689340 1134
1689350 1132
1689360 1130
1689370 1130
1689380 1128
1689390 1127
1689400 1127
1689410 1125
1689420 1124
1689430 1124
1689440 1123
1689450 1121
1689460 1119
1689470 1119
1689480 1117
1689490 1114
1689500 1114
1689510 1112
1689520 1110
1689530 1110
1689540 1107
1689550 1107
1689560 1107
1689570 1108
1689580 1109
1689590 1109
1689600 1110
1689610 1111
1689620 1111
1689630 1112
1689640 1114
1689650 1114
1689660 1117
1689670 1120
1689680 1120
1689690 1121
1689700 1121
1689710 1121
1689720 1120
1689730 1120
1689740 1120
1689750 1121
1689760 1122
1689770 1123
1689780 1123
1689790 1125
1689800 1126
1689810 1126
1689820 1126
1689830 1124
1689840 1124
1689850 1119
1689860 1114
1689870 1114
1689880 1109
1689890 1103
1689900 1103
1689910 1097
1689920 1091
1689930 1091
1689940 1084
1689950 1078
1689960 1078
1689970 1073
1689980 1066
1689990 1066
1690000 1058
1690010 1050
1690020 1050
1690030 1043
1690040 1036
1690050 1036
1690060 1028
1690070 1020
1690080 1013
1690090 1013
1690100 1006
1690110 998
1690120 998
1690130 992
1690140 985
1690150 985
1690160 979
1690170 973
1690180 973
1690190 966
1690200 960
1690210 960
1690220 956
1690230 950
1690240 950
1690250 943
1690260 937
1690270 937
1690280 930
1690290 926
1690300 926
1690310 921
1690320 915
1690330 915
1690340 909
1690350 900
1690360 900
1690370 902
1690380 907
1690390 907
1690400 910
1690410 914
1690420 919
1690430 919
1690440 922
1690450 926
1690460 926
1690470 929
1690480 934
1690490 934
1690500 939
1690510 943
1690520 943
1690530 950
1690540 955
1690550 955
1690560 952
1690570 947
1690580 947
1690590 939
1690600 938
1690610 938
1690620 932
1690630 926
1690640 926
1690650 920
1690660 914
1690670 914
1690680 907
1690690 900
1690700 900
1690710 901
1690720 909
1690730 915
1690740 915
1690750 922
1690760 929
1690770 929
1690780 936
1690790 940
1690800 940
1690810 947
1690820 953
1690830 953
1690840 959
1690850 965
1690860 965
1690870 972
1690880 979
1690890 979
1690900 986
1690910 993
1690920 993
1690930 1000
1690940 1006
1690950 1006
1690960 1011
1690970 1012
1690980 1012
1690990 1007
1691000 1003
1691010 1003
1691020 998
1691030 992
1691040 987
1691050 987
1691060 981
1691070 976
1691080 976
1691090 970
1691100 965
1691110 965
1691120 959
1691130 953
1691140 953
1691150 947
1691160 941
1691170 941
1691180 934
1691190 928
1691200 928
1691210 921
1691220 913
1691230 913
1691240 906
1691250 899
1691260 899
1691270 890
1691280 886
1691290 886
1691300 879
1691310 872
1691320 872
1691330 865
1691340 859
1691350 853
1691360 853
1691370 847
1691380 840
1691390 840
1691400 832
1691410 825
1691420 825
1691430 819
1691440 812
1691450 812
1691460 803
1691470 801
1691480 801
1691490 793
1691500 787
1691510 787
1691520 781
1691530 774
1691540 774
1691550 766
1691560 765
1691570 765
1691580 764
1691590 765
1691600 765
1691610 764
1691620 769
1691630 769
1691640 771
1691650 778
1691660 785
1691670 785
1691680 792
1691690 800
1691700 800
1691710 807
1691720 815
1691730 815
1691740 820
1691750 825
1691760 825
1691770 832
1691780 837
1691790 837
1691800 839
1691810 846
1691820 846
1691830 853
1691840 859
1691850 859
1691860 866
1691870 871
1691880 871
1691890 870
1691900 862
1691910 862
1691920 853
1691930 844
1691940 844
1691950 842
1691960 833
1691970 826
1691980 826
1691990 817
1692000 809
1692010 809
1692020 802
1692030 797
1692040 797
1692050 791
1692060 785
1692070 785
1692080 782
1692090 779
1692100 779
1692110 774
1692120 768
1692130 768
1692140 764
1692150 759
1692160 759
1692170 751
1692180 749
1692190 749
1692200 756
1692210 761
1692220 761
1692230 764
1692240 763
1692250 763
1692260 758
1692270 752
1692280 745
1692290 745
1692300 740
1692310 734
1692320 734
1692330 729
1692340 725
1692350 725
1692360 721
1692370 717
1692380 717
1692390 712
1692400 709
1692410 709
1692420 705
1692430 702
1692440 702
1692450 699
1692460 696
1692470 696
1692480 693
1692490 689
1692500 689
1692510 685
1692520 681
1692530 681
1692540 678
1692550 676
1692560 676
1692570 670
1692580 665
1692590 665
1692600 661
1692610 656
1692620 652
1692630 652
1692640 648
1692650 644
1692660 644
1692670 643
1692680 640
1692690 640
1692700 639
1692710 638
1692720 638
1692730 637
1692740 638
1692750 638
1692760 636
1692770 628
1692780 628
1692790 616
1692800 608
1692810 608
1692820 600
1692830 592
1692840 592
1692850 584
1692860 583
1692870 583
1692880 583
1692890 582
1692900 582
1692910 579
1692920 576
1692930 573
1692940 573
1692950 571
1692960 570
1692970 570
1692980 568
1692990 566
1693000 566
1693010 564
1693020 563
1693030 563
1693040 563
1693050 562
1693060 562
1693070 560
1693080 559
1693090 559
1693100 557
1693110 556
1693120 556
1693130 556
1693140 557
1693150 557
1693160 558
1693170 559
1693180 559
1693190 558
1693200 557
1693210 557
1693220 559
1693230 559
1693240 559
1693250 559
1693260 558
1693270 556
1693280 556
1693290 553
1693300 553
1693310 553
1693320 552
1693330 552
1693340 552
1693350 553
1693360 553
1693370 553
1693380 553
1693390 553
1693400 553
1693410 554
1693420 554
1693430 554
1693440 554
1693450 556
1693460 556
1693470 559
1693480 562
1693490 562
1693500 565
1693510 567
1693520 567
1693530 566
1693540 566
1693550 571
1693560 571
1693570 576
1693580 579
1693590 579
1693600 582
1693610 584
1693620 584
1693630 586
1693640 589
1693650 589
1693660 593
1693670 597
1693680 597
1693690 601
1693700 605
1693710 605
1693720 608
1693730 614
1693740 614
1693750 621
1693760 628
1693770 628
1693780 634
1693790 638
1693800 638
1693810 638
1693820 634
1693830 634
1693840 628
1693850 620
1693860 612
1693870 612
1693880 603
1693890 592
1693900 592
1693910 590
1693920 599
1693930 599
1693940 605
1693950 612
1693960 612
1693970 617
1693980 623
1693990 623
1694000 629
1694010 636
1694020 636
1694030 642
1694040 647
1694050 647
1694060 652
1694070 657
1694080 657
1694090 662
1694100 667
1694110 667
1694120 672
1694130 677
1694140 677
1694150 681
1694160 686
1694170 690
1694180 690
1694190 694
1694200 698
1694210 698
1694220 700
1694230 703
1694240 703
1694250 706
1694260 708
1694270 708
1694280 711
1694290 712
1694300 712
1694310 706
1694320 701
1694330 701
1694340 697
1694350 691
1694360 691
1694370 685
1694380 682
1694390 682
1694400 681
1694410 683
1694420 683
1694430 687
1694440 691
1694450 691
1694460 695
1694470 699
1694480 704
1694490 704
1694500 706
1694510 711
1694520 711
1694530 715
1694540 717
1694550 717
1694560 720
1694570 722
1694580 722
1694590 724
1694600 725
1694610 725
1694620 727
1694630 730
1694640 730
1694650 731
1694660 730
1694670 730
1694680 726
1694690 723
1694700 723
1694710 721
1694720 720
1694730 720
1694740 719
1694750 717
1694760 717
1694770 714
1694780 713
1694790 713
1694800 711
1694810 708
1694820 707
1694830 707
1694840 707
1694850 704
1694860 704
1694870 702
1694880 699
1694890 699
1694900 695
1694910 693
1694920 693
1694930 689
1694940 683
1694950 683
1694960 678
1694970 673
1694980 673
1694990 667
1695000 662
1695010 662
1695020 658
1695030 655
1695040 655
1695050 651
1695060 648
1695070 648
1695080 644
1695090 639
1695100 639
1695110 633
1695120 633
1695130 630
1695140 630
1695150 626
1695160 622
1695170 622
1695180 619
1695190 612
1695200 612
1695210 610
1695220 612
1695230 612
1695240 619
1695250 625
1695260 625
1695270 626
1695280 627
1695290 627
1695300 629
1695310 634
1695320 634
1695330 631
1695340 632
1695350 632
1695360 634
1695370 635
1695380 635
1695390 636
1695400 638
1695410 638
1695420 639
1695430 640
1695440 646
1695450 646
1695460 646
1695470 649
1695480 649
1695490 652
1695500 656
1695510 656
1695520 658
1695530 659
1695540 659
1695550 660
1695560 662
1695570 662
1695580 664
1695590 666
1695600 666
1695610 663
1695620 659
1695630 659
1695640 660
1695650 660
1695660 660
1695670 661
1695680 660
1695690 660
1695700 659
1695710 657
1695720 657
1695730 655
1695740 652
1695750 650
1695760 650
1695770 647
1695780 639
1695790 639
1695800 636
1695810 641
1695820 641
1695830 649
1695840 654
1695850 654
1695860 660
1695870 667
1695880 667
1695890 667
1695900 676
1695910 676
1695920 681
1695930 683
1695940 683
1695950 683
1695960 683
1695970 683
1695980 684
1695990 686
1696000 686
1696010 686
1696020 687
1696030 687
1696040 687
1696050 687
1696060 688
1696070 688
1696080 689
1696090 691
1696100 691
1696110 692
1696120 695
1696130 695
1696140 696
1696150 696
1696160 696
1696170 699
1696180 699
1696190 699
1696200 701
1696210 703
1696220 703
1696230 703
1696240 705
1696250 705
1696260 706
1696270 706
1696280 706
1696290 706
1696300 706
1696310 706
1696320 703
1696330 697
1696340 697
1696350 692
1696360 690
1696370 689
1696380 689
1696390 690
1696400 687
1696410 687
1696420 688
1696430 686
1696440 686
1696450 687
1696460 686
1696470 686
1696480 687
1696490 688
1696500 688
1696510 686
1696520 687
1696530 687
1696540 689
1696550 693
1696560 693
1696570 694
1696580 691
1696590 691
1696600 689
1696610 688
1696620 688
1696630 689
1696640 689
1696650 689
1696660 690
1696670 692
1696680 694
1696690 694
1696700 697
1696710 699
1696720 699
1696730 699
1696740 698
1696750 698
1696760 696
1696770 696
1696780 696
1696790 696
1696800 697
1696810 697
1696820 697
1696830 699
1696840 699
1696850 701
1696860 702
1696870 702
1696880 704
1696890 704
1696900 704
1696910 702
1696920 701
1696930 701
1696940 699
1696950 698
1696960 698
1696970 697
1696980 696
1696990 695
1697000 695
1697010 695
1697020 696
1697030 696
1697040 696
1697050 697
1697060 697
1697070 698
1697080 700
1697090 700
1697100 702
1697110 705
1697120 705
1697130 710
1697140 715
1697150 715
1697160 720
1697170 724
1697180 724
1697190 726
1697200 728
1697210 728
1697220 729
1697230 730
1697240 730
1697250 731
1697260 731
1697270 731
1697280 732
1697290 733
1697300 733
1697310 734
1697320 733
1697330 732
1697340 732
1697350 731
1697360 728
1697370 728
1697380 728
1697390 726
1697400 726
1697410 726
1697420 724
1697430 724
1697440 721
1697450 720
1697460 720
1697470 719
1697480 717
1697490 717
1697500 715
1697510 713
1697520 713
1697530 710
1697540 708
1697550 708
1697560 706
1697570 703
1697580 703
1697590 701
1697600 699
1697610 699
1697620 698
1697630 697
1697640 695
1697650 695
1697660 693
1697670 690
1697680 690
1697690 689
1697700 688
1697710 688
1697720 687
1697730 685
1697740 685
1697750 683
1697760 681
1697770 681
1697780 678
1697790 672
1697800 672
1697810 666
1697820 664
1697830 664
1697840 659
1697850 659
1697860 659
1697870 667
1697880 667
1697890 667
1697900 667
1697910 666
1697920 666
1697930 665
1697940 662
1697950 661
1697960 661
1697970 660
1697980 662
1697990 662
1698000 662
1698010 661
1698020 661
1698030 659
1698040 657
1698050 657
1698060 656
1698070 655
1698080 655
1698090 654
1698100 658
1698110 658
1698120 659
1698130 661
1698140 661
1698150 662
1698160 663
1698170 663
1698180 665
1698190 666
1698200 666
1698210 667
1698220 667
1698230 667
1698240 669
1698250 675
1698260 680
1698270 680
1698280 686
1698290 690
1698300 690
1698310 695
1698320 699
1698330 699
1698340 700
1698350 700
1698360 700
1698370 696
1698380 696
1698390 696
1698400 696
1698410 695
1698420 695
1698430 696
1698440 697
1698450 697
1698460 697
1698470 697
1698480 697
1698490 698
1698500 698
1698510 698
1698520 700
1698530 699
1698540 699
1698550 697
1698560 694
1698570 690
1698580 690
1698590 689
1698600 688
1698610 688
1698620 691
1698630 688
1698640 688
1698650 688
1698660 687
1698670 687
1698680 681
1698690 678
1698700 678
1698710 674
1698720 670
1698730 670
1698740 666
1698750 662
1698760 662
1698770 658
1698780 655
1698790 655
1698800 653
1698810 651
1698820 651
1698830 649
1698840 647
1698850 647
1698860 646
1698870 644
1698880 644
1698890 644
1698900 642
1698910 636
1698920 636
1698930 634
1698940 632
1698950 632
1698960 631
1698970 631
1698980 631
1698990 629
1699000 629
1699010 629
1699020 632
1699030 634
1699040 634
1699050 635
1699060 637
1699070 637
1699080 637
1699090 637
1699100 637
1699110 637
1699120 637
1699130 637
1699140 637
1699150 638
1699160 638
1699170 638
1699180 639
1699190 640
1699200 640
1699210 640
1699220 642
1699230 642
1699240 642
1699250 644
1699260 644
1699270 645
1699280 646
1699290 646
1699300 648
1699310 649
1699320 649
1699330 649
1699340 650
1699350 650
1699360 650
1699370 651
1699380 651
1699390 651
1699400 651
1699410 651
1699420 650
1699430 649
1699440 649
1699450 647
1699460 643
1699470 643
1699480 641
1699490 635
1699500 635
1699510 631
1699520 629
1699530 628
1699540 628
1699550 626
1699560 624
1699570 624
1699580 622
1699590 620
1699600 620
1699610 619
1699620 617
1699630 617
1699640 615
1699650 613
1699660 613
1699670 612
1699680 610
1699690 610
1699700 608
1699710 606
1699720 606
1699730 605
1699740 604
1699750 604
1699760 602
1699770 600
1699780 600
1699790 598
1699800 596
1699810 596
1699820 595
1699830 593
1699840 591
1699850 591
1699860 588
1699870 583
1699880 583
1699890 579
1699900 578
1699910 578
1699920 578
1699930 577
1699940 577
1699950 578
1699960 578
1699970 578
1699980 574
1699990 571
