1680000 1215
1680010 1215
1680020 1216
1680030 1216
1680040 1216
1680050 1215
1680060 1215
1680070 1215
1680080 1215
1680090 1214
1680100 1213
1680110 1213
1680120 1215
1680130 1218
1680140 1218
1680150 1222
1680160 1224
1680170 1224
1680180 1230
1680190 1233
1680200 1233
1680210 1235
1680220 1239
1680230 1239
1680240 1242
1680250 1245
1680260 1245
1680270 1247
1680280 1250
1680290 1250
1680300 1252
1680310 1255
1680320 1255
1680330 1258
1680340 1260
1680350 1260
1680360 1261
1680370 1264
1680380 1265
1680390 1265
1680400 1266
1680410 1267
1680420 1267
1680430 1271
1680440 1276
1680450 1276
1680460 1275
1680470 1276
1680480 1276
1680490 1277
1680500 1279
1680510 1279
1680520 1280
1680530 1281
1680540 1281
1680550 1283
1680560 1284
1680570 1284
1680580 1286
1680590 1288
1680600 1288
1680610 1290
1680620 1292
1680630 1292
1680640 1292
1680650 1295
1680660 1295
1680670 1296
1680680 1293
1680690 1289
1680700 1289
1680710 1285
1680720 1281
1680730 1281
1680740 1281
1680750 1279
1680760 1279
1680770 1268
1680780 1258
1680790 1258
1680800 1249
1680810 1241
1680820 1241
1680830 1236
1680840 1237
1680850 1237
1680860 1236
1680870 1231
1680880 1231
1680890 1227
1680900 1225
1680910 1225
1680920 1222
1680930 1219
1680940 1219
1680950 1219
1680960 1220
1680970 1220
1680980 1217
1680990 1213
1681000 1209
1681010 1209
1681020 1204
1681030 1202
1681040 1202
1681050 1200
1681060 1197
1681070 1197
1681080 1196
1681090 1194
1681100 1194
1681110 1188
1681120 1184
1681130 1184
1681140 1181
1681150 1174
1681160 1174
1681170 1170
1681180 1166
1681190 1166
1681200 1162
1681210 1158
1681220 1158
1681230 1155
1681240 1153
1681250 1153
1681260 1150
1681270 1145
1681280 1145
1681290 1141
1681300 1137
1681310 1134
1681320 1134
1681330 1132
1681340 1132
1681350 1132
1681360 1130
1681370 1127
1681380 1127
1681390 1125
1681400 1123
1681410 1123
1681420 1120
1681430 1117
1681440 1117
1681450 1113
1681460 1108
1681470 1108
1681480 1108
1681490 1107
1681500 1107
1681510 1104
1681520 1100
1681530 1100
1681540 1095
1681550 1090
1681560 1090
1681570 1089
1681580 1086
1681590 1086
1681600 1084
1681610 1081
1681620 1081
1681630 1076
1681640 1079
1681650 1081
1681660 1081
1681670 1084
1681680 1088
1681690 1088
1681700 1090
1681710 1089
1681720 1089
1681730 1084
1681740 1079
1681750 1079
1681760 1073
1681770 1067
1681780 1067
1681790 1063
1681800 1064
1681810 1064
1681820 1066
1681830 1069
1681840 1069
1681850 1073
1681860 1076
1681870 1076
1681880 1080
1681890 1084
1681900 1084
1681910 1088
1681920 1091
1681930 1091
1681940 1095
1681950 1099
1681960 1102
1681970 1102
1681980 1105
1681990 1109
1682000 1109
1682010 1112
1682020 1114
1682030 1114
1682040 1118
1682050 1120
1682060 1120
1682070 1122
1682080 1125
1682090 1125
1682100 1128
1682110 1132
1682120 1132
1682130 1136
1682140 1139
1682150 1139
1682160 1141
1682170 1144
1682180 1144
1682190 1146
1682200 1148
1682210 1148
1682220 1150
1682230 1150
1682240 1150
1682250 1150
1682260 1153
1682270 1158
1682280 1158
1682290 1163
1682300 1168
1682310 1168
1682320 1173
1682330 1179
1682340 1179
1682350 1184
1682360 1189
1682370 1189
1682380 1194
1682390 1199
1682400 1199
1682410 1203
1682420 1207
1682430 1207
1682440 1211
1682450 1214
1682460 1214
1682470 1214
1682480 1216
1682490 1216
1682500 1217
1682510 1219
1682520 1219
1682530 1221
1682540 1223
1682550 1223
1682560 1225
1682570 1227
1682580 1230
1682590 1230
1682600 1231
1682610 1233
1682620 1233
1682630 1235
1682640 1236
1682650 1236
1682660 1236
1682670 1236
1682680 1236
1682690 1235
1682700 1233
1682710 1233
1682720 1232
1682730 1230
1682740 1230
1682750 1228
1682760 1226
1682770 1226
1682780 1224
1682790 1221
1682800 1221
1682810 1220
1682820 1221
1682830 1221
1682840 1226
1682850 1231
1682860 1231
1682870 1237
1682880 1243
1682890 1248
1682900 1248
1682910 1252
1682920 1259
1682930 1259
1682940 1261
1682950 1268
1682960 1268
1682970 1273
1682980 1279
1682990 1279
1683000 1284
1683010 1289
1683020 1289
1683030 1294
1683040 1299
1683050 1299
1683060 1305
1683070 1310
1683080 1310
1683090 1314
1683100 1318
1683110 1318
1683120 1320
1683130 1323
1683140 1323
1683150 1325
1683160 1327
1683170 1327
1683180 1329
1683190 1330
1683200 1330
1683210 1330
1683220 1329
1683230 1326
1683240 1326
1683250 1324
1683260 1322
1683270 1322
1683280 1320
1683290 1318
1683300 1318
1683310 1317
1683320 1316
1683330 1316
1683340 1314
1683350 1312
1683360 1312
1683370 1310
1683380 1307
1683390 1307
1683400 1303
1683410 1299
1683420 1299
1683430 1294
1683440 1290
1683450 1290
1683460 1290
1683470 1294
1683480 1294
1683490 1297
1683500 1300
1683510 1300
1683520 1304
1683530 1308
1683540 1312
1683550 1312
1683560 1317
1683570 1323
1683580 1323
1683590 1329
1683600 1334
1683610 1334
1683620 1340
1683630 1347
1683640 1347
1683650 1353
1683660 1359
1683670 1359
1683680 1365
1683690 1372
1683700 1372
1683710 1378
1683720 1383
1683730 1383
1683740 1389
1683750 1393
1683760 1393
1683770 1398
1683780 1402
1683790 1402
1683800 1406
1683810 1410
1683820 1410
1683830 1412
1683840 1414
1683850 1414
1683860 1414
1683870 1415
1683880 1415
1683890 1415
1683900 1414
1683910 1413
1683920 1413
1683930 1410
1683940 1408
1683950 1408
1683960 1405
1683970 1403
1683980 1403
1683990 1401
1684000 1399
1684010 1399
1684020 1397
1684030 1395
1684040 1395
1684050 1392
1684060 1390
1684070 1390
1684080 1387
1684090 1384
1684100 1384
1684110 1382
1684120 1380
1684130 1380
1684140 1379
1684150 1378
1684160 1378
1684170 1378
1684180 1377
1684190 1376
1684200 1376
1684210 1376
1684220 1376
1684230 1376
1684240 1375
1684250 1376
1684260 1376
1684270 1380
1684280 1383
1684290 1383
1684300 1386
1684310 1389
1684320 1389
1684330 1391
1684340 1393
1684350 1393
1684360 1396
1684370 1398
1684380 1398
1684390 1400
1684400 1401
1684410 1401
1684420 1402
1684430 1403
1684440 1403
1684450 1404
1684460 1404
1684470 1403
1684480 1403
1684490 1401
1684500 1399
1684510 1399
1684520 1396
1684530 1392
1684540 1392
1684550 1388
1684560 1383
1684570 1383
1684580 1382
1684590 1383
1684600 1383
1684610 1382
1684620 1383
1684630 1383
1684640 1383
1684650 1384
1684660 1384
1684670 1388
1684680 1391
1684690 1391
1684700 1394
1684710 1396
1684720 1396
1684730 1399
1684740 1400
1684750 1400
1684760 1401
1684770 1401
1684780 1400
1684790 1400
1684800 1397
1684810 1394
1684820 1394
1684830 1389
1684840 1384
1684850 1384
1684860 1379
1684870 1373
1684880 1373
1684890 1367
1684900 1361
1684910 1361
1684920 1354
1684930 1347
1684940 1347
1684950 1341
1684960 1334
1684970 1334
1684980 1327
1684990 1319
1685000 1319
1685010 1311
1685020 1304
1685030 1304
1685040 1298
1685050 1292
1685060 1292
1685070 1290
1685080 1285
1685090 1282
1685100 1282
1685110 1283
1685120 1286
1685130 1286
1685140 1289
1685150 1292
1685160 1292
1685170 1293
1685180 1294
1685190 1294
1685200 1296
1685210 1299
1685220 1299
1685230 1302
1685240 1304
1685250 1304
1685260 1306
1685270 1308
1685280 1308
1685290 1309
1685300 1310
1685310 1310
1685320 1311
1685330 1310
1685340 1310
1685350 1308
1685360 1304
1685370 1304
1685380 1299
1685390 1296
1685400 1296
1685410 1291
1685420 1287
1685430 1282
1685440 1282
1685450 1275
1685460 1269
1685470 1269
1685480 1269
1685490 1272
1685500 1272
1685510 1274
1685520 1276
1685530 1276
1685540 1276
1685550 1273
1685560 1273
1685570 1270
1685580 1266
1685590 1266
1685600 1264
1685610 1268
1685620 1268
1685630 1272
1685640 1276
1685650 1276
1685660 1281
1685670 1286
1685680 1286
1685690 1292
1685700 1293
1685710 1293
1685720 1291
1685730 1293
1685740 1294
1685750 1294
1685760 1293
1685770 1295
1685780 1295
1685790 1299
1685800 1303
1685810 1303
1685820 1308
1685830 1314
1685840 1314
1685850 1320
1685860 1326
1685870 1326
1685880 1332
1685890 1338
1685900 1338
1685910 1345
1685920 1350
1685930 1350
1685940 1355
1685950 1358
1685960 1358
1685970 1358
1685980 1359
1685990 1359
1686000 1360
1686010 1362
1686020 1362
1686030 1362
1686040 1361
1686050 1361
1686060 1361
1686070 1365
1686080 1369
1686090 1369
1686100 1375
1686110 1380
1686120 1380
1686130 1385
1686140 1389
1686150 1389
1686160 1394
1686170 1398
1686180 1398
1686190 1403
1686200 1407
1686210 1407
1686220 1411
1686230 1416
1686240 1416
1686250 1419
1686260 1424
1686270 1424
1686280 1429
1686290 1432
1686300 1432
1686310 1432
1686320 1432
1686330 1432
1686340 1435
1686350 1438
1686360 1441
1686370 1441
1686380 1443
1686390 1444
1686400 1444
1686410 1445
1686420 1446
1686430 1446
1686440 1446
1686450 1447
1686460 1447
1686470 1447
1686480 1448
1686490 1448
1686500 1448
1686510 1449
1686520 1449
1686530 1449
1686540 1448
1686550 1448
1686560 1447
1686570 1446
1686580 1446
1686590 1445
1686600 1444
1686610 1444
1686620 1442
1686630 1441
1686640 1441
1686650 1438
1686660 1435
1686670 1432
1686680 1432
1686690 1430
1686700 1428
1686710 1428
1686720 1426
1686730 1424
1686740 1424
1686750 1422
1686760 1420
1686770 1420
1686780 1419
1686790 1417
1686800 1417
1686810 1415
1686820 1415
1686830 1415
1686840 1416
1686850 1417
1686860 1417
1686870 1418
1686880 1420
1686890 1420
1686900 1422
1686910 1422
1686920 1422
1686930 1421
1686940 1416
1686950 1416
1686960 1410
1686970 1404
1686980 1399
1686990 1399
1687000 1393
1687010 1387
1687020 1387
1687030 1381
1687040 1375
1687050 1375
1687060 1369
1687070 1364
1687080 1364
1687090 1360
1687100 1357
1687110 1357
1687120 1354
1687130 1350
1687140 1350
1687150 1343
1687160 1335
1687170 1335
1687180 1327
1687190 1324
1687200 1324
1687210 1318
1687220 1314
1687230 1314
1687240 1307
1687250 1300
1687260 1300
1687270 1294
1687280 1286
1687290 1278
1687300 1278
1687310 1271
1687320 1263
1687330 1263
1687340 1255
1687350 1248
1687360 1248
1687370 1241
1687380 1234
1687390 1234
1687400 1227
1687410 1219
1687420 1219
1687430 1213
1687440 1209
1687450 1209
1687460 1206
1687470 1204
1687480 1204
1687490 1202
1687500 1199
1687510 1199
1687520 1196
1687530 1193
1687540 1193
1687550 1188
1687560 1182
1687570 1182
1687580 1182
1687590 1179
1687600 1179
1687610 1174
1687620 1169
1687630 1166
1687640 1166
1687650 1164
1687660 1161
1687670 1161
1687680 1158
1687690 1156
1687700 1156
1687710 1151
1687720 1148
1687730 1148
1687740 1146
1687750 1145
1687760 1145
1687770 1143
1687780 1141
1687790 1141
1687800 1140
1687810 1138
1687820 1138
1687830 1137
1687840 1134
1687850 1134
1687860 1130
1687870 1126
1687880 1126
1687890 1122
1687900 1119
1687910 1119
1687920 1117
1687930 1112
1687940 1106
1687950 1106
1687960 1100
1687970 1094
1687980 1094
1687990 1088
1688000 1079
1688010 1079
1688020 1073
1688030 1078
1688040 1078
1688050 1086
1688060 1090
1688070 1090
1688080 1096
1688090 1100
1688100 1100
1688110 1105
1688120 1109
1688130 1109
1688140 1111
1688150 1112
1688160 1112
1688170 1112
1688180 1113
1688190 1113
1688200 1112
1688210 1109
1688220 1109
1688230 1106
1688240 1104
1688250 1102
1688260 1102
1688270 1100
1688280 1099
1688290 1099
1688300 1096
1688310 1091
1688320 1091
1688330 1085
1688340 1075
1688350 1075
1688360 1067
1688370 1060
1688380 1060
1688390 1053
1688400 1046
1688410 1046
1688420 1040
1688430 1034
1688440 1034
1688450 1028
1688460 1022
1688470 1022
1688480 1017
1688490 1012
1688500 1012
1688510 1007
1688520 1002
1688530 1002
1688540 997
1688550 991
1688560 985
1688570 985
1688580 978
1688590 971
1688600 971
1688610 973
1688620 977
1688630 977
1688640 977
1688650 983
1688660 983
1688670 989
1688680 996
1688690 996
1688700 1003
1688710 1009
1688720 1009
1688730 1015
1688740 1020
1688750 1020
1688760 1020
1688770 1018
1688780 1018
1688790 1019
1688800 1025
1688810 1025
1688820 1031
1688830 1037
1688840 1037
1688850 1040
1688860 1044
1688870 1049
1688880 1049
1688890 1054
1688900 1061
1688910 1061
1688920 1068
1688930 1075
1688940 1075
1688950 1082
1688960 1090
1688970 1090
1688980 1097
1688990 1104
1689000 1104
1689010 1112
1689020 1119
1689030 1119
1689040 1126
1689050 1134
1689060 1134
1689070 1140
1689080 1147
1689090 1147
1689100 1153
1689110 1156
1689120 1156
1689130 1152
1689140 1149
1689150 1149
1689160 1147
1689170 1145
1689180 1144
1689190 1144
1689200 1141
1689210 1136
1689220 1136
1689230 1132
1689240 1129
1689250 1129
1689260 1127
1689270 1125
1689280 1125
1689290 1124
1689300 1124
1689310 1124
1689320 1124
1689330 1123
1689340 1123
1689350 1119
1689360 1113
1689370 1113
1689380 1106
1689390 1099
1689400 1099
1689410 1091
1689420 1085
1689430 1085
1689440 1077
1689450 1070
1689460 1070
1689470 1061
1689480 1054
1689490 1054
1689500 1045
1689510 1039
1689520 1031
1689530 1031
1689540 1024
1689550 1015
1689560 1015
1689570 1009
1689580 1015
1689590 1015
1689600 1018
1689610 1018
1689620 1018
1689630 1018
1689640 1018
1689650 1018
1689660 1018
1689670 1014
1689680 1014
1689690 1010
1689700 1006
1689710 1006
1689720 1007
1689730 1011
1689740 1011
1689750 1017
1689760 1018
1689770 1018
1689780 1023
1689790 1026
1689800 1026
1689810 1029
1689820 1030
1689830 1033
1689840 1033
1689850 1035
1689860 1036
1689870 1036
1689880 1035
1689890 1034
1689900 1034
1689910 1034
1689920 1035
1689930 1035
1689940 1038
1689950 1041
1689960 1041
1689970 1041
1689980 1039
1689990 1039
1690000 1038
1690010 1037
1690020 1037
1690030 1036
1690040 1034
1690050 1034
1690060 1028
1690070 1022
1690080 1022
1690090 1015
1690100 1008
1690110 1008
1690120 1003
1690130 996
1690140 988
1690150 988
1690160 982
1690170 975
1690180 975
1690190 968
1690200 962
1690210 962
1690220 954
1690230 944
1690240 944
1690250 936
1690260 928
1690270 928
1690280 921
1690290 916
1690300 916
1690310 911
1690320 905
1690330 905
1690340 899
1690350 895
1690360 895
1690370 890
1690380 885
1690390 885
1690400 880
1690410 874
1690420 874
1690430 868
1690440 862
1690450 855
1690460 855
1690470 848
1690480 841
1690490 841
1690500 833
1690510 830
1690520 830
1690530 822
1690540 816
1690550 816
1690560 819
1690570 824
1690580 824
1690590 823
1690600 822
1690610 822
1690620 823
1690630 829
1690640 829
1690650 839
1690660 848
1690670 848
1690680 855
1690690 862
1690700 862
1690710 869
1690720 876
1690730 876
1690740 884
1690750 890
1690760 898
1690770 898
1690780 905
1690790 912
1690800 912
1690810 917
1690820 921
1690830 921
1690840 927
1690850 930
1690860 930
1690870 934
1690880 941
1690890 941
1690900 947
1690910 950
1690920 950
1690930 956
1690940 961
1690950 961
1690960 965
1690970 965
1690980 965
1690990 959
1691000 952
1691010 952
1691020 944
1691030 936
1691040 936
1691050 929
1691060 921
1691070 910
1691080 910
1691090 902
1691100 894
1691110 894
1691120 886
1691130 879
1691140 879
1691150 870
1691160 863
1691170 863
1691180 856
1691190 849
1691200 849
1691210 842
1691220 836
1691230 836
1691240 828
1691250 821
1691260 821
1691270 813
1691280 807
1691290 807
1691300 802
1691310 798
1691320 798
1691330 792
1691340 788
1691350 788
1691360 784
1691370 778
1691380 778
1691390 772
1691400 764
1691410 759
1691420 759
1691430 751
1691440 743
1691450 743
1691460 734
1691470 727
1691480 727
1691490 724
1691500 722
1691510 722
1691520 720
1691530 720
1691540 720
1691550 721
1691560 719
1691570 719
1691580 715
1691590 710
1691600 710
1691610 705
1691620 700
1691630 700
1691640 693
1691650 690
1691660 690
1691670 701
1691680 710
1691690 710
1691700 718
1691710 726
1691720 735
1691730 735
1691740 744
1691750 750
1691760 750
1691770 758
1691780 766
1691790 766
1691800 773
1691810 779
1691820 779
1691830 785
1691840 790
1691850 790
1691860 784
1691870 777
1691880 777
1691890 770
1691900 767
1691910 767
1691920 763
1691930 761
1691940 761
1691950 752
1691960 744
1691970 744
1691980 740
1691990 735
1692000 735
1692010 730
1692020 722
1692030 712
1692040 712
1692050 707
1692060 702
1692070 702
1692080 694
1692090 687
1692100 687
1692110 681
1692120 675
1692130 675
1692140 668
1692150 660
1692160 660
1692170 653
1692180 645
1692190 645
1692200 636
1692210 627
1692220 627
1692230 624
1692240 630
1692250 630
1692260 637
1692270 643
1692280 643
1692290 639
1692300 629
1692310 629
1692320 620
1692330 612
1692340 605
1692350 605
1692360 600
1692370 597
1692380 597
1692390 593
1692400 589
1692410 589
1692420 588
1692430 587
1692440 587
1692450 588
1692460 588
1692470 588
1692480 587
1692490 586
1692500 586
1692510 584
1692520 581
1692530 581
1692540 581
1692550 579
1692560 579
1692570 575
1692580 570
1692590 570
1692600 570
1692610 568
1692620 568
1692630 566
1692640 565
1692650 563
1692660 563
1692670 562
1692680 560
1692690 560
1692700 558
1692710 561
1692720 561
1692730 562
1692740 563
1692750 563
1692760 565
1692770 566
1692780 566
1692790 567
1692800 567
1692810 567
1692820 567
1692830 568
1692840 568
1692850 568
1692860 568
1692870 568
1692880 569
1692890 570
1692900 570
1692910 570
1692920 570
1692930 570
1692940 569
1692950 569
1692960 568
1692970 568
1692980 568
1692990 568
1693000 568
1693010 569
1693020 569
1693030 569
1693040 569
1693050 570
1693060 570
1693070 571
1693080 572
1693090 572
1693100 573
1693110 573
1693120 573
1693130 577
1693140 580
1693150 580
1693160 583
1693170 586
1693180 586
1693190 587
1693200 588
1693210 588
1693220 584
1693230 591
1693240 591
1693250 598
1693260 604
1693270 604
1693280 610
1693290 617
1693300 622
1693310 622
1693320 627
1693330 631
1693340 631
1693350 636
1693360 640
1693370 640
1693380 644
1693390 647
1693400 647
1693410 651
1693420 655
1693430 655
1693440 658
1693450 658
1693460 658
1693470 663
1693480 669
1693490 669
1693500 676
1693510 680
1693520 680
1693530 679
1693540 677
1693550 677
1693560 673
1693570 670
1693580 670
1693590 668
1693600 664
1693610 660
1693620 660
1693630 654
1693640 653
1693650 653
1693660 657
1693670 661
1693680 661
1693690 666
1693700 673
1693710 673
1693720 678
1693730 684
1693740 684
1693750 690
1693760 695
1693770 695
1693780 701
1693790 706
1693800 706
1693810 710
1693820 714
1693830 714
1693840 715
1693850 712
1693860 712
1693870 709
1693880 705
1693890 705
1693900 702
1693910 697
1693920 694
1693930 694
1693940 690
1693950 685
1693960 685
1693970 680
1693980 674
1693990 674
1694000 669
1694010 663
1694020 663
1694030 657
1694040 650
1694050 650
1694060 641
1694070 633
1694080 633
1694090 642
1694100 651
1694110 651
1694120 659
1694130 666
1694140 666
1694150 672
1694160 676
1694170 676
1694180 682
1694190 688
1694200 688
1694210 694
1694220 701
1694230 707
1694240 707
1694250 714
1694260 721
1694270 721
1694280 726
1694290 733
1694300 733
1694310 740
1694320 746
1694330 746
1694340 753
1694350 759
1694360 759
1694370 765
1694380 770
1694390 770
1694400 776
1694410 780
1694420 780
1694430 783
1694440 785
1694450 785
1694460 787
1694470 789
1694480 789
1694490 790
1694500 791
1694510 791
1694520 793
1694530 791
1694540 789
1694550 789
1694560 784
1694570 779
1694580 779
1694590 774
1694600 768
1694610 768
1694620 762
1694630 754
1694640 754
1694650 745
1694660 739
1694670 739
1694680 734
1694690 731
1694700 731
1694710 728
1694720 724
1694730 724
1694740 718
1694750 716
1694760 716
1694770 712
1694780 708
1694790 708
1694800 704
1694810 701
1694820 701
1694830 699
1694840 697
1694850 695
1694860 695
1694870 690
1694880 692
1694890 692
1694900 692
1694910 691
1694920 691
1694930 691
1694940 691
1694950 691
1694960 690
1694970 691
1694980 691
1694990 690
1695000 688
1695010 688
1695020 683
1695030 677
1695040 677
1695050 671
1695060 666
1695070 666
1695080 662
1695090 655
1695100 660
1695110 655
1695120 653
1695130 653
1695140 651
1695150 647
1695160 641
1695170 641
1695180 649
1695190 659
1695200 659
1695210 671
1695220 678
1695230 678
1695240 683
1695250 688
1695260 688
1695270 692
1695280 695
1695290 695
1695300 699
1695310 704
1695320 704
1695330 709
1695340 715
1695350 715
1695360 720
1695370 724
1695380 724
1695390 726
1695400 724
1695410 724
1695420 721
1695430 718
1695440 718
1695450 718
1695460 718
1695470 718
1695480 718
1695490 719
1695500 718
1695510 718
1695520 720
1695530 721
1695540 721
1695550 722
1695560 725
1695570 725
1695580 729
1695590 730
1695600 730
1695610 734
1695620 736
1695630 736
1695640 739
1695650 742
1695660 742
1695670 743
1695680 742
1695690 742
1695700 739
1695710 734
1695720 734
1695730 728
1695740 725
1695750 725
1695760 725
1695770 722
1695780 722
1695790 719
1695800 717
1695810 715
1695820 715
1695830 714
1695840 711
1695850 711
1695860 712
1695870 712
1695880 712
1695890 713
1695900 714
1695910 714
1695920 715
1695930 718
1695940 718
1695950 722
1695960 725
1695970 725
1695980 729
1695990 732
1696000 732
1696010 735
1696020 738
1696030 738
1696040 741
1696050 743
1696060 743
1696070 745
1696080 747
1696090 747
1696100 750
1696110 754
1696120 756
1696130 756
1696140 757
1696150 758
1696160 758
1696170 756
1696180 754
1696190 754
1696200 754
1696210 756
1696220 756
1696230 757
1696240 757
1696250 757
1696260 756
1696270 757
1696280 757
1696290 758
1696300 759
1696310 759
1696320 761
1696330 764
1696340 764
1696350 767
1696360 770
1696370 770
1696380 772
1696390 773
1696400 773
1696410 773
1696420 774
1696430 774
1696440 774
1696450 774
1696460 772
1696470 772
1696480 771
1696490 771
1696500 771
1696510 770
1696520 771
1696530 771
1696540 774
1696550 778
1696560 778
1696570 776
1696580 772
1696590 772
1696600 770
1696610 768
1696620 768
1696630 768
1696640 768
1696650 768
1696660 773
1696670 774
1696680 774
1696690 773
1696700 772
1696710 772
1696720 771
1696730 771
1696740 773
1696750 773
1696760 775
1696770 775
1696780 775
1696790 772
1696800 771
1696810 771
1696820 770
1696830 770
1696840 770
1696850 771
1696860 772
1696870 772
1696880 775
1696890 778
1696900 778
1696910 772
1696920 765
1696930 765
1696940 760
1696950 755
1696960 755
1696970 752
1696980 748
1696990 748
1697000 747
1697010 747
1697020 747
1697030 748
1697040 750
1697050 754
1697060 754
1697070 755
1697080 752
1697090 752
1697100 749
1697110 747
1697120 747
1697130 746
1697140 745
1697150 745
1697160 747
1697170 750
1697180 750
1697190 755
1697200 757
1697210 757
1697220 755
1697230 755
1697240 755
1697250 759
1697260 765
1697270 765
1697280 771
1697290 778
1697300 778
1697310 784
1697320 785
1697330 785
1697340 784
1697350 782
1697360 782
1697370 781
1697380 779
1697390 778
1697400 778
1697410 776
1697420 775
1697430 775
1697440 773
1697450 772
1697460 772
1697470 768
1697480 768
1697490 768
1697500 766
1697510 764
1697520 764
1697530 759
1697540 753
1697550 753
1697560 747
1697570 742
1697580 742
1697590 736
1697600 728
1697610 728
1697620 724
1697630 720
1697640 720
1697650 716
1697660 714
1697670 714
1697680 713
1697690 711
1697700 709
1697710 709
1697720 708
1697730 706
1697740 706
1697750 702
1697760 698
1697770 698
1697780 696
1697790 695
1697800 695
1697810 693
1697820 691
1697830 691
1697840 688
1697850 684
1697860 684
1697870 680
1697880 678
1697890 678
1697900 675
1697910 672
1697920 672
1697930 669
1697940 666
1697950 666
1697960 663
1697970 661
1697980 661
1697990 657
1698000 654
1698010 651
1698020 651
1698030 646
1698040 640
1698050 640
1698060 635
1698070 634
1698080 634
1698090 638
1698100 638
1698110 638
1698120 636
1698130 636
1698140 636
1698150 636
1698160 637
1698170 637
1698180 637
1698190 637
1698200 637
1698210 636
1698220 636
1698230 636
1698240 637
1698250 635
1698260 635
1698270 638
1698280 640
1698290 640
1698300 640
1698310 642
1698320 644
1698330 644
1698340 647
1698350 649
1698360 649
1698370 653
1698380 659
1698390 659
1698400 660
1698410 662
1698420 662
1698430 664
1698440 666
1698450 666
1698460 668
1698470 670
1698480 670
1698490 672
1698500 674
1698510 674
1698520 676
1698530 678
1698540 678
1698550 679
1698560 685
1698570 685
1698580 687
1698590 683
1698600 683
1698610 683
1698620 681
1698630 679
1698640 679
1698650 677
1698660 675
1698670 675
1698680 672
1698690 669
1698700 669
1698710 667
1698720 664
1698730 664
1698740 662
1698750 658
1698760 658
1698770 655
1698780 652
1698790 652
1698800 649
1698810 646
1698820 646
1698830 642
1698840 638
1698850 638
1698860 635
1698870 632
1698880 632
1698890 630
1698900 626
1698910 626
1698920 622
1698930 619
1698940 614
1698950 614
1698960 612
1698970 609
1698980 609
1698990 608
1699000 607
1699010 607
1699020 607
1699030 605
1699040 605
1699050 603
1699060 601
1699070 601
1699080 598
1699090 594
1699100 594
1699110 594
1699120 592
1699130 592
1699140 591
1699150 588
1699160 588
1699170 587
1699180 585
1699190 585
1699200 577
1699210 575
1699220 575
1699230 583
1699240 588
1699250 588
1699260 586
1699270 583
1699280 581
1699290 581
1699300 586
1699310 588
1699320 588
1699330 589
1699340 590
1699350 590
1699360 590
1699370 591
1699380 591
1699390 591
1699400 592
1699410 592
1699420 591
1699430 591
1699440 591
1699450 590
1699460 591
1699470 591
1699480 592
1699490 592
1699500 592
1699510 591
1699520 590
1699530 590
1699540 590
1699550 589
1699560 589
1699570 587
1699580 585
1699590 583
1699600 583
1699610 580
1699620 577
1699630 577
1699640 572
1699650 567
1699660 567
1699670 560
1699680 555
1699690 555
1699700 554
1699710 551
1699720 551
1699730 547
1699740 545
1699750 545
1699760 543
1699770 540
1699780 540
1699790 538
1699800 536
1699810 536
1699820 535
1699830 533
1699840 533
1699850 531
1699860 531
1699870 531
1699880 531
1699890 531
1699900 532
1699910 532
1699920 530
1699930 527
1699940 527
1699950 526
1699960 528
1699970 528
1699980 530
1699990 533
