1680000 1140
1680010 1137
1680020 1135
1680030 1132
1680040 1132
1680050 1131
1680060 1130
1680070 1130
1680080 1129
1680090 1128
1680100 1128
1680110 1127
1680120 1127
1680130 1127
1680140 1128
1680150 1131
1680160 1131
1680170 1132
1680180 1132
1680190 1132
1680200 1132
1680210 1133
1680220 1133
1680230 1137
1680240 1142
1680250 1142
1680260 1147
1680270 1152
1680280 1152
1680290 1156
1680300 1162
1680310 1162
1680320 1168
1680330 1171
1680340 1176
1680350 1176
1680360 1180
1680370 1186
1680380 1186
1680390 1191
1680400 1195
1680410 1195
1680420 1199
1680430 1203
1680440 1203
1680450 1205
1680460 1208
1680470 1208
1680480 1211
1680490 1212
1680500 1212
1680510 1212
1680520 1213
1680530 1213
1680540 1213
1680550 1212
1680560 1212
1680570 1213
1680580 1212
1680590 1212
1680600 1211
1680610 1211
1680620 1211
1680630 1210
1680640 1207
1680650 1207
1680660 1203
1680670 1199
1680680 1195
1680690 1195
1680700 1190
1680710 1185
1680720 1185
1680730 1180
1680740 1173
1680750 1173
1680760 1172
1680770 1167
1680780 1167
1680790 1162
1680800 1157
1680810 1157
1680820 1151
1680830 1147
1680840 1147
1680850 1143
1680860 1137
1680870 1137
1680880 1131
1680890 1126
1680900 1126
1680910 1121
1680920 1114
1680930 1114
1680940 1109
1680950 1103
1680960 1103
1680970 1098
1680980 1097
1680990 1095
1681000 1095
1681010 1091
1681020 1088
1681030 1088
1681040 1084
1681050 1080
1681060 1080
1681070 1076
1681080 1072
1681090 1072
1681100 1068
1681110 1065
1681120 1065
1681130 1061
1681140 1059
1681150 1059
1681160 1058
1681170 1057
1681180 1057
1681190 1056
1681200 1054
1681210 1054
1681220 1054
1681230 1050
1681240 1050
1681250 1046
1681260 1043
1681270 1043
1681280 1041
1681290 1037
1681300 1037
1681310 1033
1681320 1029
1681330 1025
1681340 1025
1681350 1021
1681360 1017
1681370 1017
1681380 1013
1681390 1008
1681400 1008
1681410 1006
1681420 1002
1681430 1002
1681440 996
1681450 992
1681460 992
1681470 986
1681480 982
1681490 982
1681500 977
1681510 973
1681520 973
1681530 968
1681540 962
1681550 962
1681560 957
1681570 952
1681580 952
1681590 947
1681600 941
1681610 941
1681620 936
1681630 931
1681640 925
1681650 925
1681660 921
1681670 917
1681680 917
1681690 914
1681700 912
1681710 912
1681720 910
1681730 907
1681740 907
1681750 904
1681760 899
1681770 899
1681780 895
1681790 891
1681800 891
1681810 888
1681820 884
1681830 884
1681840 880
1681850 875
1681860 875
1681870 868
1681880 860
1681890 860
1681900 854
1681910 847
1681920 847
1681930 841
1681940 836
1681950 836
1681960 830
1681970 824
1681980 819
1681990 819
1682000 813
1682010 809
1682020 809
1682030 804
1682040 800
1682050 800
1682060 797
1682070 792
1682080 792
1682090 788
1682100 784
1682110 784
1682120 780
1682130 775
1682140 775
1682150 770
1682160 765
1682170 765
1682180 762
1682190 758
1682200 758
1682210 751
1682220 743
1682230 743
1682240 739
1682250 733
1682260 733
1682270 726
1682280 720
1682290 714
1682300 714
1682310 708
1682320 703
1682330 703
1682340 700
1682350 697
1682360 697
1682370 696
1682380 695
1682390 695
1682400 695
1682410 695
1682420 695
1682430 695
1682440 694
1682450 694
1682460 695
1682470 696
1682480 696
1682490 697
1682500 699
1682510 699
1682520 703
1682530 707
1682540 707
1682550 711
1682560 712
1682570 712
1682580 714
1682590 715
1682600 715
1682610 716
1682620 717
1682630 721
1682640 721
1682650 726
1682660 732
1682670 732
1682680 737
1682690 742
1682700 742
1682710 745
1682720 747
1682730 747
1682740 747
1682750 748
1682760 748
1682770 748
1682780 747
1682790 747
1682800 745
1682810 743
1682820 743
1682830 743
1682840 742
1682850 742
1682860 741
1682870 741
1682880 741
1682890 740
1682900 739
1682910 739
1682920 739
1682930 738
1682940 737
1682950 737
1682960 736
1682970 736
1682980 736
1682990 736
1683000 734
1683010 734
1683020 733
1683030 733
1683040 733
1683050 734
1683060 734
1683070 734
1683080 732
1683090 731
1683100 731
1683110 730
1683120 730
1683130 730
1683140 729
1683150 728
1683160 728
1683170 727
1683180 726
1683190 726
1683200 726
1683210 723
1683220 723
1683230 720
1683240 720
1683250 720
1683260 720
1683270 719
1683280 718
1683290 718
1683300 717
1683310 715
1683320 715
1683330 713
1683340 712
1683350 712
1683360 710
1683370 709
1683380 709
1683390 708
1683400 706
1683410 706
1683420 705
1683430 703
1683440 703
1683450 701
1683460 700
1683470 700
1683480 698
1683490 697
1683500 697
1683510 696
1683520 695
1683530 695
1683540 695
1683550 695
1683560 695
1683570 696
1683580 695
1683590 694
1683600 694
1683610 694
1683620 693
1683630 693
1683640 691
1683650 689
1683660 689
1683670 689
1683680 689
1683690 689
1683700 688
1683710 687
1683720 687
1683730 687
1683740 686
1683750 686
1683760 685
1683770 684
1683780 684
1683790 682
1683800 681
1683810 681
1683820 681
1683830 682
1683840 682
1683850 682
1683860 682
1683870 682
1683880 682
1683890 682
1683900 683
1683910 683
1683920 683
1683930 684
1683940 684
1683950 685
1683960 685
1683970 685
1683980 686
1683990 687
1684000 687
1684010 688
1684020 689
1684030 689
1684040 689
1684050 689
1684060 689
1684070 688
1684080 688
1684090 688
1684100 688
1684110 689
1684120 689
1684130 689
1684140 689
1684150 689
1684160 687
1684170 688
1684180 688
1684190 688
1684200 689
1684210 689
1684220 690
1684230 691
1684240 693
1684250 693
1684260 695
1684270 698
1684280 698
1684290 703
1684300 707
1684310 707
1684320 712
1684330 716
1684340 716
1684350 720
1684360 724
1684370 724
1684380 726
1684390 729
1684400 729
1684410 730
1684420 731
1684430 731
1684440 731
1684450 731
1684460 731
1684470 731
1684480 730
1684490 730
1684500 726
1684510 720
1684520 720
1684530 713
1684540 706
1684550 701
1684560 701
1684570 700
1684580 700
1684590 700
1684600 700
1684610 703
1684620 703
1684630 710
1684640 716
1684650 716
1684660 724
1684670 729
1684680 729
1684690 737
1684700 739
1684710 739
1684720 736
1684730 732
1684740 732
1684750 729
1684760 727
1684770 727
1684780 726
1684790 725
1684800 725
1684810 722
1684820 719
1684830 719
1684840 717
1684850 714
1684860 714
1684870 711
1684880 708
1684890 706
1684900 706
1684910 704
1684920 701
1684930 701
1684940 698
1684950 697
1684960 697
1684970 694
1684980 692
1684990 692
1685000 691
1685010 689
1685020 689
1685030 687
1685040 685
1685050 685
1685060 683
1685070 681
1685080 681
1685090 680
1685100 678
1685110 678
1685120 677
1685130 674
1685140 674
1685150 672
1685160 669
1685170 669
1685180 667
1685190 665
1685200 664
1685210 664
1685220 663
1685230 662
1685240 662
1685250 662
1685260 663
1685270 663
1685280 662
1685290 663
1685300 663
1685310 664
1685320 664
1685330 664
1685340 664
1685350 663
1685360 663
1685370 660
1685380 658
1685390 658
1685400 656
1685410 653
1685420 653
1685430 651
1685440 650
1685450 650
1685460 651
1685470 650
1685480 650
1685490 650
1685500 650
1685510 650
1685520 651
1685530 650
1685540 651
1685550 651
1685560 651
1685570 650
1685580 650
1685590 650
1685600 650
1685610 650
1685620 650
1685630 650
1685640 650
1685650 649
1685660 649
1685670 649
1685680 649
1685690 650
1685700 650
1685710 648
1685720 650
1685730 650
1685740 652
1685750 655
1685760 655
1685770 658
1685780 661
1685790 661
1685800 663
1685810 665
1685820 665
1685830 666
1685840 666
1685850 665
1685860 665
1685870 665
1685880 664
1685890 664
1685900 662
1685910 661
1685920 661
1685930 660
1685940 660
1685950 660
1685960 660
1685970 661
1685980 661
1685990 663
1686000 664
1686010 664
1686020 665
1686030 666
1686040 666
1686050 670
1686060 674
1686070 674
1686080 677
1686090 678
1686100 678
1686110 681
1686120 684
1686130 684
1686140 686
1686150 687
1686160 687
1686170 688
1686180 686
1686190 685
1686200 685
1686210 683
1686220 681
1686230 681
1686240 679
1686250 674
1686260 674
1686270 670
1686280 669
1686290 669
1686300 669
1686310 669
1686320 667
1686330 667
1686340 667
1686350 667
1686360 666
1686370 664
1686380 664
1686390 666
1686400 673
1686410 673
1686420 678
1686430 682
1686440 682
1686450 688
1686460 693
1686470 693
1686480 696
1686490 698
1686500 696
1686510 696
1686520 695
1686530 694
1686540 694
1686550 694
1686560 693
1686570 693
1686580 691
1686590 690
1686600 690
1686610 688
1686620 685
1686630 685
1686640 682
1686650 680
1686660 680
1686670 678
1686680 677
1686690 677
1686700 677
1686710 677
1686720 677
1686730 677
1686740 676
1686750 676
1686760 677
1686770 677
1686780 677
1686790 676
1686800 673
1686810 673
1686820 674
1686830 677
1686840 680
1686850 680
1686860 682
1686870 686
1686880 686
1686890 690
1686900 694
1686910 694
1686920 698
1686930 702
1686940 702
1686950 707
1686960 712
1686970 712
1686980 717
1686990 722
1687000 722
1687010 727
1687020 731
1687030 731
1687040 734
1687050 735
1687060 735
1687070 733
1687080 730
1687090 730
1687100 727
1687110 723
1687120 723
1687130 719
1687140 715
1687150 711
1687160 711
1687170 708
1687180 707
1687190 707
1687200 705
1687210 705
1687220 705
1687230 705
1687240 705
1687250 705
1687260 706
1687270 706
1687280 706
1687290 705
1687300 704
1687310 704
1687320 703
1687330 703
1687340 703
1687350 702
1687360 701
1687370 701
1687380 700
1687390 699
1687400 699
1687410 699
1687420 699
1687430 699
1687440 697
1687450 696
1687460 696
1687470 696
1687480 695
1687490 694
1687500 694
1687510 693
1687520 691
1687530 691
1687540 690
1687550 689
1687560 689
1687570 688
1687580 686
1687590 686
1687600 684
1687610 679
1687620 679
1687630 678
1687640 676
1687650 676
1687660 674
1687670 673
1687680 673
1687690 672
1687700 671
1687710 671
1687720 670
1687730 670
1687740 670
1687750 668
1687760 667
1687770 667
1687780 665
1687790 660
1687800 657
1687810 657
1687820 657
1687830 659
1687840 659
1687850 661
1687860 663
1687870 663
1687880 664
1687890 665
1687900 665
1687910 665
1687920 666
1687930 666
1687940 666
1687950 667
1687960 667
1687970 667
1687980 667
1687990 667
1688000 666
1688010 665
1688020 665
1688030 665
1688040 667
1688050 667
1688060 669
1688070 673
1688080 673
1688090 674
1688100 675
1688110 677
1688120 677
1688130 676
1688140 676
1688150 676
1688160 673
1688170 672
1688180 672
1688190 672
1688200 673
1688210 673
1688220 673
1688230 673
1688240 673
1688250 674
1688260 676
1688270 676
1688280 678
1688290 682
1688300 682
1688310 688
1688320 696
1688330 696
1688340 705
1688350 708
1688360 708
1688370 699
1688380 685
1688390 685
1688400 674
1688410 663
1688420 663
1688430 657
1688440 647
1688450 639
1688460 639
1688470 632
1688480 628
1688490 628
1688500 626
1688510 629
1688520 629
1688530 629
1688540 629
1688550 629
1688560 629
1688570 629
1688580 629
1688590 628
1688600 628
1688610 628
1688620 628
1688630 628
1688640 628
1688650 632
1688660 638
1688670 638
1688680 642
1688690 645
1688700 645
1688710 644
1688720 642
1688730 642
1688740 641
1688750 642
1688760 643
1688770 643
1688780 644
1688790 645
1688800 645
1688810 646
1688820 650
1688830 650
1688840 656
1688850 663
1688860 663
1688870 667
1688880 671
1688890 671
1688900 674
1688910 676
1688920 676
1688930 681
1688940 686
1688950 686
1688960 689
1688970 691
1688980 691
1688990 693
1689000 694
1689010 694
1689020 694
1689030 693
1689040 693
1689050 693
1689060 695
1689070 695
1689080 699
1689090 699
1689100 700
1689110 700
1689120 700
1689130 700
1689140 700
1689150 703
1689160 707
1689170 707
1689180 714
1689190 716
1689200 716
1689210 721
1689220 728
1689230 728
1689240 735
1689250 738
1689260 738
1689270 737
1689280 737
1689290 737
1689300 737
1689310 740
1689320 740
1689330 745
1689340 746
1689350 746
1689360 746
1689370 746
1689380 746
1689390 745
1689400 744
1689410 744
1689420 744
1689430 747
1689440 753
1689450 753
1689460 758
1689470 763
1689480 763
1689490 768
1689500 773
1689510 773
1689520 777
1689530 779
1689540 779
1689550 777
1689560 776
1689570 776
1689580 773
1689590 770
1689600 770
1689610 768
1689620 769
1689630 769
1689640 773
1689650 774
1689660 774
1689670 772
1689680 770
1689690 770
1689700 766
1689710 774
1689720 774
1689730 780
1689740 787
1689750 794
1689760 794
1689770 802
1689780 810
1689790 810
1689800 818
1689810 824
1689820 824
1689830 831
1689840 837
1689850 837
1689860 841
1689870 842
1689880 842
1689890 840
1689900 837
1689910 837
1689920 837
1689930 839
1689940 839
1689950 841
1689960 844
1689970 844
1689980 846
1689990 846
1690000 846
1690010 846
1690020 840
1690030 840
1690040 832
1690050 824
1690060 818
1690070 818
1690080 814
1690090 812
1690100 812
1690110 812
1690120 805
1690130 805
1690140 797
1690150 788
1690160 788
1690170 779
1690180 771
1690190 771
1690200 765
1690210 768
1690220 768
1690230 771
1690240 774
1690250 774
1690260 774
1690270 768
1690280 768
1690290 766
1690300 760
1690310 760
1690320 753
1690330 747
1690340 747
1690350 749
1690360 751
1690370 752
1690380 752
1690390 753
1690400 753
1690410 753
1690420 754
1690430 752
1690440 752
1690450 748
1690460 747
1690470 747
1690480 755
1690490 766
1690500 766
1690510 774
1690520 783
1690530 783
1690540 790
1690550 799
1690560 799
1690570 806
1690580 813
1690590 813
1690600 820
1690610 828
1690620 828
1690630 835
1690640 843
1690650 843
1690660 850
1690670 858
1690680 858
1690690 865
1690700 872
1690710 879
1690720 879
1690730 885
1690740 893
1690750 893
1690760 901
1690770 909
1690780 909
1690790 913
1690800 921
1690810 921
1690820 927
1690830 931
1690840 931
1690850 931
1690860 930
1690870 930
1690880 930
1690890 929
1690900 929
1690910 929
1690920 927
1690930 927
1690940 927
1690950 928
1690960 928
1690970 930
1690980 932
1690990 932
1691000 935
1691010 939
1691020 942
1691030 942
1691040 946
1691050 949
1691060 949
1691070 954
1691080 958
1691090 958
1691100 962
1691110 965
1691120 965
1691130 970
1691140 974
1691150 974
1691160 979
1691170 984
1691180 984
1691190 988
1691200 993
1691210 993
1691220 998
1691230 1004
1691240 1004
1691250 1008
1691260 1016
1691270 1016
1691280 1022
1691290 1030
1691300 1030
1691310 1035
1691320 1041
1691330 1041
1691340 1047
1691350 1052
1691360 1058
1691370 1058
1691380 1060
1691390 1060
1691400 1060
1691410 1059
1691420 1060
1691430 1060
1691440 1061
1691450 1063
1691460 1063
1691470 1060
1691480 1057
1691490 1057
1691500 1054
1691510 1051
1691520 1051
1691530 1054
1691540 1056
1691550 1056
1691560 1060
1691570 1062
1691580 1062
1691590 1061
1691600 1059
1691610 1059
1691620 1056
1691630 1050
1691640 1050
1691650 1046
1691660 1043
1691670 1049
1691680 1049
1691690 1053
1691700 1057
1691710 1057
1691720 1062
1691730 1066
1691740 1066
1691750 1071
1691760 1074
1691770 1074
1691780 1081
1691790 1086
1691800 1086
1691810 1095
1691820 1102
1691830 1102
1691840 1110
1691850 1117
1691860 1117
1691870 1125
1691880 1131
1691890 1131
1691900 1138
1691910 1144
1691920 1144
1691930 1151
1691940 1156
1691950 1156
1691960 1160
1691970 1163
1691980 1163
1691990 1166
1692000 1168
1692010 1171
1692020 1171
1692030 1173
1692040 1174
1692050 1174
1692060 1176
1692070 1179
1692080 1179
1692090 1182
1692100 1185
1692110 1185
1692120 1188
1692130 1190
1692140 1190
1692150 1193
1692160 1195
1692170 1195
1692180 1196
1692190 1195
1692200 1195
1692210 1194
1692220 1192
1692230 1192
1692240 1190
1692250 1188
1692260 1188
1692270 1185
1692280 1183
1692290 1183
1692300 1181
1692310 1179
1692320 1176
1692330 1176
1692340 1174
1692350 1172
1692360 1172
1692370 1170
1692380 1168
1692390 1168
1692400 1166
1692410 1164
1692420 1164
1692430 1162
1692440 1159
1692450 1159
1692460 1156
1692470 1152
1692480 1152
1692490 1146
1692500 1141
1692510 1141
1692520 1136
1692530 1129
1692540 1129
1692550 1123
1692560 1117
1692570 1117
1692580 1110
1692590 1103
1692600 1103
1692610 1097
1692620 1090
1692630 1090
1692640 1084
1692650 1080
1692660 1079
1692670 1079
1692680 1077
1692690 1074
1692700 1074
1692710 1070
1692720 1065
1692730 1065
1692740 1060
1692750 1054
1692760 1054
1692770 1051
1692780 1045
1692790 1041
1692800 1042
1692810 1048
1692820 1048
1692830 1051
1692840 1057
1692850 1057
1692860 1062
1692870 1066
1692880 1066
1692890 1069
1692900 1071
1692910 1071
1692920 1073
1692930 1075
1692940 1075
1692950 1077
1692960 1080
1692970 1082
1692980 1082
1692990 1085
1693000 1088
1693010 1088
1693020 1086
1693030 1080
1693040 1080
1693050 1073
1693060 1065
1693070 1065
1693080 1058
1693090 1051
1693100 1051
1693110 1045
1693120 1038
1693130 1038
1693140 1031
1693150 1024
1693160 1024
1693170 1017
1693180 1009
1693190 1009
1693200 998
1693210 995
1693220 995
1693230 986
1693240 979
1693250 979
1693260 972
1693270 965
1693280 965
1693290 965
1693300 965
1693310 964
1693320 964
1693330 961
1693340 957
1693350 957
1693360 953
1693370 949
1693380 949
1693390 945
1693400 940
1693410 940
1693420 934
1693430 930
1693440 930
1693450 924
1693460 919
1693470 919
1693480 914
1693490 908
1693500 908
1693510 903
1693520 901
1693530 901
1693540 900
1693550 903
1693560 903
1693570 901
1693580 897
1693590 897
1693600 898
1693610 899
1693620 900
1693630 900
1693640 901
1693650 903
1693660 903
1693670 903
1693680 904
1693690 904
1693700 904
1693710 902
1693720 902
1693730 899
1693740 896
1693750 896
1693760 895
1693770 894
1693780 894
1693790 893
1693800 891
1693810 891
1693820 888
1693830 889
1693840 889
1693850 890
1693860 890
1693870 890
1693880 889
1693890 887
1693900 887
1693910 887
1693920 886
1693930 883
1693940 883
1693950 885
1693960 889
1693970 889
1693980 893
1693990 893
1694000 893
1694010 894
1694020 896
1694030 896
1694040 898
1694050 899
1694060 899
1694070 902
1694080 904
1694090 904
1694100 907
1694110 912
1694120 912
1694130 915
1694140 917
1694150 917
1694160 919
1694170 921
1694180 921
1694190 922
1694200 922
1694210 922
1694220 922
1694230 921
1694240 921
1694250 919
1694260 918
1694270 917
1694280 917
1694290 917
1694300 913
1694310 913
1694320 906
1694330 899
1694340 899
1694350 894
1694360 891
1694370 891
1694380 888
1694390 882
1694400 882
1694410 880
1694420 889
1694430 889
1694440 895
1694450 899
1694460 899
1694470 904
1694480 908
1694490 908
1694500 913
1694510 910
1694520 910
1694530 904
1694540 899
1694550 899
1694560 895
1694570 892
1694580 888
1694590 888
1694600 884
1694610 885
1694620 885
1694630 889
1694640 894
1694650 894
1694660 895
1694670 891
1694680 891
1694690 886
1694700 881
1694710 881
1694720 876
1694730 870
1694740 870
1694750 866
1694760 861
1694770 861
1694780 855
1694790 862
1694800 862
1694810 870
1694820 876
1694830 876
1694840 882
1694850 887
1694860 887
1694870 891
1694880 894
1694890 894
1694900 895
1694910 895
1694920 895
1694930 895
1694940 895
1694950 896
1694960 896
1694970 894
1694980 894
1694990 894
1695000 896
1695010 897
1695020 897
1695030 896
1695040 893
1695050 893
1695060 888
1695070 884
1695080 884
1695090 878
1695100 871
1695110 871
1695120 863
1695130 855
1695140 855
1695150 849
1695160 844
1695170 844
1695180 838
1695190 831
1695200 831
1695210 826
1695220 835
1695230 843
1695240 843
1695250 850
1695260 856
1695270 856
1695280 862
1695290 867
1695300 867
1695310 874
1695320 882
1695330 882
1695340 887
1695350 894
1695360 894
1695370 901
1695380 907
1695390 907
1695400 914
1695410 921
1695420 921
1695430 927
1695440 933
1695450 933
1695460 939
1695470 944
1695480 944
1695490 948
1695500 947
1695510 947
1695520 944
1695530 941
1695540 941
1695550 940
1695560 937
1695570 936
1695580 936
1695590 935
1695600 939
1695610 939
1695620 941
1695630 945
1695640 945
1695650 948
1695660 951
1695670 951
1695680 953
1695690 950
1695700 950
1695710 944
1695720 935
1695730 935
1695740 929
1695750 922
1695760 922
1695770 914
1695780 906
1695790 906
1695800 899
1695810 897
1695820 897
1695830 904
1695840 907
1695850 907
1695860 909
1695870 913
1695880 916
1695890 916
1695900 919
1695910 923
1695920 923
1695930 927
1695940 931
1695950 931
1695960 935
1695970 941
1695980 941
1695990 945
1696000 950
1696010 950
1696020 955
1696030 960
1696040 960
1696050 965
1696060 970
1696070 970
1696080 974
1696090 979
1696100 979
1696110 982
1696120 985
1696130 985
1696140 982
1696150 975
1696160 975
1696170 962
1696180 949
1696190 949
1696200 940
1696210 931
1696220 922
1696230 922
1696240 914
1696250 907
1696260 907
1696270 903
1696280 899
1696290 899
1696300 894
1696310 889
1696320 889
1696330 881
1696340 873
1696350 873
1696360 862
1696370 853
1696380 853
1696390 845
1696400 837
1696410 837
1696420 828
1696430 819
1696440 819
1696450 814
1696460 814
1696470 814
1696480 816
1696490 825
1696500 825
1696510 832
1696520 837
1696530 841
1696540 841
1696550 846
1696560 851
1696570 851
1696580 856
1696590 862
1696600 862
1696610 867
1696620 872
1696630 872
1696640 878
1696650 883
1696660 883
1696670 888
1696680 893
1696690 893
1696700 898
1696710 901
1696720 901
1696730 901
1696740 899
1696750 899
1696760 897
1696770 895
1696780 895
1696790 891
1696800 887
1696810 887
1696820 887
1696830 890
1696840 890
1696850 896
1696860 902
1696870 908
1696880 908
1696890 914
1696900 920
1696910 920
1696920 925
1696930 930
1696940 930
1696950 935
1696960 934
1696970 934
1696980 929
1696990 923
1697000 923
1697010 918
1697020 911
1697030 911
1697040 904
1697050 899
1697060 899
1697070 892
1697080 886
1697090 886
1697100 879
1697110 872
1697120 872
1697130 865
1697140 858
1697150 858
1697160 851
1697170 844
1697180 837
1697190 837
1697200 830
1697210 823
1697220 823
1697230 816
1697240 809
1697250 809
1697260 802
1697270 794
1697280 794
1697290 787
1697300 781
1697310 781
1697320 774
1697330 768
1697340 768
1697350 761
1697360 756
1697370 756
1697380 751
1697390 747
1697400 747
1697410 743
1697420 738
1697430 738
1697440 733
1697450 729
1697460 729
1697470 725
1697480 721
1697490 717
1697500 717
1697510 713
1697520 709
1697530 709
1697540 706
1697550 705
1697560 705
1697570 706
1697580 707
1697590 707
1697600 703
1697610 702
1697620 702
1697630 703
1697640 705
1697650 705
1697660 706
1697670 707
1697680 707
1697690 708
1697700 709
1697710 709
1697720 710
1697730 710
1697740 710
1697750 710
1697760 712
1697770 712
1697780 713
1697790 715
1697800 710
1697810 708
1697820 706
1697830 699
1697840 699
1697850 659
1697860 637
1697870 637
1697880 629
1697890 621
1697900 621
1697910 614
1697920 608
1697930 608
1697940 601
1697950 595
1697960 595
1697970 589
1697980 583
1697990 583
1698000 576
1698010 568
1698020 568
1698030 562
1698040 554
1698050 554
1698060 547
1698070 540
1698080 540
1698090 539
1698100 536
1698110 536
1698120 539
1698130 539
1698140 538
1698150 538
1698160 539
1698170 540
1698180 540
1698190 545
1698200 550
1698210 550
1698220 555
1698230 560
1698240 560
1698250 567
1698260 574
1698270 574
1698280 580
1698290 587
1698300 587
1698310 591
1698320 598
1698330 598
1698340 602
1698350 605
1698360 605
1698370 611
1698380 617
1698390 617
1698400 623
1698410 628
1698420 628
1698430 635
1698440 643
1698450 643
1698460 650
1698470 657
1698480 662
1698490 662
1698500 668
1698510 675
1698520 675
1698530 682
1698540 687
1698550 687
1698560 696
1698570 703
1698580 703
1698590 711
1698600 718
1698610 718
1698620 728
1698630 737
1698640 737
1698650 744
1698660 767
1698670 767
1698680 774
1698690 783
1698700 783
1698710 807
1698720 839
1698730 839
1698740 841
1698750 842
1698760 842
1698770 843
1698780 844
1698790 845
1698800 845
1698810 846
1698820 847
1698830 847
1698840 849
1698850 850
1698860 850
1698870 850
1698880 850
1698890 850
1698900 847
1698910 843
1698920 843
1698930 839
1698940 837
1698950 837
1698960 837
1698970 834
1698980 834
1698990 831
1699000 828
1699010 828
1699020 825
1699030 824
1699040 824
1699050 823
1699060 824
1699070 824
1699080 828
1699090 830
1699100 830
1699110 832
1699120 836
1699130 835
1699140 835
1699150 832
1699160 831
1699170 831
1699180 834
1699190 838
1699200 838
1699210 844
1699220 850
1699230 850
1699240 856
1699250 863
1699260 863
1699270 869
1699280 876
1699290 876
1699300 882
1699310 889
1699320 889
1699330 896
1699340 903
1699350 903
1699360 910
1699370 915
1699380 915
1699390 918
1699400 919
1699410 919
1699420 921
1699430 925
1699440 926
1699450 926
1699460 929
1699470 933
1699480 933
1699490 936
1699500 938
1699510 938
1699520 941
1699530 944
1699540 944
1699550 947
1699560 950
1699570 950
1699580 952
1699590 954
1699600 954
1699610 957
1699620 959
1699630 959
1699640 962
1699650 965
1699660 965
1699670 967
1699680 969
1699690 969
1699700 972
1699710 974
1699720 974
1699730 975
1699740 978
1699750 978
1699760 980
1699770 983
1699780 985
1699790 985
1699800 987
1699810 989
1699820 989
1699830 990
1699840 990
1699850 990
1699860 990
1699870 989
1699880 989
1699890 988
1699900 987
1699910 987
1699920 985
1699930 983
1699940 983
1699950 983
1699960 982
1699970 982
1699980 983
1699990 984
