1680000 997
1680010 1001
1680020 1009
1680030 1009
1680040 1015
1680050 1021
1680060 1025
1680070 1025
1680080 1024
1680090 1023
1680100 1023
1680110 1021
1680120 1020
1680130 1020
1680140 1019
1680150 1016
1680160 1016
1680170 1013
1680180 1010
1680190 1010
1680200 1007
1680210 1004
1680220 1004
1680230 1001
1680240 998
1680250 998
1680260 997
1680270 995
1680280 995
1680290 994
1680300 994
1680310 994
1680320 994
1680330 996
1680340 996
1680350 1002
1680360 1008
1680370 1008
1680380 1014
1680390 1020
1680400 1026
1680410 1026
1680420 1032
1680430 1039
1680440 1039
1680450 1045
1680460 1051
1680470 1051
1680480 1058
1680490 1062
1680500 1062
1680510 1069
1680520 1073
1680530 1073
1680540 1075
1680550 1079
1680560 1079
1680570 1083
1680580 1088
1680590 1088
1680600 1092
1680610 1095
1680620 1095
1680630 1100
1680640 1101
1680650 1101
1680660 1101
1680670 1100
1680680 1100
1680690 1106
1680700 1108
1680710 1113
1680720 1113
1680730 1114
1680740 1115
1680750 1115
1680760 1116
1680770 1116
1680780 1116
1680790 1118
1680800 1119
1680810 1119
1680820 1121
1680830 1122
1680840 1122
1680850 1125
1680860 1128
1680870 1128
1680880 1126
1680890 1119
1680900 1119
1680910 1112
1680920 1105
1680930 1105
1680940 1097
1680950 1090
1680960 1090
1680970 1082
1680980 1074
1680990 1074
1681000 1067
1681010 1058
1681020 1058
1681030 1050
1681040 1042
1681050 1035
1681060 1035
1681070 1027
1681080 1020
1681090 1020
1681100 1013
1681110 1006
1681120 1006
1681130 999
1681140 992
1681150 992
1681160 985
1681170 979
1681180 979
1681190 971
1681200 964
1681210 964
1681220 957
1681230 951
1681240 951
1681250 944
1681260 939
1681270 939
1681280 932
1681290 927
1681300 927
1681310 921
1681320 915
1681330 915
1681340 908
1681350 902
1681360 897
1681370 897
1681380 893
1681390 892
1681400 892
1681410 891
1681420 892
1681430 892
1681440 892
1681450 893
1681460 893
1681470 894
1681480 896
1681490 896
1681500 896
1681510 897
1681520 897
1681530 894
1681540 891
1681550 891
1681560 888
1681570 886
1681580 886
1681590 884
1681600 882
1681610 882
1681620 878
1681630 873
1681640 873
1681650 868
1681660 862
1681670 862
1681680 856
1681690 850
1681700 844
1681710 844
1681720 839
1681730 834
1681740 834
1681750 827
1681760 820
1681770 820
1681780 813
1681790 807
1681800 807
1681810 800
1681820 794
1681830 794
1681840 787
1681850 783
1681860 783
1681870 776
1681880 772
1681890 772
1681900 766
1681910 762
1681920 762
1681930 759
1681940 753
1681950 753
1681960 748
1681970 745
1681980 745
1681990 743
1682000 743
1682010 741
1682020 741
1682030 737
1682040 732
1682050 732
1682060 729
1682070 725
1682080 725
1682090 719
1682100 714
1682110 714
1682120 710
1682130 706
1682140 706
1682150 702
1682160 700
1682170 700
1682180 693
1682190 688
1682200 688
1682210 684
1682220 681
1682230 681
1682240 680
1682250 680
1682260 680
1682270 680
1682280 680
1682290 680
1682300 680
1682310 679
1682320 679
1682330 679
1682340 680
1682350 680
1682360 680
1682370 680
1682380 680
1682390 680
1682400 679
1682410 679
1682420 679
1682430 679
1682440 679
1682450 679
1682460 679
1682470 678
1682480 678
1682490 677
1682500 677
1682510 677
1682520 677
1682530 678
1682540 678
1682550 678
1682560 680
1682570 680
1682580 680
1682590 680
1682600 680
1682610 679
1682620 679
1682630 679
1682640 679
1682650 680
1682660 681
1682670 681
1682680 678
1682690 678
1682700 678
1682710 678
1682720 678
1682730 678
1682740 677
1682750 677
1682760 677
1682770 677
1682780 677
1682790 677
1682800 677
1682810 677
1682820 677
1682830 679
1682840 678
1682850 678
1682860 677
1682870 677
1682880 677
1682890 677
1682900 676
1682910 676
1682920 674
1682930 674
1682940 674
1682950 673
1682960 673
1682970 673
1682980 673
1682990 673
1683000 672
1683010 672
1683020 671
1683030 673
1683040 673
1683050 672
1683060 672
1683070 672
1683080 672
1683090 672
1683100 672
1683110 672
1683120 672
1683130 672
1683140 672
1683150 672
1683160 672
1683170 672
1683180 671
1683190 671
1683200 671
1683210 671
1683220 671
1683230 671
1683240 670
1683250 670
1683260 670
1683270 670
1683280 670
1683290 670
1683300 670
1683310 670
1683320 670
1683330 670
1683340 670
1683350 670
1683360 670
1683370 669
1683380 669
1683390 669
1683400 669
1683410 669
1683420 669
1683430 669
1683440 669
1683450 669
1683460 669
1683470 669
1683480 668
1683490 668
1683500 668
1683510 668
1683520 668
1683530 668
1683540 668
1683550 668
1683560 668
1683570 668
1683580 668
1683590 668
1683600 667
1683610 667
1683620 667
1683630 667
1683640 668
1683650 668
1683660 668
1683670 668
1683680 668
1683690 668
1683700 669
1683710 669
1683720 669
1683730 670
1683740 670
1683750 670
1683760 671
1683770 672
1683780 672
1683790 673
1683800 674
1683810 674
1683820 675
1683830 676
1683840 676
1683850 678
1683860 678
1683870 678
1683880 679
1683890 680
1683900 680
1683910 681
1683920 682
1683930 682
1683940 684
1683950 685
1683960 686
1683970 686
1683980 686
1683990 687
1684000 687
1684010 688
1684020 688
1684030 688
1684040 689
1684050 689
1684060 689
1684070 689
1684080 689
1684090 689
1684100 688
1684110 689
1684120 689
1684130 688
1684140 687
1684150 687
1684160 688
1684170 688
1684180 688
1684190 688
1684200 687
1684210 687
1684220 686
1684230 685
1684240 685
1684250 684
1684260 683
1684270 683
1684280 682
1684290 681
1684300 680
1684310 680
1684320 679
1684330 678
1684340 678
1684350 677
1684360 676
1684370 676
1684380 675
1684390 674
1684400 674
1684410 674
1684420 673
1684430 673
1684440 673
1684450 673
1684460 673
1684470 673
1684480 673
1684490 673
1684500 673
1684510 672
1684520 672
1684530 671
1684540 671
1684550 671
1684560 671
1684570 671
1684580 671
1684590 671
1684600 670
1684610 669
1684620 669
1684630 668
1684640 667
1684650 667
1684660 665
1684670 664
1684680 664
1684690 665
1684700 663
1684710 663
1684720 662
1684730 660
1684740 660
1684750 661
1684760 661
1684770 661
1684780 663
1684790 665
1684800 665
1684810 667
1684820 675
1684830 675
1684840 679
1684850 682
1684860 682
1684870 687
1684880 692
1684890 692
1684900 696
1684910 699
1684920 699
1684930 703
1684940 710
1684950 714
1684960 714
1684970 719
1684980 718
1684990 718
1685000 724
1685010 731
1685020 731
1685030 738
1685040 745
1685050 745
1685060 752
1685070 753
1685080 753
1685090 751
1685100 751
1685110 751
1685120 756
1685130 761
1685140 761
1685150 766
1685160 771
1685170 771
1685180 774
1685190 778
1685200 778
1685210 778
1685220 770
1685230 770
1685240 763
1685250 755
1685260 746
1685270 746
1685280 738
1685290 731
1685300 731
1685310 725
1685320 717
1685330 717
1685340 717
1685350 719
1685360 719
1685370 720
1685380 724
1685390 724
1685400 729
1685410 733
1685420 733
1685430 737
1685440 741
1685450 741
1685460 742
1685470 739
1685480 739
1685490 739
1685500 736
1685510 736
1685520 735
1685530 733
1685540 733
1685550 728
1685560 725
1685570 725
1685580 722
1685590 719
1685600 718
1685610 718
1685620 719
1685630 719
1685640 719
1685650 719
1685660 719
1685670 719
1685680 719
1685690 719
1685700 719
1685710 720
1685720 720
1685730 720
1685740 720
1685750 721
1685760 721
1685770 722
1685780 725
1685790 725
1685800 728
1685810 730
1685820 730
1685830 731
1685840 732
1685850 732
1685860 732
1685870 730
1685880 730
1685890 727
1685900 724
1685910 722
1685920 722
1685930 721
1685940 719
1685950 719
1685960 718
1685970 717
1685980 717
1685990 715
1686000 713
1686010 713
1686020 709
1686030 706
1686040 706
1686050 704
1686060 704
1686070 704
1686080 703
1686090 702
1686100 702
1686110 700
1686120 697
1686130 697
1686140 694
1686150 688
1686160 688
1686170 684
1686180 680
1686190 680
1686200 675
1686210 671
1686220 671
1686230 668
1686240 667
1686250 665
1686260 665
1686270 664
1686280 664
1686290 664
1686300 664
1686310 664
1686320 664
1686330 668
1686340 671
1686350 671
1686360 672
1686370 676
1686380 676
1686390 680
1686400 685
1686410 685
1686420 688
1686430 692
1686440 692
1686450 695
1686460 697
1686470 697
1686480 699
1686490 698
1686500 698
1686510 695
1686520 693
1686530 693
1686540 690
1686550 682
1686560 677
1686570 677
1686580 674
1686590 672
1686600 672
1686610 671
1686620 671
1686630 671
1686640 672
1686650 673
1686660 673
1686670 674
1686680 674
1686690 674
1686700 674
1686710 673
1686720 673
1686730 672
1686740 672
1686750 672
1686760 671
1686770 670
1686780 670
1686790 669
1686800 671
1686810 671
1686820 672
1686830 669
1686840 669
1686850 666
1686860 665
1686870 665
1686880 659
1686890 652
1686900 652
1686910 652
1686920 651
1686930 653
1686940 653
1686950 649
1686960 648
1686970 648
1686980 646
1686990 645
1687000 645
1687010 644
1687020 642
1687030 642
1687040 641
1687050 640
1687060 640
1687070 641
1687080 640
1687090 640
1687100 640
1687110 640
1687120 640
1687130 640
1687140 639
1687150 639
1687160 640
1687170 640
1687180 640
1687190 640
1687200 639
1687210 639
1687220 639
1687230 639
1687240 639
1687250 639
1687260 638
1687270 637
1687280 637
1687290 637
1687300 637
1687310 637
1687320 637
1687330 637
1687340 637
1687350 637
1687360 638
1687370 638
1687380 638
1687390 638
1687400 638
1687410 638
1687420 637
1687430 637
1687440 637
1687450 637
1687460 637
1687470 636
1687480 636
1687490 636
1687500 636
1687510 636
1687520 636
1687530 637
1687540 639
1687550 639
1687560 639
1687570 639
1687580 639
1687590 639
1687600 639
1687610 639
1687620 639
1687630 639
1687640 640
1687650 640
1687660 640
1687670 640
1687680 640
1687690 641
1687700 641
1687710 641
1687720 642
1687730 642
1687740 642
1687750 642
1687760 643
1687770 643
1687780 643
1687790 644
1687800 644
1687810 644
1687820 645
1687830 645
1687840 645
1687850 646
1687860 646
1687870 646
1687880 646
1687890 646
1687900 646
1687910 646
1687920 646
1687930 646
1687940 646
1687950 646
1687960 646
1687970 645
1687980 645
1687990 645
1688000 645
1688010 645
1688020 645
1688030 647
1688040 650
1688050 650
1688060 654
1688070 660
1688080 660
1688090 665
1688100 670
1688110 670
1688120 675
1688130 681
1688140 681
1688150 685
1688160 690
1688170 690
1688180 697
1688190 705
1688200 706
1688210 706
1688220 710
1688230 713
1688240 713
1688250 716
1688260 716
1688270 716
1688280 717
1688290 718
1688300 718
1688310 718
1688320 717
1688330 717
1688340 714
1688350 711
1688360 711
1688370 706
1688380 703
1688390 703
1688400 698
1688410 699
1688420 699
1688430 699
1688440 700
1688450 700
1688460 699
1688470 696
1688480 696
1688490 695
1688500 695
1688510 696
1688520 696
1688530 698
1688540 700
1688550 700
1688560 700
1688570 697
1688580 697
1688590 700
1688600 701
1688610 701
1688620 703
1688630 710
1688640 710
1688650 714
1688660 716
1688670 716
1688680 720
1688690 728
1688700 728
1688710 740
1688720 744
1688730 744
1688740 742
1688750 738
1688760 738
1688770 732
1688780 731
1688790 731
1688800 740
1688810 747
1688820 747
1688830 755
1688840 762
1688850 770
1688860 770
1688870 778
1688880 786
1688890 786
1688900 793
1688910 799
1688920 799
1688930 803
1688940 803
1688950 803
1688960 798
1688970 792
1688980 792
1688990 786
1689000 778
1689010 778
1689020 772
1689030 766
1689040 766
1689050 762
1689060 758
1689070 758
1689080 755
1689090 753
1689100 753
1689110 753
1689120 752
1689130 752
1689140 750
1689150 747
1689160 752
1689170 752
1689180 757
1689190 760
1689200 760
1689210 763
1689220 767
1689230 767
1689240 770
1689250 771
1689260 771
1689270 775
1689280 777
1689290 777
1689300 778
1689310 778
1689320 778
1689330 777
1689340 777
1689350 777
1689360 771
1689370 769
1689380 769
1689390 776
1689400 782
1689410 782
1689420 788
1689430 793
1689440 793
1689450 798
1689460 802
1689470 802
1689480 805
1689490 808
1689500 810
1689510 810
1689520 812
1689530 813
1689540 813
1689550 815
1689560 815
1689570 815
1689580 816
1689590 818
1689600 818
1689610 819
1689620 820
1689630 820
1689640 821
1689650 823
1689660 823
1689670 824
1689680 824
1689690 824
1689700 824
1689710 822
1689720 822
1689730 823
1689740 825
1689750 825
1689760 828
1689770 829
1689780 829
1689790 832
1689800 838
1689810 841
1689820 841
1689830 843
1689840 844
1689850 844
1689860 845
1689870 849
1689880 849
1689890 856
1689900 861
1689910 861
1689920 868
1689930 875
1689940 875
1689950 882
1689960 887
1689970 887
1689980 893
1689990 899
1690000 899
1690010 906
1690020 912
1690030 912
1690040 918
1690050 924
1690060 924
1690070 930
1690080 937
1690090 937
1690100 944
1690110 951
1690120 951
1690130 958
1690140 964
1690150 971
1690160 971
1690170 976
1690180 984
1690190 984
1690200 981
1690210 978
1690220 978
1690230 975
1690240 973
1690250 973
1690260 971
1690270 970
1690280 970
1690290 969
1690300 970
1690310 970
1690320 970
1690330 979
1690340 979
1690350 981
1690360 980
1690370 980
1690380 976
1690390 970
1690400 970
1690410 963
1690420 956
1690430 956
1690440 949
1690450 943
1690460 937
1690470 937
1690480 931
1690490 926
1690500 926
1690510 923
1690520 921
1690530 921
1690540 923
1690550 926
1690560 926
1690570 929
1690580 926
1690590 926
1690600 917
1690610 910
1690620 910
1690630 905
1690640 900
1690650 900
1690660 905
1690670 909
1690680 909
1690690 913
1690700 915
1690710 915
1690720 914
1690730 911
1690740 911
1690750 908
1690760 904
1690770 904
1690780 897
1690790 894
1690800 890
1690810 890
1690820 883
1690830 877
1690840 877
1690850 867
1690860 857
1690870 857
1690880 854
1690890 859
1690900 859
1690910 867
1690920 873
1690930 873
1690940 880
1690950 885
1690960 885
1690970 887
1690980 887
1690990 887
1691000 888
1691010 889
1691020 889
1691030 890
1691040 891
1691050 891
1691060 890
1691070 887
1691080 887
1691090 890
1691100 895
1691110 899
1691120 899
1691130 905
1691140 911
1691150 911
1691160 915
1691170 918
1691180 918
1691190 927
1691200 932
1691210 932
1691220 937
1691230 941
1691240 941
1691250 946
1691260 950
1691270 950
1691280 953
1691290 956
1691300 956
1691310 960
1691320 963
1691330 963
1691340 965
1691350 970
1691360 970
1691370 978
1691380 984
1691390 984
1691400 985
1691410 991
1691420 991
1691430 998
1691440 1003
1691450 1009
1691460 1009
1691470 1016
1691480 1022
1691490 1022
1691500 1028
1691510 1034
1691520 1034
1691530 1040
1691540 1047
1691550 1047
1691560 1053
1691570 1059
1691580 1059
1691590 1067
1691600 1073
1691610 1073
1691620 1080
1691630 1086
1691640 1086
1691650 1093
1691660 1100
1691670 1100
1691680 1108
1691690 1116
1691700 1116
1691710 1123
1691720 1131
1691730 1131
1691740 1139
1691750 1146
1691760 1154
1691770 1154
1691780 1162
1691790 1170
1691800 1170
1691810 1178
1691820 1186
1691830 1186
1691840 1196
1691850 1201
1691860 1201
1691870 1206
1691880 1208
1691890 1208
1691900 1203
1691910 1197
1691920 1197
1691930 1192
1691940 1187
1691950 1187
1691960 1181
1691970 1176
1691980 1176
1691990 1171
1692000 1169
1692010 1169
1692020 1166
1692030 1165
1692040 1165
1692050 1168
1692060 1171
1692070 1171
1692080 1173
1692090 1177
1692100 1180
1692110 1180
1692120 1182
1692130 1185
1692140 1185
1692150 1186
1692160 1187
1692170 1187
1692180 1187
1692190 1187
1692200 1187
1692210 1188
1692220 1188
1692230 1188
1692240 1185
1692250 1184
1692260 1184
1692270 1182
1692280 1180
1692290 1180
1692300 1178
1692310 1176
1692320 1176
1692330 1175
1692340 1174
1692350 1174
1692360 1174
1692370 1173
1692380 1173
1692390 1173
1692400 1173
1692410 1173
1692420 1173
1692430 1172
1692440 1171
1692450 1171
1692460 1168
1692470 1162
1692480 1162
1692490 1155
1692500 1147
1692510 1147
1692520 1140
1692530 1134
1692540 1134
1692550 1125
1692560 1117
1692570 1117
1692580 1113
1692590 1110
1692600 1110
1692610 1107
1692620 1103
1692630 1103
1692640 1098
1692650 1089
1692660 1089
1692670 1085
1692680 1080
1692690 1080
1692700 1072
1692710 1073
1692720 1073
1692730 1080
1692740 1087
1692750 1092
1692760 1092
1692770 1098
1692780 1105
1692790 1105
1692800 1113
1692810 1120
1692820 1120
1692830 1125
1692840 1122
1692850 1122
1692860 1117
1692870 1111
1692880 1111
1692890 1105
1692900 1100
1692910 1100
1692920 1095
1692930 1090
1692940 1090
1692950 1087
1692960 1082
1692970 1082
1692980 1078
1692990 1073
1693000 1073
1693010 1066
1693020 1059
1693030 1059
1693040 1051
1693050 1043
1693060 1036
1693070 1036
1693080 1028
1693090 1020
1693100 1020
1693110 1009
1693120 1003
1693130 1003
1693140 1008
1693150 1013
1693160 1013
1693170 1018
1693180 1024
1693190 1024
1693200 1029
1693210 1035
1693220 1035
1693230 1040
1693240 1045
1693250 1045
1693260 1051
1693270 1056
1693280 1056
1693290 1063
1693300 1070
1693310 1070
1693320 1070
1693330 1074
1693340 1074
1693350 1077
1693360 1079
1693370 1079
1693380 1081
1693390 1084
1693400 1087
1693410 1087
1693420 1091
1693430 1095
1693440 1095
1693450 1100
1693460 1097
1693470 1097
1693480 1087
1693490 1081
1693500 1081
1693510 1073
1693520 1069
1693530 1069
1693540 1065
1693550 1061
1693560 1061
1693570 1058
1693580 1059
1693590 1059
1693600 1061
1693610 1065
1693620 1065
1693630 1070
1693640 1075
1693650 1075
1693660 1081
1693670 1086
1693680 1086
1693690 1092
1693700 1097
1693710 1101
1693720 1101
1693730 1104
1693740 1106
1693750 1106
1693760 1108
1693770 1109
1693780 1109
1693790 1110
1693800 1109
1693810 1109
1693820 1107
1693830 1107
1693840 1107
1693850 1109
1693860 1112
1693870 1112
1693880 1115
1693890 1117
1693900 1117
1693910 1114
1693920 1109
1693930 1109
1693940 1104
1693950 1099
1693960 1099
1693970 1097
1693980 1094
1693990 1094
1694000 1093
1694010 1091
1694020 1091
1694030 1090
1694040 1090
1694050 1090
1694060 1090
1694070 1091
1694080 1093
1694090 1093
1694100 1092
1694110 1092
1694120 1092
1694130 1093
1694140 1095
1694150 1095
1694160 1097
1694170 1099
1694180 1099
1694190 1101
1694200 1102
1694210 1102
1694220 1103
1694230 1101
1694240 1101
1694250 1099
1694260 1097
1694270 1097
1694280 1094
1694290 1092
1694300 1092
1694310 1090
1694320 1086
1694330 1086
1694340 1083
1694350 1079
1694360 1074
1694370 1074
1694380 1069
1694390 1066
1694400 1066
1694410 1069
1694420 1072
1694430 1072
1694440 1073
1694450 1077
1694460 1077
1694470 1081
1694480 1085
1694490 1085
1694500 1089
1694510 1092
1694520 1092
1694530 1097
1694540 1100
1694550 1100
1694560 1102
1694570 1106
1694580 1106
1694590 1109
1694600 1113
1694610 1113
1694620 1115
1694630 1117
1694640 1117
1694650 1116
1694660 1113
1694670 1113
1694680 1107
1694690 1102
1694700 1096
1694710 1096
1694720 1092
1694730 1086
1694740 1086
1694750 1081
1694760 1077
1694770 1077
1694780 1073
1694790 1069
1694800 1069
1694810 1068
1694820 1070
1694830 1070
1694840 1069
1694850 1067
1694860 1067
1694870 1067
1694880 1067
1694890 1067
1694900 1069
1694910 1072
1694920 1072
1694930 1074
1694940 1076
1694950 1076
1694960 1076
1694970 1076
1694980 1076
1694990 1073
1695000 1070
1695010 1065
1695020 1065
1695030 1060
1695040 1055
1695050 1055
1695060 1050
1695070 1045
1695080 1045
1695090 1040
1695100 1036
1695110 1036
1695120 1032
1695130 1028
1695140 1028
1695150 1022
1695160 1016
1695170 1016
1695180 1006
1695190 1000
1695200 1000
1695210 1003
1695220 1005
1695230 1005
1695240 1006
1695250 1003
1695260 1003
1695270 1002
1695280 1006
1695290 1006
1695300 1010
1695310 1010
1695320 1010
1695330 1006
1695340 1002
1695350 995
1695360 995
1695370 998
1695380 1000
1695390 1000
1695400 1002
1695410 1009
1695420 1009
1695430 1015
1695440 1020
1695450 1020
1695460 1026
1695470 1032
1695480 1032
1695490 1036
1695500 1039
1695510 1039
1695520 1043
1695530 1047
1695540 1047
1695550 1049
1695560 1052
1695570 1052
1695580 1054
1695590 1057
1695600 1057
1695610 1060
1695620 1062
1695630 1062
1695640 1065
1695650 1071
1695660 1079
1695670 1079
1695680 1083
1695690 1092
1695700 1092
1695710 1099
1695720 1105
1695730 1105
1695740 1109
1695750 1113
1695760 1113
1695770 1116
1695780 1119
1695790 1119
1695800 1122
1695810 1124
1695820 1130
1695830 1133
1695840 1135
1695850 1135
1695860 1135
1695870 1135
1695880 1135
1695890 1134
1695900 1132
1695910 1132
1695920 1127
1695930 1121
1695940 1121
1695950 1114
1695960 1108
1695970 1108
1695980 1103
1695990 1097
1696000 1092
1696010 1092
1696020 1084
1696030 1083
1696040 1083
1696050 1076
1696060 1071
1696070 1071
1696080 1063
1696090 1058
1696100 1058
1696110 1052
1696120 1051
1696130 1051
1696140 1051
1696150 1051
1696160 1051
1696170 1053
1696180 1053
1696190 1053
1696200 1055
1696210 1054
1696220 1054
1696230 1055
1696240 1055
1696250 1055
1696260 1056
1696270 1056
1696280 1056
1696290 1056
1696300 1057
1696310 1057
1696320 1057
1696330 1056
1696340 1056
1696350 1056
1696360 1055
1696370 1054
1696380 1054
1696390 1053
1696400 1053
1696410 1053
1696420 1053
1696430 1053
1696440 1053
1696450 1053
1696460 1051
1696470 1051
1696480 1050
1696490 1048
1696500 1048
1696510 1046
1696520 1043
1696530 1043
1696540 1040
1696550 1038
1696560 1038
1696570 1038
1696580 1035
1696590 1035
1696600 1033
1696610 1030
1696620 1030
1696630 1028
1696640 1026
1696650 1024
1696660 1024
1696670 1022
1696680 1020
1696690 1020
1696700 1018
1696710 1015
1696720 1015
1696730 1012
1696740 1008
1696750 1008
1696760 1003
1696770 997
1696780 997
1696790 991
1696800 984
1696810 984
1696820 977
1696830 970
1696840 970
1696850 964
1696860 961
1696870 961
1696880 953
1696890 947
1696900 947
1696910 941
1696920 935
1696930 935
1696940 926
1696950 920
1696960 913
1696970 913
1696980 907
1696990 901
1697000 901
1697010 896
1697020 890
1697030 890
1697040 884
1697050 878
1697060 878
1697070 872
1697080 866
1697090 866
1697100 861
1697110 855
1697120 855
1697130 850
1697140 845
1697150 845
1697160 841
1697170 837
1697180 837
1697190 833
1697200 829
1697210 829
1697220 823
1697230 819
1697240 819
1697250 815
1697260 810
1697270 810
1697280 805
1697290 800
1697300 796
1697310 796
1697320 792
1697330 787
1697340 787
1697350 783
1697360 779
1697370 779
1697380 774
1697390 768
1697400 768
1697410 762
1697420 756
1697430 756
1697440 750
1697450 744
1697460 744
1697470 738
1697480 732
1697490 732
1697500 726
1697510 720
1697520 720
1697530 714
1697540 707
1697550 707
1697560 701
1697570 696
1697580 696
1697590 691
1697600 686
1697610 680
1697620 680
1697630 674
1697640 667
1697650 667
1697660 661
1697670 653
1697680 653
1697690 647
1697700 640
1697710 640
1697720 634
1697730 629
1697740 629
1697750 623
1697760 618
1697770 618
1697780 613
1697790 608
1697800 608
1697810 604
1697820 600
1697830 600
1697840 596
1697850 591
1697860 591
1697870 588
1697880 584
1697890 584
1697900 580
1697910 577
1697920 577
1697930 573
1697940 569
1697950 567
1697960 567
1697970 565
1697980 564
1697990 564
1698000 563
1698010 563
1698020 563
1698030 562
1698040 557
1698050 557
1698060 554
1698070 552
1698080 552
1698090 550
1698100 547
1698110 547
1698120 542
1698130 540
1698140 540
1698150 541
1698160 542
1698170 542
1698180 542
1698190 542
1698200 542
1698210 542
1698220 542
1698230 542
1698240 543
1698250 543
1698260 545
1698270 545
1698280 550
1698290 558
1698300 558
1698310 557
1698320 555
1698330 555
1698340 558
1698350 566
1698360 566
1698370 566
1698380 567
1698390 567
1698400 568
1698410 570
1698420 570
1698430 571
1698440 571
1698450 571
1698460 573
1698470 577
1698480 577
1698490 584
1698500 601
1698510 601
1698520 615
1698530 624
1698540 624
1698550 631
1698560 636
1698570 636
1698580 639
1698590 643
1698600 646
1698610 646
1698620 648
1698630 651
1698640 651
1698650 655
1698660 658
1698670 658
1698680 656
1698690 655
1698700 655
1698710 661
1698720 665
1698730 665
1698740 672
1698750 674
1698760 674
1698770 680
1698780 685
1698790 685
1698800 690
1698810 696
1698820 696
1698830 701
1698840 707
1698850 707
1698860 712
1698870 718
1698880 718
1698890 723
1698900 728
1698910 734
1698920 734
1698930 738
1698940 743
1698950 743
1698960 748
1698970 752
1698980 752
1698990 756
1699000 760
1699010 760
1699020 761
1699030 761
1699040 761
1699050 761
1699060 764
1699070 764
1699080 765
1699090 767
1699100 767
1699110 768
1699120 770
1699130 770
1699140 773
1699150 773
1699160 773
1699170 774
1699180 776
1699190 776
1699200 777
1699210 780
1699220 780
1699230 781
1699240 783
1699250 785
1699260 785
1699270 787
1699280 788
1699290 788
1699300 790
1699310 792
1699320 792
1699330 794
1699340 796
1699350 796
1699360 798
1699370 800
1699380 800
1699390 802
1699400 804
1699410 804
1699420 808
1699430 812
1699440 812
1699450 816
1699460 821
1699470 821
1699480 824
1699490 826
1699500 826
1699510 830
1699520 834
1699530 834
1699540 846
1699550 855
1699560 853
1699570 853
1699580 859
1699590 864
1699600 864
1699610 869
1699620 874
1699630 874
1699640 878
1699650 883
1699660 883
1699670 887
1699680 891
1699690 891
1699700 893
1699710 896
1699720 896
1699730 900
1699740 904
1699750 904
1699760 909
1699770 914
1699780 914
1699790 919
1699800 922
1699810 922
1699820 927
1699830 932
1699840 932
1699850 939
1699860 942
1699870 942
1699880 948
1699890 955
1699900 962
1699910 962
1699920 967
1699930 971
1699940 971
1699950 974
1699960 977
1699970 977
1699980 979
1699990 982
