1680000 815
1680010 818
1680020 822
1680030 822
1680040 827
1680050 833
1680060 833
1680070 839
1680080 846
1680090 846
1680100 853
1680110 859
1680120 859
1680130 865
1680140 869
1680150 869
1680160 871
1680170 872
1680180 872
1680190 875
1680200 878
1680210 878
1680220 882
1680230 887
1680240 887
1680250 892
1680260 896
1680270 896
1680280 898
1680290 897
1680300 897
1680310 897
1680320 899
1680330 903
1680340 903
1680350 903
1680360 902
1680370 902
1680380 901
1680390 898
1680400 898
1680410 895
1680420 895
1680430 895
1680440 897
1680450 900
1680460 900
1680470 904
1680480 907
1680490 907
1680500 908
1680510 908
1680520 908
1680530 910
1680540 912
1680550 912
1680560 916
1680570 922
1680580 922
1680590 927
1680600 933
1680610 933
1680620 939
1680630 945
1680640 952
1680650 952
1680660 958
1680670 965
1680680 965
1680690 971
1680700 976
1680710 976
1680720 981
1680730 987
1680740 987
1680750 991
1680760 994
1680770 994
1680780 997
1680790 1000
1680800 1000
1680810 1003
1680820 1004
1680830 1004
1680840 1006
1680850 1009
1680860 1009
1680870 1012
1680880 1015
1680890 1015
1680900 1017
1680910 1020
1680920 1020
1680930 1023
1680940 1026
1680950 1030
1680960 1030
1680970 1033
1680980 1037
1680990 1037
1681000 1040
1681010 1044
1681020 1044
1681030 1048
1681040 1051
1681050 1051
1681060 1055
1681070 1058
1681080 1058
1681090 1063
1681100 1064
1681110 1064
1681120 1069
1681130 1072
1681140 1072
1681150 1073
1681160 1073
1681170 1073
1681180 1073
1681190 1073
1681200 1073
1681210 1073
1681220 1074
1681230 1074
1681240 1076
1681250 1080
1681260 1080
1681270 1084
1681280 1090
1681290 1096
1681300 1096
1681310 1103
1681320 1109
1681330 1109
1681340 1115
1681350 1119
1681360 1119
1681370 1123
1681380 1126
1681390 1126
1681400 1129
1681410 1129
1681420 1129
1681430 1126
1681440 1121
1681450 1121
1681460 1115
1681470 1109
1681480 1109
1681490 1105
1681500 1101
1681510 1101
1681520 1096
1681530 1092
1681540 1092
1681550 1088
1681560 1084
1681570 1084
1681580 1081
1681590 1078
1681600 1078
1681610 1075
1681620 1072
1681630 1070
1681640 1070
1681650 1068
1681660 1068
1681670 1068
1681680 1067
1681690 1065
1681700 1065
1681710 1062
1681720 1058
1681730 1058
1681740 1054
1681750 1050
1681760 1050
1681770 1045
1681780 1041
1681790 1041
1681800 1036
1681810 1033
1681820 1033
1681830 1032
1681840 1030
1681850 1030
1681860 1026
1681870 1024
1681880 1024
1681890 1022
1681900 1021
1681910 1021
1681920 1022
1681930 1023
1681940 1023
1681950 1028
1681960 1029
1681970 1035
1681980 1035
1681990 1039
1682000 1042
1682010 1042
1682020 1048
1682030 1055
1682040 1055
1682050 1062
1682060 1069
1682070 1069
1682080 1075
1682090 1083
1682100 1083
1682110 1089
1682120 1095
1682130 1095
1682140 1102
1682150 1109
1682160 1109
1682170 1115
1682180 1121
1682190 1121
1682200 1128
1682210 1135
1682220 1135
1682230 1141
1682240 1148
1682250 1148
1682260 1153
1682270 1161
1682280 1167
1682290 1167
1682300 1174
1682310 1180
1682320 1180
1682330 1186
1682340 1193
1682350 1193
1682360 1199
1682370 1204
1682380 1204
1682390 1208
1682400 1213
1682410 1213
1682420 1218
1682430 1222
1682440 1222
1682450 1226
1682460 1229
1682470 1229
1682480 1236
1682490 1236
1682500 1236
1682510 1238
1682520 1240
1682530 1240
1682540 1243
1682550 1246
1682560 1246
1682570 1249
1682580 1253
1682590 1253
1682600 1256
1682610 1259
1682620 1262
1682630 1262
1682640 1264
1682650 1265
1682660 1265
1682670 1267
1682680 1268
1682690 1268
1682700 1271
1682710 1274
1682720 1274
1682730 1279
1682740 1284
1682750 1284
1682760 1289
1682770 1294
1682780 1294
1682790 1299
1682800 1304
1682810 1304
1682820 1309
1682830 1314
1682840 1314
1682850 1317
1682860 1320
1682870 1320
1682880 1324
1682890 1325
1682900 1325
1682910 1329
1682920 1332
1682930 1332
1682940 1336
1682950 1338
1682960 1341
1682970 1341
1682980 1345
1682990 1347
1683000 1347
1683010 1350
1683020 1353
1683030 1353
1683040 1354
1683050 1355
1683060 1355
1683070 1356
1683080 1354
1683090 1354
1683100 1351
1683110 1347
1683120 1347
1683130 1341
1683140 1336
1683150 1336
1683160 1334
1683170 1330
1683180 1330
1683190 1327
1683200 1323
1683210 1323
1683220 1319
1683230 1316
1683240 1316
1683250 1311
1683260 1310
1683270 1306
1683280 1306
1683290 1303
1683300 1301
1683310 1301
1683320 1298
1683330 1297
1683340 1297
1683350 1294
1683360 1290
1683370 1290
1683380 1289
1683390 1288
1683400 1288
1683410 1288
1683420 1287
1683430 1287
1683440 1286
1683450 1286
1683460 1286
1683470 1285
1683480 1286
1683490 1286
1683500 1286
1683510 1286
1683520 1286
1683530 1286
1683540 1286
1683550 1286
1683560 1286
1683570 1285
1683580 1285
1683590 1284
1683600 1283
1683610 1282
1683620 1282
1683630 1279
1683640 1276
1683650 1276
1683660 1274
1683670 1272
1683680 1272
1683690 1268
1683700 1265
1683710 1265
1683720 1262
1683730 1258
1683740 1258
1683750 1254
1683760 1250
1683770 1250
1683780 1247
1683790 1243
1683800 1243
1683810 1240
1683820 1237
1683830 1237
1683840 1233
1683850 1230
1683860 1230
1683870 1227
1683880 1226
1683890 1226
1683900 1226
1683910 1225
1683920 1225
1683930 1224
1683940 1224
1683950 1224
1683960 1224
1683970 1223
1683980 1222
1683990 1222
1684000 1220
1684010 1217
1684020 1217
1684030 1214
1684040 1211
1684050 1211
1684060 1207
1684070 1202
1684080 1202
1684090 1199
1684100 1194
1684110 1194
1684120 1190
1684130 1186
1684140 1186
1684150 1183
1684160 1183
1684170 1183
1684180 1183
1684190 1182
1684200 1182
1684210 1180
1684220 1177
1684230 1177
1684240 1180
1684250 1183
1684260 1183
1684270 1186
1684280 1187
1684290 1190
1684300 1190
1684310 1192
1684320 1194
1684330 1194
1684340 1195
1684350 1195
1684360 1195
1684370 1194
1684380 1194
1684390 1194
1684400 1194
1684410 1195
1684420 1195
1684430 1195
1684440 1196
1684450 1196
1684460 1198
1684470 1199
1684480 1199
1684490 1199
1684500 1198
1684510 1198
1684520 1198
1684530 1197
1684540 1197
1684550 1196
1684560 1195
1684570 1195
1684580 1192
1684590 1188
1684600 1184
1684610 1184
1684620 1179
1684630 1174
1684640 1174
1684650 1169
1684660 1167
1684670 1167
1684680 1170
1684690 1173
1684700 1173
1684710 1176
1684720 1178
1684730 1178
1684740 1181
1684750 1183
1684760 1183
1684770 1184
1684780 1186
1684790 1186
1684800 1187
1684810 1187
1684820 1187
1684830 1188
1684840 1188
1684850 1188
1684860 1189
1684870 1191
1684880 1191
1684890 1193
1684900 1194
1684910 1194
1684920 1196
1684930 1197
1684940 1197
1684950 1197
1684960 1197
1684970 1196
1684980 1196
1684990 1195
1685000 1194
1685010 1194
1685020 1194
1685030 1193
1685040 1193
1685050 1195
1685060 1196
1685070 1196
1685080 1196
1685090 1198
1685100 1198
1685110 1199
1685120 1200
1685130 1200
1685140 1201
1685150 1201
1685160 1201
1685170 1202
1685180 1202
1685190 1202
1685200 1201
1685210 1200
1685220 1200
1685230 1199
1685240 1196
1685250 1196
1685260 1191
1685270 1186
1685280 1181
1685290 1181
1685300 1176
1685310 1170
1685320 1170
1685330 1164
1685340 1159
1685350 1159
1685360 1155
1685370 1150
1685380 1150
1685390 1145
1685400 1142
1685410 1142
1685420 1142
1685430 1143
1685440 1143
1685450 1145
1685460 1147
1685470 1147
1685480 1150
1685490 1151
1685500 1151
1685510 1152
1685520 1152
1685530 1152
1685540 1153
1685550 1152
1685560 1152
1685570 1150
1685580 1148
1685590 1148
1685600 1146
1685610 1144
1685620 1143
1685630 1143
1685640 1141
1685650 1138
1685660 1138
1685670 1136
1685680 1135
1685690 1135
1685700 1135
1685710 1135
1685720 1135
1685730 1136
1685740 1138
1685750 1138
1685760 1140
1685770 1142
1685780 1142
1685790 1144
1685800 1146
1685810 1146
1685820 1148
1685830 1150
1685840 1150
1685850 1153
1685860 1155
1685870 1155
1685880 1156
1685890 1156
1685900 1156
1685910 1155
1685920 1155
1685930 1155
1685940 1155
1685950 1156
1685960 1157
1685970 1157
1685980 1159
1685990 1162
1686000 1162
1686010 1165
1686020 1168
1686030 1168
1686040 1173
1686050 1177
1686060 1177
1686070 1182
1686080 1187
1686090 1187
1686100 1192
1686110 1196
1686120 1196
1686130 1200
1686140 1204
1686150 1204
1686160 1206
1686170 1209
1686180 1209
1686190 1212
1686200 1214
1686210 1214
1686220 1216
1686230 1218
1686240 1218
1686250 1220
1686260 1222
1686270 1223
1686280 1223
1686290 1226
1686300 1228
1686310 1228
1686320 1230
1686330 1231
1686340 1231
1686350 1232
1686360 1233
1686370 1233
1686380 1234
1686390 1234
1686400 1234
1686410 1233
1686420 1234
1686430 1234
1686440 1235
1686450 1235
1686460 1235
1686470 1235
1686480 1235
1686490 1235
1686500 1232
1686510 1229
1686520 1229
1686530 1223
1686540 1217
1686550 1217
1686560 1211
1686570 1205
1686580 1205
1686590 1198
1686600 1191
1686610 1185
1686620 1185
1686630 1179
1686640 1173
1686650 1173
1686660 1169
1686670 1163
1686680 1163
1686690 1157
1686700 1150
1686710 1150
1686720 1144
1686730 1138
1686740 1138
1686750 1132
1686760 1127
1686770 1127
1686780 1122
1686790 1116
1686800 1116
1686810 1110
1686820 1105
1686830 1105
1686840 1102
1686850 1098
1686860 1098
1686870 1097
1686880 1094
1686890 1094
1686900 1091
1686910 1087
1686920 1087
1686930 1082
1686940 1078
1686950 1075
1686960 1075
1686970 1071
1686980 1067
1686990 1067
1687000 1066
1687010 1061
1687020 1061
1687030 1057
1687040 1053
1687050 1053
1687060 1052
1687070 1050
1687080 1050
1687090 1046
1687100 1041
1687110 1041
1687120 1036
1687130 1032
1687140 1032
1687150 1031
1687160 1032
1687170 1032
1687180 1032
1687190 1031
1687200 1031
1687210 1028
1687220 1023
1687230 1023
1687240 1017
1687250 1010
1687260 1004
1687270 1004
1687280 997
1687290 990
1687300 990
1687310 996
1687320 1001
1687330 1001
1687340 1004
1687350 1007
1687360 1007
1687370 1009
1687380 1009
1687390 1009
1687400 1008
1687410 1007
1687420 1007
1687430 1007
1687440 1005
1687450 1005
1687460 1003
1687470 1002
1687480 1002
1687490 1001
1687500 1001
1687510 1001
1687520 997
1687530 991
1687540 991
1687550 980
1687560 970
1687570 970
1687580 961
1687590 956
1687600 952
1687610 952
1687620 945
1687630 940
1687640 940
1687650 939
1687660 940
1687670 940
1687680 942
1687690 944
1687700 944
1687710 947
1687720 946
1687730 946
1687740 940
1687750 935
1687760 935
1687770 930
1687780 927
1687790 927
1687800 926
1687810 924
1687820 924
1687830 921
1687840 918
1687850 918
1687860 916
1687870 912
1687880 912
1687890 908
1687900 902
1687910 902
1687920 894
1687930 882
1687940 873
1687950 873
1687960 865
1687970 871
1687980 871
1687990 882
1688000 891
1688010 891
1688020 898
1688030 905
1688040 905
1688050 908
1688060 914
1688070 914
1688080 920
1688090 926
1688100 926
1688110 928
1688120 935
1688130 935
1688140 941
1688150 945
1688160 945
1688170 949
1688180 953
1688190 953
1688200 957
1688210 961
1688220 961
1688230 965
1688240 969
1688250 969
1688260 972
1688270 976
1688280 979
1688290 979
1688300 973
1688310 967
1688320 967
1688330 959
1688340 953
1688350 953
1688360 950
1688370 942
1688380 942
1688390 934
1688400 925
1688410 925
1688420 918
1688430 909
1688440 909
1688450 904
1688460 896
1688470 896
1688480 890
1688490 884
1688500 884
1688510 878
1688520 872
1688530 872
1688540 866
1688550 861
1688560 861
1688570 856
1688580 852
1688590 849
1688600 849
1688610 843
1688620 840
1688630 840
1688640 837
1688650 833
1688660 833
1688670 828
1688680 829
1688690 829
1688700 831
1688710 834
1688720 834
1688730 835
1688740 837
1688750 837
1688760 838
1688770 840
1688780 840
1688790 844
1688800 844
1688810 844
1688820 846
1688830 849
1688840 849
1688850 853
1688860 856
1688870 856
1688880 859
1688890 863
1688900 863
1688910 866
1688920 870
1688930 873
1688940 873
1688950 878
1688960 882
1688970 882
1688980 887
1688990 891
1689000 891
1689010 895
1689020 898
1689030 898
1689040 900
1689050 903
1689060 903
1689070 905
1689080 907
1689090 907
1689100 909
1689110 912
1689120 912
1689130 915
1689140 920
1689150 920
1689160 924
1689170 928
1689180 928
1689190 932
1689200 936
1689210 936
1689220 940
1689230 942
1689240 942
1689250 944
1689260 945
1689270 946
1689280 946
1689290 948
1689300 950
1689310 950
1689320 951
1689330 952
1689340 952
1689350 954
1689360 956
1689370 956
1689380 958
1689390 961
1689400 961
1689410 963
1689420 965
1689430 965
1689440 966
1689450 965
1689460 965
1689470 964
1689480 964
1689490 964
1689500 965
1689510 969
1689520 969
1689530 975
1689540 979
1689550 979
1689560 984
1689570 989
1689580 993
1689590 993
1689600 998
1689610 1003
1689620 1003
1689630 1005
1689640 1005
1689650 1005
1689660 1002
1689670 1000
1689680 1000
1689690 996
1689700 993
1689710 993
1689720 990
1689730 986
1689740 986
1689750 982
1689760 979
1689770 979
1689780 974
1689790 971
1689800 971
1689810 966
1689820 968
1689830 968
1689840 973
1689850 979
1689860 979
1689870 985
1689880 990
1689890 990
1689900 995
1689910 999
1689920 1005
1689930 1005
1689940 1010
1689950 1016
1689960 1016
1689970 1021
1689980 1026
1689990 1026
1690000 1032
1690010 1038
1690020 1038
1690030 1046
1690040 1049
1690050 1049
1690060 1055
1690070 1060
1690080 1060
1690090 1068
1690100 1073
1690110 1073
1690120 1078
1690130 1083
1690140 1083
1690150 1089
1690160 1095
1690170 1095
1690180 1101
1690190 1106
1690200 1106
1690210 1112
1690220 1118
1690230 1118
1690240 1124
1690250 1130
1690260 1137
1690270 1137
1690280 1142
1690290 1148
1690300 1148
1690310 1154
1690320 1161
1690330 1161
1690340 1167
1690350 1174
1690360 1174
1690370 1181
1690380 1187
1690390 1187
1690400 1194
1690410 1200
1690420 1200
1690430 1207
1690440 1214
1690450 1214
1690460 1220
1690470 1227
1690480 1227
1690490 1234
1690500 1240
1690510 1240
1690520 1246
1690530 1252
1690540 1252
1690550 1259
1690560 1264
1690570 1264
1690580 1270
1690590 1278
1690600 1284
1690610 1284
1690620 1290
1690630 1297
1690640 1297
1690650 1301
1690660 1309
1690670 1309
1690680 1316
1690690 1323
1690700 1323
1690710 1330
1690720 1337
1690730 1337
1690740 1345
1690750 1352
1690760 1352
1690770 1359
1690780 1366
1690790 1366
1690800 1372
1690810 1379
1690820 1379
1690830 1386
1690840 1392
1690850 1392
1690860 1398
1690870 1403
1690880 1403
1690890 1407
1690900 1412
1690910 1416
1690920 1416
1690930 1419
1690940 1422
1690950 1422
1690960 1425
1690970 1428
1690980 1428
1690990 1431
1691000 1432
1691010 1432
1691020 1430
1691030 1428
1691040 1428
1691050 1425
1691060 1422
1691070 1422
1691080 1420
1691090 1419
1691100 1419
1691110 1418
1691120 1418
1691130 1418
1691140 1418
1691150 1419
1691160 1419
1691170 1422
1691180 1424
1691190 1424
1691200 1428
1691210 1432
1691220 1432
1691230 1437
1691240 1442
1691250 1448
1691260 1448
1691270 1454
1691280 1460
1691290 1460
1691300 1465
1691310 1470
1691320 1470
1691330 1475
1691340 1477
1691350 1477
1691360 1475
1691370 1473
1691380 1473
1691390 1472
1691400 1472
1691410 1472
1691420 1473
1691430 1475
1691440 1475
1691450 1476
1691460 1479
1691470 1479
1691480 1483
1691490 1486
1691500 1486
1691510 1490
1691520 1495
1691530 1495
1691540 1499
1691550 1502
1691560 1502
1691570 1504
1691580 1506
1691590 1507
1691600 1507
1691610 1506
1691620 1507
1691630 1507
1691640 1508
1691650 1508
1691660 1508
1691670 1508
1691680 1507
1691690 1507
1691700 1507
1691710 1507
1691720 1507
1691730 1508
1691740 1508
1691750 1508
1691760 1510
1691770 1511
1691780 1511
1691790 1513
1691800 1514
1691810 1514
1691820 1516
1691830 1517
1691840 1517
1691850 1519
1691860 1522
1691870 1522
1691880 1524
1691890 1526
1691900 1526
1691910 1527
1691920 1529
1691930 1531
1691940 1531
1691950 1532
1691960 1535
1691970 1535
1691980 1536
1691990 1538
1692000 1538
1692010 1540
1692020 1542
1692030 1542
1692040 1544
1692050 1546
1692060 1546
1692070 1549
1692080 1551
1692090 1551
1692100 1553
1692110 1555
1692120 1555
1692130 1557
1692140 1559
1692150 1559
1692160 1562
1692170 1564
1692180 1564
1692190 1566
1692200 1568
1692210 1568
1692220 1570
1692230 1572
1692240 1573
1692250 1573
1692260 1574
1692270 1575
1692280 1575
1692290 1577
1692300 1579
1692310 1579
1692320 1580
1692330 1581
1692340 1581
1692350 1581
1692360 1581
1692370 1581
1692380 1580
1692390 1579
1692400 1579
1692410 1577
1692420 1575
1692430 1575
1692440 1572
1692450 1570
1692460 1570
1692470 1569
1692480 1567
1692490 1567
1692500 1566
1692510 1564
1692520 1564
1692530 1562
1692540 1561
1692550 1561
1692560 1559
1692570 1557
1692580 1554
1692590 1554
1692600 1550
1692610 1547
1692620 1547
1692630 1544
1692640 1540
1692650 1540
1692660 1535
1692670 1529
1692680 1529
1692690 1521
1692700 1513
1692710 1513
1692720 1505
1692730 1497
1692740 1497
1692750 1489
1692760 1482
1692770 1482
1692780 1475
1692790 1468
1692800 1468
1692810 1462
1692820 1456
1692830 1456
1692840 1450
1692850 1444
1692860 1444
1692870 1438
1692880 1433
1692890 1433
1692900 1427
1692910 1420
1692920 1412
1692930 1412
1692940 1405
1692950 1398
1692960 1398
1692970 1392
1692980 1384
1692990 1384
1693000 1376
1693010 1371
1693020 1371
1693030 1365
1693040 1360
1693050 1360
1693060 1356
1693070 1353
1693080 1353
1693090 1350
1693100 1347
1693110 1347
1693120 1345
1693130 1343
1693140 1343
1693150 1340
1693160 1338
1693170 1338
1693180 1336
1693190 1333
1693200 1333
1693210 1330
1693220 1329
1693230 1329
1693240 1327
1693250 1326
1693260 1325
1693270 1325
1693280 1323
1693290 1319
1693300 1319
1693310 1315
1693320 1311
1693330 1311
1693340 1305
1693350 1300
1693360 1300
1693370 1295
1693380 1291
1693390 1291
1693400 1287
1693410 1282
1693420 1282
1693430 1277
1693440 1272
1693450 1272
1693460 1266
1693470 1256
1693480 1256
1693490 1248
1693500 1240
1693510 1240
1693520 1232
1693530 1224
1693540 1224
1693550 1218
1693560 1210
1693570 1203
1693580 1203
1693590 1196
1693600 1189
1693610 1189
1693620 1181
1693630 1174
1693640 1174
1693650 1168
1693660 1162
1693670 1162
1693680 1157
1693690 1151
1693700 1151
1693710 1147
1693720 1147
1693730 1147
1693740 1147
1693750 1147
1693760 1147
1693770 1145
1693780 1143
1693790 1143
1693800 1140
1693810 1135
1693820 1135
1693830 1133
1693840 1134
1693850 1134
1693860 1134
1693870 1131
1693880 1131
1693890 1128
1693900 1124
1693910 1122
1693920 1122
1693930 1120
1693940 1118
1693950 1118
1693960 1116
1693970 1114
1693980 1114
1693990 1113
1694000 1113
1694010 1113
1694020 1116
1694030 1117
1694040 1117
1694050 1116
1694060 1113
1694070 1113
1694080 1107
1694090 1102
1694100 1102
1694110 1095
1694120 1093
1694130 1093
1694140 1093
1694150 1093
1694160 1093
1694170 1092
1694180 1092
1694190 1092
1694200 1094
1694210 1096
1694220 1096
1694230 1097
1694240 1097
1694250 1096
1694260 1096
1694270 1095
1694280 1093
1694290 1093
1694300 1084
1694310 1083
1694320 1083
1694330 1082
1694340 1081
1694350 1081
1694360 1080
1694370 1079
1694380 1079
1694390 1078
1694400 1074
1694410 1074
1694420 1068
1694430 1062
1694440 1062
1694450 1055
1694460 1047
1694470 1047
1694480 1040
1694490 1033
1694500 1033
1694510 1024
1694520 1020
1694530 1020
1694540 1011
1694550 1005
1694560 998
1694570 998
1694580 991
1694590 984
1694600 984
1694610 977
1694620 970
1694630 970
1694640 964
1694650 958
1694660 958
1694670 951
1694680 944
1694690 944
1694700 938
1694710 931
1694720 931
1694730 925
1694740 920
1694750 920
1694760 914
1694770 908
1694780 908
1694790 903
1694800 899
1694810 899
1694820 895
1694830 891
1694840 891
1694850 887
1694860 881
1694870 881
1694880 874
1694890 868
1694900 860
1694910 860
1694920 850
1694930 842
1694940 842
1694950 836
1694960 829
1694970 829
1694980 821
1694990 825
1695000 825
1695010 825
1695020 822
1695030 822
1695040 818
1695050 814
1695060 814
1695070 811
1695080 808
1695090 808
1695100 806
1695110 807
1695120 807
1695130 810
1695140 812
1695150 812
1695160 808
1695170 803
1695180 803
1695190 809
1695200 812
1695210 812
1695220 817
1695230 820
1695240 826
1695250 826
1695260 834
1695270 835
1695280 835
1695290 834
1695300 834
1695310 834
1695320 833
1695330 832
1695340 832
1695350 831
1695360 830
1695370 830
1695380 830
1695390 827
1695400 827
1695410 821
1695420 816
1695430 816
1695440 814
1695450 813
1695460 813
1695470 811
1695480 808
1695490 808
1695500 808
1695510 811
1695520 811
1695530 814
1695540 810
1695550 810
1695560 806
1695570 803
1695580 799
1695590 799
1695600 796
1695610 797
1695620 797
1695630 801
1695640 809
1695650 809
1695660 814
1695670 821
1695680 821
1695690 826
1695700 823
1695710 823
1695720 818
1695730 814
1695740 814
1695750 812
1695760 810
1695770 810
1695780 809
1695790 810
1695800 810
1695810 811
1695820 809
1695830 809
1695840 807
1695850 803
1695860 803
1695870 800
1695880 800
1695890 799
1695900 799
1695910 792
1695920 785
1695930 785
1695940 779
1695950 769
1695960 769
1695970 760
1695980 752
1695990 752
1696000 744
1696010 736
1696020 736
1696030 728
1696040 721
1696050 721
1696060 714
1696070 706
1696080 706
1696090 698
1696100 690
1696110 690
1696120 685
1696130 680
1696140 680
1696150 674
1696160 668
1696170 668
1696180 659
1696190 652
1696200 652
1696210 644
1696220 636
1696230 628
1696240 628
1696250 617
1696260 609
1696270 609
1696280 600
1696290 591
1696300 591
1696310 586
1696320 579
1696330 579
1696340 576
1696350 572
1696360 572
1696370 572
1696380 574
1696390 574
1696400 574
1696410 574
1696420 574
1696430 575
1696440 575
1696450 575
1696460 579
1696470 586
1696480 586
1696490 593
1696500 601
1696510 601
1696520 604
1696530 604
1696540 604
1696550 608
1696560 613
1696570 617
1696580 617
1696590 621
1696600 625
1696610 625
1696620 630
1696630 636
1696640 636
1696650 642
1696660 647
1696670 647
1696680 652
1696690 658
1696700 658
1696710 663
1696720 668
1696730 668
1696740 674
1696750 680
1696760 680
1696770 685
1696780 691
1696790 691
1696800 698
1696810 704
1696820 704
1696830 711
1696840 718
1696850 718
1696860 725
1696870 732
1696880 732
1696890 739
1696900 745
1696910 752
1696920 752
1696930 758
1696940 764
1696950 764
1696960 770
1696970 777
1696980 777
1696990 784
1697000 790
1697010 790
1697020 795
1697030 802
1697040 802
1697050 809
1697060 815
1697070 815
1697080 823
1697090 830
1697100 830
1697110 838
1697120 845
1697130 845
1697140 852
1697150 859
1697160 859
1697170 866
1697180 872
1697190 872
1697200 880
1697210 887
1697220 896
1697230 896
1697240 903
1697250 910
1697260 910
1697270 919
1697280 926
1697290 926
1697300 934
1697310 939
1697320 939
1697330 946
1697340 957
1697350 957
1697360 964
1697370 970
1697380 970
1697390 977
1697400 986
1697410 986
1697420 996
1697430 1003
1697440 1003
1697450 1013
1697460 1019
1697470 1019
1697480 1025
1697490 1031
1697500 1031
1697510 1036
1697520 1038
1697530 1038
1697540 1040
1697550 1043
1697560 1046
1697570 1046
1697580 1049
1697590 1053
1697600 1053
1697610 1057
1697620 1059
1697630 1059
1697640 1059
1697650 1058
1697660 1058
1697670 1058
1697680 1057
1697690 1057
1697700 1056
1697710 1055
1697720 1055
1697730 1056
1697740 1057
1697750 1057
1697760 1059
1697770 1062
1697780 1062
1697790 1064
1697800 1064
1697810 1064
1697820 1062
1697830 1061
1697840 1061
1697850 1061
1697860 1062
1697870 1062
1697880 1063
1697890 1065
1697900 1066
1697910 1066
1697920 1067
1697930 1068
1697940 1068
1697950 1070
1697960 1070
1697970 1070
1697980 1066
1697990 1061
1698000 1061
1698010 1055
1698020 1050
1698030 1050
1698040 1044
1698050 1039
1698060 1039
1698070 1035
1698080 1030
1698090 1030
1698100 1026
1698110 1021
1698120 1021
1698130 1017
1698140 1012
1698150 1012
1698160 1008
1698170 1003
1698180 1003
1698190 999
1698200 995
1698210 995
1698220 990
1698230 985
1698240 981
1698250 981
1698260 977
1698270 975
1698280 975
1698290 973
1698300 971
1698310 971
1698320 967
1698330 962
1698340 962
1698350 956
1698360 951
1698370 951
1698380 945
1698390 939
1698400 939
1698410 934
1698420 927
1698430 927
1698440 924
1698450 918
1698460 918
1698470 913
1698480 908
1698490 908
1698500 903
1698510 898
1698520 898
1698530 894
1698540 889
1698550 885
1698560 885
1698570 881
1698580 878
1698590 878
1698600 874
1698610 870
1698620 870
1698630 866
1698640 861
1698650 861
1698660 857
1698670 853
1698680 853
1698690 849
1698700 846
1698710 846
1698720 842
1698730 842
1698740 842
1698750 842
1698760 843
1698770 843
1698780 842
1698790 842
1698800 842
1698810 842
1698820 845
1698830 845
1698840 846
1698850 848
1698860 848
1698870 850
1698880 852
1698890 853
1698900 853
1698910 855
1698920 858
1698930 858
1698940 860
1698950 864
1698960 864
1698970 866
1698980 866
1698990 866
1699000 867
1699010 870
1699020 870
1699030 874
1699040 878
1699050 878
1699060 887
1699070 891
1699080 891
1699090 896
1699100 900
1699110 900
1699120 904
1699130 905
1699140 905
1699150 909
1699160 911
1699170 911
1699180 913
1699190 915
1699200 915
1699210 916
1699220 918
1699230 919
1699240 919
1699250 920
1699260 921
1699270 921
1699280 922
1699290 922
1699300 922
1699310 923
1699320 924
1699330 924
1699340 925
1699350 926
1699360 926
1699370 927
1699380 928
1699390 928
1699400 928
1699410 928
1699420 928
1699430 928
1699440 925
1699450 925
1699460 921
1699470 916
1699480 916
1699490 914
1699500 908
1699510 908
1699520 908
1699530 911
1699540 911
1699550 914
1699560 916
1699570 918
1699580 918
1699590 919
1699600 921
1699610 921
1699620 923
1699630 925
1699640 925
1699650 926
1699660 928
1699670 928
1699680 929
1699690 931
1699700 931
1699710 933
1699720 935
1699730 935
1699740 936
1699750 935
1699760 935
1699770 933
1699780 931
1699790 931
1699800 930
1699810 928
1699820 928
1699830 927
1699840 926
1699850 926
1699860 926
1699870 926
1699880 925
1699890 925
1699900 925
1699910 925
1699920 925
1699930 924
1699940 924
1699950 924
1699960 923
1699970 919
1699980 919
1699990 915
