1680000 1051
1680010 1050
1680020 1050
1680030 1049
1680040 1048
1680050 1048
1680060 1048
1680070 1047
1680080 1047
1680090 1046
1680100 1044
1680110 1044
1680120 1042
1680130 1040
1680140 1040
1680150 1038
1680160 1039
1680170 1039
1680180 1039
1680190 1040
1680200 1040
1680210 1041
1680220 1042
1680230 1042
1680240 1042
1680250 1043
1680260 1045
1680270 1045
1680280 1047
1680290 1049
1680300 1049
1680310 1051
1680320 1053
1680330 1053
1680340 1055
1680350 1056
1680360 1056
1680370 1057
1680380 1059
1680390 1059
1680400 1060
1680410 1060
1680420 1060
1680430 1060
1680440 1060
1680450 1060
1680460 1060
1680470 1060
1680480 1060
1680490 1060
1680500 1060
1680510 1060
1680520 1059
1680530 1058
1680540 1058
1680550 1057
1680560 1058
1680570 1058
1680580 1060
1680590 1063
1680600 1065
1680610 1065
1680620 1066
1680630 1066
1680640 1066
1680650 1065
1680660 1064
1680670 1064
1680680 1063
1680690 1064
1680700 1064
1680710 1067
1680720 1070
1680730 1070
1680740 1074
1680750 1077
1680760 1077
1680770 1079
1680780 1080
1680790 1080
1680800 1082
1680810 1085
1680820 1085
1680830 1087
1680840 1087
1680850 1087
1680860 1086
1680870 1086
1680880 1086
1680890 1089
1680900 1091
1680910 1091
1680920 1092
1680930 1092
1680940 1092
1680950 1092
1680960 1089
1680970 1086
1680980 1086
1680990 1086
1681000 1085
1681010 1085
1681020 1086
1681030 1087
1681040 1087
1681050 1086
1681060 1086
1681070 1086
1681080 1085
1681090 1084
1681100 1084
1681110 1083
1681120 1083
1681130 1083
1681140 1083
1681150 1083
1681160 1083
1681170 1084
1681180 1085
1681190 1085
1681200 1086
1681210 1084
1681220 1084
1681230 1085
1681240 1089
1681250 1089
1681260 1095
1681270 1100
1681280 1102
1681290 1102
1681300 1105
1681310 1107
1681320 1107
1681330 1111
1681340 1114
1681350 1114
1681360 1117
1681370 1122
1681380 1122
1681390 1125
1681400 1127
1681410 1127
1681420 1129
1681430 1132
1681440 1132
1681450 1136
1681460 1141
1681470 1141
1681480 1145
1681490 1149
1681500 1149
1681510 1154
1681520 1159
1681530 1159
1681540 1163
1681550 1167
1681560 1167
1681570 1171
1681580 1175
1681590 1175
1681600 1179
1681610 1180
1681620 1185
1681630 1185
1681640 1185
1681650 1192
1681660 1192
1681670 1196
1681680 1200
1681690 1200
1681700 1203
1681710 1206
1681720 1206
1681730 1209
1681740 1213
1681750 1213
1681760 1217
1681770 1221
1681780 1221
1681790 1225
1681800 1231
1681810 1231
1681820 1233
1681830 1238
1681840 1238
1681850 1242
1681860 1247
1681870 1247
1681880 1252
1681890 1257
1681900 1257
1681910 1262
1681920 1267
1681930 1267
1681940 1272
1681950 1276
1681960 1281
1681970 1281
1681980 1287
1681990 1288
1682000 1288
1682010 1293
1682020 1297
1682030 1297
1682040 1301
1682050 1305
1682060 1305
1682070 1309
1682080 1313
1682090 1313
1682100 1318
1682110 1323
1682120 1323
1682130 1328
1682140 1333
1682150 1333
1682160 1337
1682170 1341
1682180 1341
1682190 1346
1682200 1350
1682210 1350
1682220 1355
1682230 1360
1682240 1360
1682250 1365
1682260 1371
1682270 1371
1682280 1376
1682290 1381
1682300 1386
1682310 1386
1682320 1390
1682330 1394
1682340 1394
1682350 1399
1682360 1400
1682370 1400
1682380 1405
1682390 1409
1682400 1409
1682410 1413
1682420 1416
1682430 1416
1682440 1419
1682450 1422
1682460 1422
1682470 1425
1682480 1426
1682490 1426
1682500 1428
1682510 1430
1682520 1430
1682530 1431
1682540 1433
1682550 1433
1682560 1434
1682570 1436
1682580 1436
1682590 1437
1682600 1439
1682610 1439
1682620 1440
1682630 1441
1682640 1442
1682650 1442
1682660 1442
1682670 1443
1682680 1443
1682690 1444
1682700 1444
1682710 1444
1682720 1443
1682730 1442
1682740 1442
1682750 1441
1682760 1439
1682770 1439
1682780 1437
1682790 1436
1682800 1436
1682810 1434
1682820 1432
1682830 1432
1682840 1429
1682850 1427
1682860 1427
1682870 1425
1682880 1423
1682890 1423
1682900 1422
1682910 1420
1682920 1420
1682930 1418
1682940 1417
1682950 1417
1682960 1416
1682970 1415
1682980 1414
1682990 1414
1683000 1414
1683010 1412
1683020 1412
1683030 1410
1683040 1409
1683050 1409
1683060 1406
1683070 1403
1683080 1403
1683090 1401
1683100 1397
1683110 1397
1683120 1391
1683130 1384
1683140 1384
1683150 1378
1683160 1372
1683170 1372
1683180 1366
1683190 1360
1683200 1360
1683210 1354
1683220 1348
1683230 1348
1683240 1343
1683250 1340
1683260 1340
1683270 1334
1683280 1334
1683290 1334
1683300 1332
1683310 1331
1683320 1328
1683330 1328
1683340 1327
1683350 1325
1683360 1325
1683370 1324
1683380 1323
1683390 1323
1683400 1322
1683410 1321
1683420 1321
1683430 1319
1683440 1317
1683450 1317
1683460 1314
1683470 1310
1683480 1310
1683490 1306
1683500 1302
1683510 1302
1683520 1299
1683530 1297
1683540 1297
1683550 1294
1683560 1291
1683570 1291
1683580 1289
1683590 1287
1683600 1287
1683610 1286
1683620 1284
1683630 1284
1683640 1280
1683650 1276
1683660 1271
1683670 1271
1683680 1268
1683690 1266
1683700 1266
1683710 1263
1683720 1258
1683730 1258
1683740 1253
1683750 1249
1683760 1249
1683770 1245
1683780 1241
1683790 1241
1683800 1237
1683810 1234
1683820 1234
1683830 1233
1683840 1232
1683850 1232
1683860 1233
1683870 1234
1683880 1234
1683890 1237
1683900 1239
1683910 1239
1683920 1242
1683930 1245
1683940 1245
1683950 1248
1683960 1251
1683970 1251
1683980 1254
1683990 1258
1684000 1263
1684010 1263
1684020 1266
1684030 1269
1684040 1269
1684050 1273
1684060 1277
1684070 1277
1684080 1280
1684090 1284
1684100 1284
1684110 1290
1684120 1295
1684130 1295
1684140 1298
1684150 1301
1684160 1301
1684170 1299
1684180 1294
1684190 1294
1684200 1289
1684210 1285
1684220 1285
1684230 1281
1684240 1277
1684250 1277
1684260 1273
1684270 1268
1684280 1268
1684290 1263
1684300 1258
1684310 1258
1684320 1254
1684330 1249
1684340 1246
1684350 1246
1684360 1240
1684370 1235
1684380 1235
1684390 1229
1684400 1223
1684410 1223
1684420 1218
1684430 1214
1684440 1214
1684450 1211
1684460 1207
1684470 1207
1684480 1202
1684490 1197
1684500 1197
1684510 1192
1684520 1186
1684530 1186
1684540 1181
1684550 1175
1684560 1175
1684570 1170
1684580 1163
1684590 1163
1684600 1157
1684610 1150
1684620 1150
1684630 1143
1684640 1137
1684650 1137
1684660 1131
1684670 1125
1684680 1123
1684690 1123
1684700 1126
1684710 1127
1684720 1127
1684730 1130
1684740 1132
1684750 1132
1684760 1135
1684770 1137
1684780 1137
1684790 1139
1684800 1141
1684810 1141
1684820 1142
1684830 1144
1684840 1144
1684850 1145
1684860 1146
1684870 1146
1684880 1145
1684890 1145
1684900 1145
1684910 1144
1684920 1143
1684930 1143
1684940 1141
1684950 1138
1684960 1138
1684970 1135
1684980 1132
1684990 1132
1685000 1128
1685010 1125
1685020 1122
1685030 1122
1685040 1118
1685050 1115
1685060 1115
1685070 1112
1685080 1109
1685090 1109
1685100 1106
1685110 1103
1685120 1103
1685130 1100
1685140 1097
1685150 1097
1685160 1093
1685170 1089
1685180 1089
1685190 1084
1685200 1079
1685210 1079
1685220 1075
1685230 1076
1685240 1076
1685250 1077
1685260 1077
1685270 1077
1685280 1075
1685290 1073
1685300 1073
1685310 1070
1685320 1067
1685330 1067
1685340 1064
1685350 1061
1685360 1057
1685370 1057
1685380 1053
1685390 1047
1685400 1047
1685410 1042
1685420 1039
1685430 1039
1685440 1035
1685450 1033
1685460 1033
1685470 1039
1685480 1045
1685490 1045
1685500 1050
1685510 1054
1685520 1054
1685530 1057
1685540 1059
1685550 1059
1685560 1061
1685570 1062
1685580 1062
1685590 1063
1685600 1065
1685610 1065
1685620 1068
1685630 1071
1685640 1071
1685650 1074
1685660 1077
1685670 1077
1685680 1079
1685690 1080
1685700 1080
1685710 1080
1685720 1080
1685730 1079
1685740 1079
1685750 1078
1685760 1076
1685770 1076
1685780 1073
1685790 1071
1685800 1071
1685810 1069
1685820 1068
1685830 1068
1685840 1068
1685850 1069
1685860 1069
1685870 1071
1685880 1073
1685890 1073
1685900 1078
1685910 1082
1685920 1082
1685930 1086
1685940 1090
1685950 1090
1685960 1094
1685970 1098
1685980 1098
1685990 1102
1686000 1106
1686010 1106
1686020 1109
1686030 1113
1686040 1116
1686050 1116
1686060 1119
1686070 1121
1686080 1121
1686090 1122
1686100 1122
1686110 1122
1686120 1121
1686130 1117
1686140 1117
1686150 1114
1686160 1111
1686170 1111
1686180 1106
1686190 1103
1686200 1103
1686210 1098
1686220 1094
1686230 1094
1686240 1092
1686250 1090
1686260 1090
1686270 1089
1686280 1087
1686290 1087
1686300 1085
1686310 1082
1686320 1082
1686330 1080
1686340 1079
1686350 1079
1686360 1078
1686370 1078
1686380 1079
1686390 1079
1686400 1078
1686410 1078
1686420 1078
1686430 1077
1686440 1075
1686450 1075
1686460 1072
1686470 1069
1686480 1069
1686490 1067
1686500 1063
1686510 1063
1686520 1060
1686530 1055
1686540 1055
1686550 1050
1686560 1045
1686570 1045
1686580 1039
1686590 1032
1686600 1032
1686610 1026
1686620 1020
1686630 1020
1686640 1014
1686650 1010
1686660 1010
1686670 1007
1686680 1004
1686690 1004
1686700 1001
1686710 998
1686720 995
1686730 995
1686740 992
1686750 989
1686760 989
1686770 984
1686780 980
1686790 980
1686800 976
1686810 973
1686820 973
1686830 971
1686840 968
1686850 968
1686860 965
1686870 963
1686880 963
1686890 961
1686900 959
1686910 959
1686920 957
1686930 954
1686940 954
1686950 951
1686960 948
1686970 948
1686980 945
1686990 943
1687000 943
1687010 942
1687020 941
1687030 941
1687040 940
1687050 941
1687060 941
1687070 941
1687080 941
1687090 941
1687100 941
1687110 942
1687120 941
1687130 941
1687140 941
1687150 942
1687160 942
1687170 944
1687180 945
1687190 945
1687200 945
1687210 944
1687220 944
1687230 942
1687240 940
1687250 940
1687260 937
1687270 933
1687280 933
1687290 930
1687300 926
1687310 926
1687320 923
1687330 919
1687340 919
1687350 915
1687360 913
1687370 913
1687380 910
1687390 907
1687400 904
1687410 904
1687420 901
1687430 898
1687440 898
1687450 894
1687460 891
1687470 891
1687480 888
1687490 885
1687500 885
1687510 879
1687520 876
1687530 876
1687540 873
1687550 870
1687560 870
1687570 868
1687580 866
1687590 866
1687600 865
1687610 864
1687620 864
1687630 863
1687640 862
1687650 862
1687660 861
1687670 860
1687680 860
1687690 859
1687700 858
1687710 858
1687720 856
1687730 854
1687740 852
1687750 852
1687760 852
1687770 852
1687780 852
1687790 852
1687800 853
1687810 853
1687820 854
1687830 853
1687840 853
1687850 852
1687860 851
1687870 851
1687880 846
1687890 842
1687900 842
1687910 841
1687920 842
1687930 842
1687940 843
1687950 843
1687960 843
1687970 841
1687980 840
1687990 840
1688000 839
1688010 839
1688020 839
1688030 838
1688040 838
1688050 838
1688060 836
1688070 834
1688080 834
1688090 834
1688100 832
1688110 829
1688120 829
1688130 827
1688140 822
1688150 822
1688160 817
1688170 811
1688180 811
1688190 807
1688200 804
1688210 804
1688220 798
1688230 792
1688240 792
1688250 786
1688260 780
1688270 780
1688280 775
1688290 771
1688300 771
1688310 767
1688320 764
1688330 764
1688340 762
1688350 760
1688360 760
1688370 757
1688380 754
1688390 754
1688400 753
1688410 752
1688420 751
1688430 751
1688440 748
1688450 749
1688460 749
1688470 749
1688480 750
1688490 750
1688500 751
1688510 754
1688520 754
1688530 760
1688540 764
1688550 764
1688560 769
1688570 773
1688580 773
1688590 775
1688600 778
1688610 778
1688620 781
1688630 784
1688640 784
1688650 787
1688660 789
1688670 789
1688680 791
1688690 793
1688700 793
1688710 795
1688720 798
1688730 798
1688740 799
1688750 801
1688760 803
1688770 803
1688780 804
1688790 806
1688800 806
1688810 808
1688820 809
1688830 809
1688840 810
1688850 812
1688860 812
1688870 813
1688880 815
1688890 815
1688900 816
1688910 818
1688920 818
1688930 820
1688940 821
1688950 821
1688960 825
1688970 829
1688980 829
1688990 832
1689000 837
1689010 837
1689020 840
1689030 845
1689040 845
1689050 849
1689060 852
1689070 852
1689080 854
1689090 856
1689100 858
1689110 858
1689120 858
1689130 859
1689140 859
1689150 859
1689160 859
1689170 859
1689180 860
1689190 861
1689200 861
1689210 862
1689220 863
1689230 863
1689240 863
1689250 863
1689260 863
1689270 861
1689280 856
1689290 856
1689300 850
1689310 844
1689320 844
1689330 840
1689340 836
1689350 836
1689360 833
1689370 830
1689380 830
1689390 826
1689400 822
1689410 822
1689420 818
1689430 816
1689440 816
1689450 815
1689460 818
1689470 821
1689480 821
1689490 824
1689500 826
1689510 826
1689520 828
1689530 830
1689540 830
1689550 832
1689560 833
1689570 833
1689580 837
1689590 840
1689600 840
1689610 844
1689620 847
1689630 847
1689640 852
1689650 857
1689660 857
1689670 861
1689680 865
1689690 865
1689700 869
1689710 872
1689720 872
1689730 875
1689740 877
1689750 877
1689760 879
1689770 882
1689780 882
1689790 884
1689800 885
1689810 886
1689820 886
1689830 888
1689840 889
1689850 889
1689860 890
1689870 892
1689880 892
1689890 893
1689900 895
1689910 895
1689920 896
1689930 898
1689940 898
1689950 900
1689960 901
1689970 901
1689980 901
1689990 903
1690000 903
1690010 904
1690020 905
1690030 905
1690040 907
1690050 908
1690060 908
1690070 911
1690080 914
1690090 914
1690100 915
1690110 917
1690120 917
1690130 918
1690140 918
1690150 919
1690160 919
1690170 919
1690180 918
1690190 918
1690200 919
1690210 919
1690220 919
1690230 920
1690240 921
1690250 921
1690260 922
1690270 924
1690280 924
1690290 926
1690300 927
1690310 927
1690320 925
1690330 927
1690340 927
1690350 928
1690360 928
1690370 928
1690380 927
1690390 927
1690400 927
1690410 926
1690420 925
1690430 925
1690440 923
1690450 919
1690460 919
1690470 913
1690480 909
1690490 903
1690500 903
1690510 898
1690520 895
1690530 895
1690540 893
1690550 891
1690560 891
1690570 889
1690580 884
1690590 884
1690600 878
1690610 872
1690620 872
1690630 868
1690640 866
1690650 866
1690660 863
1690670 861
1690680 861
1690690 858
1690700 861
1690710 861
1690720 866
1690730 872
1690740 872
1690750 878
1690760 882
1690770 882
1690780 886
1690790 892
1690800 892
1690810 899
1690820 905
1690830 908
1690840 908
1690850 909
1690860 912
1690870 912
1690880 915
1690890 919
1690900 919
1690910 921
1690920 922
1690930 922
1690940 929
1690950 933
1690960 933
1690970 938
1690980 942
1690990 942
1691000 948
1691010 954
1691020 954
1691030 960
1691040 966
1691050 966
1691060 973
1691070 978
1691080 978
1691090 985
1691100 992
1691110 992
1691120 998
1691130 1006
1691140 1006
1691150 1013
1691160 1020
1691170 1027
1691180 1027
1691190 1033
1691200 1038
1691210 1038
1691220 1043
1691230 1046
1691240 1046
1691250 1049
1691260 1052
1691270 1052
1691280 1056
1691290 1060
1691300 1060
1691310 1063
1691320 1066
1691330 1066
1691340 1068
1691350 1069
1691360 1069
1691370 1072
1691380 1074
1691390 1074
1691400 1075
1691410 1075
1691420 1075
1691430 1076
1691440 1076
1691450 1076
1691460 1078
1691470 1079
1691480 1079
1691490 1081
1691500 1082
1691510 1083
1691520 1083
1691530 1084
1691540 1085
1691550 1085
1691560 1086
1691570 1087
1691580 1087
1691590 1089
1691600 1092
1691610 1092
1691620 1093
1691630 1096
1691640 1096
1691650 1099
1691660 1101
1691670 1101
1691680 1104
1691690 1107
1691700 1107
1691710 1108
1691720 1111
1691730 1111
1691740 1113
1691750 1115
1691760 1115
1691770 1117
1691780 1119
1691790 1119
1691800 1121
1691810 1123
1691820 1123
1691830 1124
1691840 1125
1691850 1127
1691860 1127
1691870 1128
1691880 1129
1691890 1129
1691900 1130
1691910 1130
1691920 1130
1691930 1130
1691940 1130
1691950 1130
1691960 1130
1691970 1130
1691980 1130
1691990 1130
1692000 1130
1692010 1130
1692020 1130
1692030 1130
1692040 1130
1692050 1130
1692060 1129
1692070 1129
1692080 1129
1692090 1127
1692100 1127
1692110 1126
1692120 1124
1692130 1124
1692140 1123
1692150 1121
1692160 1121
1692170 1120
1692180 1119
1692190 1117
1692200 1117
1692210 1115
1692220 1113
1692230 1113
1692240 1110
1692250 1108
1692260 1108
1692270 1107
1692280 1107
1692290 1107
1692300 1107
1692310 1107
1692320 1107
1692330 1108
1692340 1108
1692350 1108
1692360 1109
1692370 1109
1692380 1109
1692390 1109
1692400 1109
1692410 1109
1692420 1110
1692430 1110
1692440 1110
1692450 1110
1692460 1110
1692470 1110
1692480 1110
1692490 1109
1692500 1109
1692510 1109
1692520 1108
1692530 1107
1692540 1107
1692550 1106
1692560 1105
1692570 1105
1692580 1102
1692590 1099
1692600 1099
1692610 1097
1692620 1094
1692630 1094
1692640 1091
1692650 1088
1692660 1088
1692670 1085
1692680 1082
1692690 1082
1692700 1079
1692710 1076
1692720 1076
1692730 1074
1692740 1071
1692750 1071
1692760 1068
1692770 1064
1692780 1064
1692790 1060
1692800 1057
1692810 1057
1692820 1054
1692830 1051
1692840 1051
1692850 1048
1692860 1044
1692870 1038
1692880 1038
1692890 1034
1692900 1026
1692910 1026
1692920 1021
1692930 1017
1692940 1017
1692950 1013
1692960 1009
1692970 1009
1692980 1007
1692990 1006
1693000 1006
1693010 1005
1693020 1004
1693030 1004
1693040 1002
1693050 1000
1693060 1000
1693070 997
1693080 992
1693090 992
1693100 987
1693110 982
1693120 982
1693130 979
1693140 975
1693150 975
1693160 970
1693170 964
1693180 964
1693190 960
1693200 955
1693210 950
1693220 950
1693230 945
1693240 940
1693250 940
1693260 935
1693270 927
1693280 927
1693290 923
1693300 920
1693310 920
1693320 916
1693330 915
1693340 915
1693350 911
1693360 907
1693370 907
1693380 900
1693390 895
1693400 895
1693410 896
1693420 899
1693430 899
1693440 902
1693450 906
1693460 906
1693470 911
1693480 912
1693490 912
1693500 912
1693510 914
1693520 914
1693530 916
1693540 920
1693550 921
1693560 921
1693570 924
1693580 927
1693590 927
1693600 929
1693610 931
1693620 931
1693630 933
1693640 934
1693650 934
1693660 935
1693670 937
1693680 937
1693690 938
1693700 938
1693710 938
1693720 937
1693730 935
1693740 935
1693750 932
1693760 929
1693770 929
1693780 926
1693790 924
1693800 924
1693810 921
1693820 918
1693830 918
1693840 916
1693850 915
1693860 915
1693870 910
1693880 903
1693890 898
1693900 898
1693910 891
1693920 886
1693930 886
1693940 885
1693950 884
1693960 884
1693970 881
1693980 877
1693990 877
1694000 873
1694010 869
1694020 869
1694030 866
1694040 863
1694050 863
1694060 861
1694070 859
1694080 859
1694090 856
1694100 855
1694110 855
1694120 854
1694130 852
1694140 852
1694150 849
1694160 846
1694170 846
1694180 844
1694190 842
1694200 842
1694210 838
1694220 833
1694230 826
1694240 826
1694250 821
1694260 817
1694270 817
1694280 813
1694290 807
1694300 807
1694310 803
1694320 798
1694330 798
1694340 789
1694350 783
1694360 783
1694370 778
1694380 774
1694390 774
1694400 768
1694410 763
1694420 763
1694430 759
1694440 755
1694450 755
1694460 750
1694470 746
1694480 746
1694490 743
1694500 740
1694510 740
1694520 737
1694530 734
1694540 734
1694550 732
1694560 731
1694570 731
1694580 731
1694590 732
1694600 728
1694610 728
1694620 726
1694630 726
1694640 726
1694650 725
1694660 725
1694670 725
1694680 726
1694690 725
1694700 725
1694710 727
1694720 725
1694730 725
1694740 727
1694750 730
1694760 730
1694770 734
1694780 738
1694790 738
1694800 741
1694810 745
1694820 745
1694830 749
1694840 743
1694850 743
1694860 735
1694870 727
1694880 727
1694890 720
1694900 715
1694910 709
1694920 709
1694930 704
1694940 695
1694950 695
1694960 688
1694970 681
1694980 681
1694990 677
1695000 669
1695010 669
1695020 660
1695030 649
1695040 649
1695050 642
1695060 634
1695070 634
1695080 625
1695090 624
1695100 624
1695110 620
1695120 619
1695130 619
1695140 618
1695150 616
1695160 616
1695170 616
1695180 618
1695190 618
1695200 625
1695210 634
1695220 634
1695230 641
1695240 649
1695250 656
1695260 656
1695270 663
1695280 672
1695290 672
1695300 679
1695310 687
1695320 687
1695330 695
1695340 705
1695350 705
1695360 714
1695370 724
1695380 724
1695390 733
1695400 743
1695410 743
1695420 753
1695430 763
1695440 763
1695450 769
1695460 780
1695470 780
1695480 788
1695490 793
1695500 793
1695510 798
1695520 794
1695530 794
1695540 793
1695550 792
1695560 792
1695570 794
1695580 797
1695590 804
1695600 804
1695610 806
1695620 807
1695630 807
1695640 812
1695650 816
1695660 816
1695670 822
1695680 828
1695690 828
1695700 835
1695710 837
1695720 837
1695730 836
1695740 833
1695750 833
1695760 836
1695770 842
1695780 842
1695790 849
1695800 855
1695810 871
1695820 874
1695830 878
1695840 878
1695850 888
1695860 895
1695870 895
1695880 900
1695890 898
1695900 898
1695910 896
1695920 901
1695930 904
1695940 904
1695950 906
1695960 910
1695970 910
1695980 911
1695990 918
1696000 918
1696010 923
1696020 927
1696030 927
1696040 932
1696050 938
1696060 938
1696070 939
1696080 931
1696090 931
1696100 925
1696110 919
1696120 919
1696130 914
1696140 909
1696150 909
1696160 905
1696170 902
1696180 902
1696190 902
1696200 905
1696210 905
1696220 907
1696230 910
1696240 910
1696250 913
1696260 917
1696270 920
1696280 920
1696290 921
1696300 920
1696310 920
1696320 920
1696330 923
1696340 923
1696350 930
1696360 938
1696370 938
1696380 944
1696390 953
1696400 953
1696410 960
1696420 968
1696430 968
1696440 976
1696450 983
1696460 983
1696470 989
1696480 996
1696490 996
1696500 1001
1696510 1005
1696520 1005
1696530 1009
1696540 1013
1696550 1013
1696560 1018
1696570 1021
1696580 1021
1696590 1026
1696600 1031
1696610 1036
1696620 1036
1696630 1044
1696640 1048
1696650 1048
1696660 1054
1696670 1060
1696680 1060
1696690 1066
1696700 1073
1696710 1073
1696720 1080
1696730 1084
1696740 1084
1696750 1091
1696760 1097
1696770 1097
1696780 1102
1696790 1108
1696800 1108
1696810 1113
1696820 1120
1696830 1120
1696840 1123
1696850 1130
1696860 1130
1696870 1135
1696880 1140
1696890 1140
1696900 1145
1696910 1149
1696920 1149
1696930 1152
1696940 1154
1696950 1156
1696960 1156
1696970 1159
1696980 1162
1696990 1162
1697000 1162
1697010 1157
1697020 1157
1697030 1154
1697040 1152
1697050 1152
1697060 1150
1697070 1147
1697080 1147
1697090 1144
1697100 1142
1697110 1142
1697120 1141
1697130 1141
1697140 1141
1697150 1140
1697160 1138
1697170 1138
1697180 1138
1697190 1139
1697200 1139
1697210 1141
1697220 1143
1697230 1143
1697240 1144
1697250 1145
1697260 1145
1697270 1146
1697280 1147
1697290 1146
1697300 1146
1697310 1142
1697320 1138
1697330 1138
1697340 1134
1697350 1132
1697360 1132
1697370 1130
1697380 1131
1697390 1131
1697400 1130
1697410 1129
1697420 1129
1697430 1128
1697440 1130
1697450 1130
1697460 1133
1697470 1136
1697480 1136
1697490 1139
1697500 1143
1697510 1143
1697520 1144
1697530 1144
1697540 1144
1697550 1144
1697560 1144
1697570 1144
1697580 1145
1697590 1146
1697600 1146
1697610 1147
1697620 1148
1697630 1147
1697640 1147
1697650 1147
1697660 1146
1697670 1146
1697680 1143
1697690 1138
1697700 1138
1697710 1133
1697720 1127
1697730 1127
1697740 1128
1697750 1128
1697760 1128
1697770 1129
1697780 1133
1697790 1133
1697800 1138
1697810 1143
1697820 1143
1697830 1148
1697840 1153
1697850 1153
1697860 1158
1697870 1163
1697880 1163
1697890 1168
1697900 1173
1697910 1173
1697920 1177
1697930 1182
1697940 1182
1697950 1184
1697960 1190
1697970 1190
1697980 1195
1697990 1198
1698000 1201
1698010 1201
1698020 1202
1698030 1203
1698040 1203
1698050 1204
1698060 1203
1698070 1203
1698080 1198
1698090 1190
1698100 1190
1698110 1183
1698120 1178
1698130 1178
1698140 1173
1698150 1169
1698160 1169
1698170 1165
1698180 1158
1698190 1158
1698200 1148
1698210 1139
1698220 1139
1698230 1131
1698240 1122
1698250 1122
1698260 1115
1698270 1107
1698280 1107
1698290 1104
1698300 1107
1698310 1107
1698320 1109
1698330 1111
1698340 1113
1698350 1113
1698360 1114
1698370 1113
1698380 1113
1698390 1112
1698400 1112
1698410 1112
1698420 1111
1698430 1111
1698440 1111
1698450 1106
1698460 1098
1698470 1098
1698480 1092
1698490 1084
1698500 1084
1698510 1080
1698520 1076
1698530 1076
1698540 1072
1698550 1067
1698560 1067
1698570 1060
1698580 1056
1698590 1056
1698600 1065
1698610 1070
1698620 1070
1698630 1075
1698640 1079
1698650 1079
1698660 1081
1698670 1084
1698680 1087
1698690 1087
1698700 1086
1698710 1083
1698720 1083
1698730 1081
1698740 1085
1698750 1085
1698760 1090
1698770 1094
1698780 1094
1698790 1097
1698800 1098
1698810 1098
1698820 1097
1698830 1096
1698840 1096
1698850 1097
1698860 1098
1698870 1098
1698880 1100
1698890 1097
1698900 1097
1698910 1091
1698920 1085
1698930 1085
1698940 1087
1698950 1093
1698960 1093
1698970 1096
1698980 1099
1698990 1099
1699000 1103
1699010 1106
1699020 1109
1699030 1109
1699040 1109
1699050 1109
1699060 1109
1699070 1109
1699080 1109
1699090 1109
1699100 1109
1699110 1110
1699120 1110
1699130 1111
1699140 1112
1699150 1112
1699160 1114
1699170 1115
1699180 1115
1699190 1117
1699200 1119
1699210 1119
1699220 1121
1699230 1123
1699240 1123
1699250 1126
1699260 1130
1699270 1130
1699280 1132
1699290 1133
1699300 1133
1699310 1133
1699320 1134
1699330 1134
1699340 1134
1699350 1134
1699360 1134
1699370 1134
1699380 1133
1699390 1132
1699400 1132
1699410 1137
1699420 1141
1699430 1141
1699440 1145
1699450 1150
1699460 1150
1699470 1155
1699480 1159
1699490 1159
1699500 1164
1699510 1167
1699520 1167
1699530 1171
1699540 1175
1699550 1175
1699560 1179
1699570 1181
1699580 1181
1699590 1185
1699600 1189
1699610 1189
1699620 1190
1699630 1194
1699640 1194
1699650 1198
1699660 1201
1699670 1201
1699680 1202
1699690 1205
1699700 1207
1699710 1207
1699720 1209
1699730 1211
1699740 1211
1699750 1213
1699760 1215
1699770 1215
1699780 1217
1699790 1219
1699800 1219
1699810 1221
1699820 1222
1699830 1222
1699840 1224
1699850 1226
1699860 1226
1699870 1228
1699880 1229
1699890 1229
1699900 1230
1699910 1232
1699920 1232
1699930 1233
1699940 1235
1699950 1235
1699960 1237
1699970 1240
1699980 1240
1699990 1242
