1680000 1015
1680010 1015
1680020 1014
1680030 1014
1680040 1014
1680050 1018
1680060 1024
1680070 1024
1680080 1032
1680090 1039
1680100 1047
1680110 1047
1680120 1054
1680130 1061
1680140 1061
1680150 1069
1680160 1076
1680170 1076
1680180 1083
1680190 1090
1680200 1090
1680210 1097
1680220 1103
1680230 1103
1680240 1107
1680250 1111
1680260 1111
1680270 1115
1680280 1119
1680290 1119
1680300 1123
1680310 1127
1680320 1127
1680330 1132
1680340 1136
1680350 1136
1680360 1141
1680370 1144
1680380 1144
1680390 1148
1680400 1152
1680410 1152
1680420 1156
1680430 1160
1680440 1160
1680450 1164
1680460 1169
1680470 1173
1680480 1173
1680490 1177
1680500 1182
1680510 1182
1680520 1187
1680530 1192
1680540 1192
1680550 1196
1680560 1201
1680570 1201
1680580 1205
1680590 1210
1680600 1210
1680610 1214
1680620 1217
1680630 1217
1680640 1222
1680650 1226
1680660 1226
1680670 1230
1680680 1234
1680690 1234
1680700 1238
1680710 1244
1680720 1244
1680730 1249
1680740 1254
1680750 1254
1680760 1259
1680770 1265
1680780 1265
1680790 1272
1680800 1277
1680810 1283
1680820 1283
1680830 1288
1680840 1294
1680850 1294
1680860 1299
1680870 1304
1680880 1304
1680890 1308
1680900 1313
1680910 1313
1680920 1317
1680930 1320
1680940 1320
1680950 1322
1680960 1322
1680970 1322
1680980 1320
1680990 1317
1681000 1317
1681010 1315
1681020 1311
1681030 1311
1681040 1307
1681050 1304
1681060 1304
1681070 1300
1681080 1297
1681090 1297
1681100 1292
1681110 1289
1681120 1289
1681130 1286
1681140 1281
1681150 1276
1681160 1276
1681170 1272
1681180 1267
1681190 1267
1681200 1263
1681210 1259
1681220 1259
1681230 1255
1681240 1251
1681250 1251
1681260 1248
1681270 1245
1681280 1245
1681290 1241
1681300 1239
1681310 1239
1681320 1236
1681330 1233
1681340 1233
1681350 1231
1681360 1229
1681370 1229
1681380 1228
1681390 1226
1681400 1226
1681410 1225
1681420 1225
1681430 1225
1681440 1225
1681450 1225
1681460 1225
1681470 1225
1681480 1224
1681490 1224
1681500 1223
1681510 1222
1681520 1221
1681530 1221
1681540 1219
1681550 1220
1681560 1220
1681570 1222
1681580 1225
1681590 1225
1681600 1227
1681610 1229
1681620 1229
1681630 1231
1681640 1231
1681650 1231
1681660 1231
1681670 1232
1681680 1232
1681690 1232
1681700 1231
1681710 1231
1681720 1231
1681730 1229
1681740 1229
1681750 1228
1681760 1226
1681770 1226
1681780 1225
1681790 1224
1681800 1224
1681810 1223
1681820 1221
1681830 1221
1681840 1219
1681850 1218
1681860 1215
1681870 1215
1681880 1212
1681890 1209
1681900 1209
1681910 1207
1681920 1204
1681930 1204
1681940 1201
1681950 1197
1681960 1197
1681970 1193
1681980 1190
1681990 1190
1682000 1187
1682010 1184
1682020 1184
1682030 1180
1682040 1179
1682050 1179
1682060 1175
1682070 1171
1682080 1171
1682090 1168
1682100 1164
1682110 1164
1682120 1160
1682130 1156
1682140 1156
1682150 1152
1682160 1148
1682170 1148
1682180 1143
1682190 1138
1682200 1134
1682210 1134
1682220 1129
1682230 1124
1682240 1124
1682250 1118
1682260 1113
1682270 1113
1682280 1110
1682290 1106
1682300 1106
1682310 1100
1682320 1095
1682330 1095
1682340 1090
1682350 1086
1682360 1086
1682370 1083
1682380 1080
1682390 1080
1682400 1075
1682410 1071
1682420 1071
1682430 1066
1682440 1066
1682450 1066
1682460 1068
1682470 1072
1682480 1072
1682490 1074
1682500 1076
1682510 1076
1682520 1078
1682530 1080
1682540 1083
1682550 1083
1682560 1086
1682570 1088
1682580 1088
1682590 1090
1682600 1092
1682610 1092
1682620 1094
1682630 1096
1682640 1096
1682650 1098
1682660 1099
1682670 1099
1682680 1101
1682690 1103
1682700 1103
1682710 1105
1682720 1107
1682730 1107
1682740 1108
1682750 1110
1682760 1110
1682770 1112
1682780 1114
1682790 1114
1682800 1117
1682810 1119
1682820 1119
1682830 1120
1682840 1120
1682850 1120
1682860 1124
1682870 1126
1682880 1126
1682890 1127
1682900 1129
1682910 1131
1682920 1131
1682930 1134
1682940 1135
1682950 1135
1682960 1137
1682970 1138
1682980 1138
1682990 1138
1683000 1139
1683010 1139
1683020 1138
1683030 1138
1683040 1138
1683050 1137
1683060 1137
1683070 1137
1683080 1135
1683090 1132
1683100 1132
1683110 1129
1683120 1124
1683130 1124
1683140 1116
1683150 1119
1683160 1119
1683170 1122
1683180 1124
1683190 1124
1683200 1126
1683210 1127
1683220 1127
1683230 1130
1683240 1135
1683250 1139
1683260 1139
1683270 1144
1683280 1149
1683290 1149
1683300 1153
1683310 1158
1683320 1158
1683330 1162
1683340 1166
1683350 1166
1683360 1170
1683370 1174
1683380 1174
1683390 1177
1683400 1180
1683410 1180
1683420 1183
1683430 1186
1683440 1186
1683450 1190
1683460 1193
1683470 1193
1683480 1196
1683490 1198
1683500 1198
1683510 1201
1683520 1203
1683530 1203
1683540 1207
1683550 1207
1683560 1207
1683570 1207
1683580 1207
1683590 1206
1683600 1206
1683610 1202
1683620 1197
1683630 1197
1683640 1193
1683650 1188
1683660 1188
1683670 1184
1683680 1180
1683690 1180
1683700 1175
1683710 1170
1683720 1170
1683730 1166
1683740 1161
1683750 1161
1683760 1157
1683770 1153
1683780 1153
1683790 1148
1683800 1143
1683810 1143
1683820 1140
1683830 1136
1683840 1136
1683850 1131
1683860 1127
1683870 1127
1683880 1122
1683890 1119
1683900 1119
1683910 1115
1683920 1111
1683930 1105
1683940 1105
1683950 1101
1683960 1096
1683970 1096
1683980 1091
1683990 1086
1684000 1086
1684010 1081
1684020 1075
1684030 1075
1684040 1069
1684050 1064
1684060 1064
1684070 1059
1684080 1054
1684090 1054
1684100 1049
1684110 1043
1684120 1043
1684130 1036
1684140 1030
1684150 1030
1684160 1023
1684170 1017
1684180 1017
1684190 1010
1684200 1005
1684210 1005
1684220 999
1684230 994
1684240 994
1684250 987
1684260 981
1684270 981
1684280 981
1684290 982
1684300 984
1684310 984
1684320 987
1684330 989
1684340 989
1684350 989
1684360 989
1684370 989
1684380 989
1684390 990
1684400 990
1684410 992
1684420 996
1684430 996
1684440 1003
1684450 1011
1684460 1011
1684470 1019
1684480 1026
1684490 1026
1684500 1032
1684510 1038
1684520 1038
1684530 1043
1684540 1048
1684550 1048
1684560 1053
1684570 1058
1684580 1058
1684590 1065
1684600 1071
1684610 1071
1684620 1071
1684630 1079
1684640 1084
1684650 1084
1684660 1089
1684670 1094
1684680 1094
1684690 1099
1684700 1104
1684710 1104
1684720 1109
1684730 1114
1684740 1114
1684750 1119
1684760 1124
1684770 1124
1684780 1130
1684790 1134
1684800 1134
1684810 1139
1684820 1143
1684830 1143
1684840 1148
1684850 1152
1684860 1152
1684870 1156
1684880 1160
1684890 1160
1684900 1162
1684910 1162
1684920 1162
1684930 1164
1684940 1165
1684950 1165
1684960 1166
1684970 1167
1684980 1168
1684990 1168
1685000 1169
1685010 1169
1685020 1169
1685030 1169
1685040 1169
1685050 1169
1685060 1168
1685070 1166
1685080 1166
1685090 1164
1685100 1160
1685110 1160
1685120 1155
1685130 1148
1685140 1148
1685150 1142
1685160 1137
1685170 1137
1685180 1132
1685190 1127
1685200 1127
1685210 1122
1685220 1118
1685230 1118
1685240 1113
1685250 1108
1685260 1108
1685270 1104
1685280 1100
1685290 1100
1685300 1095
1685310 1090
1685320 1090
1685330 1086
1685340 1081
1685350 1078
1685360 1078
1685370 1080
1685380 1081
1685390 1081
1685400 1083
1685410 1085
1685420 1085
1685430 1088
1685440 1091
1685450 1091
1685460 1094
1685470 1097
1685480 1097
1685490 1101
1685500 1104
1685510 1104
1685520 1105
1685530 1106
1685540 1106
1685550 1105
1685560 1104
1685570 1104
1685580 1101
1685590 1097
1685600 1097
1685610 1093
1685620 1089
1685630 1089
1685640 1083
1685650 1078
1685660 1078
1685670 1079
1685680 1082
1685690 1083
1685700 1083
1685710 1085
1685720 1088
1685730 1088
1685740 1091
1685750 1092
1685760 1092
1685770 1094
1685780 1096
1685790 1096
1685800 1098
1685810 1101
1685820 1101
1685830 1104
1685840 1107
1685850 1107
1685860 1109
1685870 1111
1685880 1111
1685890 1113
1685900 1114
1685910 1114
1685920 1114
1685930 1113
1685940 1113
1685950 1114
1685960 1116
1685970 1116
1685980 1118
1685990 1119
1686000 1119
1686010 1119
1686020 1119
1686030 1119
1686040 1119
1686050 1118
1686060 1115
1686070 1121
1686080 1119
1686090 1117
1686100 1117
1686110 1117
1686120 1118
1686130 1118
1686140 1120
1686150 1122
1686160 1122
1686170 1124
1686180 1125
1686190 1125
1686200 1125
1686210 1125
1686220 1125
1686230 1125
1686240 1123
1686250 1123
1686260 1120
1686270 1119
1686280 1119
1686290 1119
1686300 1119
1686310 1119
1686320 1118
1686330 1117
1686340 1117
1686350 1116
1686360 1120
1686370 1125
1686380 1125
1686390 1131
1686400 1136
1686410 1136
1686420 1142
1686430 1148
1686440 1148
1686450 1154
1686460 1160
1686470 1160
1686480 1166
1686490 1172
1686500 1172
1686510 1178
1686520 1184
1686530 1184
1686540 1190
1686550 1195
1686560 1195
1686570 1201
1686580 1207
1686590 1207
1686600 1213
1686610 1219
1686620 1219
1686630 1223
1686640 1228
1686650 1228
1686660 1232
1686670 1236
1686680 1236
1686690 1240
1686700 1243
1686710 1243
1686720 1245
1686730 1248
1686740 1251
1686750 1251
1686760 1252
1686770 1254
1686780 1254
1686790 1254
1686800 1253
1686810 1253
1686820 1252
1686830 1252
1686840 1252
1686850 1250
1686860 1249
1686870 1249
1686880 1246
1686890 1243
1686900 1243
1686910 1239
1686920 1234
1686930 1234
1686940 1229
1686950 1224
1686960 1224
1686970 1218
1686980 1213
1686990 1213
1687000 1208
1687010 1204
1687020 1204
1687030 1199
1687040 1195
1687050 1195
1687060 1190
1687070 1186
1687080 1181
1687090 1181
1687100 1178
1687110 1174
1687120 1174
1687130 1169
1687140 1164
1687150 1164
1687160 1160
1687170 1156
1687180 1156
1687190 1152
1687200 1147
1687210 1147
1687220 1143
1687230 1138
1687240 1138
1687250 1134
1687260 1130
1687270 1130
1687280 1125
1687290 1123
1687300 1123
1687310 1120
1687320 1116
1687330 1116
1687340 1112
1687350 1109
1687360 1109
1687370 1106
1687380 1103
1687390 1103
1687400 1101
1687410 1098
1687420 1095
1687430 1095
1687440 1093
1687450 1091
1687460 1091
1687470 1090
1687480 1089
1687490 1089
1687500 1087
1687510 1085
1687520 1085
1687530 1083
1687540 1081
1687550 1081
1687560 1079
1687570 1076
1687580 1076
1687590 1073
1687600 1071
1687610 1071
1687620 1068
1687630 1066
1687640 1066
1687650 1063
1687660 1060
1687670 1060
1687680 1058
1687690 1055
1687700 1055
1687710 1052
1687720 1049
1687730 1049
1687740 1046
1687750 1044
1687760 1044
1687770 1040
1687780 1037
1687790 1034
1687800 1034
1687810 1030
1687820 1029
1687830 1029
1687840 1026
1687850 1022
1687860 1022
1687870 1019
1687880 1015
1687890 1015
1687900 1010
1687910 1006
1687920 1006
1687930 1002
1687940 1000
1687950 1000
1687960 997
1687970 994
1687980 994
1687990 991
1688000 987
1688010 987
1688020 984
1688030 982
1688040 982
1688050 979
1688060 977
1688070 977
1688080 975
1688090 974
1688100 974
1688110 971
1688120 969
1688130 966
1688140 966
1688150 965
1688160 961
1688170 961
1688180 960
1688190 959
1688200 959
1688210 957
1688220 956
1688230 956
1688240 954
1688250 953
1688260 953
1688270 951
1688280 950
1688290 950
1688300 949
1688310 948
1688320 948
1688330 947
1688340 946
1688350 946
1688360 945
1688370 945
1688380 945
1688390 943
1688400 942
1688410 942
1688420 941
1688430 939
1688440 939
1688450 937
1688460 936
1688470 934
1688480 934
1688490 931
1688500 929
1688510 929
1688520 927
1688530 925
1688540 925
1688550 923
1688560 920
1688570 920
1688580 918
1688590 916
1688600 916
1688610 914
1688620 911
1688630 911
1688640 908
1688650 905
1688660 905
1688670 902
1688680 897
1688690 897
1688700 894
1688710 891
1688720 891
1688730 889
1688740 887
1688750 887
1688760 886
1688770 885
1688780 885
1688790 883
1688800 882
1688810 881
1688820 881
1688830 878
1688840 877
1688850 877
1688860 875
1688870 875
1688880 875
1688890 874
1688900 875
1688910 875
1688920 874
1688930 872
1688940 872
1688950 869
1688960 866
1688970 866
1688980 861
1688990 858
1689000 858
1689010 855
1689020 853
1689030 853
1689040 851
1689050 850
1689060 850
1689070 850
1689080 849
1689090 849
1689100 848
1689110 848
1689120 848
1689130 847
1689140 846
1689150 846
1689160 847
1689170 848
1689180 848
1689190 848
1689200 849
1689210 850
1689220 850
1689230 851
1689240 852
1689250 852
1689260 852
1689270 853
1689280 853
1689290 855
1689300 856
1689310 856
1689320 858
1689330 859
1689340 859
1689350 861
1689360 863
1689370 863
1689380 864
1689390 867
1689400 867
1689410 870
1689420 873
1689430 873
1689440 876
1689450 879
1689460 879
1689470 882
1689480 884
1689490 884
1689500 887
1689510 890
1689520 893
1689530 893
1689540 895
1689550 897
1689560 897
1689570 900
1689580 902
1689590 902
1689600 904
1689610 907
1689620 907
1689630 909
1689640 911
1689650 911
1689660 913
1689670 915
1689680 915
1689690 916
1689700 918
1689710 918
1689720 919
1689730 919
1689740 919
1689750 920
1689760 921
1689770 921
1689780 922
1689790 922
1689800 922
1689810 923
1689820 922
1689830 922
1689840 921
1689850 919
1689860 917
1689870 917
1689880 913
1689890 908
1689900 908
1689910 904
1689920 899
1689930 899
1689940 895
1689950 890
1689960 890
1689970 886
1689980 880
1689990 880
1690000 877
1690010 874
1690020 874
1690030 869
1690040 867
1690050 867
1690060 865
1690070 863
1690080 863
1690090 859
1690100 855
1690110 855
1690120 850
1690130 846
1690140 846
1690150 841
1690160 838
1690170 838
1690180 835
1690190 831
1690200 828
1690210 828
1690220 823
1690230 818
1690240 818
1690250 813
1690260 809
1690270 809
1690280 806
1690290 802
1690300 802
1690310 801
1690320 797
1690330 797
1690340 795
1690350 794
1690360 794
1690370 791
1690380 790
1690390 790
1690400 785
1690410 781
1690420 781
1690430 776
1690440 769
1690450 769
1690460 762
1690470 755
1690480 755
1690490 752
1690500 747
1690510 747
1690520 742
1690530 737
1690540 737
1690550 733
1690560 728
1690570 724
1690580 724
1690590 719
1690600 714
1690610 714
1690620 709
1690630 704
1690640 704
1690650 699
1690660 694
1690670 694
1690680 690
1690690 686
1690700 686
1690710 682
1690720 678
1690730 678
1690740 675
1690750 674
1690760 674
1690770 672
1690780 671
1690790 671
1690800 671
1690810 671
1690820 671
1690830 671
1690840 671
1690850 671
1690860 671
1690870 671
1690880 671
1690890 671
1690900 669
1690910 670
1690920 670
1690930 670
1690940 670
1690950 670
1690960 670
1690970 670
1690980 670
1690990 670
1691000 670
1691010 670
1691020 670
1691030 670
1691040 670
1691050 670
1691060 670
1691070 670
1691080 670
1691090 670
1691100 670
1691110 670
1691120 669
1691130 669
1691140 669
1691150 669
1691160 669
1691170 669
1691180 669
1691190 669
1691200 669
1691210 669
1691220 669
1691230 669
1691240 670
1691250 671
1691260 671
1691270 671
1691280 672
1691290 672
1691300 672
1691310 673
1691320 673
1691330 674
1691340 677
1691350 677
1691360 679
1691370 682
1691380 682
1691390 687
1691400 691
1691410 691
1691420 693
1691430 695
1691440 695
1691450 697
1691460 699
1691470 699
1691480 703
1691490 707
1691500 707
1691510 712
1691520 716
1691530 716
1691540 721
1691550 726
1691560 726
1691570 732
1691580 735
1691590 735
1691600 739
1691610 742
1691620 745
1691630 745
1691640 748
1691650 752
1691660 752
1691670 756
1691680 760
1691690 760
1691700 764
1691710 768
1691720 768
1691730 772
1691740 779
1691750 779
1691760 781
1691770 783
1691780 783
1691790 785
1691800 786
1691810 786
1691820 787
1691830 788
1691840 788
1691850 789
1691860 789
1691870 789
1691880 789
1691890 789
1691900 789
1691910 790
1691920 789
1691930 789
1691940 788
1691950 788
1691960 787
1691970 787
1691980 786
1691990 785
1692000 785
1692010 784
1692020 785
1692030 785
1692040 784
1692050 783
1692060 783
1692070 781
1692080 779
1692090 779
1692100 778
1692110 777
1692120 777
1692130 777
1692140 776
1692150 776
1692160 775
1692170 773
1692180 773
1692190 772
1692200 771
1692210 771
1692220 770
1692230 769
1692240 769
1692250 768
1692260 766
1692270 766
1692280 765
1692290 763
1692300 762
1692310 762
1692320 757
1692330 755
1692340 755
1692350 753
1692360 751
1692370 751
1692380 749
1692390 748
1692400 748
1692410 747
1692420 747
1692430 747
1692440 746
1692450 745
1692460 745
1692470 745
1692480 744
1692490 744
1692500 742
1692510 742
1692520 742
1692530 741
1692540 740
1692550 740
1692560 737
1692570 736
1692580 736
1692590 733
1692600 730
1692610 729
1692620 726
1692630 724
1692640 721
1692650 721
1692660 718
1692670 717
1692680 717
1692690 717
1692700 717
1692710 717
1692720 717
1692730 717
1692740 717
1692750 717
1692760 717
1692770 717
1692780 717
1692790 718
1692800 718
1692810 719
1692820 719
1692830 719
1692840 719
1692850 719
1692860 719
1692870 719
1692880 719
1692890 719
1692900 720
1692910 720
1692920 720
1692930 720
1692940 719
1692950 719
1692960 718
1692970 717
1692980 717
1692990 717
1693000 716
1693010 715
1693020 715
1693030 714
1693040 712
1693050 712
1693060 710
1693070 707
1693080 707
1693090 703
1693100 698
1693110 698
1693120 692
1693130 685
1693140 685
1693150 678
1693160 671
1693170 671
1693180 667
1693190 663
1693200 663
1693210 660
1693220 658
1693230 658
1693240 660
1693250 664
1693260 664
1693270 665
1693280 671
1693290 671
1693300 677
1693310 683
1693320 683
1693330 689
1693340 695
1693350 701
1693360 701
1693370 707
1693380 712
1693390 712
1693400 716
1693410 720
1693420 720
1693430 723
1693440 727
1693450 727
1693460 730
1693470 735
1693480 735
1693490 739
1693500 742
1693510 742
1693520 746
1693530 751
1693540 751
1693550 756
1693560 760
1693570 760
1693580 764
1693590 768
1693600 768
1693610 771
1693620 774
1693630 774
1693640 777
1693650 780
1693660 780
1693670 783
1693680 786
1693690 788
1693700 788
1693710 790
1693720 792
1693730 792
1693740 794
1693750 796
1693760 796
1693770 798
1693780 800
1693790 800
1693800 803
1693810 805
1693820 805
1693830 808
1693840 811
1693850 811
1693860 814
1693870 816
1693880 816
1693890 819
1693900 822
1693910 822
1693920 824
1693930 827
1693940 827
1693950 829
1693960 832
1693970 832
1693980 834
1693990 835
1694000 835
1694010 836
1694020 837
1694030 837
1694040 839
1694050 841
1694060 842
1694070 842
1694080 844
1694090 846
1694100 846
1694110 849
1694120 851
1694130 851
1694140 852
1694150 854
1694160 854
1694170 855
1694180 857
1694190 857
1694200 858
1694210 858
1694220 858
1694230 860
1694240 861
1694250 861
1694260 862
1694270 863
1694280 863
1694290 864
1694300 865
1694310 865
1694320 865
1694330 865
1694340 865
1694350 865
1694360 863
1694370 863
1694380 860
1694390 858
1694400 855
1694410 855
1694420 851
1694430 848
1694440 848
1694450 845
1694460 842
1694470 842
1694480 839
1694490 838
1694500 838
1694510 837
1694520 836
1694530 836
1694540 835
1694550 835
1694560 835
1694570 834
1694580 833
1694590 833
1694600 833
1694610 832
1694620 832
1694630 830
1694640 828
1694650 828
1694660 826
1694670 823
1694680 823
1694690 820
1694700 817
1694710 817
1694720 814
1694730 811
1694740 808
1694750 808
1694760 806
1694770 806
1694780 806
1694790 804
1694800 801
1694810 801
1694820 799
1694830 797
1694840 797
1694850 795
1694860 792
1694870 792
1694880 791
1694890 790
1694900 790
1694910 789
1694920 788
1694930 788
1694940 787
1694950 786
1694960 786
1694970 786
1694980 785
1694990 785
1695000 784
1695010 782
1695020 782
1695030 778
1695040 774
1695050 774
1695060 768
1695070 763
1695080 759
1695090 759
1695100 755
1695110 751
1695120 751
1695130 747
1695140 743
1695150 743
1695160 737
1695170 732
1695180 732
1695190 725
1695200 719
1695210 719
1695220 712
1695230 707
1695240 707
1695250 704
1695260 700
1695270 700
1695280 696
1695290 692
1695300 692
1695310 689
1695320 686
1695330 686
1695340 682
1695350 679
1695360 679
1695370 676
1695380 674
1695390 674
1695400 671
1695410 667
1695420 667
1695430 664
1695440 660
1695450 657
1695460 657
1695470 653
1695480 649
1695490 649
1695500 649
1695510 648
1695520 648
1695530 648
1695540 647
1695550 647
1695560 645
1695570 645
1695580 645
1695590 645
1695600 645
1695610 645
1695620 645
1695630 646
1695640 646
1695650 646
1695660 646
1695670 646
1695680 646
1695690 644
1695700 644
1695710 646
1695720 646
1695730 646
1695740 646
1695750 646
1695760 646
1695770 646
1695780 646
1695790 646
1695800 646
1695810 646
1695820 646
1695830 646
1695840 647
1695850 646
1695860 646
1695870 646
1695880 646
1695890 646
1695900 646
1695910 646
1695920 646
1695930 646
1695940 647
1695950 647
1695960 647
1695970 647
1695980 647
1695990 647
1696000 647
1696010 647
1696020 647
1696030 647
1696040 647
1696050 647
1696060 646
1696070 646
1696080 647
1696090 648
1696100 648
1696110 648
1696120 648
1696130 648
1696140 648
1696150 648
1696160 648
1696170 648
1696180 648
1696190 648
1696200 648
1696210 652
1696220 657
1696230 657
1696240 661
1696250 665
1696260 665
1696270 669
1696280 674
1696290 674
1696300 678
1696310 681
1696320 681
1696330 686
1696340 690
1696350 690
1696360 694
1696370 698
1696380 698
1696390 701
1696400 705
1696410 705
1696420 709
1696430 712
1696440 712
1696450 715
1696460 718
1696470 722
1696480 722
1696490 726
1696500 731
1696510 731
1696520 735
1696530 739
1696540 739
1696550 743
1696560 746
1696570 746
1696580 746
1696590 749
1696600 749
1696610 750
1696620 751
1696630 751
1696640 751
1696650 747
1696660 747
1696670 740
1696680 735
1696690 735
1696700 730
1696710 729
1696720 729
1696730 728
1696740 727
1696750 727
1696760 726
1696770 726
1696780 726
1696790 725
1696800 723
1696810 723
1696820 723
1696830 720
1696840 720
1696850 720
1696860 720
1696870 719
1696880 719
1696890 718
1696900 717
1696910 717
1696920 712
1696930 709
1696940 709
1696950 706
1696960 704
1696970 704
1696980 701
1696990 700
1697000 700
1697010 697
1697020 695
1697030 695
1697040 693
1697050 691
1697060 691
1697070 688
1697080 685
1697090 685
1697100 683
1697110 682
1697120 682
1697130 680
1697140 679
1697150 679
1697160 678
1697170 678
1697180 677
1697190 677
1697200 677
1697210 676
1697220 676
1697230 675
1697240 671
1697250 671
1697260 674
1697270 675
1697280 675
1697290 675
1697300 674
1697310 674
1697320 672
1697330 671
1697340 671
1697350 672
1697360 675
1697370 675
1697380 675
1697390 672
1697400 672
1697410 674
1697420 674
1697430 674
1697440 674
1697450 674
1697460 674
1697470 673
1697480 672
1697490 672
1697500 670
1697510 669
1697520 670
1697530 670
1697540 672
1697550 673
1697560 673
1697570 675
1697580 678
1697590 678
1697600 680
1697610 680
1697620 680
1697630 681
1697640 680
1697650 680
1697660 686
1697670 687
1697680 687
1697690 688
1697700 688
1697710 688
1697720 688
1697730 686
1697740 686
1697750 685
1697760 683
1697770 683
1697780 681
1697790 680
1697800 680
1697810 679
1697820 678
1697830 678
1697840 679
1697850 680
1697860 680
1697870 683
1697880 686
1697890 688
1697900 688
1697910 690
1697920 691
1697930 691
1697940 691
1697950 692
1697960 692
1697970 690
1697980 689
1697990 689
1698000 687
1698010 686
1698020 686
1698030 686
1698040 684
1698050 684
1698060 683
1698070 682
1698080 682
1698090 680
1698100 680
1698110 680
1698120 677
1698130 675
1698140 675
1698150 673
1698160 671
1698170 671
1698180 669
1698190 667
1698200 667
1698210 666
1698220 664
1698230 663
1698240 663
1698250 662
1698260 661
1698270 661
1698280 660
1698290 660
1698300 660
1698310 660
1698320 659
1698330 659
1698340 658
1698350 659
1698360 659
1698370 661
1698380 666
1698390 666
1698400 673
1698410 679
1698420 679
1698430 686
1698440 693
1698450 693
1698460 699
1698470 706
1698480 706
1698490 712
1698500 719
1698510 719
1698520 725
1698530 731
1698540 731
1698550 736
1698560 740
1698570 744
1698580 744
1698590 749
1698600 753
1698610 753
1698620 757
1698630 762
1698640 762
1698650 766
1698660 770
1698670 770
1698680 773
1698690 775
1698700 775
1698710 777
1698720 775
1698730 775
1698740 770
1698750 764
1698760 764
1698770 755
1698780 746
1698790 746
1698800 738
1698810 737
1698820 737
1698830 746
1698840 753
1698850 753
1698860 759
1698870 766
1698880 766
1698890 773
1698900 780
1698910 787
1698920 787
1698930 794
1698940 801
1698950 801
1698960 807
1698970 813
1698980 813
1698990 818
1699000 822
1699010 822
1699020 827
1699030 831
1699040 831
1699050 834
1699060 838
1699070 838
1699080 841
1699090 844
1699100 844
1699110 846
1699120 848
1699130 848
1699140 850
1699150 852
1699160 852
1699170 854
1699180 857
1699190 857
1699200 858
1699210 862
1699220 862
1699230 865
1699240 866
1699250 866
1699260 869
1699270 871
1699280 873
1699290 873
1699300 872
1699310 865
1699320 865
1699330 860
1699340 854
1699350 854
1699360 848
1699370 845
1699380 845
1699390 840
1699400 834
1699410 834
1699420 827
1699430 821
1699440 821
1699450 816
1699460 811
1699470 811
1699480 806
1699490 803
1699500 803
1699510 800
1699520 799
1699530 799
1699540 795
1699550 792
1699560 792
1699570 785
1699580 781
1699590 781
1699600 786
1699610 794
1699620 801
1699630 801
1699640 808
1699650 816
1699660 816
1699670 824
1699680 831
1699690 831
1699700 839
1699710 845
1699720 845
1699730 850
1699740 856
1699750 856
1699760 863
1699770 870
1699780 870
1699790 876
1699800 880
1699810 880
1699820 883
1699830 888
1699840 888
1699850 891
1699860 893
1699870 893
1699880 894
1699890 898
1699900 898
1699910 903
1699920 906
1699930 906
1699940 910
1699950 913
1699960 917
1699970 917
1699980 921
1699990 925
