1680000 1179
1680010 1179
1680020 1177
1680030 1175
1680040 1175
1680050 1173
1680060 1170
1680070 1170
1680080 1168
1680090 1165
1680100 1165
1680110 1162
1680120 1159
1680130 1159
1680140 1155
1680150 1151
1680160 1151
1680170 1144
1680180 1138
1680190 1138
1680200 1131
1680210 1126
1680220 1121
1680230 1121
1680240 1116
1680250 1112
1680260 1112
1680270 1109
1680280 1108
1680290 1108
1680300 1106
1680310 1102
1680320 1102
1680330 1098
1680340 1095
1680350 1095
1680360 1093
1680370 1092
1680380 1092
1680390 1093
1680400 1099
1680410 1099
1680420 1104
1680430 1111
1680440 1111
1680450 1117
1680460 1123
1680470 1123
1680480 1127
1680490 1131
1680500 1131
1680510 1135
1680520 1138
1680530 1138
1680540 1140
1680550 1140
1680560 1140
1680570 1140
1680580 1139
1680590 1139
1680600 1139
1680610 1137
1680620 1136
1680630 1136
1680640 1135
1680650 1132
1680660 1132
1680670 1128
1680680 1125
1680690 1125
1680700 1121
1680710 1118
1680720 1118
1680730 1115
1680740 1114
1680750 1114
1680760 1115
1680770 1116
1680780 1116
1680790 1114
1680800 1109
1680810 1109
1680820 1104
1680830 1098
1680840 1098
1680850 1092
1680860 1086
1680870 1086
1680880 1079
1680890 1074
1680900 1074
1680910 1069
1680920 1070
1680930 1073
1680940 1073
1680950 1076
1680960 1077
1680970 1077
1680980 1076
1680990 1072
1681000 1072
1681010 1070
1681020 1069
1681030 1069
1681040 1067
1681050 1066
1681060 1066
1681070 1069
1681080 1074
1681090 1074
1681100 1079
1681110 1083
1681120 1083
1681130 1087
1681140 1091
1681150 1091
1681160 1095
1681170 1100
1681180 1100
1681190 1104
1681200 1108
1681210 1108
1681220 1112
1681230 1116
1681240 1116
1681250 1119
1681260 1117
1681270 1111
1681280 1111
1681290 1105
1681300 1099
1681310 1099
1681320 1093
1681330 1089
1681340 1089
1681350 1092
1681360 1094
1681370 1094
1681380 1097
1681390 1099
1681400 1099
1681410 1101
1681420 1107
1681430 1107
1681440 1112
1681450 1118
1681460 1118
1681470 1122
1681480 1126
1681490 1126
1681500 1129
1681510 1130
1681520 1130
1681530 1131
1681540 1131
1681550 1131
1681560 1131
1681570 1131
1681580 1131
1681590 1130
1681600 1129
1681610 1129
1681620 1128
1681630 1127
1681640 1126
1681650 1126
1681660 1126
1681670 1125
1681680 1125
1681690 1123
1681700 1123
1681710 1123
1681720 1129
1681730 1135
1681740 1135
1681750 1142
1681760 1143
1681770 1143
1681780 1151
1681790 1156
1681800 1156
1681810 1162
1681820 1167
1681830 1167
1681840 1173
1681850 1179
1681860 1179
1681870 1184
1681880 1188
1681890 1188
1681900 1193
1681910 1195
1681920 1195
1681930 1199
1681940 1203
1681950 1203
1681960 1206
1681970 1209
1681980 1212
1681990 1212
1682000 1215
1682010 1217
1682020 1217
1682030 1220
1682040 1221
1682050 1221
1682060 1222
1682070 1222
1682080 1222
1682090 1221
1682100 1220
1682110 1220
1682120 1220
1682130 1219
1682140 1219
1682150 1218
1682160 1219
1682170 1219
1682180 1219
1682190 1219
1682200 1219
1682210 1219
1682220 1218
1682230 1218
1682240 1217
1682250 1217
1682260 1217
1682270 1215
1682280 1213
1682290 1213
1682300 1211
1682310 1210
1682320 1210
1682330 1208
1682340 1207
1682350 1207
1682360 1207
1682370 1206
1682380 1206
1682390 1206
1682400 1205
1682410 1204
1682420 1204
1682430 1205
1682440 1205
1682450 1205
1682460 1205
1682470 1207
1682480 1207
1682490 1209
1682500 1210
1682510 1210
1682520 1212
1682530 1214
1682540 1214
1682550 1216
1682560 1219
1682570 1219
1682580 1221
1682590 1224
1682600 1224
1682610 1227
1682620 1230
1682630 1230
1682640 1234
1682650 1238
1682660 1238
1682670 1241
1682680 1244
1682690 1248
1682700 1248
1682710 1251
1682720 1253
1682730 1253
1682740 1256
1682750 1259
1682760 1259
1682770 1261
1682780 1263
1682790 1263
1682800 1265
1682810 1267
1682820 1267
1682830 1269
1682840 1270
1682850 1270
1682860 1272
1682870 1273
1682880 1273
1682890 1274
1682900 1275
1682910 1275
1682920 1276
1682930 1277
1682940 1277
1682950 1277
1682960 1277
1682970 1277
1682980 1278
1682990 1278
1683000 1278
1683010 1279
1683020 1279
1683030 1280
1683040 1280
1683050 1279
1683060 1279
1683070 1279
1683080 1278
1683090 1278
1683100 1278
1683110 1277
1683120 1277
1683130 1277
1683140 1277
1683150 1275
1683160 1275
1683170 1275
1683180 1273
1683190 1273
1683200 1272
1683210 1271
1683220 1270
1683230 1268
1683240 1267
1683250 1267
1683260 1266
1683270 1264
1683280 1264
1683290 1263
1683300 1262
1683310 1262
1683320 1261
1683330 1260
1683340 1260
1683350 1259
1683360 1257
1683370 1257
1683380 1256
1683390 1255
1683400 1254
1683410 1254
1683420 1254
1683430 1253
1683440 1253
1683450 1251
1683460 1251
1683470 1251
1683480 1250
1683490 1250
1683500 1250
1683510 1249
1683520 1248
1683530 1248
1683540 1247
1683550 1246
1683560 1246
1683570 1245
1683580 1244
1683590 1244
1683600 1244
1683610 1242
1683620 1242
1683630 1241
1683640 1240
1683650 1240
1683660 1239
1683670 1238
1683680 1238
1683690 1237
1683700 1236
1683710 1236
1683720 1235
1683730 1234
1683740 1233
1683750 1233
1683760 1233
1683770 1232
1683780 1232
1683790 1232
1683800 1232
1683810 1232
1683820 1232
1683830 1232
1683840 1232
1683850 1232
1683860 1232
1683870 1232
1683880 1232
1683890 1232
1683900 1232
1683910 1232
1683920 1232
1683930 1232
1683940 1232
1683950 1231
1683960 1231
1683970 1231
1683980 1231
1683990 1231
1684000 1230
1684010 1229
1684020 1229
1684030 1228
1684040 1227
1684050 1227
1684060 1225
1684070 1225
1684080 1225
1684090 1223
1684100 1222
1684110 1221
1684120 1221
1684130 1220
1684140 1219
1684150 1219
1684160 1217
1684170 1216
1684180 1216
1684190 1214
1684200 1213
1684210 1213
1684220 1212
1684230 1210
1684240 1210
1684250 1208
1684260 1208
1684270 1208
1684280 1206
1684290 1205
1684300 1205
1684310 1204
1684320 1204
1684330 1204
1684340 1203
1684350 1203
1684360 1203
1684370 1201
1684380 1199
1684390 1199
1684400 1196
1684410 1194
1684420 1194
1684430 1191
1684440 1188
1684450 1184
1684460 1184
1684470 1181
1684480 1177
1684490 1177
1684500 1174
1684510 1172
1684520 1172
1684530 1170
1684540 1168
1684550 1168
1684560 1165
1684570 1162
1684580 1162
1684590 1159
1684600 1157
1684610 1157
1684620 1154
1684630 1151
1684640 1151
1684650 1148
1684660 1145
1684670 1145
1684680 1142
1684690 1138
1684700 1138
1684710 1136
1684720 1134
1684730 1134
1684740 1133
1684750 1131
1684760 1131
1684770 1128
1684780 1127
1684790 1127
1684800 1124
1684810 1121
1684820 1118
1684830 1118
1684840 1116
1684850 1117
1684860 1117
1684870 1117
1684880 1118
1684890 1118
1684900 1119
1684910 1118
1684920 1118
1684930 1117
1684940 1117
1684950 1117
1684960 1118
1684970 1118
1684980 1118
1684990 1117
1685000 1115
1685010 1115
1685020 1113
1685030 1109
1685040 1109
1685050 1106
1685060 1102
1685070 1102
1685080 1097
1685090 1092
1685100 1092
1685110 1086
1685120 1080
1685130 1080
1685140 1073
1685150 1067
1685160 1061
1685170 1061
1685180 1055
1685190 1048
1685200 1048
1685210 1042
1685220 1036
1685230 1036
1685240 1029
1685250 1026
1685260 1026
1685270 1029
1685280 1031
1685290 1031
1685300 1035
1685310 1040
1685320 1040
1685330 1042
1685340 1046
1685350 1046
1685360 1048
1685370 1048
1685380 1048
1685390 1047
1685400 1043
1685410 1043
1685420 1041
1685430 1040
1685440 1040
1685450 1038
1685460 1035
1685470 1035
1685480 1032
1685490 1028
1685500 1024
1685510 1024
1685520 1020
1685530 1016
1685540 1016
1685550 1011
1685560 1009
1685570 1009
1685580 1011
1685590 1013
1685600 1013
1685610 1015
1685620 1015
1685630 1015
1685640 1016
1685650 1015
1685660 1015
1685670 1013
1685680 1011
1685690 1011
1685700 1006
1685710 1000
1685720 1000
1685730 997
1685740 991
1685750 991
1685760 986
1685770 980
1685780 980
1685790 974
1685800 970
1685810 970
1685820 966
1685830 962
1685840 962
1685850 958
1685860 954
1685870 950
1685880 950
1685890 949
1685900 951
1685910 951
1685920 951
1685930 950
1685940 950
1685950 949
1685960 949
1685970 949
1685980 947
1685990 945
1686000 945
1686010 945
1686020 942
1686030 942
1686040 940
1686050 938
1686060 938
1686070 936
1686080 934
1686090 934
1686100 932
1686110 928
1686120 928
1686130 925
1686140 920
1686150 920
1686160 916
1686170 913
1686180 913
1686190 910
1686200 908
1686210 907
1686220 907
1686230 906
1686240 905
1686250 905
1686260 905
1686270 904
1686280 904
1686290 903
1686300 901
1686310 901
1686320 902
1686330 900
1686340 900
1686350 899
1686360 897
1686370 897
1686380 896
1686390 895
1686400 895
1686410 894
1686420 893
1686430 893
1686440 892
1686450 893
1686460 893
1686470 892
1686480 892
1686490 892
1686500 892
1686510 892
1686520 892
1686530 894
1686540 894
1686550 894
1686560 893
1686570 892
1686580 891
1686590 891
1686600 889
1686610 887
1686620 887
1686630 886
1686640 884
1686650 884
1686660 882
1686670 880
1686680 880
1686690 879
1686700 878
1686710 878
1686720 877
1686730 874
1686740 874
1686750 872
1686760 871
1686770 871
1686780 873
1686790 875
1686800 875
1686810 875
1686820 876
1686830 876
1686840 877
1686850 877
1686860 877
1686870 877
1686880 877
1686890 877
1686900 878
1686910 879
1686920 881
1686930 881
1686940 884
1686950 887
1686960 887
1686970 890
1686980 893
1686990 893
1687000 896
1687010 898
1687020 898
1687030 899
1687040 900
1687050 900
1687060 899
1687070 899
1687080 899
1687090 900
1687100 899
1687110 899
1687120 899
1687130 899
1687140 899
1687150 899
1687160 899
1687170 899
1687180 900
1687190 900
1687200 900
1687210 900
1687220 900
1687230 900
1687240 900
1687250 899
1687260 898
1687270 898
1687280 895
1687290 894
1687300 894
1687310 895
1687320 895
1687330 895
1687340 894
1687350 892
1687360 892
1687370 892
1687380 892
1687390 892
1687400 894
1687410 895
1687420 895
1687430 896
1687440 897
1687450 897
1687460 898
1687470 900
1687480 900
1687490 901
1687500 903
1687510 903
1687520 904
1687530 905
1687540 905
1687550 907
1687560 908
1687570 908
1687580 909
1687590 910
1687600 910
1687610 911
1687620 913
1687630 915
1687640 915
1687650 916
1687660 918
1687670 918
1687680 920
1687690 922
1687700 922
1687710 923
1687720 923
1687730 923
1687740 925
1687750 929
1687760 929
1687770 930
1687780 931
1687790 931
1687800 931
1687810 930
1687820 930
1687830 928
1687840 928
1687850 928
1687860 929
1687870 930
1687880 930
1687890 931
1687900 932
1687910 932
1687920 934
1687930 935
1687940 935
1687950 937
1687960 938
1687970 939
1687980 939
1687990 940
1688000 941
1688010 941
1688020 942
1688030 943
1688040 943
1688050 944
1688060 945
1688070 945
1688080 946
1688090 947
1688100 947
1688110 948
1688120 950
1688130 950
1688140 952
1688150 953
1688160 953
1688170 955
1688180 957
1688190 957
1688200 959
1688210 960
1688220 960
1688230 961
1688240 962
1688250 962
1688260 962
1688270 964
1688280 964
1688290 964
1688300 963
1688310 963
1688320 961
1688330 954
1688340 948
1688350 948
1688360 944
1688370 940
1688380 940
1688390 936
1688400 935
1688410 935
1688420 931
1688430 929
1688440 929
1688450 929
1688460 929
1688470 929
1688480 931
1688490 933
1688500 933
1688510 935
1688520 937
1688530 937
1688540 940
1688550 942
1688560 942
1688570 945
1688580 946
1688590 946
1688600 947
1688610 946
1688620 946
1688630 944
1688640 942
1688650 942
1688660 940
1688670 937
1688680 933
1688690 933
1688700 929
1688710 924
1688720 924
1688730 922
1688740 915
1688750 915
1688760 909
1688770 903
1688780 903
1688790 897
1688800 891
1688810 891
1688820 885
1688830 879
1688840 879
1688850 871
1688860 865
1688870 865
1688880 858
1688890 852
1688900 852
1688910 846
1688920 840
1688930 840
1688940 836
1688950 831
1688960 831
1688970 827
1688980 821
1688990 821
1689000 818
1689010 810
1689020 803
1689030 803
1689040 796
1689050 789
1689060 789
1689070 783
1689080 777
1689090 777
1689100 771
1689110 767
1689120 767
1689130 763
1689140 759
1689150 759
1689160 756
1689170 752
1689180 752
1689190 748
1689200 745
1689210 745
1689220 744
1689230 743
1689240 743
1689250 742
1689260 741
1689270 741
1689280 741
1689290 743
1689300 743
1689310 745
1689320 746
1689330 746
1689340 747
1689350 746
1689360 746
1689370 746
1689380 745
1689390 744
1689400 744
1689410 743
1689420 742
1689430 742
1689440 740
1689450 736
1689460 736
1689470 732
1689480 729
1689490 729
1689500 726
1689510 723
1689520 723
1689530 720
1689540 717
1689550 717
1689560 715
1689570 713
1689580 713
1689590 710
1689600 707
1689610 707
1689620 705
1689630 702
1689640 702
1689650 702
1689660 702
1689670 702
1689680 702
1689690 701
1689700 701
1689710 701
1689720 700
1689730 700
1689740 700
1689750 699
1689760 699
1689770 699
1689780 699
1689790 699
1689800 699
1689810 699
1689820 697
1689830 697
1689840 702
1689850 707
1689860 707
1689870 709
1689880 714
1689890 714
1689900 720
1689910 725
1689920 725
1689930 731
1689940 735
1689950 735
1689960 739
1689970 745
1689980 745
1689990 752
1690000 759
1690010 759
1690020 766
1690030 772
1690040 772
1690050 778
1690060 784
1690070 784
1690080 790
1690090 797
1690100 803
1690110 803
1690120 808
1690130 812
1690140 812
1690150 816
1690160 821
1690170 821
1690180 826
1690190 831
1690200 831
1690210 835
1690220 838
1690230 838
1690240 841
1690250 843
1690260 843
1690270 846
1690280 849
1690290 849
1690300 852
1690310 855
1690320 855
1690330 858
1690340 864
1690350 864
1690360 871
1690370 875
1690380 875
1690390 883
1690400 890
1690410 890
1690420 897
1690430 905
1690440 911
1690450 911
1690460 918
1690470 924
1690480 924
1690490 929
1690500 933
1690510 933
1690520 936
1690530 936
1690540 936
1690550 938
1690560 940
1690570 940
1690580 942
1690590 944
1690600 944
1690610 946
1690620 947
1690630 947
1690640 950
1690650 952
1690660 952
1690670 962
1690680 964
1690690 964
1690700 966
1690710 966
1690720 966
1690730 964
1690740 963
1690750 963
1690760 963
1690770 963
1690780 963
1690790 963
1690800 963
1690810 963
1690820 963
1690830 963
1690840 963
1690850 963
1690860 964
1690870 966
1690880 966
1690890 969
1690900 973
1690910 973
1690920 979
1690930 983
1690940 983
1690950 990
1690960 998
1690970 998
1690980 1005
1690990 1012
1691000 1012
1691010 1019
1691020 1026
1691030 1026
1691040 1033
1691050 1039
1691060 1039
1691070 1046
1691080 1052
1691090 1052
1691100 1058
1691110 1064
1691120 1064
1691130 1071
1691140 1076
1691150 1082
1691160 1082
1691170 1087
1691180 1086
1691190 1086
1691200 1083
1691210 1078
1691220 1078
1691230 1073
1691240 1068
1691250 1068
1691260 1063
1691270 1058
1691280 1058
1691290 1053
1691300 1046
1691310 1046
1691320 1042
1691330 1035
1691340 1035
1691350 1029
1691360 1023
1691370 1023
1691380 1019
1691390 1014
1691400 1014
1691410 1007
1691420 1002
1691430 1002
1691440 997
1691450 991
1691460 991
1691470 985
1691480 981
1691490 976
1691500 976
1691510 971
1691520 966
1691530 966
1691540 961
1691550 955
1691560 955
1691570 950
1691580 944
1691590 944
1691600 938
1691610 932
1691620 932
1691630 931
1691640 933
1691650 933
1691660 934
1691670 935
1691680 935
1691690 936
1691700 936
1691710 936
1691720 937
1691730 938
1691740 938
1691750 939
1691760 941
1691770 941
1691780 943
1691790 944
1691800 944
1691810 945
1691820 947
1691830 947
1691840 947
1691850 947
1691860 946
1691870 946
1691880 944
1691890 941
1691900 941
1691910 938
1691920 933
1691930 933
1691940 928
1691950 923
1691960 923
1691970 919
1691980 915
1691990 915
1692000 912
1692010 909
1692020 909
1692030 906
1692040 903
1692050 903
1692060 900
1692070 896
1692080 896
1692090 893
1692100 890
1692110 890
1692120 887
1692130 884
1692140 884
1692150 881
1692160 877
1692170 877
1692180 874
1692190 870
1692200 866
1692210 866
1692220 863
1692230 858
1692240 858
1692250 854
1692260 850
1692270 850
1692280 846
1692290 845
1692300 845
1692310 841
1692320 834
1692330 834
1692340 833
1692350 832
1692360 832
1692370 828
1692380 823
1692390 823
1692400 820
1692410 816
1692420 816
1692430 815
1692440 812
1692450 812
1692460 808
1692470 810
1692480 810
1692490 810
1692500 810
1692510 810
1692520 811
1692530 812
1692540 813
1692550 813
1692560 814
1692570 814
1692580 814
1692590 815
1692600 815
1692610 815
1692620 815
1692630 815
1692640 815
1692650 815
1692660 816
1692670 816
1692680 816
1692690 816
1692700 816
1692710 815
1692720 813
1692730 813
1692740 812
1692750 812
1692760 812
1692770 811
1692780 811
1692790 811
1692800 810
1692810 809
1692820 809
1692830 808
1692840 807
1692850 807
1692860 806
1692870 804
1692880 804
1692890 803
1692900 801
1692910 798
1692920 798
1692930 795
1692940 793
1692950 793
1692960 791
1692970 791
1692980 791
1692990 790
1693000 790
1693010 790
1693020 790
1693030 789
1693040 789
1693050 787
1693060 783
1693070 783
1693080 780
1693090 778
1693100 778
1693110 776
1693120 776
1693130 776
1693140 775
1693150 777
1693160 777
1693170 780
1693180 781
1693190 781
1693200 779
1693210 776
1693220 776
1693230 775
1693240 774
1693250 773
1693260 773
1693270 774
1693280 773
1693290 773
1693300 775
1693310 776
1693320 776
1693330 780
1693340 783
1693350 783
1693360 784
1693370 783
1693380 783
1693390 780
1693400 778
1693410 778
1693420 777
1693430 776
1693440 776
1693450 774
1693460 772
1693470 772
1693480 770
1693490 769
1693500 769
1693510 768
1693520 765
1693530 765
1693540 764
1693550 762
1693560 762
1693570 762
1693580 760
1693590 760
1693600 760
1693610 759
1693620 757
1693630 757
1693640 756
1693650 755
1693660 755
1693670 754
1693680 753
1693690 753
1693700 752
1693710 751
1693720 751
1693730 750
1693740 749
1693750 749
1693760 748
1693770 747
1693780 747
1693790 746
1693800 744
1693810 744
1693820 743
1693830 742
1693840 742
1693850 741
1693860 740
1693870 740
1693880 738
1693890 737
1693900 737
1693910 736
1693920 735
1693930 735
1693940 734
1693950 733
1693960 731
1693970 731
1693980 730
1693990 727
1694000 727
1694010 725
1694020 723
1694030 723
1694040 722
1694050 722
1694060 722
1694070 721
1694080 719
1694090 719
1694100 718
1694110 717
1694120 717
1694130 715
1694140 713
1694150 713
1694160 713
1694170 714
1694180 714
1694190 713
1694200 711
1694210 711
1694220 710
1694230 708
1694240 708
1694250 706
1694260 706
1694270 706
1694280 705
1694290 704
1694300 704
1694310 704
1694320 704
1694330 703
1694340 703
1694350 703
1694360 702
1694370 702
1694380 701
1694390 700
1694400 700
1694410 700
1694420 699
1694430 699
1694440 698
1694450 698
1694460 698
1694470 697
1694480 697
1694490 697
1694500 697
1694510 697
1694520 697
1694530 697
1694540 696
1694550 696
1694560 696
1694570 696
1694580 696
1694590 696
1694600 695
1694610 695
1694620 695
1694630 695
1694640 695
1694650 695
1694660 694
1694670 694
1694680 694
1694690 694
1694700 694
1694710 694
1694720 693
1694730 692
1694740 692
1694750 691
1694760 689
1694770 689
1694780 683
1694790 679
1694800 679
1694810 677
1694820 677
1694830 677
1694840 677
1694850 677
1694860 677
1694870 678
1694880 679
1694890 679
1694900 681
1694910 681
1694920 681
1694930 684
1694940 688
1694950 688
1694960 692
1694970 695
1694980 695
1694990 697
1695000 694
1695010 687
1695020 687
1695030 679
1695040 675
1695050 675
1695060 672
1695070 671
1695080 671
1695090 671
1695100 671
1695110 671
1695120 670
1695130 670
1695140 670
1695150 670
1695160 670
1695170 670
1695180 670
1695190 670
1695200 670
1695210 670
1695220 669
1695230 669
1695240 669
1695250 669
1695260 669
1695270 669
1695280 667
1695290 667
1695300 666
1695310 666
1695320 666
1695330 666
1695340 665
1695350 665
1695360 664
1695370 664
1695380 663
1695390 663
1695400 663
1695410 661
1695420 661
1695430 663
1695440 664
1695450 664
1695460 664
1695470 664
1695480 664
1695490 664
1695500 665
1695510 665
1695520 666
1695530 667
1695540 667
1695550 667
1695560 667
1695570 667
1695580 668
1695590 668
1695600 668
1695610 668
1695620 668
1695630 668
1695640 670
1695650 672
1695660 672
1695670 676
1695680 680
1695690 680
1695700 682
1695710 686
1695720 688
1695730 688
1695740 689
1695750 691
1695760 691
1695770 692
1695780 693
1695790 693
1695800 694
1695810 694
1695820 694
1695830 694
1695840 695
1695850 695
1695860 695
1695870 695
1695880 695
1695890 695
1695900 695
1695910 695
1695920 695
1695930 694
1695940 694
1695950 694
1695960 694
1695970 694
1695980 694
1695990 693
1696000 693
1696010 693
1696020 692
1696030 692
1696040 690
1696050 689
1696060 688
1696070 688
1696080 687
1696090 689
1696100 689
1696110 687
1696120 686
1696130 686
1696140 684
1696150 682
1696160 682
1696170 681
1696180 681
1696190 681
1696200 681
1696210 681
1696220 681
1696230 682
1696240 682
1696250 682
1696260 682
1696270 683
1696280 683
1696290 683
1696300 684
1696310 684
1696320 684
1696330 686
1696340 686
1696350 687
1696360 689
1696370 689
1696380 691
1696390 692
1696400 692
1696410 693
1696420 694
1696430 695
1696440 695
1696450 696
1696460 697
1696470 697
1696480 698
1696490 699
1696500 699
1696510 700
1696520 700
1696530 700
1696540 701
1696550 702
1696560 702
1696570 702
1696580 704
1696590 704
1696600 705
1696610 707
1696620 707
1696630 709
1696640 711
1696650 711
1696660 712
1696670 714
1696680 714
1696690 715
1696700 715
1696710 715
1696720 716
1696730 716
1696740 716
1696750 717
1696760 718
1696770 718
1696780 718
1696790 718
1696800 718
1696810 718
1696820 718
1696830 716
1696840 716
1696850 715
1696860 711
1696870 711
1696880 709
1696890 704
1696900 704
1696910 699
1696920 696
1696930 696
1696940 693
1696950 686
1696960 686
1696970 680
1696980 676
1696990 676
1697000 675
1697010 674
1697020 674
1697030 674
1697040 673
1697050 673
1697060 672
1697070 672
1697080 672
1697090 672
1697100 672
1697110 672
1697120 672
1697130 672
1697140 672
1697150 672
1697160 674
1697170 672
1697180 672
1697190 671
1697200 671
1697210 671
1697220 672
1697230 673
1697240 673
1697250 674
1697260 674
1697270 674
1697280 674
1697290 675
1697300 675
1697310 675
1697320 674
1697330 674
1697340 675
1697350 675
1697360 675
1697370 676
1697380 676
1697390 676
1697400 676
1697410 676
1697420 676
1697430 676
1697440 676
1697450 676
1697460 676
1697470 678
1697480 685
1697490 685
1697500 691
1697510 696
1697520 696
1697530 700
1697540 703
1697550 703
1697560 705
1697570 707
1697580 707
1697590 709
1697600 710
1697610 710
1697620 712
1697630 714
1697640 714
1697650 716
1697660 718
1697670 718
1697680 720
1697690 722
1697700 722
1697710 724
1697720 727
1697730 727
1697740 729
1697750 731
1697760 731
1697770 734
1697780 736
1697790 736
1697800 738
1697810 740
1697820 743
1697830 743
1697840 745
1697850 748
1697860 748
1697870 751
1697880 753
1697890 753
1697900 757
1697910 760
1697920 760
1697930 764
1697940 767
1697950 767
1697960 770
1697970 774
1697980 774
1697990 778
1698000 780
1698010 780
1698020 783
1698030 785
1698040 785
1698050 789
1698060 792
1698070 792
1698080 796
1698090 800
1698100 800
1698110 803
1698120 807
1698130 807
1698140 811
1698150 814
1698160 814
1698170 818
1698180 822
1698190 825
1698200 825
1698210 829
1698220 832
1698230 832
1698240 833
1698250 835
1698260 835
1698270 837
1698280 840
1698290 840
1698300 842
1698310 844
1698320 844
1698330 846
1698340 849
1698350 849
1698360 851
1698370 853
1698380 853
1698390 855
1698400 856
1698410 856
1698420 857
1698430 859
1698440 859
1698450 861
1698460 862
1698470 862
1698480 864
1698490 865
1698500 865
1698510 866
1698520 869
1698530 871
1698540 871
1698550 872
1698560 873
1698570 873
1698580 874
1698590 875
1698600 875
1698610 876
1698620 877
1698630 877
1698640 877
1698650 874
1698660 874
1698670 869
1698680 864
1698690 864
1698700 859
1698710 855
1698720 855
1698730 851
1698740 847
1698750 847
1698760 843
1698770 839
1698780 839
1698790 836
1698800 832
1698810 832
1698820 827
1698830 820
1698840 820
1698850 813
1698860 807
1698870 807
1698880 806
1698890 804
1698900 802
1698910 802
1698920 800
1698930 797
1698940 797
1698950 795
1698960 796
1698970 796
1698980 794
1698990 790
1699000 790
1699010 787
1699020 784
1699030 784
1699040 781
1699050 776
1699060 776
1699070 770
1699080 764
1699090 764
1699100 760
1699110 756
1699120 756
1699130 752
1699140 749
1699150 749
1699160 749
1699170 750
1699180 750
1699190 751
1699200 752
1699210 752
1699220 753
1699230 754
1699240 754
1699250 754
1699260 754
1699270 754
1699280 754
1699290 755
1699300 755
1699310 755
1699320 756
1699330 757
1699340 757
1699350 758
1699360 759
1699370 759
1699380 758
1699390 756
1699400 756
1699410 754
1699420 751
1699430 751
1699440 749
1699450 747
1699460 747
1699470 745
1699480 743
1699490 743
1699500 741
1699510 739
1699520 739
1699530 737
1699540 735
1699550 735
1699560 733
1699570 730
1699580 730
1699590 728
1699600 725
1699610 723
1699620 723
1699630 721
1699640 720
1699650 720
1699660 717
1699670 718
1699680 718
1699690 715
1699700 712
1699710 712
1699720 709
1699730 707
1699740 707
1699750 705
1699760 703
1699770 703
1699780 702
1699790 701
1699800 701
1699810 700
1699820 698
1699830 698
1699840 696
1699850 695
1699860 695
1699870 694
1699880 693
1699890 693
1699900 691
1699910 690
1699920 690
1699930 688
1699940 686
1699950 683
1699960 683
1699970 679
1699980 678
1699990 678
