1680000 1022
1680010 1019
1680020 1016
1680030 1016
1680040 1015
1680050 1013
1680060 1010
1680070 1010
1680080 1007
1680090 1004
1680100 1004
1680110 1001
1680120 998
1680130 998
1680140 996
1680150 993
1680160 993
1680170 990
1680180 987
1680190 987
1680200 985
1680210 981
1680220 981
1680230 978
1680240 975
1680250 975
1680260 970
1680270 965
1680280 965
1680290 963
1680300 961
1680310 961
1680320 958
1680330 956
1680340 956
1680350 951
1680360 948
1680370 948
1680380 944
1680390 941
1680400 941
1680410 937
1680420 935
1680430 932
1680440 932
1680450 928
1680460 925
1680470 925
1680480 920
1680490 919
1680500 919
1680510 918
1680520 919
1680530 919
1680540 922
1680550 927
1680560 927
1680570 932
1680580 936
1680590 936
1680600 937
1680610 936
1680620 936
1680630 934
1680640 932
1680650 932
1680660 932
1680670 931
1680680 931
1680690 932
1680700 933
1680710 933
1680720 933
1680730 931
1680740 931
1680750 931
1680760 932
1680770 932
1680780 935
1680790 940
1680800 943
1680810 943
1680820 945
1680830 946
1680840 946
1680850 947
1680860 948
1680870 948
1680880 950
1680890 951
1680900 951
1680910 953
1680920 954
1680930 954
1680940 955
1680950 955
1680960 955
1680970 956
1680980 957
1680990 957
1681000 958
1681010 959
1681020 959
1681030 959
1681040 960
1681050 960
1681060 961
1681070 962
1681080 962
1681090 962
1681100 963
1681110 963
1681120 964
1681130 964
1681140 964
1681150 964
1681160 965
1681170 966
1681180 966
1681190 966
1681200 967
1681210 967
1681220 967
1681230 968
1681240 968
1681250 969
1681260 969
1681270 969
1681280 969
1681290 970
1681300 970
1681310 970
1681320 971
1681330 971
1681340 971
1681350 973
1681360 973
1681370 974
1681380 975
1681390 975
1681400 975
1681410 975
1681420 975
1681430 976
1681440 977
1681450 977
1681460 980
1681470 982
1681480 982
1681490 983
1681500 984
1681510 985
1681520 985
1681530 986
1681540 987
1681550 987
1681560 988
1681570 989
1681580 989
1681590 991
1681600 992
1681610 992
1681620 993
1681630 995
1681640 995
1681650 997
1681660 999
1681670 999
1681680 1001
1681690 1002
1681700 1002
1681710 1003
1681720 1005
1681730 1005
1681740 1010
1681750 1015
1681760 1015
1681770 1017
1681780 1021
1681790 1021
1681800 1024
1681810 1027
1681820 1027
1681830 1030
1681840 1032
1681850 1032
1681860 1035
1681870 1038
1681880 1042
1681890 1042
1681900 1044
1681910 1046
1681920 1046
1681930 1048
1681940 1050
1681950 1050
1681960 1051
1681970 1053
1681980 1053
1681990 1055
1682000 1057
1682010 1057
1682020 1059
1682030 1058
1682040 1058
1682050 1057
1682060 1057
1682070 1057
1682080 1059
1682090 1060
1682100 1060
1682110 1061
1682120 1062
1682130 1062
1682140 1064
1682150 1066
1682160 1066
1682170 1066
1682180 1066
1682190 1066
1682200 1066
1682210 1066
1682220 1067
1682230 1067
1682240 1068
1682250 1069
1682260 1069
1682270 1069
1682280 1069
1682290 1069
1682300 1067
1682310 1065
1682320 1065
1682330 1063
1682340 1059
1682350 1059
1682360 1062
1682370 1065
1682380 1065
1682390 1070
1682400 1076
1682410 1076
1682420 1081
1682430 1088
1682440 1088
1682450 1093
1682460 1092
1682470 1092
1682480 1092
1682490 1103
1682500 1103
1682510 1103
1682520 1110
1682530 1110
1682540 1118
1682550 1122
1682560 1122
1682570 1129
1682580 1142
1682590 1153
1682600 1153
1682610 1164
1682620 1166
1682630 1166
1682640 1169
1682650 1177
1682660 1173
1682670 1183
1682680 1183
1682690 1183
1682700 1190
1682710 1190
1682720 1190
1682730 1195
1682740 1198
1682750 1198
1682760 1205
1682770 1211
1682780 1211
1682790 1220
1682800 1222
1682810 1222
1682820 1227
1682830 1235
1682840 1235
1682850 1242
1682860 1246
1682870 1246
1682880 1247
1682890 1248
1682900 1248
1682910 1248
1682920 1247
1682930 1247
1682940 1246
1682950 1246
1682960 1246
1682970 1246
1682980 1245
1682990 1245
1683000 1245
1683010 1245
1683020 1244
1683030 1244
1683040 1244
1683050 1244
1683060 1244
1683070 1244
1683080 1245
1683090 1245
1683100 1244
1683110 1244
1683120 1244
1683130 1243
1683140 1243
1683150 1243
1683160 1242
1683170 1241
1683180 1241
1683190 1241
1683200 1241
1683210 1241
1683220 1240
1683230 1239
1683240 1239
1683250 1238
1683260 1235
1683270 1235
1683280 1235
1683290 1238
1683300 1239
1683310 1239
1683320 1236
1683330 1238
1683340 1238
1683350 1240
1683360 1245
1683370 1245
1683380 1250
1683390 1254
1683400 1254
1683410 1257
1683420 1260
1683430 1260
1683440 1264
1683450 1266
1683460 1266
1683470 1269
1683480 1271
1683490 1271
1683500 1273
1683510 1276
1683520 1276
1683530 1281
1683540 1286
1683550 1286
1683560 1290
1683570 1294
1683580 1294
1683590 1297
1683600 1300
1683610 1300
1683620 1303
1683630 1306
1683640 1306
1683650 1309
1683660 1313
1683670 1316
1683680 1316
1683690 1319
1683700 1323
1683710 1323
1683720 1325
1683730 1327
1683740 1327
1683750 1331
1683760 1335
1683770 1335
1683780 1336
1683790 1338
1683800 1338
1683810 1342
1683820 1344
1683830 1344
1683840 1344
1683850 1343
1683860 1343
1683870 1342
1683880 1338
1683890 1338
1683900 1335
1683910 1331
1683920 1331
1683930 1327
1683940 1323
1683950 1323
1683960 1320
1683970 1316
1683980 1316
1683990 1313
1684000 1312
1684010 1312
1684020 1311
1684030 1310
1684040 1311
1684050 1311
1684060 1312
1684070 1313
1684080 1313
1684090 1315
1684100 1317
1684110 1317
1684120 1319
1684130 1319
1684140 1319
1684150 1320
1684160 1321
1684170 1321
1684180 1320
1684190 1314
1684200 1314
1684210 1312
1684220 1309
1684230 1309
1684240 1309
1684250 1312
1684260 1312
1684270 1311
1684280 1312
1684290 1312
1684300 1311
1684310 1310
1684320 1310
1684330 1311
1684340 1312
1684350 1312
1684360 1316
1684370 1322
1684380 1329
1684390 1329
1684400 1333
1684410 1328
1684420 1328
1684430 1327
1684440 1323
1684450 1323
1684460 1321
1684470 1319
1684480 1319
1684490 1317
1684500 1310
1684510 1310
1684520 1305
1684530 1300
1684540 1300
1684550 1295
1684560 1288
1684570 1288
1684580 1283
1684590 1280
1684600 1280
1684610 1278
1684620 1281
1684630 1281
1684640 1285
1684650 1288
1684660 1288
1684670 1290
1684680 1291
1684690 1291
1684700 1290
1684710 1290
1684720 1290
1684730 1289
1684740 1289
1684750 1288
1684760 1288
1684770 1288
1684780 1287
1684790 1287
1684800 1286
1684810 1286
1684820 1286
1684830 1285
1684840 1285
1684850 1285
1684860 1284
1684870 1284
1684880 1284
1684890 1285
1684900 1285
1684910 1285
1684920 1286
1684930 1286
1684940 1286
1684950 1287
1684960 1287
1684970 1287
1684980 1286
1684990 1286
1685000 1286
1685010 1285
1685020 1285
1685030 1285
1685040 1283
1685050 1282
1685060 1282
1685070 1286
1685080 1289
1685090 1293
1685100 1293
1685110 1296
1685120 1298
1685130 1298
1685140 1301
1685150 1303
1685160 1303
1685170 1305
1685180 1307
1685190 1307
1685200 1309
1685210 1311
1685220 1311
1685230 1312
1685240 1312
1685250 1312
1685260 1312
1685270 1312
1685280 1312
1685290 1311
1685300 1309
1685310 1309
1685320 1306
1685330 1301
1685340 1301
1685350 1297
1685360 1296
1685370 1296
1685380 1298
1685390 1300
1685400 1300
1685410 1300
1685420 1299
1685430 1299
1685440 1297
1685450 1294
1685460 1291
1685470 1291
1685480 1288
1685490 1284
1685500 1284
1685510 1280
1685520 1276
1685530 1276
1685540 1272
1685550 1273
1685560 1273
1685570 1275
1685580 1276
1685590 1276
1685600 1277
1685610 1279
1685620 1279
1685630 1280
1685640 1282
1685650 1282
1685660 1281
1685670 1280
1685680 1280
1685690 1275
1685700 1273
1685710 1273
1685720 1268
1685730 1263
1685740 1263
1685750 1259
1685760 1254
1685770 1254
1685780 1249
1685790 1243
1685800 1243
1685810 1237
1685820 1231
1685830 1226
1685840 1226
1685850 1223
1685860 1224
1685870 1224
1685880 1222
1685890 1221
1685900 1221
1685910 1220
1685920 1218
1685930 1218
1685940 1215
1685950 1209
1685960 1209
1685970 1204
1685980 1199
1685990 1199
1686000 1193
1686010 1187
1686020 1187
1686030 1180
1686040 1173
1686050 1173
1686060 1168
1686070 1168
1686080 1168
1686090 1156
1686100 1150
1686110 1150
1686120 1144
1686130 1138
1686140 1138
1686150 1132
1686160 1126
1686170 1121
1686180 1121
1686190 1115
1686200 1109
1686210 1109
1686220 1102
1686230 1095
1686240 1095
1686250 1089
1686260 1083
1686270 1083
1686280 1076
1686290 1075
1686300 1075
1686310 1068
1686320 1062
1686330 1062
1686340 1057
1686350 1054
1686360 1054
1686370 1049
1686380 1046
1686390 1046
1686400 1042
1686410 1039
1686420 1039
1686430 1036
1686440 1033
1686450 1033
1686460 1029
1686470 1026
1686480 1026
1686490 1022
1686500 1018
1686510 1018
1686520 1014
1686530 1011
1686540 1008
1686550 1008
1686560 1005
1686570 1002
1686580 1002
1686590 999
1686600 996
1686610 996
1686620 992
1686630 987
1686640 987
1686650 984
1686660 981
1686670 981
1686680 979
1686690 977
1686700 977
1686710 975
1686720 973
1686730 973
1686740 971
1686750 968
1686760 968
1686770 963
1686780 959
1686790 959
1686800 955
1686810 950
1686820 950
1686830 945
1686840 940
1686850 940
1686860 934
1686870 931
1686880 931
1686890 925
1686900 921
1686910 916
1686920 916
1686930 912
1686940 907
1686950 907
1686960 904
1686970 900
1686980 900
1686990 896
1687000 891
1687010 891
1687020 888
1687030 885
1687040 885
1687050 882
1687060 879
1687070 879
1687080 876
1687090 872
1687100 872
1687110 868
1687120 865
1687130 865
1687140 860
1687150 856
1687160 856
1687170 852
1687180 847
1687190 847
1687200 842
1687210 835
1687220 835
1687230 831
1687240 825
1687250 819
1687260 819
1687270 815
1687280 812
1687290 812
1687300 810
1687310 807
1687320 807
1687330 805
1687340 803
1687350 803
1687360 801
1687370 799
1687380 799
1687390 797
1687400 795
1687410 795
1687420 793
1687430 791
1687440 791
1687450 788
1687460 786
1687470 786
1687480 784
1687490 782
1687500 782
1687510 780
1687520 777
1687530 777
1687540 775
1687550 773
1687560 773
1687570 771
1687580 770
1687590 770
1687600 768
1687610 767
1687620 765
1687630 765
1687640 763
1687650 762
1687660 762
1687670 760
1687680 758
1687690 758
1687700 757
1687710 757
1687720 757
1687730 757
1687740 757
1687750 757
1687760 757
1687770 757
1687780 757
1687790 756
1687800 756
1687810 756
1687820 756
1687830 756
1687840 756
1687850 755
1687860 755
1687870 755
1687880 755
1687890 752
1687900 752
1687910 753
1687920 748
1687930 748
1687940 743
1687950 743
1687960 743
1687970 743
1687980 743
1687990 744
1688000 744
1688010 744
1688020 744
1688030 744
1688040 743
1688050 744
1688060 744
1688070 744
1688080 743
1688090 743
1688100 744
1688110 745
1688120 745
1688130 748
1688140 750
1688150 750
1688160 755
1688170 759
1688180 759
1688190 762
1688200 765
1688210 765
1688220 768
1688230 771
1688240 771
1688250 774
1688260 777
1688270 777
1688280 778
1688290 781
1688300 781
1688310 783
1688320 784
1688330 785
1688340 785
1688350 786
1688360 787
1688370 787
1688380 789
1688390 792
1688400 792
1688410 795
1688420 798
1688430 798
1688440 801
1688450 804
1688460 804
1688470 807
1688480 811
1688490 811
1688500 814
1688510 817
1688520 817
1688530 820
1688540 824
1688550 824
1688560 827
1688570 829
1688580 829
1688590 832
1688600 835
1688610 835
1688620 838
1688630 841
1688640 841
1688650 842
1688660 842
1688670 842
1688680 839
1688690 838
1688700 837
1688710 837
1688720 837
1688730 836
1688740 836
1688750 836
1688760 835
1688770 835
1688780 836
1688790 836
1688800 836
1688810 839
1688820 839
1688830 839
1688840 842
1688850 843
1688860 843
1688870 846
1688880 847
1688890 847
1688900 850
1688910 853
1688920 853
1688930 856
1688940 859
1688950 859
1688960 862
1688970 865
1688980 865
1688990 868
1689000 869
1689010 869
1689020 873
1689030 879
1689040 884
1689050 884
1689060 888
1689070 893
1689080 893
1689090 898
1689100 903
1689110 903
1689120 908
1689130 912
1689140 912
1689150 917
1689160 922
1689170 922
1689180 927
1689190 931
1689200 931
1689210 937
1689220 942
1689230 942
1689240 947
1689250 952
1689260 952
1689270 956
1689280 960
1689290 960
1689300 964
1689310 966
1689320 966
1689330 968
1689340 970
1689350 970
1689360 969
1689370 966
1689380 966
1689390 966
1689400 965
1689410 962
1689420 962
1689430 960
1689440 961
1689450 961
1689460 963
1689470 964
1689480 964
1689490 964
1689500 967
1689510 967
1689520 970
1689530 972
1689540 972
1689550 973
1689560 974
1689570 974
1689580 975
1689590 975
1689600 975
1689610 972
1689620 971
1689630 971
1689640 978
1689650 985
1689660 985
1689670 989
1689680 993
1689690 993
1689700 996
1689710 999
1689720 999
1689730 1002
1689740 1004
1689750 1004
1689760 1007
1689770 1010
1689780 1013
1689790 1013
1689800 1016
1689810 1019
1689820 1019
1689830 1023
1689840 1028
1689850 1028
1689860 1034
1689870 1040
1689880 1040
1689890 1045
1689900 1050
1689910 1050
1689920 1055
1689930 1059
1689940 1059
1689950 1062
1689960 1064
1689970 1064
1689980 1066
1689990 1067
1690000 1067
1690010 1069
1690020 1072
1690030 1072
1690040 1075
1690050 1078
1690060 1078
1690070 1080
1690080 1083
1690090 1083
1690100 1086
1690110 1088
1690120 1091
1690130 1091
1690140 1092
1690150 1093
1690160 1093
1690170 1095
1690180 1098
1690190 1098
1690200 1102
1690210 1107
1690220 1107
1690230 1107
1690240 1107
1690250 1107
1690260 1112
1690270 1114
1690280 1114
1690290 1116
1690300 1119
1690310 1119
1690320 1127
1690330 1130
1690340 1130
1690350 1134
1690360 1137
1690370 1137
1690380 1140
1690390 1143
1690400 1143
1690410 1146
1690420 1148
1690430 1148
1690440 1149
1690450 1149
1690460 1149
1690470 1150
1690480 1150
1690490 1149
1690500 1149
1690510 1148
1690520 1148
1690530 1148
1690540 1148
1690550 1151
1690560 1151
1690570 1155
1690580 1160
1690590 1160
1690600 1164
1690610 1168
1690620 1168
1690630 1171
1690640 1174
1690650 1174
1690660 1176
1690670 1178
1690680 1178
1690690 1178
1690700 1175
1690710 1175
1690720 1170
1690730 1166
1690740 1166
1690750 1161
1690760 1158
1690770 1158
1690780 1155
1690790 1153
1690800 1153
1690810 1149
1690820 1146
1690830 1146
1690840 1147
1690850 1152
1690860 1156
1690870 1156
1690880 1160
1690890 1164
1690900 1164
1690910 1168
1690920 1171
1690930 1171
1690940 1173
1690950 1176
1690960 1176
1690970 1178
1690980 1180
1690990 1180
1691000 1181
1691010 1183
1691020 1183
1691030 1184
1691040 1186
1691050 1186
1691060 1187
1691070 1189
1691080 1189
1691090 1190
1691100 1191
1691110 1191
1691120 1193
1691130 1195
1691140 1195
1691150 1197
1691160 1199
1691170 1199
1691180 1200
1691190 1201
1691200 1202
1691210 1202
1691220 1202
1691230 1202
1691240 1202
1691250 1201
1691260 1200
1691270 1200
1691280 1198
1691290 1196
1691300 1196
1691310 1194
1691320 1192
1691330 1192
1691340 1189
1691350 1186
1691360 1186
1691370 1182
1691380 1179
1691390 1179
1691400 1175
1691410 1170
1691420 1170
1691430 1166
1691440 1162
1691450 1162
1691460 1158
1691470 1153
1691480 1153
1691490 1148
1691500 1143
1691510 1143
1691520 1138
1691530 1131
1691540 1131
1691550 1128
1691560 1123
1691570 1119
1691580 1119
1691590 1115
1691600 1110
1691610 1110
1691620 1105
1691630 1101
1691640 1101
1691650 1098
1691660 1094
1691670 1094
1691680 1090
1691690 1086
1691700 1086
1691710 1083
1691720 1079
1691730 1079
1691740 1078
1691750 1077
1691760 1077
1691770 1076
1691780 1076
1691790 1076
1691800 1072
1691810 1067
1691820 1067
1691830 1066
1691840 1066
1691850 1066
1691860 1067
1691870 1068
1691880 1068
1691890 1070
1691900 1072
1691910 1072
1691920 1073
1691930 1074
1691940 1076
1691950 1076
1691960 1078
1691970 1080
1691980 1080
1691990 1082
1692000 1084
1692010 1084
1692020 1086
1692030 1088
1692040 1088
1692050 1089
1692060 1091
1692070 1091
1692080 1093
1692090 1096
1692100 1096
1692110 1099
1692120 1102
1692130 1102
1692140 1104
1692150 1106
1692160 1106
1692170 1107
1692180 1107
1692190 1107
1692200 1108
1692210 1109
1692220 1109
1692230 1110
1692240 1112
1692250 1112
1692260 1112
1692270 1112
1692280 1112
1692290 1112
1692300 1112
1692310 1112
1692320 1112
1692330 1112
1692340 1111
1692350 1111
1692360 1110
1692370 1110
1692380 1110
1692390 1112
1692400 1112
1692410 1112
1692420 1113
1692430 1113
1692440 1113
1692450 1111
1692460 1110
1692470 1110
1692480 1108
1692490 1105
1692500 1105
1692510 1103
1692520 1101
1692530 1101
1692540 1098
1692550 1095
1692560 1095
1692570 1092
1692580 1088
1692590 1088
1692600 1086
1692610 1082
1692620 1082
1692630 1079
1692640 1076
1692650 1073
1692660 1073
1692670 1069
1692680 1068
1692690 1068
1692700 1067
1692710 1064
1692720 1064
1692730 1061
1692740 1058
1692750 1058
1692760 1054
1692770 1047
1692780 1047
1692790 1045
1692800 1040
1692810 1040
1692820 1038
1692830 1038
1692840 1038
1692850 1035
1692860 1031
1692870 1031
1692880 1029
1692890 1027
1692900 1027
1692910 1025
1692920 1024
1692930 1024
1692940 1023
1692950 1025
1692960 1025
1692970 1028
1692980 1029
1692990 1029
1693000 1029
1693010 1028
1693020 1027
1693030 1027
1693040 1026
1693050 1025
1693060 1025
1693070 1025
1693080 1023
1693090 1023
1693100 1023
1693110 1022
1693120 1022
1693130 1020
1693140 1017
1693150 1017
1693160 1013
1693170 1010
1693180 1010
1693190 1007
1693200 1004
1693210 1004
1693220 1000
1693230 997
1693240 997
1693250 994
1693260 992
1693270 992
1693280 989
1693290 986
1693300 986
1693310 983
1693320 979
1693330 979
1693340 975
1693350 971
1693360 967
1693370 967
1693380 962
1693390 957
1693400 957
1693410 954
1693420 947
1693430 947
1693440 941
1693450 935
1693460 935
1693470 930
1693480 926
1693490 926
1693500 921
1693510 915
1693520 915
1693530 909
1693540 904
1693550 904
1693560 899
1693570 893
1693580 893
1693590 888
1693600 883
1693610 883
1693620 879
1693630 875
1693640 875
1693650 870
1693660 866
1693670 866
1693680 862
1693690 858
1693700 858
1693710 855
1693720 848
1693730 841
1693740 841
1693750 835
1693760 830
1693770 830
1693780 826
1693790 820
1693800 820
1693810 815
1693820 808
1693830 808
1693840 802
1693850 795
1693860 795
1693870 789
1693880 784
1693890 784
1693900 778
1693910 773
1693920 773
1693930 768
1693940 762
1693950 762
1693960 756
1693970 752
1693980 752
1693990 747
1694000 742
1694010 742
1694020 733
1694030 726
1694040 726
1694050 717
1694060 709
1694070 707
1694080 707
1694090 706
1694100 706
1694110 706
1694120 706
1694130 705
1694140 705
1694150 704
1694160 705
1694170 705
1694180 706
1694190 705
1694200 705
1694210 705
1694220 705
1694230 705
1694240 707
1694250 714
1694260 714
1694270 720
1694280 727
1694290 727
1694300 733
1694310 736
1694320 736
1694330 745
1694340 750
1694350 750
1694360 755
1694370 759
1694380 759
1694390 766
1694400 770
1694410 770
1694420 772
1694430 773
1694440 780
1694450 780
1694460 785
1694470 789
1694480 789
1694490 793
1694500 798
1694510 798
1694520 802
1694530 806
1694540 806
1694550 811
1694560 812
1694570 812
1694580 818
1694590 822
1694600 822
1694610 826
1694620 831
1694630 831
1694640 834
1694650 839
1694660 839
1694670 844
1694680 849
1694690 849
1694700 856
1694710 861
1694720 861
1694730 861
1694740 866
1694750 866
1694760 872
1694770 878
1694780 878
1694790 884
1694800 889
1694810 894
1694820 894
1694830 899
1694840 904
1694850 904
1694860 909
1694870 912
1694880 912
1694890 916
1694900 920
1694910 920
1694920 924
1694930 927
1694940 927
1694950 930
1694960 933
1694970 933
1694980 935
1694990 937
1695000 937
1695010 939
1695020 939
1695030 939
1695040 936
1695050 934
1695060 934
1695070 930
1695080 925
1695090 925
1695100 920
1695110 915
1695120 915
1695130 910
1695140 905
1695150 901
1695160 901
1695170 897
1695180 893
1695190 893
1695200 888
1695210 884
1695220 884
1695230 881
1695240 881
1695250 881
1695260 884
1695270 889
1695280 889
1695290 893
1695300 898
1695310 898
1695320 904
1695330 909
1695340 909
1695350 914
1695360 920
1695370 920
1695380 925
1695390 929
1695400 929
1695410 933
1695420 938
1695430 938
1695440 946
1695450 948
1695460 948
1695470 953
1695480 953
1695490 953
1695500 954
1695510 954
1695520 953
1695530 953
1695540 952
1695550 951
1695560 951
1695570 949
1695580 947
1695590 947
1695600 945
1695610 942
1695620 942
1695630 939
1695640 938
1695650 938
1695660 935
1695670 929
1695680 929
1695690 925
1695700 921
1695710 921
1695720 916
1695730 910
1695740 910
1695750 904
1695760 898
1695770 898
1695780 892
1695790 888
1695800 888
1695810 883
1695820 881
1695830 881
1695840 876
1695850 871
1695860 871
1695870 867
1695880 863
1695890 859
1695900 859
1695910 856
1695920 852
1695930 852
1695940 849
1695950 847
1695960 847
1695970 844
1695980 840
1695990 840
1696000 837
1696010 833
1696020 833
1696030 830
1696040 823
1696050 823
1696060 819
1696070 818
1696080 818
1696090 818
1696100 817
1696110 817
1696120 815
1696130 812
1696140 812
1696150 810
1696160 809
1696170 809
1696180 807
1696190 803
1696200 803
1696210 802
1696220 800
1696230 798
1696240 798
1696250 796
1696260 794
1696270 794
1696280 792
1696290 789
1696300 789
1696310 786
1696320 785
1696330 785
1696340 783
1696350 783
1696360 783
1696370 783
1696380 783
1696390 783
1696400 783
1696410 781
1696420 781
1696430 781
1696440 785
1696450 785
1696460 788
1696470 790
1696480 790
1696490 792
1696500 793
1696510 793
1696520 794
1696530 793
1696540 793
1696550 793
1696560 794
1696570 794
1696580 794
1696590 794
1696600 793
1696610 793
1696620 792
1696630 791
1696640 791
1696650 790
1696660 788
1696670 788
1696680 787
1696690 786
1696700 786
1696710 786
1696720 786
1696730 786
1696740 787
1696750 787
1696760 787
1696770 786
1696780 786
1696790 786
1696800 786
1696810 786
1696820 786
1696830 787
1696840 787
1696850 787
1696860 786
1696870 785
1696880 785
1696890 784
1696900 783
1696910 783
1696920 782
1696930 781
1696940 778
1696950 778
1696960 776
1696970 775
1696980 775
1696990 774
1697000 774
1697010 774
1697020 773
1697030 772
1697040 772
1697050 771
1697060 771
1697070 771
1697080 770
1697090 769
1697100 769
1697110 768
1697120 767
1697130 767
1697140 767
1697150 767
1697160 767
1697170 765
1697180 762
1697190 762
1697200 763
1697210 762
1697220 762
1697230 760
1697240 759
1697250 759
1697260 759
1697270 759
1697280 759
1697290 759
1697300 757
1697310 757
1697320 757
1697330 756
1697340 756
1697350 756
1697360 755
1697370 755
1697380 755
1697390 754
1697400 754
1697410 754
1697420 754
1697430 753
1697440 753
1697450 752
1697460 752
1697470 752
1697480 751
1697490 750
1697500 750
1697510 749
1697520 749
1697530 749
1697540 748
1697550 747
1697560 747
1697570 747
1697580 746
1697590 746
1697600 747
1697610 748
1697620 748
1697630 748
1697640 750
1697650 750
1697660 746
1697670 741
1697680 739
1697690 739
1697700 737
1697710 735
1697720 735
1697730 735
1697740 736
1697750 736
1697760 734
1697770 733
1697780 733
1697790 731
1697800 731
1697810 731
1697820 731
1697830 732
1697840 732
1697850 732
1697860 732
1697870 732
1697880 730
1697890 729
1697900 729
1697910 729
1697920 728
1697930 728
1697940 728
1697950 728
1697960 728
1697970 727
1697980 727
1697990 727
1698000 727
1698010 727
1698020 726
1698030 726
1698040 726
1698050 725
1698060 725
1698070 725
1698080 725
1698090 725
1698100 725
1698110 725
1698120 725
1698130 725
1698140 725
1698150 725
1698160 725
1698170 725
1698180 725
1698190 725
1698200 725
1698210 725
1698220 725
1698230 725
1698240 725
1698250 725
1698260 726
1698270 726
1698280 725
1698290 725
1698300 725
1698310 725
1698320 725
1698330 725
1698340 725
1698350 725
1698360 725
1698370 725
1698380 726
1698390 726
1698400 726
1698410 726
1698420 726
1698430 726
1698440 726
1698450 726
1698460 726
1698470 725
1698480 725
1698490 725
1698500 726
1698510 726
1698520 726
1698530 726
1698540 727
1698550 727
1698560 726
1698570 726
1698580 726
1698590 726
1698600 724
1698610 724
1698620 727
1698630 728
1698640 728
1698650 730
1698660 732
1698670 732
1698680 735
1698690 737
1698700 737
1698710 739
1698720 740
1698730 740
1698740 742
1698750 744
1698760 747
1698770 747
1698780 748
1698790 749
1698800 749
1698810 750
1698820 753
1698830 753
1698840 755
1698850 758
1698860 758
1698870 762
1698880 764
1698890 764
1698900 762
1698910 764
1698920 764
1698930 765
1698940 766
1698950 766
1698960 769
1698970 768
1698980 768
1698990 769
1699000 769
1699010 769
1699020 772
1699030 772
1699040 772
1699050 772
1699060 773
1699070 773
1699080 773
1699090 773
1699100 773
1699110 773
1699120 773
1699130 773
1699140 773
1699150 773
1699160 773
1699170 773
1699180 773
1699190 774
1699200 774
1699210 775
1699220 774
1699230 774
1699240 773
1699250 771
1699260 771
1699270 770
1699280 769
1699290 769
1699300 768
1699310 767
1699320 767
1699330 766
1699340 767
1699350 767
1699360 767
1699370 767
1699380 767
1699390 768
1699400 768
1699410 768
1699420 768
1699430 768
1699440 768
1699450 768
1699460 768
1699470 768
1699480 768
1699490 768
1699500 768
1699510 768
1699520 768
1699530 768
1699540 768
1699550 769
1699560 769
1699570 769
1699580 769
1699590 769
1699600 769
1699610 769
1699620 769
1699630 769
1699640 768
1699650 768
1699660 768
1699670 768
1699680 767
1699690 767
1699700 767
1699710 767
1699720 767
1699730 766
1699740 765
1699750 765
1699760 764
1699770 763
1699780 763
1699790 762
1699800 762
1699810 762
1699820 762
1699830 763
1699840 763
1699850 763
1699860 763
1699870 764
1699880 764
1699890 765
1699900 768
1699910 768
1699920 768
1699930 768
1699940 768
1699950 768
1699960 768
1699970 768
1699980 768
1699990 768
