1680000 1499
1680010 1497
1680020 1494
1680030 1494
1680040 1488
1680050 1486
1680060 1486
1680070 1488
1680080 1489
1680090 1489
1680100 1483
1680110 1475
1680120 1475
1680130 1465
1680140 1458
1680150 1458
1680160 1449
1680170 1434
1680180 1434
1680190 1427
1680200 1421
1680210 1415
1680220 1415
1680230 1411
1680240 1404
1680250 1404
1680260 1397
1680270 1390
1680280 1390
1680290 1379
1680300 1370
1680310 1370
1680320 1361
1680330 1352
1680340 1352
1680350 1344
1680360 1338
1680370 1338
1680380 1327
1680390 1317
1680400 1317
1680410 1316
1680420 1310
1680430 1310
1680440 1309
1680450 1304
1680460 1304
1680470 1300
1680480 1296
1680490 1296
1680500 1289
1680510 1283
1680520 1283
1680530 1279
1680540 1279
1680550 1279
1680560 1279
1680570 1277
1680580 1276
1680590 1276
1680600 1284
1680610 1295
1680620 1295
1680630 1292
1680640 1296
1680650 1296
1680660 1307
1680670 1326
1680680 1326
1680690 1340
1680700 1345
1680710 1345
1680720 1356
1680730 1349
1680740 1349
1680750 1342
1680760 1337
1680770 1337
1680780 1332
1680790 1328
1680800 1328
1680810 1328
1680820 1324
1680830 1324
1680840 1318
1680850 1319
1680860 1319
1680870 1324
1680880 1333
1680890 1333
1680900 1334
1680910 1334
1680920 1334
1680930 1339
1680940 1346
1680950 1348
1680960 1348
1680970 1340
1680980 1332
1680990 1332
1681000 1323
1681010 1316
1681020 1316
1681030 1311
1681040 1304
1681050 1304
1681060 1298
1681070 1292
1681080 1292
1681090 1285
1681100 1280
1681110 1280
1681120 1275
1681130 1266
1681140 1266
1681150 1259
1681160 1253
1681170 1253
1681180 1248
1681190 1246
1681200 1246
1681210 1249
1681220 1251
1681230 1251
1681240 1251
1681250 1259
1681260 1259
1681270 1267
1681280 1274
1681290 1280
1681300 1280
1681310 1287
1681320 1290
1681330 1290
1681340 1291
1681350 1293
1681360 1293
1681370 1298
1681380 1300
1681390 1300
1681400 1304
1681410 1312
1681420 1312
1681430 1318
1681440 1319
1681450 1319
1681460 1326
1681470 1323
1681480 1323
1681490 1319
1681500 1314
1681510 1314
1681520 1310
1681530 1304
1681540 1304
1681550 1298
1681560 1289
1681570 1289
1681580 1279
1681590 1268
1681600 1268
1681610 1261
1681620 1257
1681630 1257
1681640 1259
1681650 1257
1681660 1253
1681670 1253
1681680 1248
1681690 1253
1681700 1253
1681710 1255
1681720 1257
1681730 1257
1681740 1256
1681750 1258
1681760 1258
1681770 1261
1681780 1265
1681790 1265
1681800 1269
1681810 1267
1681820 1267
1681830 1262
1681840 1254
1681850 1254
1681860 1248
1681870 1243
1681880 1243
1681890 1238
1681900 1232
1681910 1232
1681920 1225
1681930 1215
1681940 1215
1681950 1205
1681960 1197
1681970 1197
1681980 1196
1681990 1200
1682000 1200
1682010 1204
1682020 1208
1682030 1212
1682040 1212
1682050 1222
1682060 1223
1682070 1223
1682080 1230
1682090 1236
1682100 1236
1682110 1242
1682120 1248
1682130 1248
1682140 1251
1682150 1251
1682160 1251
1682170 1253
1682180 1256
1682190 1256
1682200 1258
1682210 1262
1682220 1262
1682230 1267
1682240 1271
1682250 1271
1682260 1277
1682270 1282
1682280 1282
1682290 1287
1682300 1292
1682310 1292
1682320 1297
1682330 1301
1682340 1301
1682350 1307
1682360 1314
1682370 1314
1682380 1320
1682390 1326
1682400 1330
1682410 1330
1682420 1332
1682430 1333
1682440 1333
1682450 1335
1682460 1336
1682470 1336
1682480 1338
1682490 1341
1682500 1341
1682510 1343
1682520 1344
1682530 1344
1682540 1344
1682550 1343
1682560 1343
1682570 1342
1682580 1340
1682590 1340
1682600 1339
1682610 1337
1682620 1337
1682630 1336
1682640 1333
1682650 1333
1682660 1332
1682670 1335
1682680 1335
1682690 1338
1682700 1341
1682710 1341
1682720 1347
1682730 1350
1682740 1350
1682750 1356
1682760 1360
1682770 1363
1682780 1363
1682790 1367
1682800 1371
1682810 1371
1682820 1375
1682830 1379
1682840 1379
1682850 1383
1682860 1387
1682870 1387
1682880 1392
1682890 1396
1682900 1396
1682910 1400
1682920 1404
1682930 1404
1682940 1407
1682950 1411
1682960 1411
1682970 1415
1682980 1420
1682990 1420
1683000 1424
1683010 1424
1683020 1424
1683030 1426
1683040 1432
1683050 1432
1683060 1437
1683070 1430
1683080 1430
1683090 1419
1683100 1409
1683110 1398
1683120 1398
1683130 1390
1683140 1382
1683150 1382
1683160 1376
1683170 1370
1683180 1370
1683190 1365
1683200 1360
1683210 1360
1683220 1355
1683230 1349
1683240 1349
1683250 1342
1683260 1335
1683270 1335
1683280 1328
1683290 1325
1683300 1325
1683310 1318
1683320 1312
1683330 1312
1683340 1306
1683350 1300
1683360 1300
1683370 1293
1683380 1289
1683390 1289
1683400 1283
1683410 1277
1683420 1277
1683430 1271
1683440 1266
1683450 1266
1683460 1260
1683470 1256
1683480 1251
1683490 1251
1683500 1248
1683510 1242
1683520 1242
1683530 1235
1683540 1230
1683550 1230
1683560 1226
1683570 1222
1683580 1222
1683590 1218
1683600 1217
1683610 1217
1683620 1215
1683630 1212
1683640 1212
1683650 1210
1683660 1209
1683670 1209
1683680 1209
1683690 1208
1683700 1208
1683710 1205
1683720 1201
1683730 1201
1683740 1197
1683750 1190
1683760 1190
1683770 1185
1683780 1179
1683790 1179
1683800 1173
1683810 1167
1683820 1167
1683830 1162
1683840 1157
1683850 1151
1683860 1151
1683870 1147
1683880 1145
1683890 1145
1683900 1141
1683910 1135
1683920 1135
1683930 1131
1683940 1128
1683950 1128
1683960 1123
1683970 1118
1683980 1118
1683990 1109
1684000 1105
1684010 1105
1684020 1103
1684030 1098
1684040 1098
1684050 1101
1684060 1103
1684070 1103
1684080 1104
1684090 1102
1684100 1102
1684110 1100
1684120 1097
1684130 1097
1684140 1092
1684150 1089
1684160 1089
1684170 1083
1684180 1077
1684190 1077
1684200 1073
1684210 1069
1684220 1065
1684230 1065
1684240 1059
1684250 1053
1684260 1053
1684270 1057
1684280 1064
1684290 1064
1684300 1072
1684310 1073
1684320 1073
1684330 1073
1684340 1075
1684350 1075
1684360 1082
1684370 1088
1684380 1088
1684390 1094
1684400 1099
1684410 1099
1684420 1104
1684430 1109
1684440 1109
1684450 1110
1684460 1107
1684470 1107
1684480 1108
1684490 1107
1684500 1107
1684510 1107
1684520 1107
1684530 1107
1684540 1105
1684550 1103
1684560 1103
1684570 1100
1684580 1096
1684590 1095
1684600 1095
1684610 1088
1684620 1082
1684630 1082
1684640 1078
1684650 1072
1684660 1072
1684670 1063
1684680 1055
1684690 1055
1684700 1048
1684710 1044
1684720 1044
1684730 1040
1684740 1039
1684750 1039
1684760 1041
1684770 1043
1684780 1043
1684790 1045
1684800 1041
1684810 1041
1684820 1034
1684830 1026
1684840 1026
1684850 1019
1684860 1012
1684870 1012
1684880 1006
1684890 1001
1684900 1001
1684910 997
1684920 992
1684930 989
1684940 989
1684950 986
1684960 975
1684970 975
1684980 970
1684990 969
1685000 969
1685010 967
1685020 964
1685030 964
1685040 962
1685050 960
1685060 960
1685070 957
1685080 953
1685090 953
1685100 949
1685110 943
1685120 943
1685130 939
1685140 932
1685150 932
1685160 926
1685170 917
1685180 917
1685190 903
1685200 890
1685210 890
1685220 885
1685230 884
1685240 884
1685250 886
1685260 887
1685270 887
1685280 895
1685290 893
1685300 895
1685310 895
1685320 894
1685330 894
1685340 894
1685350 894
1685360 894
1685370 894
1685380 892
1685390 891
1685400 891
1685410 889
1685420 888
1685430 888
1685440 885
1685450 883
1685460 883
1685470 881
1685480 879
1685490 879
1685500 878
1685510 876
1685520 876
1685530 874
1685540 871
1685550 871
1685560 869
1685570 866
1685580 866
1685590 864
1685600 858
1685610 858
1685620 858
1685630 859
1685640 859
1685650 858
1685660 857
1685670 856
1685680 856
1685690 855
1685700 855
1685710 855
1685720 854
1685730 853
1685740 853
1685750 851
1685760 848
1685770 848
1685780 847
1685790 847
1685800 847
1685810 846
1685820 844
1685830 844
1685840 843
1685850 841
1685860 841
1685870 840
1685880 839
1685890 839
1685900 836
1685910 835
1685920 835
1685930 833
1685940 830
1685950 830
1685960 826
1685970 824
1685980 824
1685990 822
1686000 819
1686010 819
1686020 816
1686030 814
1686040 812
1686050 812
1686060 811
1686070 810
1686080 810
1686090 809
1686100 809
1686110 809
1686120 809
1686130 810
1686140 810
1686150 810
1686160 810
1686170 810
1686180 810
1686190 810
1686200 810
1686210 810
1686220 811
1686230 811
1686240 811
1686250 812
1686260 812
1686270 813
1686280 813
1686290 813
1686300 813
1686310 813
1686320 813
1686330 812
1686340 810
1686350 810
1686360 808
1686370 807
1686380 807
1686390 806
1686400 805
1686410 804
1686420 804
1686430 802
1686440 799
1686450 799
1686460 795
1686470 790
1686480 790
1686490 788
1686500 787
1686510 787
1686520 786
1686530 785
1686540 785
1686550 784
1686560 783
1686570 783
1686580 783
1686590 782
1686600 782
1686610 781
1686620 781
1686630 781
1686640 781
1686650 780
1686660 780
1686670 780
1686680 779
1686690 779
1686700 779
1686710 778
1686720 778
1686730 778
1686740 777
1686750 776
1686760 776
1686770 776
1686780 775
1686790 775
1686800 775
1686810 774
1686820 774
1686830 774
1686840 773
1686850 773
1686860 773
1686870 773
1686880 773
1686890 772
1686900 772
1686910 772
1686920 771
1686930 771
1686940 771
1686950 771
1686960 770
1686970 770
1686980 770
1686990 770
1687000 770
1687010 769
1687020 769
1687030 769
1687040 769
1687050 769
1687060 769
1687070 770
1687080 772
1687090 772
1687100 770
1687110 769
1687120 769
1687130 769
1687140 768
1687150 767
1687160 767
1687170 767
1687180 767
1687190 767
1687200 769
1687210 773
1687220 773
1687230 777
1687240 782
1687250 782
1687260 786
1687270 790
1687280 790
1687290 794
1687300 799
1687310 799
1687320 803
1687330 807
1687340 807
1687350 811
1687360 815
1687370 815
1687380 819
1687390 822
1687400 822
1687410 825
1687420 827
1687430 827
1687440 826
1687450 821
1687460 821
1687470 817
1687480 815
1687490 816
1687500 816
1687510 817
1687520 819
1687530 819
1687540 820
1687550 822
1687560 822
1687570 823
1687580 825
1687590 825
1687600 826
1687610 828
1687620 828
1687630 830
1687640 834
1687650 834
1687660 837
1687670 841
1687680 841
1687690 844
1687700 847
1687710 847
1687720 850
1687730 853
1687740 853
1687750 854
1687760 856
1687770 856
1687780 857
1687790 858
1687800 858
1687810 859
1687820 861
1687830 861
1687840 863
1687850 865
1687860 867
1687870 867
1687880 870
1687890 871
1687900 871
1687910 874
1687920 875
1687930 875
1687940 879
1687950 884
1687960 884
1687970 889
1687980 893
1687990 893
1688000 898
1688010 903
1688020 903
1688030 906
1688040 913
1688050 913
1688060 919
1688070 923
1688080 923
1688090 929
1688100 936
1688110 936
1688120 944
1688130 946
1688140 946
1688150 951
1688160 956
1688170 956
1688180 960
1688190 965
1688200 965
1688210 970
1688220 975
1688230 980
1688240 980
1688250 984
1688260 987
1688270 987
1688280 990
1688290 994
1688300 994
1688310 997
1688320 1001
1688330 1001
1688340 1003
1688350 1007
1688360 1007
1688370 1011
1688380 1015
1688390 1015
1688400 1018
1688410 1021
1688420 1021
1688430 1024
1688440 1027
1688450 1027
1688460 1030
1688470 1034
1688480 1034
1688490 1037
1688500 1040
1688510 1040
1688520 1044
1688530 1047
1688540 1047
1688550 1052
1688560 1057
1688570 1062
1688580 1062
1688590 1067
1688600 1073
1688610 1073
1688620 1079
1688630 1085
1688640 1085
1688650 1090
1688660 1097
1688670 1097
1688680 1104
1688690 1111
1688700 1111
1688710 1118
1688720 1126
1688730 1126
1688740 1133
1688750 1142
1688760 1142
1688770 1148
1688780 1151
1688790 1151
1688800 1156
1688810 1161
1688820 1161
1688830 1167
1688840 1172
1688850 1172
1688860 1178
1688870 1181
1688880 1181
1688890 1186
1688900 1188
1688910 1188
1688920 1189
1688930 1192
1688940 1196
1688950 1196
1688960 1195
1688970 1197
1688980 1197
1688990 1197
1689000 1200
1689010 1200
1689020 1209
1689030 1211
1689040 1211
1689050 1214
1689060 1216
1689070 1216
1689080 1219
1689090 1222
1689100 1222
1689110 1227
1689120 1234
1689130 1234
1689140 1240
1689150 1246
1689160 1246
1689170 1253
1689180 1260
1689190 1260
1689200 1266
1689210 1272
1689220 1272
1689230 1277
1689240 1283
1689250 1283
1689260 1289
1689270 1295
1689280 1295
1689290 1301
1689300 1307
1689310 1313
1689320 1313
1689330 1319
1689340 1325
1689350 1325
1689360 1331
1689370 1337
1689380 1337
1689390 1342
1689400 1346
1689410 1346
1689420 1350
1689430 1353
1689440 1353
1689450 1355
1689460 1357
1689470 1357
1689480 1358
1689490 1358
1689500 1358
1689510 1358
1689520 1357
1689530 1357
1689540 1356
1689550 1353
1689560 1353
1689570 1350
1689580 1347
1689590 1347
1689600 1343
1689610 1339
1689620 1339
1689630 1335
1689640 1330
1689650 1330
1689660 1324
1689670 1318
1689680 1311
1689690 1311
1689700 1305
1689710 1299
1689720 1299
1689730 1295
1689740 1292
1689750 1292
1689760 1291
1689770 1290
1689780 1290
1689790 1286
1689800 1282
1689810 1282
1689820 1278
1689830 1273
1689840 1273
1689850 1269
1689860 1269
1689870 1269
1689880 1273
1689890 1278
1689900 1278
1689910 1283
1689920 1289
1689930 1289
1689940 1294
1689950 1299
1689960 1299
1689970 1304
1689980 1309
1689990 1309
1690000 1311
1690010 1317
1690020 1317
1690030 1320
1690040 1322
1690050 1324
1690060 1324
1690070 1325
1690080 1325
1690090 1325
1690100 1326
1690110 1326
1690120 1326
1690130 1326
1690140 1327
1690150 1327
1690160 1328
1690170 1329
1690180 1329
1690190 1330
1690200 1331
1690210 1331
1690220 1333
1690230 1333
1690240 1333
1690250 1331
1690260 1329
1690270 1329
1690280 1321
1690290 1316
1690300 1316
1690310 1311
1690320 1307
1690330 1307
1690340 1303
1690350 1304
1690360 1304
1690370 1306
1690380 1308
1690390 1310
1690400 1310
1690410 1312
1690420 1313
1690430 1313
1690440 1314
1690450 1314
1690460 1314
1690470 1312
1690480 1309
1690490 1309
1690500 1307
1690510 1305
1690520 1305
1690530 1299
1690540 1291
1690550 1291
1690560 1285
1690570 1283
1690580 1283
1690590 1288
1690600 1295
1690610 1295
1690620 1301
1690630 1307
1690640 1307
1690650 1312
1690660 1315
1690670 1315
1690680 1320
1690690 1324
1690700 1324
1690710 1327
1690720 1333
1690730 1333
1690740 1337
1690750 1342
1690760 1348
1690770 1348
1690780 1353
1690790 1358
1690800 1358
1690810 1363
1690820 1366
1690830 1366
1690840 1369
1690850 1371
1690860 1371
1690870 1372
1690880 1373
1690890 1373
1690900 1374
1690910 1374
1690920 1374
1690930 1377
1690940 1381
1690950 1381
1690960 1387
1690970 1392
1690980 1392
1690990 1397
1691000 1401
1691010 1401
1691020 1405
1691030 1408
1691040 1408
1691050 1408
1691060 1408
1691070 1408
1691080 1408
1691090 1405
1691100 1405
1691110 1403
1691120 1404
1691130 1405
1691140 1405
1691150 1407
1691160 1409
1691170 1409
1691180 1412
1691190 1414
1691200 1414
1691210 1414
1691220 1414
1691230 1414
1691240 1411
1691250 1405
1691260 1405
1691270 1398
1691280 1390
1691290 1390
1691300 1384
1691310 1378
1691320 1378
1691330 1372
1691340 1366
1691350 1366
1691360 1362
1691370 1357
1691380 1357
1691390 1352
1691400 1350
1691410 1350
1691420 1350
1691430 1346
1691440 1346
1691450 1338
1691460 1331
1691470 1331
1691480 1325
1691490 1318
1691500 1313
1691510 1313
1691520 1308
1691530 1304
1691540 1304
1691550 1297
1691560 1292
1691570 1292
1691580 1286
1691590 1280
1691600 1280
1691610 1273
1691620 1266
1691630 1266
1691640 1259
1691650 1252
1691660 1252
1691670 1247
1691680 1240
1691690 1240
1691700 1232
1691710 1224
1691720 1224
1691730 1217
1691740 1210
1691750 1210
1691760 1200
1691770 1189
1691780 1189
1691790 1180
1691800 1173
1691810 1173
1691820 1167
1691830 1161
1691840 1161
1691850 1156
1691860 1152
1691870 1147
1691880 1147
1691890 1142
1691900 1138
1691910 1138
1691920 1134
1691930 1130
1691940 1130
1691950 1126
1691960 1120
1691970 1120
1691980 1118
1691990 1113
1692000 1113
1692010 1108
1692020 1104
1692030 1104
1692040 1100
1692050 1095
1692060 1095
1692070 1088
1692080 1082
1692090 1082
1692100 1076
1692110 1069
1692120 1069
1692130 1063
1692140 1057
1692150 1057
1692160 1051
1692170 1045
1692180 1045
1692190 1039
1692200 1033
1692210 1024
1692220 1024
1692230 1024
1692240 1022
1692250 1022
1692260 1015
1692270 1009
1692280 1009
1692290 1004
1692300 998
1692310 998
1692320 992
1692330 987
1692340 987
1692350 982
1692360 978
1692370 978
1692380 973
1692390 968
1692400 968
1692410 963
1692420 958
1692430 958
1692440 953
1692450 947
1692460 947
1692470 943
1692480 937
1692490 937
1692500 931
1692510 926
1692520 926
1692530 920
1692540 915
1692550 915
1692560 910
1692570 904
1692580 900
1692590 900
1692600 896
1692610 893
1692620 893
1692630 889
1692640 886
1692650 886
1692660 882
1692670 879
1692680 879
1692690 876
1692700 873
1692710 873
1692720 869
1692730 867
1692740 867
1692750 864
1692760 862
1692770 862
1692780 859
1692790 857
1692800 857
1692810 855
1692820 854
1692830 854
1692840 852
1692850 851
1692860 851
1692870 850
1692880 849
1692890 849
1692900 848
1692910 846
1692920 846
1692930 843
1692940 840
1692950 836
1692960 836
1692970 832
1692980 827
1692990 827
1693000 822
1693010 817
1693020 817
1693030 811
1693040 805
1693050 805
1693060 798
1693070 792
1693080 792
1693090 787
1693100 780
1693110 780
1693120 773
1693130 766
1693140 766
1693150 759
1693160 756
1693170 756
1693180 749
1693190 742
1693200 742
1693210 737
1693220 736
1693230 736
1693240 736
1693250 736
1693260 736
1693270 735
1693280 735
1693290 735
1693300 735
1693310 733
1693320 732
1693330 732
1693340 733
1693350 734
1693360 734
1693370 734
1693380 734
1693390 734
1693400 737
1693410 745
1693420 745
1693430 752
1693440 760
1693450 760
1693460 767
1693470 775
1693480 775
1693490 781
1693500 788
1693510 788
1693520 794
1693530 801
1693540 801
1693550 808
1693560 813
1693570 813
1693580 817
1693590 821
1693600 821
1693610 825
1693620 829
1693630 829
1693640 831
1693650 833
1693660 833
1693670 834
1693680 832
1693690 828
1693700 828
1693710 823
1693720 818
1693730 818
1693740 812
1693750 806
1693760 806
1693770 800
1693780 792
1693790 792
1693800 790
1693810 792
1693820 792
1693830 794
1693840 797
1693850 797
1693860 798
1693870 800
1693880 800
1693890 803
1693900 809
1693910 809
1693920 816
1693930 822
1693940 822
1693950 830
1693960 837
1693970 837
1693980 844
1693990 850
1694000 850
1694010 857
1694020 864
1694030 871
1694040 871
1694050 878
1694060 886
1694070 886
1694080 892
1694090 900
1694100 900
1694110 905
1694120 912
1694130 912
1694140 917
1694150 922
1694160 922
1694170 927
1694180 932
1694190 932
1694200 937
1694210 943
1694220 943
1694230 948
1694240 954
1694250 954
1694260 960
1694270 966
1694280 966
1694290 971
1694300 976
1694310 976
1694320 981
1694330 986
1694340 986
1694350 989
1694360 989
1694370 989
1694380 992
1694390 997
1694400 1002
1694410 1002
1694420 1008
1694430 1012
1694440 1012
1694450 1015
1694460 1019
1694470 1019
1694480 1022
1694490 1026
1694500 1026
1694510 1028
1694520 1026
1694530 1026
1694540 1022
1694550 1017
1694560 1017
1694570 1013
1694580 1008
1694590 1008
1694600 1003
1694610 1000
1694620 1000
1694630 996
1694640 993
1694650 993
1694660 990
1694670 987
1694680 987
1694690 982
1694700 984
1694710 984
1694720 990
1694730 997
1694740 997
1694750 1000
1694760 1007
1694770 1013
1694780 1013
1694790 1018
1694800 1023
1694810 1023
1694820 1029
1694830 1036
1694840 1036
1694850 1042
1694860 1048
1694870 1048
1694880 1054
1694890 1060
1694900 1060
1694910 1066
1694920 1071
1694930 1071
1694940 1077
1694950 1082
1694960 1082
1694970 1089
1694980 1094
1694990 1094
1695000 1099
1695010 1105
1695020 1105
1695030 1111
1695040 1116
1695050 1116
1695060 1122
1695070 1129
1695080 1129
1695090 1132
1695100 1138
1695110 1138
1695120 1143
1695130 1147
1695140 1152
1695150 1152
1695160 1156
1695170 1159
1695180 1159
1695190 1163
1695200 1167
1695210 1167
1695220 1170
1695230 1173
1695240 1173
1695250 1176
1695260 1177
1695270 1177
1695280 1177
1695290 1175
1695300 1175
1695310 1171
1695320 1163
1695330 1163
1695340 1161
1695350 1154
1695360 1154
1695370 1147
1695380 1143
1695390 1143
1695400 1136
1695410 1129
1695420 1129
1695430 1123
1695440 1116
1695450 1116
1695460 1108
1695470 1101
1695480 1101
1695490 1094
1695500 1088
1695510 1080
1695520 1080
1695530 1073
1695540 1066
1695550 1066
1695560 1058
1695570 1056
1695580 1056
1695590 1046
1695600 1040
1695610 1040
1695620 1034
1695630 1028
1695640 1028
1695650 1022
1695660 1016
1695670 1016
1695680 1010
1695690 1004
1695700 1004
1695710 999
1695720 993
1695730 993
1695740 988
1695750 982
1695760 982
1695770 977
1695780 971
1695790 971
1695800 965
1695810 958
1695820 958
1695830 949
1695840 941
1695850 938
1695860 938
1695870 936
1695880 936
1695890 936
1695900 937
1695910 936
1695920 936
1695930 932
1695940 927
1695950 927
1695960 921
1695970 916
1695980 916
1695990 911
1696000 906
1696010 906
1696020 904
1696030 903
1696040 903
1696050 901
1696060 902
1696070 902
1696080 904
1696090 905
1696100 905
1696110 905
1696120 905
1696130 905
1696140 910
1696150 916
1696160 916
1696170 922
1696180 928
1696190 928
1696200 934
1696210 940
1696220 945
1696230 945
1696240 951
1696250 957
1696260 957
1696270 962
1696280 968
1696290 968
1696300 972
1696310 978
1696320 978
1696330 984
1696340 989
1696350 989
1696360 995
1696370 1001
1696380 1001
1696390 1009
1696400 1012
1696410 1012
1696420 1018
1696430 1025
1696440 1025
1696450 1032
1696460 1038
1696470 1038
1696480 1045
1696490 1051
1696500 1051
1696510 1058
1696520 1065
1696530 1065
1696540 1072
1696550 1079
1696560 1079
1696570 1086
1696580 1091
1696590 1097
1696600 1097
1696610 1103
1696620 1108
1696630 1108
1696640 1112
1696650 1116
1696660 1116
1696670 1122
1696680 1127
1696690 1127
1696700 1131
1696710 1135
1696720 1135
1696730 1139
1696740 1143
1696750 1143
1696760 1147
1696770 1149
1696780 1149
1696790 1150
1696800 1151
1696810 1151
1696820 1151
1696830 1151
1696840 1151
1696850 1148
1696860 1144
1696870 1144
1696880 1139
1696890 1134
1696900 1134
1696910 1128
1696920 1123
1696930 1123
1696940 1118
1696950 1113
1696960 1107
1696970 1107
1696980 1101
1696990 1095
1697000 1095
1697010 1089
1697020 1083
1697030 1083
1697040 1076
1697050 1070
1697060 1070
1697070 1063
1697080 1057
1697090 1057
1697100 1049
1697110 1042
1697120 1042
1697130 1035
1697140 1027
1697150 1027
1697160 1020
1697170 1013
1697180 1013
1697190 1005
1697200 998
1697210 998
1697220 991
1697230 985
1697240 985
1697250 978
1697260 972
1697270 972
1697280 965
1697290 959
1697300 959
1697310 953
1697320 947
1697330 941
1697340 941
1697350 934
1697360 928
1697370 928
1697380 922
1697390 915
1697400 915
1697410 909
1697420 904
1697430 904
1697440 898
1697450 893
1697460 893
1697470 888
1697480 883
1697490 883
1697500 878
1697510 873
1697520 873
1697530 869
1697540 864
1697550 864
1697560 859
1697570 851
1697580 851
1697590 849
1697600 841
1697610 841
1697620 835
1697630 833
1697640 833
1697650 833
1697660 833
1697670 835
1697680 835
1697690 839
1697700 845
1697710 845
1697720 850
1697730 857
1697740 857
1697750 865
1697760 869
1697770 869
1697780 873
1697790 876
1697800 876
1697810 880
1697820 883
1697830 883
1697840 886
1697850 890
1697860 890
1697870 893
1697880 896
1697890 896
1697900 899
1697910 903
1697920 903
1697930 907
1697940 910
1697950 910
1697960 915
1697970 920
1697980 920
1697990 925
1698000 932
1698010 932
1698020 936
1698030 943
1698040 948
1698050 948
1698060 952
1698070 957
1698080 957
1698090 962
1698100 966
1698110 966
1698120 971
1698130 975
1698140 975
1698150 981
1698160 985
1698170 985
1698180 988
1698190 990
1698200 990
1698210 990
1698220 988
1698230 988
1698240 985
1698250 981
1698260 981
1698270 978
1698280 974
1698290 974
1698300 971
1698310 968
1698320 968
1698330 963
1698340 959
1698350 959
1698360 954
1698370 948
1698380 948
1698390 943
1698400 937
1698410 929
1698420 929
1698430 926
1698440 918
1698450 918
1698460 910
1698470 905
1698480 905
1698490 897
1698500 891
1698510 891
1698520 886
1698530 882
1698540 882
1698550 877
1698560 873
1698570 873
1698580 870
1698590 863
1698600 863
1698610 856
1698620 854
1698630 854
1698640 851
1698650 848
1698660 848
1698670 843
1698680 840
1698690 840
1698700 836
1698710 833
1698720 833
1698730 830
1698740 827
1698750 827
1698760 825
1698770 824
1698780 821
1698790 821
1698800 816
1698810 809
1698820 809
1698830 802
1698840 795
1698850 795
1698860 788
1698870 779
1698880 779
1698890 771
1698900 765
1698910 765
1698920 763
1698930 762
1698940 762
1698950 760
1698960 762
1698970 762
1698980 762
1698990 763
1699000 763
1699010 765
1699020 773
1699030 773
1699040 780
1699050 787
1699060 787
1699070 793
1699080 800
1699090 800
1699100 807
1699110 813
1699120 813
1699130 820
1699140 827
1699150 833
1699160 833
1699170 840
1699180 847
1699190 847
1699200 854
1699210 860
1699220 860
1699230 867
1699240 872
1699250 872
1699260 878
1699270 881
1699280 881
1699290 885
1699300 888
1699310 888
1699320 891
1699330 894
1699340 894
1699350 897
1699360 900
1699370 900
1699380 904
1699390 910
1699400 910
1699410 916
1699420 920
1699430 920
1699440 926
1699450 929
1699460 929
1699470 932
1699480 934
1699490 936
1699500 936
1699510 939
1699520 942
1699530 942
1699540 946
1699550 950
1699560 950
1699570 953
1699580 957
1699590 957
1699600 961
1699610 964
1699620 964
1699630 967
1699640 970
1699650 970
1699660 973
1699670 976
1699680 976
1699690 979
1699700 981
1699710 981
1699720 983
1699730 985
1699740 985
1699750 988
1699760 990
1699770 990
1699780 992
1699790 993
1699800 993
1699810 995
1699820 997
1699830 997
1699840 998
1699850 999
1699860 998
1699870 998
1699880 998
1699890 996
1699900 996
1699910 996
1699920 994
1699930 994
1699940 991
1699950 988
1699960 988
1699970 983
1699980 978
1699990 978
