1680000 1051
1680010 1050
1680020 1050
1680030 1050
1680040 1049
1680050 1048
1680060 1048
1680070 1049
1680080 1049
1680090 1049
1680100 1049
1680110 1048
1680120 1048
1680130 1047
1680140 1047
1680150 1047
1680160 1047
1680170 1046
1680180 1046
1680190 1046
1680200 1046
1680210 1046
1680220 1046
1680230 1045
1680240 1045
1680250 1044
1680260 1043
1680270 1043
1680280 1042
1680290 1041
1680300 1041
1680310 1039
1680320 1040
1680330 1040
1680340 1040
1680350 1041
1680360 1041
1680370 1040
1680380 1041
1680390 1041
1680400 1041
1680410 1042
1680420 1041
1680430 1041
1680440 1039
1680450 1037
1680460 1037
1680470 1035
1680480 1032
1680490 1032
1680500 1030
1680510 1031
1680520 1031
1680530 1032
1680540 1033
1680550 1033
1680560 1033
1680570 1029
1680580 1029
1680590 1033
1680600 1040
1680610 1040
1680620 1047
1680630 1052
1680640 1052
1680650 1059
1680660 1066
1680670 1066
1680680 1072
1680690 1077
1680700 1077
1680710 1083
1680720 1089
1680730 1089
1680740 1094
1680750 1099
1680760 1099
1680770 1105
1680780 1110
1680790 1116
1680800 1116
1680810 1122
1680820 1129
1680830 1129
1680840 1135
1680850 1141
1680860 1141
1680870 1149
1680880 1156
1680890 1156
1680900 1164
1680910 1177
1680920 1177
1680930 1190
1680940 1193
1680950 1193
1680960 1200
1680970 1209
1680980 1209
1680990 1232
1681000 1241
1681010 1241
1681020 1243
1681030 1243
1681040 1243
1681050 1244
1681060 1245
1681070 1245
1681080 1246
1681090 1248
1681100 1248
1681110 1249
1681120 1250
1681130 1250
1681140 1250
1681150 1251
1681160 1251
1681170 1251
1681180 1250
1681190 1251
1681200 1251
1681210 1253
1681220 1255
1681230 1255
1681240 1258
1681250 1255
1681260 1255
1681270 1260
1681280 1265
1681290 1265
1681300 1269
1681310 1274
1681320 1274
1681330 1279
1681340 1285
1681350 1285
1681360 1293
1681370 1298
1681380 1298
1681390 1302
1681400 1307
1681410 1307
1681420 1313
1681430 1320
1681440 1320
1681450 1325
1681460 1330
1681470 1330
1681480 1339
1681490 1345
1681500 1345
1681510 1353
1681520 1362
1681530 1368
1681540 1368
1681550 1372
1681560 1377
1681570 1377
1681580 1382
1681590 1387
1681600 1387
1681610 1391
1681620 1395
1681630 1395
1681640 1401
1681650 1406
1681660 1406
1681670 1411
1681680 1417
1681690 1417
1681700 1423
1681710 1430
1681720 1430
1681730 1434
1681740 1436
1681750 1436
1681760 1438
1681770 1438
1681780 1438
1681790 1434
1681800 1431
1681810 1431
1681820 1430
1681830 1429
1681840 1429
1681850 1432
1681860 1434
1681870 1434
1681880 1438
1681890 1442
1681900 1447
1681910 1447
1681920 1452
1681930 1458
1681940 1458
1681950 1464
1681960 1457
1681970 1457
1681980 1449
1681990 1443
1682000 1443
1682010 1437
1682020 1432
1682030 1432
1682040 1426
1682050 1420
1682060 1420
1682070 1414
1682080 1409
1682090 1409
1682100 1403
1682110 1398
1682120 1398
1682130 1393
1682140 1388
1682150 1388
1682160 1383
1682170 1378
1682180 1378
1682190 1373
1682200 1368
1682210 1368
1682220 1362
1682230 1357
1682240 1357
1682250 1353
1682260 1348
1682270 1343
1682280 1343
1682290 1340
1682300 1336
1682310 1336
1682320 1332
1682330 1326
1682340 1326
1682350 1319
1682360 1313
1682370 1313
1682380 1306
1682390 1299
1682400 1299
1682410 1294
1682420 1293
1682430 1293
1682440 1285
1682450 1278
1682460 1278
1682470 1269
1682480 1272
1682490 1272
1682500 1251
1682510 1237
1682520 1237
1682530 1229
1682540 1222
1682550 1222
1682560 1214
1682570 1206
1682580 1206
1682590 1201
1682600 1195
1682610 1195
1682620 1174
1682630 1163
1682640 1150
1682650 1150
1682660 1135
1682670 1123
1682680 1123
1682690 1114
1682700 1114
1682710 1114
1682720 1115
1682730 1113
1682740 1113
1682750 1114
1682760 1115
1682770 1115
1682780 1129
1682790 1149
1682800 1149
1682810 1163
1682820 1134
1682830 1134
1682840 1147
1682850 1166
1682860 1166
1682870 1189
1682880 1189
1682890 1189
1682900 1204
1682910 1217
1682920 1217
1682930 1225
1682940 1225
1682950 1225
1682960 1225
1682970 1237
1682980 1237
1682990 1240
1683000 1240
1683010 1240
1683020 1180
1683030 1158
1683040 1154
1683050 1154
1683060 1135
1683070 1131
1683080 1131
1683090 1125
1683100 1128
1683110 1128
1683120 1134
1683130 1145
1683140 1145
1683150 1168
1683160 1198
1683170 1198
1683180 1190
1683190 1182
1683200 1182
1683210 1179
1683220 1177
1683230 1177
1683240 1178
1683250 1180
1683260 1180
1683270 1184
1683280 1186
1683290 1186
1683300 1186
1683310 1188
1683320 1188
1683330 1178
1683340 1162
1683350 1162
1683360 1156
1683370 1153
1683380 1153
1683390 1156
1683400 1159
1683410 1162
1683420 1162
1683430 1155
1683440 1143
1683450 1143
1683460 1139
1683470 1153
1683480 1153
1683490 1167
1683500 1170
1683510 1170
1683520 1179
1683530 1175
1683540 1175
1683550 1182
1683560 1170
1683570 1170
1683580 1166
1683590 1158
1683600 1158
1683610 1145
1683620 1116
1683630 1116
1683640 1080
1683650 1073
1683660 1073
1683670 1067
1683680 1062
1683690 1062
1683700 1056
1683710 1050
1683720 1050
1683730 1042
1683740 1042
1683750 1042
1683760 1038
1683770 1034
1683780 1034
1683790 1034
1683800 1034
1683810 1033
1683820 1033
1683830 1033
1683840 1033
1683850 1033
1683860 1033
1683870 1031
1683880 1031
1683890 1027
1683900 1022
1683910 1022
1683920 1018
1683930 1015
1683940 1015
1683950 1010
1683960 1020
1683970 1020
1683980 1008
1683990 1001
1684000 1001
1684010 1000
1684020 996
1684030 996
1684040 1001
1684050 1005
1684060 1005
1684070 1007
1684080 1002
1684090 1002
1684100 994
1684110 986
1684120 986
1684130 977
1684140 982
1684150 988
1684160 988
1684170 997
1684180 1006
1684190 1006
1684200 1013
1684210 1019
1684220 1019
1684230 1023
1684240 1021
1684250 1021
1684260 1020
1684270 1035
1684280 1035
1684290 1036
1684300 1026
1684310 1026
1684320 1018
1684330 1005
1684340 1005
1684350 1003
1684360 999
1684370 999
1684380 997
1684390 998
1684400 998
1684410 999
1684420 999
1684430 999
1684440 1002
1684450 995
1684460 995
1684470 987
1684480 980
1684490 980
1684500 973
1684510 965
1684520 957
1684530 957
1684540 950
1684550 948
1684560 948
1684570 947
1684580 946
1684590 946
1684600 948
1684610 952
1684620 952
1684630 955
1684640 959
1684650 959
1684660 970
1684670 975
1684680 975
1684690 973
1684700 972
1684710 972
1684720 967
1684730 955
1684740 955
1684750 951
1684760 952
1684770 952
1684780 960
1684790 975
1684800 975
1684810 975
1684820 977
1684830 977
1684840 979
1684850 988
1684860 988
1684870 983
1684880 976
1684890 969
1684900 969
1684910 962
1684920 960
1684930 960
1684940 961
1684950 958
1684960 958
1684970 954
1684980 950
1684990 950
1685000 947
1685010 948
1685020 948
1685030 950
1685040 959
1685050 959
1685060 976
1685070 976
1685080 976
1685090 975
1685100 971
1685110 971
1685120 961
1685130 949
1685140 949
1685150 942
1685160 938
1685170 938
1685180 935
1685190 933
1685200 933
1685210 935
1685220 937
1685230 937
1685240 965
1685250 977
1685260 985
1685270 985
1685280 998
1685290 1009
1685300 1009
1685310 1024
1685320 1023
1685330 1023
1685340 1015
1685350 1009
1685360 1009
1685370 1004
1685380 1000
1685390 1000
1685400 993
1685410 985
1685420 985
1685430 977
1685440 970
1685450 970
1685460 961
1685470 952
1685480 952
1685490 947
1685500 940
1685510 940
1685520 927
1685530 921
1685540 921
1685550 907
1685560 892
1685570 892
1685580 879
1685590 866
1685600 866
1685610 849
1685620 848
1685630 848
1685640 848
1685650 848
1685660 848
1685670 848
1685680 847
1685690 848
1685700 848
1685710 848
1685720 848
1685730 848
1685740 848
1685750 848
1685760 848
1685770 848
1685780 848
1685790 848
1685800 848
1685810 847
1685820 847
1685830 848
1685840 849
1685850 849
1685860 849
1685870 849
1685880 849
1685890 849
1685900 849
1685910 849
1685920 849
1685930 847
1685940 847
1685950 846
1685960 843
1685970 843
1685980 843
1685990 842
1686000 843
1686010 843
1686020 844
1686030 844
1686040 844
1686050 844
1686060 843
1686070 843
1686080 845
1686090 845
1686100 845
1686110 844
1686120 844
1686130 844
1686140 845
1686150 846
1686160 846
1686170 849
1686180 860
1686190 860
1686200 873
1686210 888
1686220 888
1686230 894
1686240 900
1686250 900
1686260 908
1686270 911
1686280 911
1686290 917
1686300 923
1686310 923
1686320 931
1686330 938
1686340 938
1686350 945
1686360 950
1686370 956
1686380 956
1686390 962
1686400 969
1686410 969
1686420 977
1686430 986
1686440 986
1686450 997
1686460 1003
1686470 1003
1686480 1009
1686490 1015
1686500 1015
1686510 1020
1686520 1025
1686530 1025
1686540 1025
1686550 1022
1686560 1022
1686570 1023
1686580 1026
1686590 1026
1686600 1026
1686610 1027
1686620 1027
1686630 1031
1686640 1033
1686650 1033
1686660 1035
1686670 1034
1686680 1034
1686690 1039
1686700 1047
1686710 1047
1686720 1049
1686730 1053
1686740 1061
1686750 1061
1686760 1068
1686770 1075
1686780 1075
1686790 1082
1686800 1088
1686810 1088
1686820 1095
1686830 1103
1686840 1103
1686850 1108
1686860 1114
1686870 1114
1686880 1120
1686890 1126
1686900 1126
1686910 1133
1686920 1139
1686930 1139
1686940 1145
1686950 1151
1686960 1151
1686970 1157
1686980 1162
1686990 1162
1687000 1168
1687010 1174
1687020 1174
1687030 1181
1687040 1188
1687050 1188
1687060 1194
1687070 1199
1687080 1199
1687090 1204
1687100 1209
1687110 1214
1687120 1214
1687130 1220
1687140 1225
1687150 1225
1687160 1230
1687170 1234
1687180 1234
1687190 1238
1687200 1241
1687210 1241
1687220 1244
1687230 1246
1687240 1246
1687250 1249
1687260 1251
1687270 1251
1687280 1251
1687290 1249
1687300 1250
1687310 1248
1687320 1246
1687330 1246
1687340 1243
1687350 1240
1687360 1240
1687370 1238
1687380 1234
1687390 1234
1687400 1231
1687410 1226
1687420 1226
1687430 1222
1687440 1217
1687450 1217
1687460 1213
1687470 1209
1687480 1204
1687490 1204
1687500 1200
1687510 1196
1687520 1196
1687530 1193
1687540 1190
1687550 1190
1687560 1184
1687570 1179
1687580 1179
1687590 1171
1687600 1164
1687610 1164
1687620 1161
1687630 1157
1687640 1157
1687650 1153
1687660 1146
1687670 1146
1687680 1143
1687690 1146
1687700 1146
1687710 1148
1687720 1152
1687730 1152
1687740 1156
1687750 1163
1687760 1163
1687770 1164
1687780 1156
1687790 1156
1687800 1149
1687810 1143
1687820 1143
1687830 1136
1687840 1129
1687850 1123
1687860 1123
1687870 1122
1687880 1130
1687890 1130
1687900 1135
1687910 1140
1687920 1140
1687930 1146
1687940 1152
1687950 1152
1687960 1156
1687970 1160
1687980 1160
1687990 1163
1688000 1166
1688010 1166
1688020 1171
1688030 1174
1688040 1174
1688050 1176
1688060 1178
1688070 1178
1688080 1178
1688090 1176
1688100 1176
1688110 1174
1688120 1168
1688130 1168
1688140 1162
1688150 1157
1688160 1157
1688170 1151
1688180 1145
1688190 1145
1688200 1139
1688210 1132
1688220 1126
1688230 1126
1688240 1119
1688250 1112
1688260 1112
1688270 1105
1688280 1098
1688290 1098
1688300 1092
1688310 1087
1688320 1087
1688330 1083
1688340 1079
1688350 1079
1688360 1075
1688370 1070
1688380 1070
1688390 1066
1688400 1061
1688410 1061
1688420 1055
1688430 1050
1688440 1050
1688450 1042
1688460 1033
1688470 1033
1688480 1032
1688490 1037
1688500 1037
1688510 1039
1688520 1044
1688530 1044
1688540 1050
1688550 1057
1688560 1057
1688570 1063
1688580 1064
1688590 1071
1688600 1071
1688610 1082
1688620 1088
1688630 1088
1688640 1094
1688650 1101
1688660 1101
1688670 1100
1688680 1097
1688690 1097
1688700 1092
1688710 1087
1688720 1087
1688730 1082
1688740 1077
1688750 1077
1688760 1071
1688770 1065
1688780 1065
1688790 1060
1688800 1054
1688810 1054
1688820 1047
1688830 1041
1688840 1041
1688850 1035
1688860 1028
1688870 1028
1688880 1021
1688890 1013
1688900 1013
1688910 1007
1688920 1003
1688930 1003
1688940 999
1688950 991
1688960 983
1688970 983
1688980 978
1688990 974
1689000 974
1689010 971
1689020 971
1689030 971
1689040 973
1689050 981
1689060 981
1689070 989
1689080 994
1689090 994
1689100 999
1689110 1004
1689120 1004
1689130 1009
1689140 1012
1689150 1012
1689160 1011
1689170 1009
1689180 1009
1689190 1004
1689200 1006
1689210 1006
1689220 1003
1689230 1001
1689240 1001
1689250 998
1689260 996
1689270 996
1689280 993
1689290 991
1689300 991
1689310 989
1689320 984
1689330 978
1689340 978
1689350 970
1689360 970
1689370 970
1689380 964
1689390 961
1689400 961
1689410 957
1689420 953
1689430 953
1689440 954
1689450 948
1689460 948
1689470 943
1689480 945
1689490 945
1689500 943
1689510 953
1689520 953
1689530 959
1689540 956
1689550 956
1689560 949
1689570 942
1689580 942
1689590 935
1689600 926
1689610 926
1689620 927
1689630 921
1689640 921
1689650 914
1689660 921
1689670 921
1689680 924
1689690 910
1689700 912
1689710 912
1689720 923
1689730 930
1689740 930
1689750 928
1689760 923
1689770 923
1689780 920
1689790 917
1689800 917
1689810 912
1689820 905
1689830 905
1689840 900
1689850 898
1689860 898
1689870 895
1689880 891
1689890 891
1689900 890
1689910 888
1689920 888
1689930 888
1689940 887
1689950 887
1689960 886
1689970 886
1689980 886
1689990 885
1690000 885
1690010 885
1690020 883
1690030 883
1690040 883
1690050 883
1690060 880
1690070 881
1690080 881
1690090 880
1690100 880
1690110 880
1690120 880
1690130 881
1690140 881
1690150 881
1690160 880
1690170 880
1690180 877
1690190 876
1690200 876
1690210 880
1690220 877
1690230 877
1690240 876
1690250 876
1690260 876
1690270 876
1690280 876
1690290 876
1690300 878
1690310 883
1690320 883
1690330 888
1690340 891
1690350 891
1690360 899
1690370 908
1690380 908
1690390 911
1690400 914
1690410 914
1690420 918
1690430 917
1690440 915
1690450 915
1690460 916
1690470 915
1690480 915
1690490 920
1690500 924
1690510 924
1690520 929
1690530 934
1690540 934
1690550 935
1690560 935
1690570 935
1690580 935
1690590 937
1690600 937
1690610 943
1690620 950
1690630 950
1690640 955
1690650 954
1690660 954
1690670 951
1690680 946
1690690 946
1690700 940
1690710 939
1690720 939
1690730 938
1690740 940
1690750 940
1690760 943
1690770 946
1690780 946
1690790 939
1690800 932
1690810 932
1690820 928
1690830 924
1690840 917
1690850 917
1690860 909
1690870 902
1690880 902
1690890 895
1690900 888
1690910 888
1690920 883
1690930 877
1690940 877
1690950 871
1690960 872
1690970 872
1690980 869
1690990 860
1691000 860
1691010 852
1691020 849
1691030 849
1691040 847
1691050 843
1691060 843
1691070 842
1691080 841
1691090 841
1691100 837
1691110 831
1691120 831
1691130 821
1691140 811
1691150 811
1691160 809
1691170 812
1691180 812
1691190 817
1691200 824
1691210 830
1691220 830
1691230 834
1691240 841
1691250 841
1691260 850
1691270 840
1691280 840
1691290 831
1691300 824
1691310 824
1691320 816
1691330 809
1691340 809
1691350 803
1691360 800
1691370 800
1691380 804
1691390 812
1691400 812
1691410 818
1691420 822
1691430 822
1691440 828
1691450 834
1691460 834
1691470 842
1691480 853
1691490 853
1691500 863
1691510 878
1691520 878
1691530 883
1691540 890
1691550 890
1691560 891
1691570 894
1691580 918
1691590 918
1691600 922
1691610 924
1691620 924
1691630 928
1691640 930
1691650 930
1691660 933
1691670 936
1691680 936
1691690 939
1691700 942
1691710 942
1691720 946
1691730 952
1691740 952
1691750 958
1691760 961
1691770 961
1691780 965
1691790 967
1691800 967
1691810 970
1691820 974
1691830 974
1691840 978
1691850 982
1691860 982
1691870 986
1691880 991
1691890 991
1691900 994
1691910 997
1691920 997
1691930 999
1691940 1001
1691950 1005
1691960 1005
1691970 1009
1691980 1013
1691990 1013
1692000 1016
1692010 1020
1692020 1020
1692030 1024
1692040 1029
1692050 1029
1692060 1031
1692070 1027
1692080 1027
1692090 1022
1692100 1020
1692110 1020
1692120 1017
1692130 1016
1692140 1016
1692150 1013
1692160 1011
1692170 1011
1692180 1007
1692190 1002
1692200 1002
1692210 999
1692220 996
1692230 996
1692240 997
1692250 997
1692260 997
1692270 1001
1692280 1006
1692290 1006
1692300 1010
1692310 1015
1692320 1019
1692330 1019
1692340 1023
1692350 1027
1692360 1027
1692370 1032
1692380 1037
1692390 1037
1692400 1042
1692410 1047
1692420 1047
1692430 1053
1692440 1059
1692450 1059
1692460 1064
1692470 1070
1692480 1070
1692490 1077
1692500 1081
1692510 1081
1692520 1088
1692530 1093
1692540 1093
1692550 1098
1692560 1103
1692570 1103
1692580 1107
1692590 1111
1692600 1111
1692610 1114
1692620 1116
1692630 1116
1692640 1120
1692650 1121
1692660 1121
1692670 1125
1692680 1128
1692690 1131
1692700 1131
1692710 1134
1692720 1136
1692730 1136
1692740 1137
1692750 1138
1692760 1138
1692770 1140
1692780 1142
1692790 1142
1692800 1145
1692810 1147
1692820 1147
1692830 1150
1692840 1153
1692850 1153
1692860 1156
1692870 1159
1692880 1159
1692890 1163
1692900 1167
1692910 1167
1692920 1172
1692930 1178
1692940 1178
1692950 1183
1692960 1188
1692970 1188
1692980 1194
1692990 1200
1693000 1200
1693010 1205
1693020 1211
1693030 1211
1693040 1217
1693050 1223
1693060 1229
1693070 1229
1693080 1234
1693090 1239
1693100 1239
1693110 1243
1693120 1245
1693130 1245
1693140 1247
1693150 1248
1693160 1248
1693170 1246
1693180 1245
1693190 1245
1693200 1244
1693210 1241
1693220 1241
1693230 1237
1693240 1233
1693250 1233
1693260 1229
1693270 1224
1693280 1224
1693290 1219
1693300 1214
1693310 1214
1693320 1210
1693330 1206
1693340 1206
1693350 1205
1693360 1204
1693370 1204
1693380 1202
1693390 1200
1693400 1200
1693410 1198
1693420 1195
1693430 1193
1693440 1193
1693450 1192
1693460 1192
1693470 1192
1693480 1192
1693490 1192
1693500 1192
1693510 1198
1693520 1198
1693530 1198
1693540 1199
1693550 1200
1693560 1200
1693570 1200
1693580 1200
1693590 1200
1693600 1199
1693610 1200
1693620 1200
1693630 1202
1693640 1205
1693650 1205
1693660 1205
1693670 1204
1693680 1204
1693690 1204
1693700 1209
1693710 1209
1693720 1212
1693730 1215
1693740 1215
1693750 1219
1693760 1224
1693770 1224
1693780 1229
1693790 1234
1693800 1239
1693810 1239
1693820 1244
1693830 1251
1693840 1251
1693850 1257
1693860 1263
1693870 1263
1693880 1270
1693890 1276
1693900 1276
1693910 1283
1693920 1288
1693930 1288
1693940 1296
1693950 1302
1693960 1302
1693970 1308
1693980 1314
1693990 1314
1694000 1320
1694010 1327
1694020 1327
1694030 1334
1694040 1341
1694050 1341
1694060 1348
1694070 1355
1694080 1355
1694090 1362
1694100 1368
1694110 1368
1694120 1377
1694130 1381
1694140 1381
1694150 1391
1694160 1399
1694170 1403
1694180 1403
1694190 1408
1694200 1413
1694210 1413
1694220 1412
1694230 1423
1694240 1423
1694250 1427
1694260 1424
1694270 1424
1694280 1422
1694290 1422
1694300 1422
1694310 1421
1694320 1418
1694330 1418
1694340 1419
1694350 1420
1694360 1420
1694370 1420
1694380 1420
1694390 1420
1694400 1422
1694410 1424
1694420 1424
1694430 1427
1694440 1428
1694450 1428
1694460 1430
1694470 1431
1694480 1431
1694490 1432
1694500 1433
1694510 1433
1694520 1434
1694530 1437
1694540 1443
1694550 1443
1694560 1446
1694570 1448
1694580 1448
1694590 1451
1694600 1456
1694610 1456
1694620 1460
1694630 1462
1694640 1462
1694650 1467
1694660 1471
1694670 1471
1694680 1476
1694690 1481
1694700 1481
1694710 1486
1694720 1490
1694730 1490
1694740 1495
1694750 1499
1694760 1499
1694770 1502
1694780 1503
1694790 1503
1694800 1504
1694810 1506
1694820 1506
1694830 1510
1694840 1514
1694850 1514
1694860 1516
1694870 1518
1694880 1518
1694890 1521
1694900 1524
1694910 1526
1694920 1526
1694930 1530
1694940 1533
1694950 1533
1694960 1535
1694970 1535
1694980 1535
1694990 1531
1695000 1535
1695010 1535
1695020 1543
1695030 1546
1695040 1546
1695050 1546
1695060 1546
1695070 1546
1695080 1545
1695090 1544
1695100 1544
1695110 1543
1695120 1542
1695130 1542
1695140 1542
1695150 1542
1695160 1542
1695170 1541
1695180 1540
1695190 1540
1695200 1538
1695210 1537
1695220 1537
1695230 1535
1695240 1534
1695250 1534
1695260 1533
1695270 1532
1695280 1531
1695290 1531
1695300 1530
1695310 1529
1695320 1529
1695330 1529
1695340 1529
1695350 1529
1695360 1530
1695370 1530
1695380 1530
1695390 1530
1695400 1530
1695410 1530
1695420 1530
1695430 1527
1695440 1527
1695450 1526
1695460 1524
1695470 1524
1695480 1522
1695490 1519
1695500 1519
1695510 1517
1695520 1514
1695530 1514
1695540 1509
1695550 1505
1695560 1505
1695570 1499
1695580 1493
1695590 1493
1695600 1488
1695610 1481
1695620 1481
1695630 1475
1695640 1469
1695650 1463
1695660 1463
1695670 1457
1695680 1451
1695690 1451
1695700 1445
1695710 1441
1695720 1441
1695730 1448
1695740 1455
1695750 1455
1695760 1459
1695770 1464
1695780 1464
1695790 1469
1695800 1475
1695810 1475
1695820 1480
1695830 1485
1695840 1485
1695850 1490
1695860 1496
1695870 1496
1695880 1501
1695890 1506
1695900 1506
1695910 1511
1695920 1517
1695930 1517
1695940 1523
1695950 1528
1695960 1528
1695970 1534
1695980 1540
1695990 1540
1696000 1545
1696010 1550
1696020 1557
1696030 1557
1696040 1559
1696050 1563
1696060 1563
1696070 1566
1696080 1568
1696090 1568
1696100 1569
1696110 1569
1696120 1569
1696130 1568
1696140 1566
1696150 1566
1696160 1564
1696170 1562
1696180 1562
1696190 1561
1696200 1562
1696210 1562
1696220 1563
1696230 1565
1696240 1565
1696250 1569
1696260 1573
1696270 1573
1696280 1576
1696290 1582
1696300 1582
1696310 1587
1696320 1592
1696330 1592
1696340 1598
1696350 1603
1696360 1603
1696370 1602
1696380 1598
1696390 1593
1696400 1593
1696410 1588
1696420 1583
1696430 1583
1696440 1577
1696450 1572
1696460 1572
1696470 1566
1696480 1560
1696490 1560
1696500 1554
1696510 1548
1696520 1548
1696530 1542
1696540 1536
1696550 1536
1696560 1530
1696570 1524
1696580 1524
1696590 1517
1696600 1512
1696610 1512
1696620 1506
1696630 1500
1696640 1500
1696650 1493
1696660 1489
1696670 1489
1696680 1484
1696690 1476
1696700 1476
1696710 1471
1696720 1465
1696730 1465
1696740 1460
1696750 1454
1696760 1448
1696770 1448
1696780 1443
1696790 1438
1696800 1438
1696810 1432
1696820 1426
1696830 1426
1696840 1420
1696850 1414
1696860 1414
1696870 1408
1696880 1400
1696890 1400
1696900 1396
1696910 1389
1696920 1389
1696930 1383
1696940 1376
1696950 1376
1696960 1371
1696970 1365
1696980 1365
1696990 1358
1697000 1352
1697010 1352
1697020 1346
1697030 1339
1697040 1339
1697050 1333
1697060 1327
1697070 1327
1697080 1322
1697090 1315
1697100 1315
1697110 1309
1697120 1303
1697130 1299
1697140 1299
1697150 1295
1697160 1291
1697170 1291
1697180 1286
1697190 1280
1697200 1280
1697210 1283
1697220 1290
1697230 1290
1697240 1294
1697250 1299
1697260 1299
1697270 1302
1697280 1308
1697290 1308
1697300 1313
1697310 1318
1697320 1318
1697330 1323
1697340 1328
1697350 1328
1697360 1334
1697370 1339
1697380 1339
1697390 1345
1697400 1350
1697410 1350
1697420 1356
1697430 1361
1697440 1361
1697450 1367
1697460 1373
1697470 1373
1697480 1378
1697490 1384
1697500 1387
1697510 1387
1697520 1394
1697530 1397
1697540 1397
1697550 1402
1697560 1403
1697570 1403
1697580 1397
1697590 1394
1697600 1394
1697610 1385
1697620 1378
1697630 1378
1697640 1371
1697650 1364
1697660 1364
1697670 1357
1697680 1350
1697690 1350
1697700 1342
1697710 1335
1697720 1335
1697730 1328
1697740 1321
1697750 1321
1697760 1314
1697770 1308
1697780 1308
1697790 1302
1697800 1297
1697810 1297
1697820 1293
1697830 1292
1697840 1292
1697850 1296
1697860 1302
1697870 1307
1697880 1307
1697890 1289
1697900 1281
1697910 1281
1697920 1275
1697930 1268
1697940 1268
1697950 1253
1697960 1243
1697970 1243
1697980 1230
1697990 1224
1698000 1224
1698010 1212
1698020 1205
1698030 1205
1698040 1196
1698050 1189
1698060 1189
1698070 1184
1698080 1180
1698090 1180
1698100 1175
1698110 1172
1698120 1172
1698130 1172
1698140 1165
1698150 1165
1698160 1157
1698170 1149
1698180 1149
1698190 1139
1698200 1127
1698210 1127
1698220 1118
1698230 1107
1698240 1099
1698250 1099
1698260 1090
1698270 1084
1698280 1084
1698290 1077
1698300 1078
1698310 1078
1698320 1079
1698330 1077
1698340 1077
1698350 1076
1698360 1071
1698370 1071
1698380 1069
1698390 1070
1698400 1078
1698410 1080
1698420 1081
1698430 1081
1698440 1081
1698450 1073
1698460 1073
1698470 1061
1698480 1051
1698490 1051
1698500 1042
1698510 1033
1698520 1033
1698530 1026
1698540 1017
1698550 1017
1698560 1004
1698570 993
1698580 993
1698590 973
1698600 961
1698610 961
1698620 940
1698630 932
1698640 922
1698650 922
1698660 911
1698670 902
1698680 902
1698690 891
1698700 884
1698710 884
1698720 877
1698730 873
1698740 873
1698750 873
1698760 869
1698770 869
1698780 866
1698790 862
1698800 862
1698810 858
1698820 853
1698830 853
1698840 848
1698850 842
1698860 842
1698870 835
1698880 832
1698890 832
1698900 829
1698910 828
1698920 828
1698930 829
1698940 833
1698950 833
1698960 842
1698970 849
1698980 849
1698990 856
1699000 862
1699010 867
1699020 867
1699030 872
1699040 876
1699050 876
1699060 880
1699070 887
1699080 887
1699090 892
1699100 896
1699110 896
1699120 897
1699130 898
1699140 898
1699150 901
1699160 904
1699170 904
1699180 906
1699190 910
1699200 910
1699210 911
1699220 914
1699230 914
1699240 916
1699250 919
1699260 919
1699270 923
1699280 926
1699290 926
1699300 929
1699310 934
1699320 934
1699330 937
1699340 940
1699350 940
1699360 943
1699370 948
1699380 952
1699390 952
1699400 957
1699410 960
1699420 960
1699430 961
1699440 965
1699450 965
1699460 969
1699470 973
1699480 973
1699490 978
1699500 984
1699510 984
1699520 991
1699530 998
1699540 998
1699550 1004
1699560 1014
1699570 1014
1699580 1019
1699590 1026
1699600 1026
1699610 1035
1699620 1039
1699630 1039
1699640 1044
1699650 1050
1699660 1050
1699670 1053
1699680 1057
1699690 1057
1699700 1063
1699710 1072
1699720 1072
1699730 1076
1699740 1085
1699750 1091
1699760 1091
1699770 1097
1699780 1101
1699790 1101
1699800 1105
1699810 1109
1699820 1109
1699830 1113
1699840 1117
1699850 1117
1699860 1121
1699870 1126
1699880 1126
1699890 1131
1699900 1136
1699910 1136
1699920 1141
1699930 1146
1699940 1146
1699950 1152
1699960 1158
1699970 1158
1699980 1165
1699990 1171
