1680000 755
1680010 754
1680020 753
1680030 753
1680040 752
1680050 752
1680060 752
1680070 750
1680080 750
1680090 750
1680100 750
1680110 750
1680120 750
1680130 750
1680140 751
1680150 751
1680160 752
1680170 753
1680180 753
1680190 755
1680200 756
1680210 756
1680220 758
1680230 760
1680240 761
1680250 761
1680260 761
1680270 761
1680280 761
1680290 760
1680300 759
1680310 759
1680320 760
1680330 761
1680340 761
1680350 763
1680360 764
1680370 764
1680380 764
1680390 764
1680400 764
1680410 764
1680420 763
1680430 763
1680440 763
1680450 762
1680460 762
1680470 763
1680480 765
1680490 765
1680500 767
1680510 769
1680520 769
1680530 775
1680540 777
1680550 777
1680560 785
1680570 793
1680580 793
1680590 807
1680600 812
1680610 812
1680620 820
1680630 817
1680640 815
1680650 815
1680660 821
1680670 833
1680680 833
1680690 832
1680700 830
1680710 830
1680720 840
1680730 841
1680740 841
1680750 836
1680760 826
1680770 826
1680780 811
1680790 808
1680800 808
1680810 824
1680820 824
1680830 824
1680840 824
1680850 829
1680860 829
1680870 833
1680880 831
1680890 831
1680900 833
1680910 835
1680920 835
1680930 840
1680940 844
1680950 844
1680960 853
1680970 857
1680980 857
1680990 863
1681000 863
1681010 863
1681020 863
1681030 863
1681040 863
1681050 863
1681060 871
1681070 878
1681080 878
1681090 886
1681100 893
1681110 893
1681120 902
1681130 912
1681140 912
1681150 938
1681160 973
1681170 973
1681180 973
1681190 972
1681200 972
1681210 973
1681220 972
1681230 972
1681240 964
1681250 961
1681260 961
1681270 967
1681280 969
1681290 969
1681300 971
1681310 986
1681320 986
1681330 996
1681340 1004
1681350 1004
1681360 1008
1681370 1007
1681380 1007
1681390 1014
1681400 1027
1681410 1027
1681420 1040
1681430 1050
1681440 1054
1681450 1054
1681460 1065
1681470 1070
1681480 1070
1681490 1073
1681500 1078
1681510 1078
1681520 1081
1681530 1085
1681540 1085
1681550 1095
1681560 1105
1681570 1105
1681580 1115
1681590 1122
1681600 1122
1681610 1130
1681620 1136
1681630 1136
1681640 1144
1681650 1150
1681660 1150
1681670 1159
1681680 1168
1681690 1168
1681700 1176
1681710 1186
1681720 1186
1681730 1192
1681740 1198
1681750 1198
1681760 1207
1681770 1218
1681780 1218
1681790 1228
1681800 1233
1681810 1233
1681820 1241
1681830 1256
1681840 1259
1681850 1259
1681860 1257
1681870 1257
1681880 1257
1681890 1253
1681900 1248
1681910 1248
1681920 1244
1681930 1240
1681940 1240
1681950 1236
1681960 1230
1681970 1230
1681980 1227
1681990 1226
1682000 1226
1682010 1221
1682020 1215
1682030 1215
1682040 1209
1682050 1202
1682060 1202
1682070 1194
1682080 1196
1682090 1196
1682100 1197
1682110 1196
1682120 1196
1682130 1197
1682140 1199
1682150 1199
1682160 1200
1682170 1201
1682180 1201
1682190 1199
1682200 1197
1682210 1197
1682220 1198
1682230 1197
1682240 1197
1682250 1200
1682260 1204
1682270 1204
1682280 1204
1682290 1204
1682300 1203
1682310 1203
1682320 1204
1682330 1206
1682340 1206
1682350 1209
1682360 1212
1682370 1212
1682380 1214
1682390 1211
1682400 1211
1682410 1194
1682420 1152
1682430 1152
1682440 1136
1682450 1123
1682460 1123
1682470 1114
1682480 1112
1682490 1112
1682500 1106
1682510 1105
1682520 1105
1682530 1107
1682540 1114
1682550 1114
1682560 1120
1682570 1130
1682580 1130
1682590 1140
1682600 1147
1682610 1147
1682620 1154
1682630 1157
1682640 1157
1682650 1161
1682660 1164
1682670 1167
1682680 1167
1682690 1171
1682700 1172
1682710 1172
1682720 1174
1682730 1176
1682740 1176
1682750 1178
1682760 1180
1682770 1180
1682780 1181
1682790 1182
1682800 1182
1682810 1182
1682820 1181
1682830 1181
1682840 1181
1682850 1184
1682860 1184
1682870 1187
1682880 1189
1682890 1189
1682900 1192
1682910 1194
1682920 1194
1682930 1198
1682940 1205
1682950 1205
1682960 1218
1682970 1234
1682980 1234
1682990 1247
1683000 1258
1683010 1258
1683020 1275
1683030 1288
1683040 1288
1683050 1306
1683060 1316
1683070 1323
1683080 1323
1683090 1327
1683100 1336
1683110 1336
1683120 1344
1683130 1354
1683140 1354
1683150 1359
1683160 1366
1683170 1366
1683180 1380
1683190 1391
1683200 1391
1683210 1397
1683220 1399
1683230 1399
1683240 1404
1683250 1417
1683260 1417
1683270 1421
1683280 1425
1683290 1425
1683300 1429
1683310 1428
1683320 1428
1683330 1427
1683340 1431
1683350 1431
1683360 1436
1683370 1442
1683380 1442
1683390 1446
1683400 1437
1683410 1437
1683420 1431
1683430 1427
1683440 1427
1683450 1422
1683460 1418
1683470 1405
1683480 1405
1683490 1399
1683500 1394
1683510 1394
1683520 1395
1683530 1402
1683540 1402
1683550 1385
1683560 1377
1683570 1377
1683580 1376
1683590 1384
1683600 1384
1683610 1383
1683620 1391
1683630 1391
1683640 1400
1683650 1413
1683660 1413
1683670 1432
1683680 1438
1683690 1438
1683700 1445
1683710 1445
1683720 1445
1683730 1447
1683740 1452
1683750 1452
1683760 1457
1683770 1464
1683780 1464
1683790 1472
1683800 1478
1683810 1478
1683820 1482
1683830 1487
1683840 1487
1683850 1491
1683860 1495
1683870 1495
1683880 1502
1683890 1507
1683900 1513
1683910 1513
1683920 1518
1683930 1524
1683940 1524
1683950 1528
1683960 1532
1683970 1532
1683980 1539
1683990 1545
1684000 1545
1684010 1550
1684020 1556
1684030 1556
1684040 1560
1684050 1565
1684060 1565
1684070 1568
1684080 1574
1684090 1574
1684100 1578
1684110 1582
1684120 1582
1684130 1584
1684140 1584
1684150 1584
1684160 1585
1684170 1591
1684180 1591
1684190 1596
1684200 1602
1684210 1602
1684220 1606
1684230 1611
1684240 1611
1684250 1616
1684260 1622
1684270 1622
1684280 1628
1684290 1630
1684300 1633
1684310 1633
1684320 1638
1684330 1644
1684340 1644
1684350 1650
1684360 1656
1684370 1656
1684380 1662
1684390 1667
1684400 1667
1684410 1672
1684420 1678
1684430 1678
1684440 1684
1684450 1690
1684460 1690
1684470 1697
1684480 1703
1684490 1703
1684500 1706
1684510 1705
1684520 1705
1684530 1693
1684540 1682
1684550 1682
1684560 1647
1684570 1632
1684580 1632
1684590 1628
1684600 1625
1684610 1625
1684620 1621
1684630 1616
1684640 1616
1684650 1616
1684660 1617
1684670 1617
1684680 1617
1684690 1621
1684700 1627
1684710 1627
1684720 1631
1684730 1635
1684740 1635
1684750 1637
1684760 1643
1684770 1643
1684780 1647
1684790 1651
1684800 1651
1684810 1655
1684820 1657
1684830 1657
1684840 1658
1684850 1657
1684860 1657
1684870 1660
1684880 1663
1684890 1663
1684900 1667
1684910 1670
1684920 1670
1684930 1676
1684940 1683
1684950 1683
1684960 1692
1684970 1704
1684980 1704
1684990 1713
1685000 1716
1685010 1716
1685020 1723
1685030 1725
1685040 1725
1685050 1727
1685060 1731
1685070 1731
1685080 1737
1685090 1744
1685100 1751
1685110 1751
1685120 1760
1685130 1774
1685140 1774
1685150 1786
1685160 1817
1685170 1817
1685180 1823
1685190 1830
1685200 1830
1685210 1836
1685220 1842
1685230 1842
1685240 1847
1685250 1851
1685260 1851
1685270 1853
1685280 1856
1685290 1856
1685300 1859
1685310 1860
1685320 1860
1685330 1862
1685340 1864
1685350 1864
1685360 1865
1685370 1864
1685380 1864
1685390 1863
1685400 1861
1685410 1861
1685420 1859
1685430 1859
1685440 1859
1685450 1856
1685460 1854
1685470 1854
1685480 1848
1685490 1843
1685500 1843
1685510 1839
1685520 1834
1685530 1834
1685540 1834
1685550 1838
1685560 1843
1685570 1843
1685580 1848
1685590 1852
1685600 1852
1685610 1856
1685620 1860
1685630 1860
1685640 1864
1685650 1868
1685660 1868
1685670 1871
1685680 1875
1685690 1875
1685700 1878
1685710 1881
1685720 1881
1685730 1884
1685740 1887
1685750 1887
1685760 1890
1685770 1893
1685780 1893
1685790 1895
1685800 1897
1685810 1897
1685820 1899
1685830 1898
1685840 1898
1685850 1898
1685860 1897
1685870 1897
1685880 1896
1685890 1894
1685900 1894
1685910 1893
1685920 1892
1685930 1891
1685940 1891
1685950 1890
1685960 1889
1685970 1889
1685980 1889
1685990 1887
1686000 1887
1686010 1885
1686020 1883
1686030 1883
1686040 1881
1686050 1877
1686060 1877
1686070 1873
1686080 1869
1686090 1869
1686100 1863
1686110 1862
1686120 1862
1686130 1859
1686140 1855
1686150 1855
1686160 1850
1686170 1846
1686180 1846
1686190 1841
1686200 1838
1686210 1838
1686220 1835
1686230 1833
1686240 1833
1686250 1832
1686260 1829
1686270 1829
1686280 1824
1686290 1816
1686300 1816
1686310 1816
1686320 1809
1686330 1803
1686340 1803
1686350 1796
1686360 1793
1686370 1793
1686380 1792
1686390 1791
1686400 1791
1686410 1791
1686420 1794
1686430 1794
1686440 1797
1686450 1798
1686460 1798
1686470 1798
1686480 1797
1686490 1797
1686500 1795
1686510 1796
1686520 1796
1686530 1797
1686540 1795
1686550 1795
1686560 1794
1686570 1796
1686580 1796
1686590 1794
1686600 1795
1686610 1795
1686620 1794
1686630 1791
1686640 1791
1686650 1789
1686660 1786
1686670 1786
1686680 1782
1686690 1776
1686700 1776
1686710 1771
1686720 1767
1686730 1765
1686740 1765
1686750 1764
1686760 1767
1686770 1767
1686780 1764
1686790 1756
1686800 1756
1686810 1752
1686820 1754
1686830 1754
1686840 1747
1686850 1736
1686860 1736
1686870 1730
1686880 1727
1686890 1727
1686900 1724
1686910 1718
1686920 1718
1686930 1709
1686940 1711
1686950 1711
1686960 1711
1686970 1709
1686980 1709
1686990 1714
1687000 1722
1687010 1722
1687020 1715
1687030 1716
1687040 1716
1687050 1714
1687060 1715
1687070 1715
1687080 1719
1687090 1730
1687100 1730
1687110 1740
1687120 1743
1687130 1743
1687140 1749
1687150 1749
1687160 1743
1687170 1743
1687180 1742
1687190 1742
1687200 1742
1687210 1738
1687220 1732
1687230 1732
1687240 1727
1687250 1721
1687260 1721
1687270 1715
1687280 1703
1687290 1703
1687300 1696
1687310 1680
1687320 1680
1687330 1672
1687340 1666
1687350 1666
1687360 1662
1687370 1666
1687380 1666
1687390 1670
1687400 1666
1687410 1666
1687420 1664
1687430 1668
1687440 1668
1687450 1672
1687460 1681
1687470 1681
1687480 1685
1687490 1688
1687500 1688
1687510 1693
1687520 1693
1687530 1693
1687540 1699
1687550 1702
1687560 1704
1687570 1704
1687580 1706
1687590 1702
1687600 1702
1687610 1691
1687620 1683
1687630 1683
1687640 1671
1687650 1664
1687660 1664
1687670 1659
1687680 1656
1687690 1656
1687700 1655
1687710 1650
1687720 1650
1687730 1644
1687740 1642
1687750 1642
1687760 1645
1687770 1651
1687780 1651
1687790 1657
1687800 1664
1687810 1664
1687820 1671
1687830 1677
1687840 1677
1687850 1684
1687860 1689
1687870 1689
1687880 1695
1687890 1705
1687900 1706
1687910 1722
1687920 1737
1687930 1737
1687940 1752
1687950 1771
1687960 1790
1687970 1790
1687980 1799
1687990 1807
1688000 1807
1688010 1814
1688020 1823
1688030 1823
1688040 1833
1688050 1837
1688060 1837
1688070 1842
1688080 1850
1688090 1850
1688100 1858
1688110 1864
1688120 1864
1688130 1869
1688140 1873
1688150 1873
1688160 1877
1688170 1881
1688180 1881
1688190 1885
1688200 1889
1688210 1889
1688220 1893
1688230 1897
1688240 1897
1688250 1900
1688260 1905
1688270 1905
1688280 1908
1688290 1912
1688300 1912
1688310 1916
1688320 1920
1688330 1920
1688340 1923
1688350 1928
1688360 1932
1688370 1932
1688380 1937
1688390 1941
1688400 1941
1688410 1946
1688420 1950
1688430 1950
1688440 1955
1688450 1959
1688460 1959
1688470 1963
1688480 1967
1688490 1967
1688500 1972
1688510 1976
1688520 1976
1688530 1980
1688540 1984
1688550 1984
1688560 1988
1688570 1992
1688580 1992
1688590 1996
1688600 2000
1688610 2000
1688620 2003
1688630 2007
1688640 2007
1688650 2010
1688660 2013
1688670 2013
1688680 2015
1688690 2018
1688700 2018
1688710 2020
1688720 2022
1688730 2022
1688740 2023
1688750 2025
1688760 2025
1688770 2024
1688780 2020
1688790 2013
1688800 2013
1688810 2018
1688820 2008
1688830 2008
1688840 2009
1688850 2008
1688860 2008
1688870 2007
1688880 2007
1688890 2007
1688900 2008
1688910 2010
1688920 2010
1688930 2017
1688940 2027
1688950 2027
1688960 2025
1688970 2024
1688980 2024
1688990 2026
1689000 2027
1689010 2027
1689020 2028
1689030 2028
1689040 2028
1689050 2028
1689060 2028
1689070 2028
1689080 2029
1689090 2030
1689100 2030
1689110 2033
1689120 2037
1689130 2037
1689140 2043
1689150 2047
1689160 2047
1689170 2052
1689180 2055
1689190 2058
1689200 2058
1689210 2059
1689220 2060
1689230 2060
1689240 2061
1689250 2062
1689260 2062
1689270 2064
1689280 2066
1689290 2066
1689300 2069
1689310 2072
1689320 2072
1689330 2075
1689340 2078
1689350 2078
1689360 2082
1689370 2085
1689380 2085
1689390 2089
1689400 2094
1689410 2094
1689420 2098
1689430 2103
1689440 2103
1689450 2107
1689460 2112
1689470 2112
1689480 2116
1689490 2120
1689500 2120
1689510 2123
1689520 2127
1689530 2127
1689540 2130
1689550 2133
1689560 2133
1689570 2135
1689580 2136
1689590 2136
1689600 2136
1689610 2132
1689620 2141
1689630 2141
1689640 2125
1689650 2109
1689660 2109
1689670 2080
1689680 2072
1689690 2072
1689700 2065
1689710 2053
1689720 2053
1689730 2036
1689740 2015
1689750 2015
1689760 2004
1689770 1992
1689780 1992
1689790 1980
1689800 1969
1689810 1969
1689820 1957
1689830 1950
1689840 1950
1689850 1937
1689860 1896
1689870 1896
1689880 1863
1689890 1839
1689900 1839
1689910 1775
1689920 1743
1689930 1743
1689940 1727
1689950 1711
1689960 1711
1689970 1697
1689980 1690
1689990 1686
1690000 1686
1690010 1680
1690020 1674
1690030 1674
1690040 1669
1690050 1663
1690060 1663
1690070 1658
1690080 1653
1690090 1653
1690100 1648
1690110 1644
1690120 1644
1690130 1639
1690140 1634
1690150 1634
1690160 1629
1690170 1624
1690180 1624
1690190 1618
1690200 1614
1690210 1614
1690220 1609
1690230 1604
1690240 1604
1690250 1600
1690260 1595
1690270 1595
1690280 1593
1690290 1590
1690300 1590
1690310 1590
1690320 1588
1690330 1588
1690340 1585
1690350 1583
1690360 1583
1690370 1582
1690380 1581
1690390 1580
1690400 1580
1690410 1581
1690420 1580
1690430 1580
1690440 1579
1690450 1578
1690460 1578
1690470 1576
1690480 1576
1690490 1576
1690500 1575
1690510 1572
1690520 1572
1690530 1568
1690540 1564
1690550 1564
1690560 1560
1690570 1561
1690580 1561
1690590 1563
1690600 1564
1690610 1564
1690620 1565
1690630 1566
1690640 1566
1690650 1567
1690660 1568
1690670 1568
1690680 1569
1690690 1571
1690700 1571
1690710 1574
1690720 1576
1690730 1576
1690740 1578
1690750 1581
1690760 1581
1690770 1583
1690780 1584
1690790 1584
1690800 1584
1690810 1584
1690820 1585
1690830 1585
1690840 1587
1690850 1586
1690860 1586
1690870 1588
1690880 1590
1690890 1590
1690900 1593
1690910 1594
1690920 1594
1690930 1595
1690940 1597
1690950 1597
1690960 1599
1690970 1594
1690980 1594
1690990 1594
1691000 1598
1691010 1598
1691020 1601
1691030 1607
1691040 1607
1691050 1612
1691060 1612
1691070 1612
1691080 1610
1691090 1608
1691100 1608
1691110 1606
1691120 1604
1691130 1604
1691140 1601
1691150 1598
1691160 1598
1691170 1593
1691180 1588
1691190 1588
1691200 1582
1691210 1577
1691220 1573
1691230 1573
1691240 1570
1691250 1566
1691260 1566
1691270 1562
1691280 1560
1691290 1560
1691300 1559
1691310 1559
1691320 1559
1691330 1557
1691340 1555
1691350 1555
1691360 1551
1691370 1546
1691380 1546
1691390 1543
1691400 1541
1691410 1541
1691420 1539
1691430 1536
1691440 1536
1691450 1531
1691460 1527
1691470 1527
1691480 1523
1691490 1515
1691500 1515
1691510 1508
1691520 1511
1691530 1511
1691540 1513
1691550 1512
1691560 1512
1691570 1510
1691580 1509
1691590 1509
1691600 1507
1691610 1504
1691620 1502
1691630 1502
1691640 1505
1691650 1506
1691660 1506
1691670 1506
1691680 1507
1691690 1507
1691700 1506
1691710 1505
1691720 1505
1691730 1503
1691740 1501
1691750 1501
1691760 1498
1691770 1497
1691780 1497
1691790 1495
1691800 1492
1691810 1492
1691820 1489
1691830 1483
1691840 1483
1691850 1477
1691860 1476
1691870 1476
1691880 1474
1691890 1475
1691900 1475
1691910 1475
1691920 1476
1691930 1476
1691940 1477
1691950 1479
1691960 1479
1691970 1480
1691980 1482
1691990 1482
1692000 1483
1692010 1484
1692020 1484
1692030 1484
1692040 1484
1692050 1483
1692060 1483
1692070 1482
1692080 1481
1692090 1481
1692100 1480
1692110 1481
1692120 1481
1692130 1479
1692140 1478
1692150 1478
1692160 1481
1692170 1481
1692180 1481
1692190 1481
1692200 1480
1692210 1480
1692220 1479
1692230 1478
1692240 1478
1692250 1480
1692260 1508
1692270 1508
1692280 1535
1692290 1556
1692300 1556
1692310 1544
1692320 1545
1692330 1545
1692340 1553
1692350 1561
1692360 1561
1692370 1570
1692380 1579
1692390 1579
1692400 1588
1692410 1614
1692420 1614
1692430 1602
1692440 1596
1692450 1594
1692460 1594
1692470 1598
1692480 1596
1692490 1596
1692500 1591
1692510 1582
1692520 1582
1692530 1569
1692540 1554
1692550 1554
1692560 1547
1692570 1542
1692580 1542
1692590 1557
1692600 1576
1692610 1576
1692620 1596
1692630 1621
1692640 1621
1692650 1623
1692660 1628
1692670 1628
1692680 1635
1692690 1645
1692700 1645
1692710 1655
1692720 1669
1692730 1669
1692740 1708
1692750 1711
1692760 1711
1692770 1711
1692780 1714
1692790 1714
1692800 1719
1692810 1721
1692820 1721
1692830 1719
1692840 1714
1692850 1710
1692860 1710
1692870 1706
1692880 1701
1692890 1701
1692900 1695
1692910 1688
1692920 1688
1692930 1681
1692940 1677
1692950 1677
1692960 1670
1692970 1667
1692980 1667
1692990 1666
1693000 1670
1693010 1670
1693020 1670
1693030 1677
1693040 1677
1693050 1685
1693060 1691
1693070 1691
1693080 1698
1693090 1703
1693100 1703
1693110 1702
1693120 1699
1693130 1699
1693140 1697
1693150 1696
1693160 1696
1693170 1695
1693180 1694
1693190 1694
1693200 1700
1693210 1709
1693220 1709
1693230 1714
1693240 1719
1693250 1725
1693260 1725
1693270 1732
1693280 1739
1693290 1739
1693300 1744
1693310 1744
1693320 1744
1693330 1744
1693340 1741
1693350 1741
1693360 1737
1693370 1733
1693380 1733
1693390 1731
1693400 1731
1693410 1731
1693420 1735
1693430 1740
1693440 1740
1693450 1746
1693460 1752
1693470 1752
1693480 1759
1693490 1766
1693500 1766
1693510 1774
1693520 1781
1693530 1781
1693540 1785
1693550 1789
1693560 1789
1693570 1790
1693580 1785
1693590 1785
1693600 1778
1693610 1779
1693620 1779
1693630 1775
1693640 1781
1693650 1787
1693660 1787
1693670 1793
1693680 1798
1693690 1798
1693700 1800
1693710 1803
1693720 1803
1693730 1806
1693740 1813
1693750 1813
1693760 1820
1693770 1825
1693780 1825
1693790 1829
1693800 1831
1693810 1831
1693820 1834
1693830 1839
1693840 1839
1693850 1842
1693860 1847
1693870 1847
1693880 1852
1693890 1857
1693900 1857
1693910 1861
1693920 1865
1693930 1865
1693940 1869
1693950 1872
1693960 1868
1693970 1875
1693980 1879
1693990 1879
1694000 1882
1694010 1883
1694020 1883
1694030 1884
1694040 1885
1694050 1885
1694060 1886
1694070 1887
1694080 1888
1694090 1888
1694100 1889
1694110 1890
1694120 1890
1694130 1891
1694140 1892
1694150 1892
1694160 1893
1694170 1893
1694180 1893
1694190 1895
1694200 1896
1694210 1896
1694220 1897
1694230 1898
1694240 1898
1694250 1899
1694260 1897
1694270 1897
1694280 1896
1694290 1886
1694300 1886
1694310 1882
1694320 1882
1694330 1882
1694340 1880
1694350 1873
1694360 1873
1694370 1870
1694380 1871
1694390 1871
1694400 1872
1694410 1875
1694420 1875
1694430 1890
1694440 1894
1694450 1894
1694460 1899
1694470 1906
1694480 1914
1694490 1914
1694500 1922
1694510 1927
1694520 1927
1694530 1930
1694540 1931
1694550 1931
1694560 1930
1694570 1929
1694580 1929
1694590 1928
1694600 1927
1694610 1927
1694620 1925
1694630 1925
1694640 1925
1694650 1924
1694660 1923
1694670 1923
1694680 1921
1694690 1920
1694700 1920
1694710 1917
1694720 1912
1694730 1912
1694740 1906
1694750 1905
1694760 1905
1694770 1900
1694780 1895
1694790 1895
1694800 1889
1694810 1886
1694820 1886
1694830 1880
1694840 1877
1694850 1877
1694860 1879
1694870 1880
1694880 1879
1694890 1879
1694900 1877
1694910 1874
1694920 1874
1694930 1873
1694940 1869
1694950 1869
1694960 1862
1694970 1858
1694980 1858
1694990 1861
1695000 1863
1695010 1863
1695020 1865
1695030 1867
1695040 1867
1695050 1870
1695060 1872
1695070 1872
1695080 1873
1695090 1874
1695100 1874
1695110 1875
1695120 1876
1695130 1876
1695140 1878
1695150 1879
1695160 1879
1695170 1880
1695180 1880
1695190 1880
1695200 1881
1695210 1881
1695220 1881
1695230 1882
1695240 1884
1695250 1884
1695260 1886
1695270 1887
1695280 1888
1695290 1888
1695300 1889
1695310 1889
1695320 1889
1695330 1891
1695340 1891
1695350 1891
1695360 1891
1695370 1892
1695380 1892
1695390 1893
1695400 1894
1695410 1894
1695420 1895
1695430 1896
1695440 1896
1695450 1897
1695460 1897
1695470 1897
1695480 1896
1695490 1894
1695500 1894
1695510 1890
1695520 1895
1695530 1895
1695540 1895
1695550 1892
1695560 1892
1695570 1884
1695580 1880
1695590 1880
1695600 1878
1695610 1885
1695620 1885
1695630 1894
1695640 1898
1695650 1898
1695660 1900
1695670 1906
1695680 1906
1695690 1913
1695700 1921
1695710 1926
1695720 1926
1695730 1928
1695740 1931
1695750 1931
1695760 1933
1695770 1935
1695780 1935
1695790 1937
1695800 1939
1695810 1939
1695820 1941
1695830 1937
1695840 1937
1695850 1931
1695860 1928
1695870 1928
1695880 1927
1695890 1920
1695900 1920
1695910 1910
1695920 1902
1695930 1902
1695940 1905
1695950 1905
1695960 1905
1695970 1899
1695980 1892
1695990 1892
1696000 1885
1696010 1876
1696020 1876
1696030 1867
1696040 1854
1696050 1854
1696060 1847
1696070 1843
1696080 1843
1696090 1842
1696100 1839
1696110 1840
1696120 1840
1696130 1844
1696140 1845
1696150 1845
1696160 1848
1696170 1849
1696180 1849
1696190 1847
1696200 1847
1696210 1847
1696220 1852
1696230 1859
1696240 1859
1696250 1868
1696260 1874
1696270 1874
1696280 1873
1696290 1872
1696300 1872
1696310 1872
1696320 1874
1696330 1874
1696340 1877
1696350 1877
1696360 1877
1696370 1874
1696380 1874
1696390 1874
1696400 1874
1696410 1874
1696420 1874
1696430 1874
1696440 1873
1696450 1873
1696460 1873
1696470 1872
1696480 1872
1696490 1862
1696500 1851
1696510 1843
1696520 1843
1696530 1833
1696540 1826
1696550 1826
1696560 1822
1696570 1818
1696580 1818
1696590 1814
1696600 1810
1696610 1810
1696620 1806
1696630 1799
1696640 1799
1696650 1797
1696660 1792
1696670 1792
1696680 1788
1696690 1782
1696700 1782
1696710 1776
1696720 1777
1696730 1777
1696740 1780
1696750 1783
1696760 1783
1696770 1785
1696780 1779
1696790 1779
1696800 1768
1696810 1770
1696820 1770
1696830 1778
1696840 1786
1696850 1786
1696860 1792
1696870 1790
1696880 1790
1696890 1789
1696900 1788
1696910 1784
1696920 1784
1696930 1783
1696940 1784
1696950 1784
1696960 1785
1696970 1785
1696980 1785
1696990 1783
1697000 1781
1697010 1781
1697020 1778
1697030 1776
1697040 1776
1697050 1775
1697060 1775
1697070 1775
1697080 1773
1697090 1768
1697100 1768
1697110 1762
1697120 1755
1697130 1755
1697140 1749
1697150 1743
1697160 1743
1697170 1737
1697180 1729
1697190 1729
1697200 1727
1697210 1728
1697220 1728
1697230 1730
1697240 1731
1697250 1731
1697260 1730
1697270 1731
1697280 1731
1697290 1730
1697300 1733
1697310 1733
1697320 1736
1697330 1735
1697340 1735
1697350 1735
1697360 1737
1697370 1738
1697380 1738
1697390 1739
1697400 1739
1697410 1739
1697420 1742
1697430 1734
1697440 1734
1697450 1733
1697460 1734
1697470 1734
1697480 1736
1697490 1733
1697500 1733
1697510 1727
1697520 1720
1697530 1720
1697540 1713
1697550 1706
1697560 1706
1697570 1702
1697580 1698
1697590 1698
1697600 1692
1697610 1687
1697620 1687
1697630 1682
1697640 1678
1697650 1678
1697660 1674
1697670 1671
1697680 1671
1697690 1666
1697700 1660
1697710 1660
1697720 1654
1697730 1649
1697740 1643
1697750 1643
1697760 1638
1697770 1633
1697780 1633
1697790 1628
1697800 1624
1697810 1624
1697820 1619
1697830 1613
1697840 1613
1697850 1607
1697860 1602
1697870 1602
1697880 1599
1697890 1595
1697900 1595
1697910 1591
1697920 1587
1697930 1587
1697940 1584
1697950 1580
1697960 1580
1697970 1574
1697980 1569
1697990 1569
1698000 1564
1698010 1559
1698020 1559
1698030 1556
1698040 1550
1698050 1550
1698060 1545
1698070 1541
1698080 1541
1698090 1538
1698100 1532
1698110 1532
1698120 1528
1698130 1525
1698140 1524
1698150 1524
1698160 1523
1698170 1521
1698180 1521
1698190 1521
1698200 1519
1698210 1519
1698220 1515
1698230 1512
1698240 1512
1698250 1507
1698260 1504
1698270 1504
1698280 1500
1698290 1498
1698300 1498
1698310 1495
1698320 1491
1698330 1491
1698340 1487
1698350 1484
1698360 1484
1698370 1479
1698380 1475
1698390 1475
1698400 1472
1698410 1469
1698420 1469
1698430 1465
1698440 1461
1698450 1461
1698460 1459
1698470 1458
1698480 1458
1698490 1455
1698500 1451
1698510 1451
1698520 1449
1698530 1445
1698540 1444
1698550 1444
1698560 1441
1698570 1438
1698580 1438
1698590 1435
1698600 1433
1698610 1433
1698620 1432
1698630 1430
1698640 1430
1698650 1427
1698660 1425
1698670 1425
1698680 1421
1698690 1420
1698700 1420
1698710 1418
1698720 1414
1698730 1414
1698740 1411
1698750 1408
1698760 1408
1698770 1402
1698780 1399
1698790 1399
1698800 1395
1698810 1391
1698820 1391
1698830 1386
1698840 1380
1698850 1380
1698860 1374
1698870 1368
1698880 1368
1698890 1363
1698900 1358
1698910 1358
1698920 1355
1698930 1352
1698940 1349
1698950 1349
1698960 1347
1698970 1346
1698980 1346
1698990 1344
1699000 1340
1699010 1340
1699020 1337
1699030 1334
1699040 1334
1699050 1332
1699060 1328
1699070 1328
1699080 1325
1699090 1322
1699100 1322
1699110 1320
1699120 1322
1699130 1322
1699140 1327
1699150 1331
1699160 1331
1699170 1334
1699180 1338
1699190 1338
1699200 1340
1699210 1342
1699220 1342
1699230 1345
1699240 1348
1699250 1348
1699260 1350
1699270 1352
1699280 1352
1699290 1353
1699300 1355
1699310 1355
1699320 1360
1699330 1365
1699340 1365
1699350 1368
1699360 1372
1699370 1377
1699380 1377
1699390 1382
1699400 1386
1699410 1386
1699420 1391
1699430 1396
1699440 1396
1699450 1400
1699460 1407
1699470 1407
1699480 1413
1699490 1419
1699500 1419
1699510 1425
1699520 1429
1699530 1429
1699540 1432
1699550 1438
1699560 1438
1699570 1443
1699580 1449
1699590 1449
1699600 1455
1699610 1461
1699620 1461
1699630 1467
1699640 1472
1699650 1472
1699660 1478
1699670 1484
1699680 1484
1699690 1490
1699700 1494
1699710 1494
1699720 1498
1699730 1503
1699740 1503
1699750 1508
1699760 1512
1699770 1516
1699780 1516
1699790 1518
1699800 1519
1699810 1519
1699820 1521
1699830 1524
1699840 1524
1699850 1524
1699860 1527
1699870 1527
1699880 1528
1699890 1524
1699900 1524
1699910 1527
1699920 1533
1699930 1533
1699940 1534
1699950 1532
1699960 1532
1699970 1530
1699980 1534
1699990 1534
