1680000 758
1680010 757
1680020 755
1680030 755
1680040 756
1680050 756
1680060 756
1680070 756
1680080 756
1680090 756
1680100 757
1680110 758
1680120 758
1680130 759
1680140 760
1680150 760
1680160 762
1680170 763
1680180 763
1680190 765
1680200 766
1680210 767
1680220 767
1680230 768
1680240 769
1680250 769
1680260 771
1680270 772
1680280 772
1680290 773
1680300 775
1680310 775
1680320 776
1680330 777
1680340 777
1680350 772
1680360 772
1680370 772
1680380 772
1680390 773
1680400 773
1680410 777
1680420 779
1680430 779
1680440 779
1680450 779
1680460 779
1680470 782
1680480 785
1680490 785
1680500 786
1680510 792
1680520 792
1680530 800
1680540 808
1680550 808
1680560 822
1680570 826
1680580 826
1680590 842
1680600 848
1680610 861
1680620 861
1680630 867
1680640 879
1680650 879
1680660 888
1680670 901
1680680 901
1680690 913
1680700 905
1680710 905
1680720 898
1680730 905
1680740 905
1680750 912
1680760 914
1680770 914
1680780 931
1680790 929
1680800 929
1680810 925
1680820 938
1680830 938
1680840 936
1680850 936
1680860 936
1680870 937
1680880 943
1680890 943
1680900 949
1680910 955
1680920 955
1680930 958
1680940 966
1680950 966
1680960 968
1680970 968
1680980 968
1680990 965
1681000 960
1681010 960
1681020 954
1681030 948
1681040 941
1681050 941
1681060 931
1681070 936
1681080 936
1681090 942
1681100 950
1681110 950
1681120 956
1681130 959
1681140 959
1681150 960
1681160 958
1681170 958
1681180 960
1681190 965
1681200 965
1681210 978
1681220 987
1681230 987
1681240 1002
1681250 1018
1681260 1018
1681270 1031
1681280 1035
1681290 1035
1681300 1037
1681310 1045
1681320 1045
1681330 1050
1681340 1053
1681350 1053
1681360 1055
1681370 1056
1681380 1056
1681390 1057
1681400 1055
1681410 1055
1681420 1054
1681430 1057
1681440 1065
1681450 1065
1681460 1073
1681470 1081
1681480 1081
1681490 1087
1681500 1093
1681510 1093
1681520 1097
1681530 1102
1681540 1102
1681550 1105
1681560 1109
1681570 1109
1681580 1113
1681590 1119
1681600 1119
1681610 1126
1681620 1130
1681630 1130
1681640 1132
1681650 1136
1681660 1136
1681670 1144
1681680 1150
1681690 1150
1681700 1159
1681710 1169
1681720 1169
1681730 1179
1681740 1192
1681750 1192
1681760 1202
1681770 1211
1681780 1211
1681790 1217
1681800 1224
1681810 1224
1681820 1231
1681830 1237
1681840 1245
1681850 1245
1681860 1252
1681870 1262
1681880 1262
1681890 1271
1681900 1277
1681910 1277
1681920 1283
1681930 1291
1681940 1291
1681950 1291
1681960 1283
1681970 1283
1681980 1276
1681990 1271
1682000 1271
1682010 1267
1682020 1261
1682030 1261
1682040 1264
1682050 1263
1682060 1263
1682070 1260
1682080 1258
1682090 1258
1682100 1261
1682110 1262
1682120 1262
1682130 1264
1682140 1264
1682150 1264
1682160 1264
1682170 1265
1682180 1265
1682190 1269
1682200 1270
1682210 1270
1682220 1266
1682230 1274
1682240 1281
1682250 1281
1682260 1288
1682270 1290
1682280 1290
1682290 1295
1682300 1309
1682310 1309
1682320 1330
1682330 1341
1682340 1341
1682350 1308
1682360 1265
1682370 1265
1682380 1255
1682390 1246
1682400 1246
1682410 1243
1682420 1229
1682430 1229
1682440 1221
1682450 1210
1682460 1210
1682470 1202
1682480 1189
1682490 1189
1682500 1181
1682510 1170
1682520 1170
1682530 1165
1682540 1162
1682550 1162
1682560 1168
1682570 1168
1682580 1168
1682590 1174
1682600 1168
1682610 1168
1682620 1177
1682630 1180
1682640 1182
1682650 1182
1682660 1183
1682670 1187
1682680 1187
1682690 1189
1682700 1193
1682710 1193
1682720 1196
1682730 1198
1682740 1198
1682750 1202
1682760 1203
1682770 1203
1682780 1206
1682790 1209
1682800 1209
1682810 1211
1682820 1213
1682830 1213
1682840 1215
1682850 1217
1682860 1217
1682870 1220
1682880 1223
1682890 1223
1682900 1225
1682910 1227
1682920 1227
1682930 1229
1682940 1229
1682950 1229
1682960 1230
1682970 1234
1682980 1234
1682990 1274
1683000 1300
1683010 1300
1683020 1321
1683030 1334
1683040 1334
1683050 1360
1683060 1379
1683070 1383
1683080 1383
1683090 1388
1683100 1394
1683110 1394
1683120 1394
1683130 1399
1683140 1399
1683150 1410
1683160 1420
1683170 1420
1683180 1439
1683190 1451
1683200 1451
1683210 1466
1683220 1476
1683230 1476
1683240 1483
1683250 1489
1683260 1489
1683270 1495
1683280 1499
1683290 1499
1683300 1503
1683310 1508
1683320 1508
1683330 1511
1683340 1514
1683350 1514
1683360 1514
1683370 1510
1683380 1510
1683390 1510
1683400 1503
1683410 1503
1683420 1495
1683430 1489
1683440 1489
1683450 1486
1683460 1480
1683470 1478
1683480 1478
1683490 1475
1683500 1473
1683510 1473
1683520 1471
1683530 1468
1683540 1468
1683550 1468
1683560 1463
1683570 1463
1683580 1460
1683590 1461
1683600 1461
1683610 1468
1683620 1474
1683630 1474
1683640 1482
1683650 1488
1683660 1488
1683670 1492
1683680 1497
1683690 1497
1683700 1510
1683710 1520
1683720 1520
1683730 1526
1683740 1533
1683750 1533
1683760 1539
1683770 1544
1683780 1544
1683790 1545
1683800 1554
1683810 1554
1683820 1559
1683830 1562
1683840 1562
1683850 1560
1683860 1564
1683870 1565
1683880 1565
1683890 1568
1683900 1572
1683910 1572
1683920 1573
1683930 1577
1683940 1577
1683950 1582
1683960 1585
1683970 1585
1683980 1589
1683990 1593
1684000 1593
1684010 1600
1684020 1607
1684030 1607
1684040 1611
1684050 1619
1684060 1619
1684070 1624
1684080 1628
1684090 1628
1684100 1632
1684110 1634
1684120 1634
1684130 1637
1684140 1640
1684150 1640
1684160 1644
1684170 1647
1684180 1647
1684190 1650
1684200 1653
1684210 1653
1684220 1656
1684230 1659
1684240 1659
1684250 1662
1684260 1663
1684270 1667
1684280 1667
1684290 1669
1684300 1670
1684310 1670
1684320 1675
1684330 1679
1684340 1679
1684350 1683
1684360 1687
1684370 1687
1684380 1691
1684390 1696
1684400 1696
1684410 1701
1684420 1705
1684430 1705
1684440 1711
1684450 1717
1684460 1717
1684470 1722
1684480 1725
1684490 1725
1684500 1725
1684510 1725
1684520 1725
1684530 1722
1684540 1721
1684550 1721
1684560 1720
1684570 1722
1684580 1722
1684590 1726
1684600 1722
1684610 1722
1684620 1722
1684630 1708
1684640 1708
1684650 1703
1684660 1699
1684670 1699
1684680 1703
1684690 1703
1684700 1699
1684710 1699
1684720 1694
1684730 1691
1684740 1691
1684750 1687
1684760 1684
1684770 1684
1684780 1685
1684790 1685
1684800 1685
1684810 1687
1684820 1688
1684830 1688
1684840 1688
1684850 1689
1684860 1689
1684870 1692
1684880 1696
1684890 1696
1684900 1697
1684910 1701
1684920 1701
1684930 1707
1684940 1713
1684950 1713
1684960 1721
1684970 1732
1684980 1732
1684990 1745
1685000 1749
1685010 1749
1685020 1744
1685030 1740
1685040 1740
1685050 1742
1685060 1746
1685070 1746
1685080 1748
1685090 1758
1685100 1763
1685110 1763
1685120 1769
1685130 1776
1685140 1776
1685150 1786
1685160 1801
1685170 1801
1685180 1818
1685190 1828
1685200 1828
1685210 1846
1685220 1864
1685230 1864
1685240 1866
1685250 1870
1685260 1870
1685270 1871
1685280 1870
1685290 1870
1685300 1862
1685310 1858
1685320 1858
1685330 1859
1685340 1857
1685350 1857
1685360 1852
1685370 1852
1685380 1852
1685390 1854
1685400 1854
1685410 1854
1685420 1856
1685430 1855
1685440 1855
1685450 1857
1685460 1860
1685470 1860
1685480 1862
1685490 1865
1685500 1866
1685510 1866
1685520 1864
1685530 1861
1685540 1861
1685550 1857
1685560 1857
1685570 1857
1685580 1862
1685590 1867
1685600 1867
1685610 1870
1685620 1871
1685630 1871
1685640 1872
1685650 1876
1685660 1876
1685670 1879
1685680 1882
1685690 1882
1685700 1885
1685710 1888
1685720 1888
1685730 1892
1685740 1895
1685750 1895
1685760 1898
1685770 1902
1685780 1902
1685790 1906
1685800 1908
1685810 1908
1685820 1911
1685830 1913
1685840 1913
1685850 1916
1685860 1918
1685870 1918
1685880 1918
1685890 1919
1685900 1918
1685910 1918
1685920 1917
1685930 1917
1685940 1917
1685950 1916
1685960 1915
1685970 1915
1685980 1914
1685990 1912
1686000 1912
1686010 1908
1686020 1906
1686030 1906
1686040 1905
1686050 1902
1686060 1902
1686070 1899
1686080 1893
1686090 1893
1686100 1884
1686110 1877
1686120 1877
1686130 1872
1686140 1865
1686150 1865
1686160 1857
1686170 1846
1686180 1846
1686190 1839
1686200 1831
1686210 1831
1686220 1822
1686230 1816
1686240 1816
1686250 1813
1686260 1807
1686270 1807
1686280 1803
1686290 1797
1686300 1791
1686310 1791
1686320 1786
1686330 1781
1686340 1781
1686350 1777
1686360 1769
1686370 1769
1686380 1772
1686390 1767
1686400 1767
1686410 1759
1686420 1756
1686430 1756
1686440 1761
1686450 1763
1686460 1763
1686470 1761
1686480 1765
1686490 1765
1686500 1762
1686510 1762
1686520 1762
1686530 1759
1686540 1761
1686550 1761
1686560 1764
1686570 1764
1686580 1764
1686590 1767
1686600 1766
1686610 1766
1686620 1765
1686630 1768
1686640 1768
1686650 1770
1686660 1771
1686670 1771
1686680 1771
1686690 1766
1686700 1766
1686710 1762
1686720 1757
1686730 1756
1686740 1756
1686750 1763
1686760 1761
1686770 1761
1686780 1756
1686790 1753
1686800 1753
1686810 1746
1686820 1741
1686830 1741
1686840 1739
1686850 1724
1686860 1724
1686870 1717
1686880 1709
1686890 1709
1686900 1702
1686910 1697
1686920 1697
1686930 1694
1686940 1693
1686950 1693
1686960 1697
1686970 1691
1686980 1691
1686990 1692
1687000 1700
1687010 1700
1687020 1695
1687030 1697
1687040 1697
1687050 1702
1687060 1702
1687070 1702
1687080 1713
1687090 1716
1687100 1716
1687110 1719
1687120 1725
1687130 1737
1687140 1737
1687150 1745
1687160 1752
1687170 1752
1687180 1747
1687190 1741
1687200 1741
1687210 1738
1687220 1737
1687230 1737
1687240 1734
1687250 1728
1687260 1728
1687270 1717
1687280 1711
1687290 1711
1687300 1707
1687310 1701
1687320 1701
1687330 1692
1687340 1686
1687350 1686
1687360 1686
1687370 1687
1687380 1687
1687390 1690
1687400 1688
1687410 1688
1687420 1688
1687430 1695
1687440 1695
1687450 1714
1687460 1721
1687470 1721
1687480 1717
1687490 1713
1687500 1713
1687510 1714
1687520 1709
1687530 1712
1687540 1712
1687550 1709
1687560 1700
1687570 1700
1687580 1692
1687590 1681
1687600 1681
1687610 1675
1687620 1665
1687630 1665
1687640 1650
1687650 1645
1687660 1645
1687670 1637
1687680 1634
1687690 1634
1687700 1634
1687710 1637
1687720 1637
1687730 1640
1687740 1644
1687750 1644
1687760 1648
1687770 1651
1687780 1651
1687790 1654
1687800 1659
1687810 1659
1687820 1664
1687830 1671
1687840 1671
1687850 1679
1687860 1686
1687870 1686
1687880 1694
1687890 1701
1687900 1701
1687910 1718
1687920 1728
1687930 1748
1687940 1748
1687950 1769
1687960 1787
1687970 1787
1687980 1805
1687990 1819
1688000 1819
1688010 1833
1688020 1842
1688030 1842
1688040 1851
1688050 1859
1688060 1859
1688070 1867
1688080 1873
1688090 1873
1688100 1879
1688110 1884
1688120 1884
1688130 1889
1688140 1893
1688150 1893
1688160 1897
1688170 1902
1688180 1902
1688190 1907
1688200 1910
1688210 1910
1688220 1915
1688230 1919
1688240 1919
1688250 1924
1688260 1929
1688270 1929
1688280 1932
1688290 1937
1688300 1937
1688310 1941
1688320 1946
1688330 1946
1688340 1951
1688350 1955
1688360 1960
1688370 1960
1688380 1965
1688390 1970
1688400 1970
1688410 1975
1688420 1980
1688430 1980
1688440 1984
1688450 1989
1688460 1989
1688470 1994
1688480 1998
1688490 1998
1688500 2003
1688510 2007
1688520 2007
1688530 2011
1688540 2016
1688550 2016
1688560 2020
1688570 2025
1688580 2025
1688590 2029
1688600 2034
1688610 2034
1688620 2038
1688630 2042
1688640 2042
1688650 2047
1688660 2052
1688670 2052
1688680 2056
1688690 2060
1688700 2060
1688710 2065
1688720 2069
1688730 2069
1688740 2073
1688750 2076
1688760 2080
1688770 2080
1688780 2084
1688790 2087
1688800 2087
1688810 2087
1688820 2089
1688830 2089
1688840 2091
1688850 2093
1688860 2093
1688870 2094
1688880 2096
1688890 2096
1688900 2096
1688910 2099
1688920 2099
1688930 2100
1688940 2101
1688950 2101
1688960 2100
1688970 2105
1688980 2105
1688990 2108
1689000 2111
1689010 2111
1689020 2112
1689030 2115
1689040 2115
1689050 2108
1689060 2110
1689070 2110
1689080 2104
1689090 2103
1689100 2103
1689110 2100
1689120 2100
1689130 2100
1689140 2102
1689150 2107
1689160 2117
1689170 2117
1689180 2120
1689190 2122
1689200 2122
1689210 2124
1689220 2127
1689230 2127
1689240 2132
1689250 2126
1689260 2126
1689270 2123
1689280 2121
1689290 2121
1689300 2124
1689310 2121
1689320 2121
1689330 2120
1689340 2120
1689350 2120
1689360 2123
1689370 2127
1689380 2127
1689390 2130
1689400 2135
1689410 2135
1689420 2136
1689430 2134
1689440 2134
1689450 2134
1689460 2131
1689470 2131
1689480 2131
1689490 2121
1689500 2121
1689510 2110
1689520 2107
1689530 2107
1689540 2105
1689550 2105
1689560 2104
1689570 2104
1689580 2104
1689590 2104
1689600 2104
1689610 2105
1689620 2105
1689630 2105
1689640 2106
1689650 2107
1689660 2107
1689670 2107
1689680 2108
1689690 2108
1689700 2111
1689710 2113
1689720 2113
1689730 2106
1689740 2091
1689750 2091
1689760 2078
1689770 2061
1689780 2061
1689790 2047
1689800 2031
1689810 2031
1689820 1905
1689830 1881
1689840 1881
1689850 1853
1689860 1828
1689870 1828
1689880 1815
1689890 1809
1689900 1809
1689910 1803
1689920 1785
1689930 1785
1689940 1769
1689950 1756
1689960 1734
1689970 1734
1689980 1712
1689990 1707
1690000 1707
1690010 1703
1690020 1698
1690030 1698
1690040 1693
1690050 1687
1690060 1687
1690070 1682
1690080 1676
1690090 1676
1690100 1671
1690110 1665
1690120 1665
1690130 1659
1690140 1653
1690150 1653
1690160 1646
1690170 1640
1690180 1640
1690190 1633
1690200 1626
1690210 1626
1690220 1620
1690230 1613
1690240 1613
1690250 1607
1690260 1601
1690270 1601
1690280 1596
1690290 1589
1690300 1589
1690310 1583
1690320 1577
1690330 1577
1690340 1572
1690350 1568
1690360 1568
1690370 1565
1690380 1561
1690390 1561
1690400 1561
1690410 1563
1690420 1564
1690430 1564
1690440 1565
1690450 1564
1690460 1564
1690470 1563
1690480 1560
1690490 1560
1690500 1558
1690510 1555
1690520 1555
1690530 1556
1690540 1554
1690550 1554
1690560 1555
1690570 1552
1690580 1552
1690590 1551
1690600 1552
1690610 1552
1690620 1553
1690630 1554
1690640 1554
1690650 1555
1690660 1555
1690670 1555
1690680 1556
1690690 1558
1690700 1558
1690710 1559
1690720 1559
1690730 1559
1690740 1560
1690750 1561
1690760 1561
1690770 1563
1690780 1564
1690790 1566
1690800 1566
1690810 1569
1690820 1571
1690830 1571
1690840 1572
1690850 1570
1690860 1570
1690870 1571
1690880 1569
1690890 1569
1690900 1568
1690910 1572
1690920 1572
1690930 1573
1690940 1571
1690950 1571
1690960 1570
1690970 1569
1690980 1569
1690990 1568
1691000 1568
1691010 1568
1691020 1567
1691030 1566
1691040 1566
1691050 1566
1691060 1566
1691070 1566
1691080 1564
1691090 1559
1691100 1559
1691110 1555
1691120 1556
1691130 1556
1691140 1555
1691150 1553
1691160 1553
1691170 1546
1691180 1541
1691190 1541
1691200 1541
1691210 1539
1691220 1536
1691230 1536
1691240 1535
1691250 1532
1691260 1532
1691270 1532
1691280 1537
1691290 1537
1691300 1542
1691310 1543
1691320 1543
1691330 1541
1691340 1537
1691350 1537
1691360 1532
1691370 1527
1691380 1527
1691390 1521
1691400 1516
1691410 1516
1691420 1511
1691430 1506
1691440 1506
1691450 1503
1691460 1498
1691470 1498
1691480 1493
1691490 1490
1691500 1490
1691510 1488
1691520 1486
1691530 1486
1691540 1485
1691550 1486
1691560 1486
1691570 1490
1691580 1492
1691590 1494
1691600 1494
1691610 1495
1691620 1496
1691630 1496
1691640 1498
1691650 1502
1691660 1502
1691670 1505
1691680 1507
1691690 1507
1691700 1510
1691710 1513
1691720 1513
1691730 1515
1691740 1517
1691750 1517
1691760 1520
1691770 1523
1691780 1523
1691790 1525
1691800 1526
1691810 1526
1691820 1527
1691830 1528
1691840 1528
1691850 1530
1691860 1530
1691870 1530
1691880 1529
1691890 1530
1691900 1530
1691910 1532
1691920 1533
1691930 1533
1691940 1534
1691950 1535
1691960 1535
1691970 1536
1691980 1537
1691990 1537
1692000 1538
1692010 1539
1692020 1540
1692030 1540
1692040 1540
1692050 1540
1692060 1540
1692070 1539
1692080 1538
1692090 1538
1692100 1534
1692110 1528
1692120 1528
1692130 1537
1692140 1551
1692150 1551
1692160 1559
1692170 1570
1692180 1570
1692190 1579
1692200 1602
1692210 1602
1692220 1607
1692230 1613
1692240 1613
1692250 1620
1692260 1635
1692270 1635
1692280 1661
1692290 1675
1692300 1675
1692310 1682
1692320 1686
1692330 1686
1692340 1693
1692350 1682
1692360 1682
1692370 1654
1692380 1660
1692390 1660
1692400 1667
1692410 1663
1692420 1667
1692430 1667
1692440 1666
1692450 1661
1692460 1661
1692470 1653
1692480 1650
1692490 1650
1692500 1650
1692510 1646
1692520 1646
1692530 1646
1692540 1643
1692550 1643
1692560 1644
1692570 1643
1692580 1643
1692590 1646
1692600 1647
1692610 1647
1692620 1644
1692630 1653
1692640 1653
1692650 1658
1692660 1663
1692670 1663
1692680 1671
1692690 1676
1692700 1676
1692710 1681
1692720 1686
1692730 1686
1692740 1694
1692750 1697
1692760 1697
1692770 1707
1692780 1716
1692790 1716
1692800 1724
1692810 1735
1692820 1749
1692830 1749
1692840 1756
1692850 1752
1692860 1752
1692870 1748
1692880 1744
1692890 1744
1692900 1740
1692910 1735
1692920 1735
1692930 1735
1692940 1731
1692950 1731
1692960 1729
1692970 1724
1692980 1724
1692990 1731
1693000 1730
1693010 1730
1693020 1727
1693030 1735
1693040 1735
1693050 1739
1693060 1742
1693070 1742
1693080 1745
1693090 1747
1693100 1747
1693110 1757
1693120 1768
1693130 1768
1693140 1772
1693150 1771
1693160 1771
1693170 1769
1693180 1770
1693190 1770
1693200 1776
1693210 1778
1693220 1778
1693230 1778
1693240 1777
1693250 1781
1693260 1781
1693270 1797
1693280 1810
1693290 1810
1693300 1812
1693310 1815
1693320 1815
1693330 1823
1693340 1826
1693350 1826
1693360 1821
1693370 1822
1693380 1822
1693390 1824
1693400 1824
1693410 1824
1693420 1817
1693430 1820
1693440 1820
1693450 1809
1693460 1817
1693470 1817
1693480 1817
1693490 1813
1693500 1813
1693510 1809
1693520 1818
1693530 1818
1693540 1831
1693550 1838
1693560 1838
1693570 1856
1693580 1859
1693590 1859
1693600 1851
1693610 1847
1693620 1847
1693630 1847
1693640 1845
1693650 1845
1693660 1845
1693670 1845
1693680 1845
1693690 1845
1693700 1846
1693710 1844
1693720 1844
1693730 1849
1693740 1859
1693750 1859
1693760 1864
1693770 1866
1693780 1866
1693790 1869
1693800 1871
1693810 1871
1693820 1879
1693830 1885
1693840 1885
1693850 1890
1693860 1897
1693870 1897
1693880 1903
1693890 1908
1693900 1908
1693910 1912
1693920 1915
1693930 1915
1693940 1918
1693950 1920
1693960 1920
1693970 1921
1693980 1923
1693990 1923
1694000 1924
1694010 1926
1694020 1926
1694030 1927
1694040 1929
1694050 1930
1694060 1930
1694070 1931
1694080 1933
1694090 1933
1694100 1934
1694110 1936
1694120 1936
1694130 1937
1694140 1939
1694150 1939
1694160 1940
1694170 1941
1694180 1941
1694190 1942
1694200 1943
1694210 1943
1694220 1944
1694230 1945
1694240 1945
1694250 1945
1694260 1946
1694270 1946
1694280 1946
1694290 1947
1694300 1947
1694310 1948
1694320 1948
1694330 1948
1694340 1949
1694350 1949
1694360 1949
1694370 1949
1694380 1946
1694390 1946
1694400 1944
1694410 1942
1694420 1942
1694430 1939
1694440 1931
1694450 1930
1694460 1930
1694470 1936
1694480 1942
1694490 1942
1694500 1947
1694510 1952
1694520 1952
1694530 1956
1694540 1959
1694550 1959
1694560 1962
1694570 1961
1694580 1961
1694590 1959
1694600 1955
1694610 1955
1694620 1951
1694630 1947
1694640 1947
1694650 1941
1694660 1935
1694670 1935
1694680 1928
1694690 1929
1694700 1929
1694710 1927
1694720 1925
1694730 1925
1694740 1920
1694750 1918
1694760 1918
1694770 1918
1694780 1917
1694790 1917
1694800 1911
1694810 1905
1694820 1905
1694830 1899
1694840 1894
1694850 1895
1694860 1895
1694870 1896
1694880 1897
1694890 1897
1694900 1898
1694910 1899
1694920 1899
1694930 1901
1694940 1903
1694950 1903
1694960 1904
1694970 1906
1694980 1906
1694990 1907
1695000 1907
1695010 1907
1695020 1908
1695030 1907
1695040 1907
1695050 1907
1695060 1908
1695070 1908
1695080 1909
1695090 1910
1695100 1910
1695110 1911
1695120 1912
1695130 1912
1695140 1912
1695150 1913
1695160 1913
1695170 1914
1695180 1915
1695190 1915
1695200 1915
1695210 1916
1695220 1916
1695230 1916
1695240 1916
1695250 1915
1695260 1915
1695270 1905
1695280 1893
1695290 1893
1695300 1888
1695310 1882
1695320 1882
1695330 1871
1695340 1855
1695350 1855
1695360 1847
1695370 1840
1695380 1840
1695390 1835
1695400 1829
1695410 1829
1695420 1824
1695430 1818
1695440 1818
1695450 1815
1695460 1815
1695470 1815
1695480 1809
1695490 1804
1695500 1804
1695510 1805
1695520 1802
1695530 1802
1695540 1798
1695550 1795
1695560 1795
1695570 1794
1695580 1794
1695590 1794
1695600 1795
1695610 1796
1695620 1796
1695630 1797
1695640 1798
1695650 1798
1695660 1798
1695670 1795
1695680 1793
1695690 1793
1695700 1793
1695710 1800
1695720 1800
1695730 1813
1695740 1823
1695750 1823
1695760 1829
1695770 1866
1695780 1866
1695790 1850
1695800 1828
1695810 1828
1695820 1825
1695830 1823
1695840 1823
1695850 1825
1695860 1827
1695870 1827
1695880 1827
1695890 1821
1695900 1821
1695910 1822
1695920 1812
1695930 1812
1695940 1806
1695950 1801
1695960 1801
1695970 1803
1695980 1808
1695990 1808
1696000 1808
1696010 1799
1696020 1799
1696030 1801
1696040 1782
1696050 1782
1696060 1779
1696070 1774
1696080 1770
1696090 1770
1696100 1764
1696110 1764
1696120 1764
1696130 1764
1696140 1761
1696150 1761
1696160 1758
1696170 1756
1696180 1756
1696190 1755
1696200 1751
1696210 1751
1696220 1749
1696230 1750
1696240 1750
1696250 1754
1696260 1756
1696270 1756
1696280 1758
1696290 1760
1696300 1760
1696310 1763
1696320 1765
1696330 1765
1696340 1769
1696350 1773
1696360 1773
1696370 1779
1696380 1782
1696390 1782
1696400 1785
1696410 1787
1696420 1787
1696430 1791
1696440 1793
1696450 1793
1696460 1793
1696470 1787
1696480 1779
1696490 1779
1696500 1772
1696510 1764
1696520 1764
1696530 1757
1696540 1750
1696550 1750
1696560 1743
1696570 1736
1696580 1736
1696590 1731
1696600 1729
1696610 1729
1696620 1730
1696630 1729
1696640 1729
1696650 1727
1696660 1721
1696670 1721
1696680 1714
1696690 1706
1696700 1706
1696710 1697
1696720 1697
1696730 1697
1696740 1697
1696750 1698
1696760 1698
1696770 1697
1696780 1695
1696790 1695
1696800 1692
1696810 1691
1696820 1691
1696830 1691
1696840 1695
1696850 1695
1696860 1696
1696870 1700
1696880 1702
1696890 1702
1696900 1704
1696910 1707
1696920 1707
1696930 1710
1696940 1713
1696950 1713
1696960 1715
1696970 1718
1696980 1718
1696990 1719
1697000 1718
1697010 1718
1697020 1715
1697030 1712
1697040 1712
1697050 1709
1697060 1705
1697070 1705
1697080 1704
1697090 1705
1697100 1705
1697110 1706
1697120 1703
1697130 1703
1697140 1695
1697150 1688
1697160 1688
1697170 1683
1697180 1679
1697190 1679
1697200 1672
1697210 1668
1697220 1668
1697230 1663
1697240 1659
1697250 1659
1697260 1659
1697270 1659
1697280 1659
1697290 1659
1697300 1659
1697310 1660
1697320 1660
1697330 1661
1697340 1662
1697350 1662
1697360 1663
1697370 1662
1697380 1662
1697390 1665
1697400 1665
1697410 1665
1697420 1668
1697430 1669
1697440 1669
1697450 1679
1697460 1679
1697470 1679
1697480 1676
1697490 1686
1697500 1686
1697510 1687
1697520 1681
1697530 1681
1697540 1677
1697550 1668
1697560 1668
1697570 1662
1697580 1661
1697590 1661
1697600 1658
1697610 1654
1697620 1654
1697630 1657
1697640 1654
1697650 1654
1697660 1650
1697670 1646
1697680 1646
1697690 1644
1697700 1641
1697710 1640
1697720 1640
1697730 1638
1697740 1636
1697750 1636
1697760 1633
1697770 1631
1697780 1631
1697790 1628
1697800 1625
1697810 1625
1697820 1622
1697830 1620
1697840 1620
1697850 1618
1697860 1618
1697870 1618
1697880 1617
1697890 1617
1697900 1617
1697910 1616
1697920 1614
1697930 1614
1697940 1614
1697950 1616
1697960 1616
1697970 1624
1697980 1628
1697990 1628
1698000 1616
1698010 1615
1698020 1615
1698030 1612
1698040 1606
1698050 1606
1698060 1611
1698070 1607
1698080 1607
1698090 1601
1698100 1598
1698110 1594
1698120 1594
1698130 1592
1698140 1587
1698150 1587
1698160 1582
1698170 1580
1698180 1580
1698190 1575
1698200 1569
1698210 1569
1698220 1566
1698230 1563
1698240 1563
1698250 1560
1698260 1557
1698270 1557
1698280 1553
1698290 1551
1698300 1551
1698310 1547
1698320 1545
1698330 1545
1698340 1542
1698350 1539
1698360 1539
1698370 1535
1698380 1531
1698390 1531
1698400 1527
1698410 1522
1698420 1522
1698430 1518
1698440 1512
1698450 1512
1698460 1507
1698470 1503
1698480 1503
1698490 1499
1698500 1496
1698510 1492
1698520 1492
1698530 1488
1698540 1484
1698550 1484
1698560 1480
1698570 1476
1698580 1476
1698590 1472
1698600 1468
1698610 1468
1698620 1463
1698630 1454
1698640 1454
1698650 1452
1698660 1452
1698670 1452
1698680 1451
1698690 1448
1698700 1448
1698710 1444
1698720 1441
1698730 1441
1698740 1437
1698750 1433
1698760 1433
1698770 1428
1698780 1423
1698790 1423
1698800 1418
1698810 1413
1698820 1413
1698830 1407
1698840 1402
1698850 1402
1698860 1396
1698870 1391
1698880 1391
1698890 1385
1698900 1380
1698910 1375
1698920 1375
1698930 1370
1698940 1364
1698950 1364
1698960 1359
1698970 1354
1698980 1354
1698990 1349
1699000 1342
1699010 1342
1699020 1336
1699030 1330
1699040 1330
1699050 1325
1699060 1321
1699070 1321
1699080 1317
1699090 1318
1699100 1318
1699110 1317
1699120 1315
1699130 1315
1699140 1313
1699150 1308
1699160 1308
1699170 1307
1699180 1309
1699190 1309
1699200 1311
1699210 1313
1699220 1313
1699230 1314
1699240 1315
1699250 1315
1699260 1316
1699270 1318
1699280 1318
1699290 1318
1699300 1318
1699310 1320
1699320 1320
1699330 1325
1699340 1329
1699350 1329
1699360 1334
1699370 1338
1699380 1338
1699390 1343
1699400 1348
1699410 1348
1699420 1353
1699430 1359
1699440 1359
1699450 1365
1699460 1371
1699470 1371
1699480 1376
1699490 1381
1699500 1381
1699510 1387
1699520 1392
1699530 1392
1699540 1397
1699550 1403
1699560 1403
1699570 1408
1699580 1411
1699590 1411
1699600 1417
1699610 1424
1699620 1424
1699630 1430
1699640 1436
1699650 1436
1699660 1442
1699670 1447
1699680 1447
1699690 1449
1699700 1449
1699710 1449
1699720 1451
1699730 1452
1699740 1452
1699750 1452
1699760 1452
1699770 1450
1699780 1450
1699790 1447
1699800 1446
1699810 1446
1699820 1443
1699830 1443
1699840 1443
1699850 1446
1699860 1450
1699870 1450
1699880 1453
1699890 1455
1699900 1455
1699910 1456
1699920 1456
1699930 1456
1699940 1454
1699950 1452
1699960 1452
1699970 1449
1699980 1448
1699990 1448
