1680000 919
1680010 915
1680020 910
1680030 910
1680040 905
1680050 902
1680060 902
1680070 899
1680080 895
1680090 895
1680100 891
1680110 886
1680120 886
1680130 883
1680140 879
1680150 879
1680160 875
1680170 871
1680180 871
1680190 867
1680200 864
1680210 864
1680220 861
1680230 857
1680240 857
1680250 853
1680260 849
1680270 849
1680280 844
1680290 839
1680300 839
1680310 834
1680320 829
1680330 829
1680340 824
1680350 818
1680360 818
1680370 812
1680380 807
1680390 807
1680400 804
1680410 798
1680420 795
1680430 795
1680440 789
1680450 783
1680460 783
1680470 778
1680480 772
1680490 772
1680500 766
1680510 760
1680520 760
1680530 754
1680540 751
1680550 751
1680560 748
1680570 745
1680580 745
1680590 744
1680600 742
1680610 742
1680620 740
1680630 737
1680640 737
1680650 733
1680660 727
1680670 727
1680680 723
1680690 722
1680700 722
1680710 720
1680720 717
1680730 717
1680740 715
1680750 711
1680760 711
1680770 707
1680780 702
1680790 702
1680800 697
1680810 691
1680820 685
1680830 685
1680840 680
1680850 677
1680860 677
1680870 673
1680880 670
1680890 670
1680900 670
1680910 670
1680920 670
1680930 669
1680940 669
1680950 669
1680960 669
1680970 669
1680980 669
1680990 669
1681000 668
1681010 668
1681020 668
1681030 667
1681040 667
1681050 667
1681060 666
1681070 666
1681080 666
1681090 666
1681100 666
1681110 666
1681120 665
1681130 665
1681140 664
1681150 664
1681160 664
1681170 664
1681180 663
1681190 663
1681200 663
1681210 663
1681220 663
1681230 663
1681240 663
1681250 663
1681260 663
1681270 663
1681280 662
1681290 662
1681300 662
1681310 662
1681320 662
1681330 660
1681340 660
1681350 660
1681360 658
1681370 658
1681380 658
1681390 657
1681400 657
1681410 657
1681420 658
1681430 658
1681440 658
1681450 658
1681460 657
1681470 657
1681480 657
1681490 657
1681500 657
1681510 660
1681520 663
1681530 663
1681540 666
1681550 667
1681560 667
1681570 669
1681580 670
1681590 670
1681600 672
1681610 675
1681620 675
1681630 678
1681640 681
1681650 682
1681660 682
1681670 683
1681680 684
1681690 684
1681700 686
1681710 687
1681720 687
1681730 690
1681740 694
1681750 694
1681760 698
1681770 701
1681780 701
1681790 704
1681800 707
1681810 707
1681820 711
1681830 714
1681840 714
1681850 717
1681860 720
1681870 720
1681880 722
1681890 724
1681900 724
1681910 726
1681920 728
1681930 728
1681940 731
1681950 733
1681960 733
1681970 735
1681980 738
1681990 738
1682000 739
1682010 741
1682020 741
1682030 742
1682040 744
1682050 744
1682060 745
1682070 746
1682080 748
1682090 748
1682100 750
1682110 752
1682120 752
1682130 753
1682140 756
1682150 756
1682160 758
1682170 760
1682180 760
1682190 760
1682200 758
1682210 758
1682220 750
1682230 747
1682240 747
1682250 746
1682260 749
1682270 749
1682280 750
1682290 749
1682300 749
1682310 746
1682320 745
1682330 745
1682340 743
1682350 741
1682360 741
1682370 739
1682380 737
1682390 737
1682400 733
1682410 731
1682420 731
1682430 729
1682440 726
1682450 726
1682460 727
1682470 729
1682480 731
1682490 731
1682500 733
1682510 734
1682520 734
1682530 741
1682540 748
1682550 748
1682560 751
1682570 756
1682580 756
1682590 762
1682600 766
1682610 766
1682620 769
1682630 773
1682640 773
1682650 779
1682660 783
1682670 783
1682680 788
1682690 796
1682700 796
1682710 797
1682720 801
1682730 801
1682740 805
1682750 811
1682760 811
1682770 814
1682780 813
1682790 813
1682800 815
1682810 816
1682820 816
1682830 818
1682840 821
1682850 821
1682860 823
1682870 824
1682880 824
1682890 826
1682900 831
1682910 833
1682920 833
1682930 834
1682940 835
1682950 835
1682960 835
1682970 833
1682980 833
1682990 825
1683000 816
1683010 816
1683020 806
1683030 796
1683040 796
1683050 788
1683060 776
1683070 776
1683080 761
1683090 751
1683100 751
1683110 735
1683120 726
1683130 726
1683140 718
1683150 711
1683160 711
1683170 704
1683180 698
1683190 698
1683200 692
1683210 686
1683220 686
1683230 680
1683240 676
1683250 676
1683260 671
1683270 668
1683280 668
1683290 666
1683300 669
1683310 674
1683320 674
1683330 680
1683340 687
1683350 687
1683360 695
1683370 701
1683380 701
1683390 708
1683400 715
1683410 715
1683420 721
1683430 727
1683440 727
1683450 734
1683460 740
1683470 740
1683480 749
1683490 758
1683500 758
1683510 767
1683520 773
1683530 773
1683540 779
1683550 784
1683560 784
1683570 790
1683580 795
1683590 795
1683600 799
1683610 802
1683620 802
1683630 806
1683640 811
1683650 811
1683660 816
1683670 821
1683680 821
1683690 825
1683700 828
1683710 828
1683720 831
1683730 833
1683740 835
1683750 835
1683760 836
1683770 835
1683780 835
1683790 834
1683800 833
1683810 833
1683820 833
1683830 832
1683840 832
1683850 832
1683860 831
1683870 831
1683880 829
1683890 827
1683900 827
1683910 824
1683920 824
1683930 824
1683940 820
1683950 826
1683960 826
1683970 832
1683980 837
1683990 837
1684000 843
1684010 846
1684020 846
1684030 844
1684040 848
1684050 848
1684060 853
1684070 859
1684080 859
1684090 864
1684100 867
1684110 867
1684120 865
1684130 865
1684140 865
1684150 865
1684160 866
1684170 866
1684180 866
1684190 863
1684200 861
1684210 861
1684220 858
1684230 855
1684240 855
1684250 851
1684260 848
1684270 848
1684280 844
1684290 843
1684300 843
1684310 840
1684320 835
1684330 835
1684340 830
1684350 823
1684360 823
1684370 816
1684380 814
1684390 814
1684400 819
1684410 823
1684420 823
1684430 828
1684440 829
1684450 829
1684460 831
1684470 831
1684480 831
1684490 831
1684500 828
1684510 828
1684520 823
1684530 813
1684540 813
1684550 800
1684560 792
1684570 786
1684580 786
1684590 781
1684600 776
1684610 776
1684620 771
1684630 764
1684640 764
1684650 752
1684660 743
1684670 743
1684680 734
1684690 729
1684700 729
1684710 722
1684720 715
1684730 715
1684740 711
1684750 706
1684760 706
1684770 701
1684780 697
1684790 697
1684800 691
1684810 693
1684820 693
1684830 693
1684840 698
1684850 698
1684860 701
1684870 707
1684880 707
1684890 713
1684900 719
1684910 719
1684920 725
1684930 730
1684940 730
1684950 736
1684960 742
1684970 748
1684980 748
1684990 753
1685000 759
1685010 759
1685020 765
1685030 772
1685040 772
1685050 780
1685060 787
1685070 787
1685080 797
1685090 801
1685100 801
1685110 806
1685120 813
1685130 813
1685140 824
1685150 829
1685160 829
1685170 830
1685180 830
1685190 830
1685200 828
1685210 824
1685220 824
1685230 829
1685240 818
1685250 818
1685260 821
1685270 838
1685280 838
1685290 836
1685300 827
1685310 827
1685320 828
1685330 824
1685340 824
1685350 817
1685360 810
1685370 810
1685380 805
1685390 803
1685400 803
1685410 803
1685420 802
1685430 803
1685440 803
1685450 804
1685460 803
1685470 803
1685480 807
1685490 813
1685500 813
1685510 820
1685520 827
1685530 827
1685540 834
1685550 839
1685560 839
1685570 843
1685580 845
1685590 845
1685600 850
1685610 856
1685620 856
1685630 862
1685640 868
1685650 868
1685660 873
1685670 878
1685680 878
1685690 882
1685700 886
1685710 886
1685720 890
1685730 889
1685740 889
1685750 889
1685760 889
1685770 889
1685780 891
1685790 893
1685800 893
1685810 893
1685820 895
1685830 910
1685840 910
1685850 920
1685860 934
1685870 934
1685880 951
1685890 962
1685900 962
1685910 975
1685920 980
1685930 980
1685940 982
1685950 987
1685960 987
1685970 990
1685980 999
1685990 999
1686000 1010
1686010 1009
1686020 1009
1686030 1019
1686040 1027
1686050 1027
1686060 1023
1686070 1019
1686080 1019
1686090 1028
1686100 1026
1686110 1026
1686120 1052
1686130 1061
1686140 1061
1686150 1063
1686160 1061
1686170 1061
1686180 1065
1686190 1066
1686200 1066
1686210 1062
1686220 1055
1686230 1053
1686240 1053
1686250 1053
1686260 1057
1686270 1057
1686280 1063
1686290 1065
1686300 1065
1686310 1070
1686320 1089
1686330 1089
1686340 1092
1686350 1090
1686360 1090
1686370 1084
1686380 1084
1686390 1084
1686400 1074
1686410 1067
1686420 1067
1686430 1063
1686440 1058
1686450 1058
1686460 1098
1686470 1101
1686480 1101
1686490 1099
1686500 1097
1686510 1097
1686520 1094
1686530 1095
1686540 1095
1686550 1084
1686560 1088
1686570 1088
1686580 1093
1686590 1104
1686600 1104
1686610 1108
1686620 1108
1686630 1108
1686640 1108
1686650 1109
1686660 1109
1686670 1109
1686680 1104
1686690 1104
1686700 1104
1686710 1110
1686720 1116
1686730 1116
1686740 1126
1686750 1136
1686760 1136
1686770 1150
1686780 1158
1686790 1158
1686800 1170
1686810 1192
1686820 1192
1686830 1196
1686840 1203
1686850 1203
1686860 1218
1686870 1241
1686880 1241
1686890 1247
1686900 1254
1686910 1254
1686920 1265
1686930 1269
1686940 1269
1686950 1266
1686960 1243
1686970 1243
1686980 1232
1686990 1226
1687000 1226
1687010 1216
1687020 1211
1687030 1211
1687040 1207
1687050 1203
1687060 1195
1687070 1195
1687080 1188
1687090 1182
1687100 1182
1687110 1169
1687120 1153
1687130 1153
1687140 1150
1687150 1148
1687160 1148
1687170 1146
1687180 1147
1687190 1147
1687200 1149
1687210 1156
1687220 1156
1687230 1171
1687240 1175
1687250 1175
1687260 1179
1687270 1180
1687280 1180
1687290 1180
1687300 1182
1687310 1182
1687320 1184
1687330 1186
1687340 1186
1687350 1188
1687360 1190
1687370 1190
1687380 1190
1687390 1192
1687400 1192
1687410 1195
1687420 1198
1687430 1198
1687440 1200
1687450 1203
1687460 1205
1687470 1205
1687480 1207
1687490 1210
1687500 1210
1687510 1213
1687520 1219
1687530 1219
1687540 1227
1687550 1231
1687560 1231
1687570 1229
1687580 1228
1687590 1228
1687600 1230
1687610 1230
1687620 1230
1687630 1222
1687640 1212
1687650 1212
1687660 1206
1687670 1202
1687680 1202
1687690 1197
1687700 1192
1687710 1192
1687720 1189
1687730 1193
1687740 1193
1687750 1198
1687760 1204
1687770 1204
1687780 1210
1687790 1217
1687800 1217
1687810 1228
1687820 1231
1687830 1231
1687840 1236
1687850 1240
1687860 1240
1687870 1244
1687880 1249
1687890 1254
1687900 1254
1687910 1256
1687920 1255
1687930 1255
1687940 1255
1687950 1259
1687960 1259
1687970 1262
1687980 1265
1687990 1265
1688000 1270
1688010 1276
1688020 1276
1688030 1282
1688040 1288
1688050 1288
1688060 1293
1688070 1298
1688080 1298
1688090 1302
1688100 1304
1688110 1304
1688120 1305
1688130 1307
1688140 1307
1688150 1309
1688160 1310
1688170 1310
1688180 1310
1688190 1311
1688200 1311
1688210 1313
1688220 1314
1688230 1314
1688240 1314
1688250 1316
1688260 1316
1688270 1315
1688280 1315
1688290 1315
1688300 1315
1688310 1314
1688320 1315
1688330 1315
1688340 1316
1688350 1318
1688360 1318
1688370 1320
1688380 1321
1688390 1321
1688400 1322
1688410 1322
1688420 1322
1688430 1323
1688440 1323
1688450 1323
1688460 1323
1688470 1324
1688480 1324
1688490 1324
1688500 1325
1688510 1325
1688520 1327
1688530 1328
1688540 1328
1688550 1328
1688560 1328
1688570 1328
1688580 1330
1688590 1332
1688600 1332
1688610 1333
1688620 1335
1688630 1335
1688640 1336
1688650 1337
1688660 1337
1688670 1338
1688680 1340
1688690 1340
1688700 1341
1688710 1343
1688720 1345
1688730 1345
1688740 1347
1688750 1348
1688760 1348
1688770 1348
1688780 1350
1688790 1350
1688800 1352
1688810 1354
1688820 1354
1688830 1356
1688840 1358
1688850 1358
1688860 1360
1688870 1362
1688880 1362
1688890 1364
1688900 1365
1688910 1365
1688920 1367
1688930 1369
1688940 1369
1688950 1372
1688960 1373
1688970 1373
1688980 1375
1688990 1375
1689000 1375
1689010 1378
1689020 1382
1689030 1382
1689040 1384
1689050 1387
1689060 1387
1689070 1390
1689080 1392
1689090 1392
1689100 1396
1689110 1398
1689120 1402
1689130 1402
1689140 1405
1689150 1408
1689160 1408
1689170 1410
1689180 1412
1689190 1412
1689200 1414
1689210 1415
1689220 1415
1689230 1416
1689240 1416
1689250 1416
1689260 1417
1689270 1419
1689280 1419
1689290 1424
1689300 1427
1689310 1427
1689320 1429
1689330 1432
1689340 1432
1689350 1433
1689360 1434
1689370 1434
1689380 1434
1689390 1437
1689400 1437
1689410 1440
1689420 1443
1689430 1443
1689440 1446
1689450 1449
1689460 1449
1689470 1451
1689480 1454
1689490 1454
1689500 1456
1689510 1455
1689520 1455
1689530 1457
1689540 1457
1689550 1458
1689560 1458
1689570 1458
1689580 1458
1689590 1458
1689600 1459
1689610 1459
1689620 1459
1689630 1458
1689640 1457
1689650 1457
1689660 1456
1689670 1455
1689680 1455
1689690 1454
1689700 1452
1689710 1452
1689720 1452
1689730 1451
1689740 1451
1689750 1451
1689760 1449
1689770 1449
1689780 1448
1689790 1447
1689800 1447
1689810 1445
1689820 1442
1689830 1442
1689840 1436
1689850 1429
1689860 1429
1689870 1427
1689880 1430
1689890 1430
1689900 1424
1689910 1414
1689920 1414
1689930 1411
1689940 1408
1689950 1406
1689960 1406
1689970 1403
1689980 1399
1689990 1399
1690000 1397
1690010 1394
1690020 1394
1690030 1391
1690040 1386
1690050 1386
1690060 1384
1690070 1383
1690080 1383
1690090 1387
1690100 1391
1690110 1391
1690120 1393
1690130 1392
1690140 1392
1690150 1387
1690160 1379
1690170 1379
1690180 1371
1690190 1364
1690200 1364
1690210 1357
1690220 1351
1690230 1351
1690240 1343
1690250 1337
1690260 1337
1690270 1330
1690280 1323
1690290 1323
1690300 1315
1690310 1308
1690320 1308
1690330 1300
1690340 1293
1690350 1293
1690360 1287
1690370 1282
1690380 1277
1690390 1277
1690400 1272
1690410 1269
1690420 1269
1690430 1269
1690440 1271
1690450 1271
1690460 1274
1690470 1276
1690480 1276
1690490 1278
1690500 1279
1690510 1279
1690520 1281
1690530 1285
1690540 1285
1690550 1290
1690560 1295
1690570 1295
1690580 1299
1690590 1305
1690600 1305
1690610 1305
1690620 1310
1690630 1310
1690640 1316
1690650 1320
1690660 1320
1690670 1324
1690680 1333
1690690 1333
1690700 1347
1690710 1376
1690720 1376
1690730 1388
1690740 1400
1690750 1400
1690760 1409
1690770 1417
1690780 1425
1690790 1425
1690800 1433
1690810 1441
1690820 1441
1690830 1460
1690840 1480
1690850 1480
1690860 1483
1690870 1501
1690880 1501
1690890 1504
1690900 1511
1690910 1511
1690920 1511
1690930 1509
1690940 1509
1690950 1528
1690960 1543
1690970 1543
1690980 1545
1690990 1541
1691000 1541
1691010 1543
1691020 1546
1691030 1546
1691040 1541
1691050 1537
1691060 1537
1691070 1535
1691080 1537
1691090 1537
1691100 1538
1691110 1536
1691120 1536
1691130 1533
1691140 1532
1691150 1532
1691160 1527
1691170 1525
1691180 1525
1691190 1530
1691200 1532
1691210 1523
1691220 1523
1691230 1522
1691240 1521
1691250 1521
1691260 1521
1691270 1525
1691280 1525
1691290 1521
1691300 1517
1691310 1517
1691320 1513
1691330 1516
1691340 1516
1691350 1515
1691360 1518
1691370 1518
1691380 1521
1691390 1523
1691400 1523
1691410 1526
1691420 1532
1691430 1532
1691440 1531
1691450 1535
1691460 1535
1691470 1538
1691480 1542
1691490 1542
1691500 1535
1691510 1526
1691520 1526
1691530 1518
1691540 1514
1691550 1514
1691560 1505
1691570 1494
1691580 1494
1691590 1489
1691600 1478
1691610 1473
1691620 1473
1691630 1469
1691640 1459
1691650 1459
1691660 1447
1691670 1438
1691680 1438
1691690 1430
1691700 1423
1691710 1423
1691720 1416
1691730 1406
1691740 1406
1691750 1399
1691760 1391
1691770 1391
1691780 1384
1691790 1378
1691800 1378
1691810 1369
1691820 1363
1691830 1363
1691840 1356
1691850 1349
1691860 1349
1691870 1342
1691880 1335
1691890 1335
1691900 1330
1691910 1325
1691920 1325
1691930 1319
1691940 1313
1691950 1313
1691960 1306
1691970 1300
1691980 1300
1691990 1294
1692000 1288
1692010 1288
1692020 1282
1692030 1276
1692040 1269
1692050 1269
1692060 1264
1692070 1259
1692080 1259
1692090 1256
1692100 1251
1692110 1251
1692120 1245
1692130 1239
1692140 1239
1692150 1237
1692160 1242
1692170 1242
1692180 1242
1692190 1223
1692200 1223
1692210 1207
1692220 1183
1692230 1183
1692240 1178
1692250 1191
1692260 1191
1692270 1185
1692280 1182
1692290 1182
1692300 1174
1692310 1161
1692320 1161
1692330 1145
1692340 1133
1692350 1133
1692360 1123
1692370 1108
1692380 1108
1692390 1093
1692400 1073
1692410 1073
1692420 1062
1692430 1048
1692440 1033
1692450 1033
1692460 1020
1692470 1008
1692480 1008
1692490 997
1692500 985
1692510 985
1692520 972
1692530 957
1692540 957
1692550 952
1692560 950
1692570 950
1692580 950
1692590 948
1692600 948
1692610 949
1692620 948
1692630 948
1692640 945
1692650 942
1692660 942
1692670 940
1692680 939
1692690 939
1692700 938
1692710 935
1692720 935
1692730 935
1692740 937
1692750 937
1692760 940
1692770 944
1692780 944
1692790 947
1692800 950
1692810 950
1692820 957
1692830 964
1692840 964
1692850 971
1692860 977
1692870 992
1692880 992
1692890 1016
1692900 1043
1692910 1043
1692920 1059
1692930 1080
1692940 1080
1692950 1095
1692960 1094
1692970 1094
1692980 1140
1692990 1141
1693000 1141
1693010 1144
1693020 1131
1693030 1131
1693040 1144
1693050 1151
1693060 1151
1693070 1146
1693080 1151
1693090 1151
1693100 1139
1693110 1130
1693120 1130
1693130 1129
1693140 1133
1693150 1133
1693160 1144
1693170 1148
1693180 1148
1693190 1165
1693200 1208
1693210 1208
1693220 1226
1693230 1235
1693240 1235
1693250 1247
1693260 1254
1693270 1269
1693280 1269
1693290 1275
1693300 1293
1693310 1293
1693320 1329
1693330 1350
1693340 1350
1693350 1366
1693360 1373
1693370 1373
1693380 1377
1693390 1398
1693400 1398
1693410 1409
1693420 1417
1693430 1417
1693440 1449
1693450 1447
1693460 1447
1693470 1451
1693480 1457
1693490 1457
1693500 1463
1693510 1473
1693520 1473
1693530 1484
1693540 1497
1693550 1497
1693560 1505
1693570 1511
1693580 1511
1693590 1516
1693600 1522
1693610 1522
1693620 1529
1693630 1533
1693640 1533
1693650 1540
1693660 1551
1693670 1551
1693680 1563
1693690 1564
1693700 1569
1693710 1569
1693720 1575
1693730 1581
1693740 1581
1693750 1585
1693760 1591
1693770 1591
1693780 1600
1693790 1608
1693800 1608
1693810 1614
1693820 1615
1693830 1615
1693840 1619
1693850 1629
1693860 1629
1693870 1632
1693880 1637
1693890 1637
1693900 1642
1693910 1648
1693920 1648
1693930 1653
1693940 1660
1693950 1660
1693960 1667
1693970 1689
1693980 1689
1693990 1701
1694000 1708
1694010 1708
1694020 1717
1694030 1724
1694040 1724
1694050 1726
1694060 1728
1694070 1728
1694080 1730
1694090 1731
1694100 1733
1694110 1733
1694120 1733
1694130 1726
1694140 1726
1694150 1716
1694160 1675
1694170 1675
1694180 1663
1694190 1661
1694200 1661
1694210 1658
1694220 1649
1694230 1649
1694240 1637
1694250 1627
1694260 1627
1694270 1602
1694280 1583
1694290 1583
1694300 1571
1694310 1565
1694320 1565
1694330 1564
1694340 1560
1694350 1560
1694360 1557
1694370 1553
1694380 1553
1694390 1550
1694400 1548
1694410 1548
1694420 1547
1694430 1546
1694440 1546
1694450 1545
1694460 1543
1694470 1543
1694480 1546
1694490 1552
1694500 1552
1694510 1558
1694520 1564
1694530 1571
1694540 1571
1694550 1580
1694560 1589
1694570 1589
1694580 1599
1694590 1601
1694600 1601
1694610 1602
1694620 1603
1694630 1603
1694640 1605
1694650 1604
1694660 1604
1694670 1608
1694680 1614
1694690 1614
1694700 1618
1694710 1620
1694720 1620
1694730 1629
1694740 1637
1694750 1637
1694760 1639
1694770 1642
1694780 1642
1694790 1648
1694800 1648
1694810 1648
1694820 1650
1694830 1653
1694840 1653
1694850 1655
1694860 1661
1694870 1661
1694880 1661
1694890 1663
1694900 1663
1694910 1670
1694920 1680
1694930 1693
1694940 1693
1694950 1699
1694960 1708
1694970 1708
1694980 1713
1694990 1721
1695000 1721
1695010 1722
1695020 1720
1695030 1720
1695040 1720
1695050 1721
1695060 1721
1695070 1722
1695080 1722
1695090 1722
1695100 1719
1695110 1721
1695120 1721
1695130 1726
1695140 1728
1695150 1728
1695160 1731
1695170 1733
1695180 1733
1695190 1734
1695200 1735
1695210 1735
1695220 1737
1695230 1737
1695240 1737
1695250 1737
1695260 1737
1695270 1737
1695280 1738
1695290 1738
1695300 1738
1695310 1737
1695320 1737
1695330 1737
1695340 1738
1695350 1740
1695360 1743
1695370 1743
1695380 1745
1695390 1748
1695400 1748
1695410 1752
1695420 1755
1695430 1755
1695440 1758
1695450 1760
1695460 1760
1695470 1762
1695480 1764
1695490 1764
1695500 1765
1695510 1766
1695520 1766
1695530 1762
1695540 1751
1695550 1751
1695560 1741
1695570 1735
1695580 1735
1695590 1728
1695600 1721
1695610 1721
1695620 1716
1695630 1708
1695640 1708
1695650 1700
1695660 1682
1695670 1682
1695680 1670
1695690 1665
1695700 1665
1695710 1658
1695720 1651
1695730 1651
1695740 1647
1695750 1642
1695760 1638
1695770 1638
1695780 1634
1695790 1629
1695800 1629
1695810 1625
1695820 1621
1695830 1621
1695840 1617
1695850 1614
1695860 1614
1695870 1609
1695880 1613
1695890 1613
1695900 1612
1695910 1611
1695920 1611
1695930 1609
1695940 1607
1695950 1607
1695960 1607
1695970 1607
1695980 1607
1695990 1606
1696000 1605
1696010 1605
1696020 1602
1696030 1599
1696040 1599
1696050 1598
1696060 1596
1696070 1596
1696080 1599
1696090 1603
1696100 1603
1696110 1605
1696120 1606
1696130 1606
1696140 1606
1696150 1605
1696160 1605
1696170 1603
1696180 1602
1696190 1600
1696200 1600
1696210 1595
1696220 1589
1696230 1589
1696240 1587
1696250 1586
1696260 1586
1696270 1583
1696280 1582
1696290 1582
1696300 1577
1696310 1571
1696320 1571
1696330 1571
1696340 1576
1696350 1576
1696360 1575
1696370 1569
1696380 1569
1696390 1564
1696400 1561
1696410 1561
1696420 1560
1696430 1559
1696440 1559
1696450 1559
1696460 1561
1696470 1561
1696480 1560
1696490 1559
1696500 1559
1696510 1558
1696520 1557
1696530 1557
1696540 1556
1696550 1556
1696560 1556
1696570 1555
1696580 1552
1696590 1552
1696600 1552
1696610 1551
1696620 1550
1696630 1550
1696640 1551
1696650 1553
1696660 1553
1696670 1552
1696680 1554
1696690 1554
1696700 1554
1696710 1554
1696720 1554
1696730 1558
1696740 1562
1696750 1562
1696760 1563
1696770 1564
1696780 1564
1696790 1564
1696800 1566
1696810 1566
1696820 1567
1696830 1568
1696840 1568
1696850 1570
1696860 1568
1696870 1568
1696880 1567
1696890 1567
1696900 1567
1696910 1567
1696920 1567
1696930 1567
1696940 1568
1696950 1569
1696960 1569
1696970 1571
1696980 1574
1696990 1574
1697000 1577
1697010 1578
1697020 1578
1697030 1578
1697040 1577
1697050 1575
1697060 1575
1697070 1572
1697080 1572
1697090 1572
1697100 1572
1697110 1572
1697120 1572
1697130 1569
1697140 1553
1697150 1553
1697160 1544
1697170 1538
1697180 1538
1697190 1530
1697200 1524
1697210 1524
1697220 1519
1697230 1515
1697240 1515
1697250 1515
1697260 1518
1697270 1518
1697280 1522
1697290 1526
1697300 1526
1697310 1532
1697320 1537
1697330 1537
1697340 1542
1697350 1548
1697360 1548
1697370 1555
1697380 1564
1697390 1564
1697400 1572
1697410 1587
1697420 1602
1697430 1602
1697440 1607
1697450 1610
1697460 1610
1697470 1614
1697480 1627
1697490 1627
1697500 1629
1697510 1631
1697520 1631
1697530 1631
1697540 1633
1697550 1633
1697560 1635
1697570 1636
1697580 1636
1697590 1638
1697600 1639
1697610 1639
1697620 1640
1697630 1641
1697640 1641
1697650 1642
1697660 1642
1697670 1642
1697680 1643
1697690 1643
1697700 1643
1697710 1642
1697720 1643
1697730 1643
1697740 1644
1697750 1644
1697760 1644
1697770 1644
1697780 1643
1697790 1643
1697800 1639
1697810 1633
1697820 1630
1697830 1630
1697840 1627
1697850 1630
1697860 1630
1697870 1631
1697880 1630
1697890 1630
1697900 1627
1697910 1624
1697920 1624
1697930 1624
1697940 1626
1697950 1626
1697960 1625
1697970 1626
1697980 1626
1697990 1626
1698000 1626
1698010 1626
1698020 1625
1698030 1623
1698040 1623
1698050 1620
1698060 1615
1698070 1615
1698080 1616
1698090 1618
1698100 1618
1698110 1620
1698120 1621
1698130 1621
1698140 1620
1698150 1617
1698160 1617
1698170 1613
1698180 1609
1698190 1609
1698200 1606
1698210 1604
1698220 1604
1698230 1601
1698240 1598
1698250 1596
1698260 1596
1698270 1595
1698280 1595
1698290 1595
1698300 1592
1698310 1588
1698320 1588
1698330 1587
1698340 1591
1698350 1591
1698360 1593
1698370 1593
1698380 1593
1698390 1592
1698400 1593
1698410 1593
1698420 1595
1698430 1598
1698440 1598
1698450 1602
1698460 1605
1698470 1605
1698480 1608
1698490 1611
1698500 1611
1698510 1614
1698520 1617
1698530 1617
1698540 1620
1698550 1623
1698560 1623
1698570 1626
1698580 1627
1698590 1627
1698600 1629
1698610 1630
1698620 1630
1698630 1632
1698640 1633
1698650 1636
1698660 1636
1698670 1637
1698680 1639
1698690 1639
1698700 1639
1698710 1641
1698720 1641
1698730 1642
1698740 1642
1698750 1642
1698760 1643
1698770 1643
1698780 1643
1698790 1643
1698800 1643
1698810 1643
1698820 1643
1698830 1644
1698840 1644
1698850 1644
1698860 1645
1698870 1645
1698880 1645
1698890 1646
1698900 1646
1698910 1645
1698920 1644
1698930 1644
1698940 1644
1698950 1643
1698960 1643
1698970 1642
1698980 1639
1698990 1639
1699000 1637
1699010 1641
1699020 1641
1699030 1637
1699040 1640
1699050 1640
1699060 1637
1699070 1631
1699080 1625
1699090 1625
1699100 1626
1699110 1637
1699120 1637
1699130 1643
1699140 1648
1699150 1648
1699160 1653
1699170 1656
1699180 1656
1699190 1659
1699200 1661
1699210 1661
1699220 1662
1699230 1664
1699240 1664
1699250 1666
1699260 1667
1699270 1667
1699280 1669
1699290 1671
1699300 1671
1699310 1673
1699320 1675
1699330 1675
1699340 1677
1699350 1679
1699360 1679
1699370 1681
1699380 1684
1699390 1684
1699400 1686
1699410 1688
1699420 1688
1699430 1690
1699440 1692
1699450 1692
1699460 1694
1699470 1697
1699480 1699
1699490 1699
1699500 1702
1699510 1704
1699520 1704
1699530 1706
1699540 1708
1699550 1708
1699560 1710
1699570 1712
1699580 1712
1699590 1713
1699600 1714
1699610 1714
1699620 1715
1699630 1716
1699640 1716
1699650 1715
1699660 1715
1699670 1715
1699680 1717
1699690 1721
1699700 1721
1699710 1724
1699720 1727
1699730 1727
1699740 1730
1699750 1733
1699760 1733
1699770 1735
1699780 1736
1699790 1736
1699800 1738
1699810 1738
1699820 1738
1699830 1743
1699840 1745
1699850 1745
1699860 1746
1699870 1746
1699880 1746
1699890 1746
1699900 1746
1699910 1746
1699920 1746
1699930 1745
1699940 1744
1699950 1744
1699960 1743
1699970 1740
1699980 1740
1699990 1742
