1680000 917
1680010 913
1680020 909
1680030 909
1680040 905
1680050 901
1680060 901
1680070 897
1680080 893
1680090 893
1680100 889
1680110 885
1680120 885
1680130 880
1680140 876
1680150 876
1680160 871
1680170 866
1680180 866
1680190 862
1680200 858
1680210 858
1680220 853
1680230 850
1680240 850
1680250 845
1680260 841
1680270 841
1680280 837
1680290 833
1680300 833
1680310 831
1680320 828
1680330 828
1680340 825
1680350 821
1680360 821
1680370 815
1680380 811
1680390 811
1680400 805
1680410 801
1680420 801
1680430 796
1680440 790
1680450 786
1680460 786
1680470 782
1680480 781
1680490 781
1680500 779
1680510 775
1680520 775
1680530 771
1680540 766
1680550 766
1680560 762
1680570 758
1680580 758
1680590 755
1680600 751
1680610 751
1680620 749
1680630 746
1680640 746
1680650 744
1680660 741
1680670 741
1680680 738
1680690 734
1680700 734
1680710 730
1680720 726
1680730 726
1680740 724
1680750 721
1680760 721
1680770 718
1680780 716
1680790 716
1680800 713
1680810 708
1680820 708
1680830 704
1680840 704
1680850 702
1680860 702
1680870 699
1680880 697
1680890 697
1680900 694
1680910 692
1680920 692
1680930 690
1680940 688
1680950 688
1680960 684
1680970 679
1680980 679
1680990 674
1681000 673
1681010 673
1681020 674
1681030 676
1681040 676
1681050 677
1681060 676
1681070 676
1681080 676
1681090 678
1681100 678
1681110 679
1681120 680
1681130 680
1681140 679
1681150 679
1681160 679
1681170 680
1681180 679
1681190 679
1681200 678
1681210 677
1681220 677
1681230 676
1681240 676
1681250 676
1681260 675
1681270 674
1681280 673
1681290 673
1681300 671
1681310 671
1681320 671
1681330 670
1681340 668
1681350 668
1681360 667
1681370 665
1681380 665
1681390 665
1681400 667
1681410 667
1681420 667
1681430 668
1681440 668
1681450 669
1681460 669
1681470 669
1681480 665
1681490 659
1681500 659
1681510 654
1681520 652
1681530 652
1681540 652
1681550 652
1681560 652
1681570 658
1681580 660
1681590 660
1681600 660
1681610 658
1681620 658
1681630 657
1681640 657
1681650 657
1681660 657
1681670 657
1681680 657
1681690 657
1681700 657
1681710 654
1681720 654
1681730 654
1681740 656
1681750 656
1681760 656
1681770 658
1681780 658
1681790 659
1681800 661
1681810 661
1681820 664
1681830 667
1681840 667
1681850 669
1681860 672
1681870 672
1681880 674
1681890 677
1681900 677
1681910 679
1681920 680
1681930 680
1681940 680
1681950 680
1681960 680
1681970 681
1681980 682
1681990 682
1682000 683
1682010 684
1682020 684
1682030 686
1682040 687
1682050 687
1682060 689
1682070 690
1682080 690
1682090 692
1682100 693
1682110 693
1682120 693
1682130 694
1682140 693
1682150 693
1682160 691
1682170 690
1682180 690
1682190 689
1682200 688
1682210 688
1682220 688
1682230 687
1682240 687
1682250 687
1682260 687
1682270 687
1682280 687
1682290 687
1682300 687
1682310 685
1682320 683
1682330 683
1682340 678
1682350 675
1682360 675
1682370 672
1682380 671
1682390 671
1682400 671
1682410 672
1682420 672
1682430 673
1682440 674
1682450 674
1682460 675
1682470 675
1682480 675
1682490 676
1682500 675
1682510 674
1682520 674
1682530 674
1682540 673
1682550 673
1682560 672
1682570 670
1682580 670
1682590 670
1682600 673
1682610 673
1682620 677
1682630 679
1682640 679
1682650 680
1682660 685
1682670 685
1682680 689
1682690 696
1682700 696
1682710 699
1682720 701
1682730 701
1682740 705
1682750 711
1682760 711
1682770 716
1682780 720
1682790 720
1682800 723
1682810 724
1682820 724
1682830 726
1682840 727
1682850 727
1682860 732
1682870 733
1682880 733
1682890 735
1682900 738
1682910 738
1682920 742
1682930 744
1682940 747
1682950 747
1682960 747
1682970 750
1682980 750
1682990 752
1683000 752
1683010 752
1683020 754
1683030 748
1683040 748
1683050 751
1683060 752
1683070 752
1683080 753
1683090 753
1683100 753
1683110 743
1683120 728
1683130 728
1683140 714
1683150 703
1683160 703
1683170 694
1683180 687
1683190 687
1683200 678
1683210 671
1683220 671
1683230 663
1683240 656
1683250 656
1683260 654
1683270 660
1683280 660
1683290 669
1683300 677
1683310 677
1683320 684
1683330 695
1683340 704
1683350 704
1683360 715
1683370 725
1683380 725
1683390 739
1683400 744
1683410 744
1683420 736
1683430 729
1683440 729
1683450 723
1683460 719
1683470 719
1683480 716
1683490 715
1683500 715
1683510 718
1683520 720
1683530 720
1683540 722
1683550 721
1683560 721
1683570 724
1683580 729
1683590 729
1683600 736
1683610 741
1683620 741
1683630 743
1683640 747
1683650 747
1683660 755
1683670 762
1683680 762
1683690 770
1683700 779
1683710 779
1683720 785
1683730 790
1683740 790
1683750 793
1683760 793
1683770 789
1683780 789
1683790 787
1683800 787
1683810 787
1683820 787
1683830 785
1683840 785
1683850 786
1683860 790
1683870 790
1683880 794
1683890 798
1683900 798
1683910 801
1683920 804
1683930 804
1683940 806
1683950 809
1683960 809
1683970 810
1683980 807
1683990 807
1684000 803
1684010 799
1684020 799
1684030 797
1684040 797
1684050 797
1684060 800
1684070 804
1684080 804
1684090 808
1684100 812
1684110 812
1684120 812
1684130 812
1684140 812
1684150 810
1684160 808
1684170 804
1684180 804
1684190 799
1684200 796
1684210 796
1684220 796
1684230 795
1684240 795
1684250 793
1684260 791
1684270 791
1684280 787
1684290 780
1684300 780
1684310 773
1684320 768
1684330 768
1684340 771
1684350 773
1684360 773
1684370 773
1684380 771
1684390 771
1684400 768
1684410 764
1684420 764
1684430 759
1684440 748
1684450 748
1684460 750
1684470 746
1684480 746
1684490 752
1684500 752
1684510 752
1684520 753
1684530 753
1684540 753
1684550 748
1684560 740
1684570 740
1684580 733
1684590 728
1684600 722
1684610 722
1684620 717
1684630 712
1684640 712
1684650 707
1684660 703
1684670 703
1684680 699
1684690 697
1684700 697
1684710 697
1684720 696
1684730 696
1684740 693
1684750 685
1684760 685
1684770 677
1684780 672
1684790 672
1684800 672
1684810 670
1684820 670
1684830 676
1684840 684
1684850 684
1684860 692
1684870 700
1684880 700
1684890 703
1684900 708
1684910 708
1684920 714
1684930 719
1684940 719
1684950 725
1684960 730
1684970 730
1684980 735
1684990 741
1685000 749
1685010 749
1685020 759
1685030 776
1685040 776
1685050 785
1685060 789
1685070 789
1685080 789
1685090 786
1685100 786
1685110 781
1685120 775
1685130 775
1685140 766
1685150 767
1685160 767
1685170 759
1685180 763
1685190 763
1685200 759
1685210 758
1685220 758
1685230 754
1685240 751
1685250 751
1685260 747
1685270 749
1685280 749
1685290 753
1685300 755
1685310 755
1685320 757
1685330 759
1685340 759
1685350 761
1685360 763
1685370 763
1685380 765
1685390 771
1685400 771
1685410 777
1685420 784
1685430 792
1685440 792
1685450 802
1685460 810
1685470 810
1685480 815
1685490 817
1685500 817
1685510 824
1685520 832
1685530 832
1685540 837
1685550 844
1685560 844
1685570 853
1685580 860
1685590 860
1685600 865
1685610 869
1685620 869
1685630 868
1685640 872
1685650 872
1685660 870
1685670 874
1685680 874
1685690 877
1685700 878
1685710 878
1685720 881
1685730 887
1685740 887
1685750 887
1685760 889
1685770 889
1685780 893
1685790 897
1685800 897
1685810 898
1685820 904
1685830 908
1685840 908
1685850 912
1685860 914
1685870 914
1685880 916
1685890 919
1685900 919
1685910 922
1685920 916
1685930 916
1685940 905
1685950 888
1685960 888
1685970 884
1685980 891
1685990 891
1686000 896
1686010 912
1686020 912
1686030 915
1686040 919
1686050 919
1686060 928
1686070 928
1686080 928
1686090 926
1686100 931
1686110 931
1686120 934
1686130 939
1686140 939
1686150 944
1686160 949
1686170 949
1686180 955
1686190 962
1686200 962
1686210 969
1686220 973
1686230 973
1686240 978
1686250 978
1686260 982
1686270 982
1686280 990
1686290 997
1686300 997
1686310 1002
1686320 1000
1686330 1000
1686340 992
1686350 986
1686360 986
1686370 983
1686380 979
1686390 979
1686400 975
1686410 970
1686420 970
1686430 965
1686440 959
1686450 959
1686460 952
1686470 951
1686480 951
1686490 948
1686500 955
1686510 955
1686520 966
1686530 971
1686540 971
1686550 974
1686560 980
1686570 980
1686580 987
1686590 994
1686600 994
1686610 1007
1686620 1018
1686630 1018
1686640 1028
1686650 1040
1686660 1050
1686670 1050
1686680 1057
1686690 1064
1686700 1064
1686710 1069
1686720 1074
1686730 1074
1686740 1082
1686750 1090
1686760 1090
1686770 1098
1686780 1107
1686790 1107
1686800 1114
1686810 1121
1686820 1121
1686830 1129
1686840 1136
1686850 1136
1686860 1149
1686870 1165
1686880 1165
1686890 1171
1686900 1166
1686910 1166
1686920 1159
1686930 1148
1686940 1148
1686950 1144
1686960 1101
1686970 1101
1686980 1081
1686990 1067
1687000 1067
1687010 1065
1687020 1065
1687030 1065
1687040 1064
1687050 1063
1687060 1063
1687070 1061
1687080 1061
1687090 1061
1687100 1061
1687110 1062
1687120 1063
1687130 1063
1687140 1065
1687150 1069
1687160 1069
1687170 1076
1687180 1083
1687190 1083
1687200 1087
1687210 1090
1687220 1090
1687230 1092
1687240 1095
1687250 1095
1687260 1098
1687270 1101
1687280 1101
1687290 1104
1687300 1106
1687310 1106
1687320 1107
1687330 1107
1687340 1107
1687350 1110
1687360 1114
1687370 1114
1687380 1116
1687390 1118
1687400 1118
1687410 1119
1687420 1117
1687430 1117
1687440 1115
1687450 1112
1687460 1112
1687470 1111
1687480 1120
1687490 1125
1687500 1125
1687510 1129
1687520 1138
1687530 1138
1687540 1141
1687550 1142
1687560 1142
1687570 1153
1687580 1158
1687590 1158
1687600 1159
1687610 1165
1687620 1165
1687630 1173
1687640 1179
1687650 1179
1687660 1185
1687670 1191
1687680 1191
1687690 1195
1687700 1200
1687710 1200
1687720 1204
1687730 1209
1687740 1209
1687750 1214
1687760 1220
1687770 1220
1687780 1226
1687790 1231
1687800 1231
1687810 1236
1687820 1240
1687830 1240
1687840 1244
1687850 1248
1687860 1248
1687870 1252
1687880 1258
1687890 1258
1687900 1264
1687910 1269
1687920 1274
1687930 1274
1687940 1277
1687950 1281
1687960 1281
1687970 1283
1687980 1285
1687990 1285
1688000 1288
1688010 1290
1688020 1290
1688030 1293
1688040 1296
1688050 1296
1688060 1298
1688070 1301
1688080 1301
1688090 1304
1688100 1308
1688110 1308
1688120 1311
1688130 1313
1688140 1313
1688150 1316
1688160 1318
1688170 1318
1688180 1320
1688190 1323
1688200 1323
1688210 1324
1688220 1325
1688230 1325
1688240 1325
1688250 1326
1688260 1326
1688270 1325
1688280 1326
1688290 1326
1688300 1327
1688310 1327
1688320 1327
1688330 1327
1688340 1327
1688350 1327
1688360 1327
1688370 1328
1688380 1329
1688390 1329
1688400 1329
1688410 1329
1688420 1329
1688430 1330
1688440 1330
1688450 1330
1688460 1330
1688470 1330
1688480 1330
1688490 1331
1688500 1331
1688510 1331
1688520 1331
1688530 1332
1688540 1332
1688550 1331
1688560 1331
1688570 1331
1688580 1331
1688590 1331
1688600 1331
1688610 1333
1688620 1335
1688630 1335
1688640 1336
1688650 1337
1688660 1337
1688670 1339
1688680 1339
1688690 1339
1688700 1340
1688710 1342
1688720 1342
1688730 1342
1688740 1344
1688750 1344
1688760 1344
1688770 1345
1688780 1346
1688790 1346
1688800 1346
1688810 1347
1688820 1347
1688830 1348
1688840 1349
1688850 1349
1688860 1350
1688870 1351
1688880 1351
1688890 1352
1688900 1353
1688910 1353
1688920 1355
1688930 1356
1688940 1356
1688950 1356
1688960 1358
1688970 1358
1688980 1359
1688990 1360
1689000 1360
1689010 1361
1689020 1362
1689030 1362
1689040 1364
1689050 1365
1689060 1365
1689070 1366
1689080 1367
1689090 1367
1689100 1368
1689110 1369
1689120 1369
1689130 1370
1689140 1371
1689150 1373
1689160 1373
1689170 1374
1689180 1375
1689190 1375
1689200 1377
1689210 1379
1689220 1379
1689230 1381
1689240 1383
1689250 1383
1689260 1383
1689270 1384
1689280 1384
1689290 1386
1689300 1387
1689310 1387
1689320 1390
1689330 1391
1689340 1391
1689350 1393
1689360 1395
1689370 1395
1689380 1396
1689390 1397
1689400 1397
1689410 1399
1689420 1401
1689430 1401
1689440 1402
1689450 1403
1689460 1403
1689470 1405
1689480 1407
1689490 1407
1689500 1408
1689510 1408
1689520 1408
1689530 1409
1689540 1409
1689550 1409
1689560 1409
1689570 1410
1689580 1410
1689590 1410
1689600 1411
1689610 1410
1689620 1410
1689630 1411
1689640 1411
1689650 1411
1689660 1410
1689670 1409
1689680 1409
1689690 1409
1689700 1409
1689710 1409
1689720 1408
1689730 1408
1689740 1408
1689750 1407
1689760 1406
1689770 1406
1689780 1404
1689790 1402
1689800 1402
1689810 1397
1689820 1392
1689830 1392
1689840 1386
1689850 1380
1689860 1380
1689870 1373
1689880 1368
1689890 1368
1689900 1361
1689910 1357
1689920 1357
1689930 1353
1689940 1349
1689950 1349
1689960 1352
1689970 1348
1689980 1348
1689990 1348
1690000 1348
1690010 1347
1690020 1347
1690030 1347
1690040 1344
1690050 1344
1690060 1343
1690070 1340
1690080 1340
1690090 1339
1690100 1335
1690110 1335
1690120 1328
1690130 1322
1690140 1322
1690150 1322
1690160 1324
1690170 1324
1690180 1327
1690190 1328
1690200 1328
1690210 1328
1690220 1327
1690230 1327
1690240 1326
1690250 1323
1690260 1323
1690270 1321
1690280 1317
1690290 1317
1690300 1308
1690310 1303
1690320 1303
1690330 1299
1690340 1297
1690350 1297
1690360 1290
1690370 1281
1690380 1281
1690390 1267
1690400 1259
1690410 1252
1690420 1252
1690430 1246
1690440 1242
1690450 1242
1690460 1243
1690470 1246
1690480 1246
1690490 1246
1690500 1246
1690510 1246
1690520 1249
1690530 1251
1690540 1251
1690550 1250
1690560 1251
1690570 1251
1690580 1252
1690590 1255
1690600 1255
1690610 1257
1690620 1259
1690630 1259
1690640 1262
1690650 1266
1690660 1266
1690670 1273
1690680 1280
1690690 1280
1690700 1288
1690710 1305
1690720 1305
1690730 1318
1690740 1333
1690750 1333
1690760 1352
1690770 1365
1690780 1365
1690790 1370
1690800 1375
1690810 1381
1690820 1381
1690830 1387
1690840 1394
1690850 1394
1690860 1400
1690870 1407
1690880 1407
1690890 1416
1690900 1425
1690910 1425
1690920 1432
1690930 1439
1690940 1439
1690950 1448
1690960 1450
1690970 1450
1690980 1449
1690990 1444
1691000 1444
1691010 1444
1691020 1446
1691030 1446
1691040 1442
1691050 1440
1691060 1440
1691070 1441
1691080 1446
1691090 1446
1691100 1450
1691110 1442
1691120 1442
1691130 1424
1691140 1418
1691150 1418
1691160 1415
1691170 1412
1691180 1412
1691190 1416
1691200 1424
1691210 1424
1691220 1432
1691230 1430
1691240 1428
1691250 1428
1691260 1426
1691270 1424
1691280 1424
1691290 1426
1691300 1425
1691310 1425
1691320 1424
1691330 1430
1691340 1430
1691350 1436
1691360 1443
1691370 1443
1691380 1453
1691390 1458
1691400 1458
1691410 1460
1691420 1463
1691430 1463
1691440 1466
1691450 1471
1691460 1471
1691470 1476
1691480 1480
1691490 1480
1691500 1483
1691510 1483
1691520 1483
1691530 1475
1691540 1470
1691550 1470
1691560 1463
1691570 1460
1691580 1460
1691590 1457
1691600 1455
1691610 1455
1691620 1457
1691630 1453
1691640 1452
1691650 1452
1691660 1434
1691670 1423
1691680 1423
1691690 1416
1691700 1403
1691710 1403
1691720 1393
1691730 1377
1691740 1377
1691750 1367
1691760 1359
1691770 1359
1691780 1350
1691790 1341
1691800 1341
1691810 1334
1691820 1327
1691830 1327
1691840 1320
1691850 1316
1691860 1316
1691870 1314
1691880 1311
1691890 1311
1691900 1310
1691910 1305
1691920 1305
1691930 1286
1691940 1273
1691950 1273
1691960 1266
1691970 1261
1691980 1261
1691990 1259
1692000 1253
1692010 1253
1692020 1249
1692030 1246
1692040 1246
1692050 1244
1692060 1243
1692070 1242
1692080 1242
1692090 1242
1692100 1242
1692110 1242
1692120 1237
1692130 1228
1692140 1228
1692150 1215
1692160 1205
1692170 1205
1692180 1195
1692190 1170
1692200 1170
1692210 1170
1692220 1169
1692230 1169
1692240 1166
1692250 1158
1692260 1158
1692270 1140
1692280 1118
1692290 1118
1692300 1104
1692310 1091
1692320 1091
1692330 1069
1692340 1057
1692350 1057
1692360 1043
1692370 1034
1692380 1034
1692390 1020
1692400 1006
1692410 1006
1692420 999
1692430 992
1692440 992
1692450 985
1692460 976
1692470 970
1692480 970
1692490 963
1692500 957
1692510 957
1692520 950
1692530 943
1692540 943
1692550 939
1692560 935
1692570 935
1692580 929
1692590 925
1692600 925
1692610 925
1692620 927
1692630 927
1692640 925
1692650 924
1692660 924
1692670 923
1692680 922
1692690 922
1692700 920
1692710 919
1692720 919
1692730 919
1692740 919
1692750 919
1692760 925
1692770 932
1692780 932
1692790 941
1692800 946
1692810 946
1692820 961
1692830 977
1692840 977
1692850 989
1692860 1027
1692870 1027
1692880 1043
1692890 1072
1692900 1104
1692910 1104
1692920 1150
1692930 1167
1692940 1167
1692950 1190
1692960 1207
1692970 1207
1692980 1221
1692990 1229
1693000 1229
1693010 1232
1693020 1240
1693030 1240
1693040 1248
1693050 1258
1693060 1258
1693070 1265
1693080 1270
1693090 1270
1693100 1283
1693110 1342
1693120 1342
1693130 1365
1693140 1375
1693150 1375
1693160 1374
1693170 1372
1693180 1372
1693190 1354
1693200 1364
1693210 1364
1693220 1358
1693230 1354
1693240 1354
1693250 1351
1693260 1337
1693270 1337
1693280 1321
1693290 1314
1693300 1325
1693310 1325
1693320 1327
1693330 1343
1693340 1343
1693350 1364
1693360 1389
1693370 1389
1693380 1396
1693390 1391
1693400 1391
1693410 1381
1693420 1373
1693430 1373
1693440 1375
1693450 1399
1693460 1399
1693470 1417
1693480 1402
1693490 1402
1693500 1409
1693510 1416
1693520 1416
1693530 1417
1693540 1426
1693550 1426
1693560 1467
1693570 1486
1693580 1486
1693590 1513
1693600 1558
1693610 1558
1693620 1572
1693630 1587
1693640 1587
1693650 1602
1693660 1609
1693670 1609
1693680 1616
1693690 1627
1693700 1627
1693710 1635
1693720 1646
1693730 1652
1693740 1652
1693750 1658
1693760 1665
1693770 1665
1693780 1667
1693790 1668
1693800 1668
1693810 1682
1693820 1691
1693830 1691
1693840 1690
1693850 1691
1693860 1691
1693870 1692
1693880 1690
1693890 1690
1693900 1693
1693910 1694
1693920 1694
1693930 1695
1693940 1696
1693950 1696
1693960 1695
1693970 1692
1693980 1692
1693990 1687
1694000 1684
1694010 1684
1694020 1679
1694030 1681
1694040 1681
1694050 1678
1694060 1678
1694070 1678
1694080 1679
1694090 1681
1694100 1681
1694110 1681
1694120 1680
1694130 1680
1694140 1678
1694150 1678
1694160 1676
1694170 1676
1694180 1641
1694190 1633
1694200 1633
1694210 1624
1694220 1574
1694230 1574
1694240 1565
1694250 1551
1694260 1551
1694270 1527
1694280 1522
1694290 1522
1694300 1517
1694310 1512
1694320 1512
1694330 1508
1694340 1503
1694350 1503
1694360 1497
1694370 1491
1694380 1491
1694390 1486
1694400 1481
1694410 1481
1694420 1476
1694430 1474
1694440 1474
1694450 1475
1694460 1474
1694470 1474
1694480 1474
1694490 1475
1694500 1475
1694510 1474
1694520 1473
1694530 1473
1694540 1472
1694550 1470
1694560 1471
1694570 1471
1694580 1473
1694590 1470
1694600 1470
1694610 1483
1694620 1525
1694630 1525
1694640 1533
1694650 1534
1694660 1534
1694670 1537
1694680 1542
1694690 1542
1694700 1544
1694710 1549
1694720 1549
1694730 1552
1694740 1555
1694750 1555
1694760 1559
1694770 1563
1694780 1563
1694790 1568
1694800 1583
1694810 1583
1694820 1590
1694830 1608
1694840 1608
1694850 1617
1694860 1623
1694870 1623
1694880 1630
1694890 1638
1694900 1638
1694910 1646
1694920 1653
1694930 1653
1694940 1670
1694950 1674
1694960 1674
1694970 1673
1694980 1672
1694990 1671
1695000 1671
1695010 1668
1695020 1663
1695030 1663
1695040 1657
1695050 1660
1695060 1660
1695070 1664
1695080 1667
1695090 1667
1695100 1668
1695110 1669
1695120 1669
1695130 1670
1695140 1670
1695150 1670
1695160 1670
1695170 1670
1695180 1670
1695190 1669
1695200 1667
1695210 1667
1695220 1666
1695230 1666
1695240 1666
1695250 1666
1695260 1665
1695270 1665
1695280 1663
1695290 1660
1695300 1660
1695310 1667
1695320 1671
1695330 1671
1695340 1675
1695350 1680
1695360 1680
1695370 1683
1695380 1686
1695390 1690
1695400 1690
1695410 1694
1695420 1697
1695430 1697
1695440 1699
1695450 1701
1695460 1701
1695470 1704
1695480 1705
1695490 1705
1695500 1707
1695510 1708
1695520 1708
1695530 1709
1695540 1710
1695550 1710
1695560 1710
1695570 1710
1695580 1710
1695590 1710
1695600 1711
1695610 1711
1695620 1710
1695630 1709
1695640 1709
1695650 1708
1695660 1708
1695670 1708
1695680 1707
1695690 1706
1695700 1706
1695710 1706
1695720 1704
1695730 1704
1695740 1701
1695750 1698
1695760 1698
1695770 1694
1695780 1683
1695790 1683
1695800 1673
1695810 1660
1695820 1647
1695830 1647
1695840 1639
1695850 1632
1695860 1632
1695870 1624
1695880 1617
1695890 1617
1695900 1609
1695910 1604
1695920 1604
1695930 1599
1695940 1594
1695950 1594
1695960 1588
1695970 1583
1695980 1583
1695990 1579
1696000 1572
1696010 1572
1696020 1568
1696030 1565
1696040 1565
1696050 1564
1696060 1561
1696070 1561
1696080 1558
1696090 1554
1696100 1554
1696110 1554
1696120 1556
1696130 1556
1696140 1560
1696150 1560
1696160 1560
1696170 1564
1696180 1570
1696190 1570
1696200 1576
1696210 1583
1696220 1587
1696230 1587
1696240 1587
1696250 1585
1696260 1585
1696270 1584
1696280 1578
1696290 1578
1696300 1575
1696310 1575
1696320 1575
1696330 1572
1696340 1565
1696350 1565
1696360 1563
1696370 1563
1696380 1563
1696390 1562
1696400 1559
1696410 1559
1696420 1557
1696430 1555
1696440 1555
1696450 1556
1696460 1557
1696470 1557
1696480 1558
1696490 1560
1696500 1560
1696510 1560
1696520 1558
1696530 1558
1696540 1559
1696550 1560
1696560 1560
1696570 1559
1696580 1560
1696590 1560
1696600 1561
1696610 1563
1696620 1563
1696630 1566
1696640 1566
1696650 1566
1696660 1566
1696670 1565
1696680 1565
1696690 1565
1696700 1564
1696710 1566
1696720 1566
1696730 1567
1696740 1567
1696750 1567
1696760 1569
1696770 1572
1696780 1572
1696790 1574
1696800 1575
1696810 1575
1696820 1576
1696830 1574
1696840 1574
1696850 1575
1696860 1577
1696870 1577
1696880 1577
1696890 1574
1696900 1574
1696910 1573
1696920 1572
1696930 1572
1696940 1572
1696950 1572
1696960 1572
1696970 1570
1696980 1568
1696990 1568
1697000 1567
1697010 1566
1697020 1566
1697030 1565
1697040 1560
1697050 1555
1697060 1555
1697070 1551
1697080 1542
1697090 1542
1697100 1532
1697110 1517
1697120 1517
1697130 1509
1697140 1504
1697150 1504
1697160 1500
1697170 1495
1697180 1495
1697190 1491
1697200 1491
1697210 1491
1697220 1492
1697230 1494
1697240 1494
1697250 1496
1697260 1498
1697270 1498
1697280 1502
1697290 1508
1697300 1508
1697310 1514
1697320 1520
1697330 1520
1697340 1527
1697350 1534
1697360 1534
1697370 1541
1697380 1548
1697390 1548
1697400 1556
1697410 1564
1697420 1564
1697430 1572
1697440 1580
1697450 1580
1697460 1588
1697470 1596
1697480 1603
1697490 1603
1697500 1610
1697510 1610
1697520 1610
1697530 1611
1697540 1613
1697550 1613
1697560 1614
1697570 1616
1697580 1616
1697590 1618
1697600 1618
1697610 1618
1697620 1618
1697630 1618
1697640 1618
1697650 1620
1697660 1621
1697670 1621
1697680 1621
1697690 1621
1697700 1621
1697710 1623
1697720 1624
1697730 1624
1697740 1625
1697750 1626
1697760 1626
1697770 1626
1697780 1628
1697790 1628
1697800 1627
1697810 1625
1697820 1625
1697830 1623
1697840 1621
1697850 1621
1697860 1619
1697870 1617
1697880 1614
1697890 1614
1697900 1610
1697910 1608
1697920 1608
1697930 1605
1697940 1603
1697950 1603
1697960 1600
1697970 1598
1697980 1598
1697990 1597
1698000 1596
1698010 1596
1698020 1596
1698030 1594
1698040 1594
1698050 1592
1698060 1590
1698070 1590
1698080 1588
1698090 1587
1698100 1587
1698110 1587
1698120 1587
1698130 1587
1698140 1584
1698150 1582
1698160 1582
1698170 1579
1698180 1577
1698190 1577
1698200 1577
1698210 1576
1698220 1576
1698230 1574
1698240 1572
1698250 1572
1698260 1570
1698270 1569
1698280 1569
1698290 1566
1698300 1565
1698310 1566
1698320 1566
1698330 1566
1698340 1566
1698350 1566
1698360 1566
1698370 1567
1698380 1567
1698390 1566
1698400 1566
1698410 1566
1698420 1567
1698430 1570
1698440 1570
1698450 1572
1698460 1572
1698470 1572
1698480 1572
1698490 1573
1698500 1573
1698510 1573
1698520 1574
1698530 1574
1698540 1577
1698550 1579
1698560 1579
1698570 1581
1698580 1583
1698590 1583
1698600 1585
1698610 1588
1698620 1588
1698630 1590
1698640 1593
1698650 1593
1698660 1592
1698670 1589
1698680 1589
1698690 1590
1698700 1587
1698710 1587
1698720 1587
1698730 1579
1698740 1577
1698750 1577
1698760 1579
1698770 1581
1698780 1581
1698790 1586
1698800 1605
1698810 1605
1698820 1612
1698830 1613
1698840 1613
1698850 1610
1698860 1617
1698870 1617
1698880 1619
1698890 1617
1698900 1617
1698910 1618
1698920 1620
1698930 1620
1698940 1619
1698950 1620
1698960 1620
1698970 1630
1698980 1626
1698990 1626
1699000 1631
1699010 1631
1699020 1631
1699030 1633
1699040 1635
1699050 1635
1699060 1635
1699070 1633
1699080 1633
1699090 1633
1699100 1632
1699110 1632
1699120 1629
1699130 1631
1699140 1630
1699150 1630
1699160 1626
1699170 1626
1699180 1626
1699190 1629
1699200 1630
1699210 1630
1699220 1629
1699230 1630
1699240 1630
1699250 1632
1699260 1632
1699270 1632
1699280 1630
1699290 1629
1699300 1629
1699310 1630
1699320 1630
1699330 1630
1699340 1633
1699350 1634
1699360 1634
1699370 1635
1699380 1636
1699390 1636
1699400 1638
1699410 1639
1699420 1639
1699430 1643
1699440 1646
1699450 1646
1699460 1649
1699470 1652
1699480 1652
1699490 1655
1699500 1658
1699510 1658
1699520 1661
1699530 1664
1699540 1667
1699550 1667
1699560 1670
1699570 1674
1699580 1674
1699590 1678
1699600 1681
1699610 1681
1699620 1685
1699630 1688
1699640 1688
1699650 1691
1699660 1693
1699670 1693
1699680 1695
1699690 1697
1699700 1697
1699710 1698
1699720 1700
1699730 1700
1699740 1702
1699750 1703
1699760 1703
1699770 1704
1699780 1705
1699790 1705
1699800 1705
1699810 1705
1699820 1705
1699830 1705
1699840 1705
1699850 1705
1699860 1705
1699870 1703
1699880 1703
1699890 1703
1699900 1703
1699910 1703
1699920 1702
1699930 1705
1699940 1705
1699950 1707
1699960 1710
1699970 1712
1699980 1712
1699990 1714
