1680000 849
1680010 851
1680020 851
1680030 851
1680040 852
1680050 853
1680060 853
1680070 852
1680080 851
1680090 851
1680100 849
1680110 847
1680120 847
1680130 846
1680140 844
1680150 844
1680160 841
1680170 839
1680180 839
1680190 837
1680200 835
1680210 835
1680220 831
1680230 828
1680240 828
1680250 825
1680260 821
1680270 821
1680280 816
1680290 812
1680300 812
1680310 807
1680320 802
1680330 802
1680340 797
1680350 793
1680360 793
1680370 789
1680380 785
1680390 785
1680400 781
1680410 778
1680420 778
1680430 775
1680440 772
1680450 768
1680460 768
1680470 764
1680480 760
1680490 760
1680500 757
1680510 755
1680520 755
1680530 753
1680540 750
1680550 750
1680560 747
1680570 744
1680580 744
1680590 740
1680600 737
1680610 737
1680620 735
1680630 733
1680640 733
1680650 730
1680660 727
1680670 727
1680680 724
1680690 722
1680700 722
1680710 721
1680720 720
1680730 720
1680740 718
1680750 716
1680760 716
1680770 712
1680780 710
1680790 710
1680800 710
1680810 707
1680820 707
1680830 705
1680840 701
1680850 701
1680860 699
1680870 698
1680880 697
1680890 697
1680900 699
1680910 700
1680920 700
1680930 697
1680940 695
1680950 695
1680960 692
1680970 687
1680980 687
1680990 683
1681000 680
1681010 680
1681020 676
1681030 674
1681040 674
1681050 673
1681060 672
1681070 672
1681080 672
1681090 671
1681100 671
1681110 671
1681120 670
1681130 670
1681140 670
1681150 670
1681160 670
1681170 669
1681180 669
1681190 669
1681200 668
1681210 668
1681220 668
1681230 669
1681240 671
1681250 671
1681260 673
1681270 671
1681280 671
1681290 666
1681300 662
1681310 658
1681320 658
1681330 657
1681340 658
1681350 658
1681360 658
1681370 659
1681380 659
1681390 659
1681400 658
1681410 658
1681420 658
1681430 658
1681440 658
1681450 657
1681460 657
1681470 657
1681480 657
1681490 656
1681500 656
1681510 655
1681520 654
1681530 654
1681540 652
1681550 651
1681560 651
1681570 649
1681580 648
1681590 648
1681600 643
1681610 642
1681620 642
1681630 644
1681640 645
1681650 645
1681660 646
1681670 646
1681680 646
1681690 644
1681700 644
1681710 645
1681720 645
1681730 644
1681740 645
1681750 645
1681760 645
1681770 645
1681780 645
1681790 645
1681800 645
1681810 645
1681820 644
1681830 644
1681840 644
1681850 645
1681860 645
1681870 645
1681880 645
1681890 645
1681900 645
1681910 646
1681920 646
1681930 646
1681940 646
1681950 646
1681960 646
1681970 646
1681980 646
1681990 646
1682000 646
1682010 646
1682020 646
1682030 646
1682040 646
1682050 646
1682060 646
1682070 645
1682080 645
1682090 646
1682100 647
1682110 647
1682120 648
1682130 649
1682140 649
1682150 649
1682160 646
1682170 642
1682180 642
1682190 639
1682200 636
1682210 636
1682220 635
1682230 635
1682240 635
1682250 635
1682260 635
1682270 635
1682280 635
1682290 635
1682300 635
1682310 635
1682320 637
1682330 637
1682340 637
1682350 637
1682360 637
1682370 637
1682380 638
1682390 638
1682400 638
1682410 637
1682420 637
1682430 637
1682440 637
1682450 637
1682460 638
1682470 638
1682480 638
1682490 638
1682500 639
1682510 639
1682520 639
1682530 639
1682540 639
1682550 639
1682560 639
1682570 639
1682580 639
1682590 639
1682600 639
1682610 639
1682620 639
1682630 639
1682640 639
1682650 639
1682660 639
1682670 639
1682680 639
1682690 639
1682700 639
1682710 639
1682720 640
1682730 640
1682740 639
1682750 639
1682760 639
1682770 636
1682780 639
1682790 639
1682800 639
1682810 639
1682820 639
1682830 639
1682840 639
1682850 639
1682860 639
1682870 637
1682880 637
1682890 637
1682900 637
1682910 637
1682920 637
1682930 639
1682940 639
1682950 639
1682960 639
1682970 640
1682980 640
1682990 641
1683000 642
1683010 642
1683020 642
1683030 642
1683040 642
1683050 642
1683060 642
1683070 642
1683080 643
1683090 645
1683100 645
1683110 645
1683120 645
1683130 645
1683140 645
1683150 646
1683160 646
1683170 645
1683180 645
1683190 645
1683200 646
1683210 646
1683220 646
1683230 646
1683240 646
1683250 646
1683260 647
1683270 647
1683280 647
1683290 648
1683300 646
1683310 646
1683320 643
1683330 641
1683340 641
1683350 641
1683360 641
1683370 641
1683380 641
1683390 641
1683400 641
1683410 641
1683420 645
1683430 658
1683440 658
1683450 663
1683460 665
1683470 665
1683480 664
1683490 661
1683500 661
1683510 663
1683520 665
1683530 665
1683540 665
1683550 665
1683560 665
1683570 652
1683580 641
1683590 641
1683600 641
1683610 641
1683620 641
1683630 643
1683640 645
1683650 645
1683660 644
1683670 644
1683680 644
1683690 651
1683700 656
1683710 656
1683720 666
1683730 668
1683740 668
1683750 671
1683760 672
1683770 672
1683780 675
1683790 675
1683800 680
1683810 680
1683820 684
1683830 689
1683840 689
1683850 692
1683860 695
1683870 695
1683880 699
1683890 703
1683900 703
1683910 705
1683920 706
1683930 706
1683940 708
1683950 708
1683960 708
1683970 709
1683980 710
1683990 710
1684000 694
1684010 681
1684020 681
1684030 673
1684040 667
1684050 667
1684060 664
1684070 665
1684080 665
1684090 664
1684100 663
1684110 663
1684120 661
1684130 662
1684140 662
1684150 664
1684160 661
1684170 661
1684180 662
1684190 662
1684200 656
1684210 656
1684220 653
1684230 651
1684240 651
1684250 650
1684260 649
1684270 649
1684280 647
1684290 646
1684300 646
1684310 646
1684320 646
1684330 646
1684340 646
1684350 646
1684360 646
1684370 646
1684380 646
1684390 646
1684400 646
1684410 646
1684420 646
1684430 647
1684440 647
1684450 647
1684460 647
1684470 647
1684480 647
1684490 647
1684500 648
1684510 648
1684520 648
1684530 648
1684540 648
1684550 648
1684560 648
1684570 648
1684580 648
1684590 648
1684600 648
1684610 648
1684620 648
1684630 648
1684640 648
1684650 649
1684660 649
1684670 649
1684680 649
1684690 649
1684700 649
1684710 649
1684720 649
1684730 649
1684740 649
1684750 649
1684760 649
1684770 649
1684780 648
1684790 648
1684800 646
1684810 649
1684820 649
1684830 649
1684840 649
1684850 649
1684860 649
1684870 649
1684880 649
1684890 649
1684900 649
1684910 649
1684920 650
1684930 653
1684940 653
1684950 656
1684960 658
1684970 658
1684980 658
1684990 659
1685000 659
1685010 659
1685020 659
1685030 659
1685040 659
1685050 662
1685060 663
1685070 663
1685080 664
1685090 665
1685100 665
1685110 666
1685120 670
1685130 670
1685140 666
1685150 684
1685160 684
1685170 714
1685180 722
1685190 722
1685200 730
1685210 740
1685220 740
1685230 746
1685240 750
1685250 750
1685260 772
1685270 780
1685280 780
1685290 779
1685300 778
1685310 778
1685320 781
1685330 782
1685340 782
1685350 784
1685360 781
1685370 781
1685380 791
1685390 794
1685400 794
1685410 792
1685420 803
1685430 803
1685440 811
1685450 812
1685460 818
1685470 818
1685480 813
1685490 819
1685500 819
1685510 829
1685520 831
1685530 831
1685540 832
1685550 831
1685560 831
1685570 831
1685580 822
1685590 822
1685600 815
1685610 817
1685620 817
1685630 819
1685640 811
1685650 811
1685660 818
1685670 834
1685680 834
1685690 832
1685700 833
1685710 833
1685720 839
1685730 847
1685740 847
1685750 855
1685760 859
1685770 859
1685780 861
1685790 861
1685800 861
1685810 856
1685820 849
1685830 849
1685840 842
1685850 848
1685860 848
1685870 857
1685880 860
1685890 864
1685900 864
1685910 862
1685920 852
1685930 852
1685940 843
1685950 836
1685960 836
1685970 825
1685980 817
1685990 817
1686000 805
1686010 788
1686020 788
1686030 790
1686040 804
1686050 804
1686060 826
1686070 837
1686080 837
1686090 854
1686100 870
1686110 870
1686120 882
1686130 889
1686140 889
1686150 894
1686160 895
1686170 895
1686180 894
1686190 891
1686200 891
1686210 888
1686220 885
1686230 885
1686240 882
1686250 880
1686260 880
1686270 877
1686280 875
1686290 872
1686300 872
1686310 869
1686320 866
1686330 866
1686340 862
1686350 857
1686360 857
1686370 855
1686380 851
1686390 851
1686400 848
1686410 846
1686420 846
1686430 843
1686440 840
1686450 840
1686460 842
1686470 855
1686480 855
1686490 867
1686500 875
1686510 875
1686520 896
1686530 933
1686540 933
1686550 993
1686560 995
1686570 995
1686580 998
1686590 1004
1686600 1004
1686610 1007
1686620 1010
1686630 1010
1686640 1014
1686650 1021
1686660 1021
1686670 1022
1686680 1000
1686690 1000
1686700 992
1686710 986
1686720 972
1686730 972
1686740 967
1686750 963
1686760 963
1686770 944
1686780 933
1686790 933
1686800 928
1686810 931
1686820 931
1686830 933
1686840 933
1686850 933
1686860 933
1686870 933
1686880 933
1686890 934
1686900 937
1686910 937
1686920 935
1686930 931
1686940 931
1686950 933
1686960 935
1686970 935
1686980 938
1686990 942
1687000 942
1687010 958
1687020 961
1687030 961
1687040 963
1687050 966
1687060 966
1687070 970
1687080 983
1687090 983
1687100 986
1687110 988
1687120 991
1687130 991
1687140 996
1687150 998
1687160 998
1687170 1003
1687180 1004
1687190 1004
1687200 1007
1687210 1013
1687220 1013
1687230 1025
1687240 1035
1687250 1035
1687260 1037
1687270 1036
1687280 1036
1687290 1034
1687300 1034
1687310 1034
1687320 1037
1687330 1043
1687340 1043
1687350 1049
1687360 1055
1687370 1055
1687380 1062
1687390 1069
1687400 1069
1687410 1076
1687420 1082
1687430 1082
1687440 1089
1687450 1097
1687460 1097
1687470 1104
1687480 1111
1687490 1111
1687500 1140
1687510 1163
1687520 1163
1687530 1172
1687540 1191
1687550 1206
1687560 1206
1687570 1198
1687580 1205
1687590 1205
1687600 1227
1687610 1239
1687620 1239
1687630 1255
1687640 1249
1687650 1249
1687660 1262
1687670 1270
1687680 1270
1687690 1270
1687700 1275
1687710 1275
1687720 1281
1687730 1285
1687740 1285
1687750 1290
1687760 1292
1687770 1292
1687780 1295
1687790 1297
1687800 1297
1687810 1299
1687820 1301
1687830 1301
1687840 1303
1687850 1305
1687860 1305
1687870 1307
1687880 1308
1687890 1308
1687900 1309
1687910 1310
1687920 1310
1687930 1311
1687940 1312
1687950 1312
1687960 1312
1687970 1314
1687980 1314
1687990 1314
1688000 1314
1688010 1314
1688020 1314
1688030 1315
1688040 1316
1688050 1316
1688060 1316
1688070 1316
1688080 1316
1688090 1318
1688100 1319
1688110 1319
1688120 1319
1688130 1320
1688140 1320
1688150 1321
1688160 1322
1688170 1322
1688180 1324
1688190 1326
1688200 1326
1688210 1328
1688220 1330
1688230 1330
1688240 1330
1688250 1331
1688260 1331
1688270 1332
1688280 1333
1688290 1333
1688300 1334
1688310 1335
1688320 1335
1688330 1335
1688340 1335
1688350 1335
1688360 1335
1688370 1336
1688380 1336
1688390 1336
1688400 1336
1688410 1336
1688420 1336
1688430 1337
1688440 1337
1688450 1337
1688460 1338
1688470 1339
1688480 1339
1688490 1340
1688500 1340
1688510 1340
1688520 1340
1688530 1340
1688540 1340
1688550 1341
1688560 1342
1688570 1342
1688580 1342
1688590 1342
1688600 1342
1688610 1342
1688620 1342
1688630 1342
1688640 1344
1688650 1344
1688660 1344
1688670 1344
1688680 1344
1688690 1344
1688700 1345
1688710 1345
1688720 1345
1688730 1345
1688740 1346
1688750 1346
1688760 1347
1688770 1349
1688780 1349
1688790 1349
1688800 1350
1688810 1351
1688820 1351
1688830 1352
1688840 1353
1688850 1353
1688860 1353
1688870 1354
1688880 1354
1688890 1356
1688900 1357
1688910 1357
1688920 1359
1688930 1360
1688940 1360
1688950 1361
1688960 1363
1688970 1363
1688980 1363
1688990 1364
1689000 1364
1689010 1365
1689020 1366
1689030 1366
1689040 1366
1689050 1366
1689060 1366
1689070 1365
1689080 1365
1689090 1365
1689100 1364
1689110 1365
1689120 1365
1689130 1365
1689140 1366
1689150 1366
1689160 1366
1689170 1367
1689180 1367
1689190 1367
1689200 1367
1689210 1366
1689220 1366
1689230 1367
1689240 1367
1689250 1367
1689260 1367
1689270 1368
1689280 1368
1689290 1369
1689300 1370
1689310 1370
1689320 1372
1689330 1373
1689340 1373
1689350 1376
1689360 1377
1689370 1377
1689380 1378
1689390 1378
1689400 1378
1689410 1379
1689420 1381
1689430 1381
1689440 1382
1689450 1384
1689460 1384
1689470 1385
1689480 1386
1689490 1386
1689500 1389
1689510 1392
1689520 1392
1689530 1392
1689540 1394
1689550 1394
1689560 1396
1689570 1398
1689580 1398
1689590 1400
1689600 1401
1689610 1403
1689620 1403
1689630 1404
1689640 1405
1689650 1405
1689660 1406
1689670 1406
1689680 1406
1689690 1405
1689700 1404
1689710 1404
1689720 1403
1689730 1401
1689740 1401
1689750 1398
1689760 1393
1689770 1393
1689780 1388
1689790 1383
1689800 1383
1689810 1379
1689820 1375
1689830 1375
1689840 1371
1689850 1365
1689860 1365
1689870 1361
1689880 1357
1689890 1357
1689900 1352
1689910 1344
1689920 1344
1689930 1334
1689940 1326
1689950 1326
1689960 1319
1689970 1313
1689980 1313
1689990 1310
1690000 1306
1690010 1306
1690020 1303
1690030 1300
1690040 1297
1690050 1297
1690060 1294
1690070 1285
1690080 1285
1690090 1279
1690100 1273
1690110 1273
1690120 1271
1690130 1268
1690140 1268
1690150 1267
1690160 1268
1690170 1268
1690180 1265
1690190 1262
1690200 1262
1690210 1259
1690220 1257
1690230 1257
1690240 1254
1690250 1252
1690260 1252
1690270 1254
1690280 1253
1690290 1253
1690300 1249
1690310 1248
1690320 1248
1690330 1245
1690340 1241
1690350 1241
1690360 1239
1690370 1232
1690380 1232
1690390 1226
1690400 1222
1690410 1222
1690420 1217
1690430 1212
1690440 1212
1690450 1207
1690460 1207
1690470 1208
1690480 1208
1690490 1207
1690500 1205
1690510 1205
1690520 1205
1690530 1202
1690540 1202
1690550 1200
1690560 1199
1690570 1199
1690580 1200
1690590 1202
1690600 1202
1690610 1204
1690620 1204
1690630 1204
1690640 1206
1690650 1207
1690660 1207
1690670 1210
1690680 1214
1690690 1214
1690700 1220
1690710 1227
1690720 1227
1690730 1229
1690740 1232
1690750 1232
1690760 1234
1690770 1238
1690780 1238
1690790 1244
1690800 1249
1690810 1249
1690820 1253
1690830 1265
1690840 1265
1690850 1264
1690860 1273
1690870 1282
1690880 1282
1690890 1286
1690900 1288
1690910 1288
1690920 1291
1690930 1290
1690940 1290
1690950 1288
1690960 1290
1690970 1290
1690980 1293
1690990 1296
1691000 1296
1691010 1297
1691020 1298
1691030 1298
1691040 1296
1691050 1300
1691060 1300
1691070 1301
1691080 1296
1691090 1296
1691100 1293
1691110 1292
1691120 1292
1691130 1293
1691140 1297
1691150 1297
1691160 1302
1691170 1303
1691180 1303
1691190 1304
1691200 1308
1691210 1308
1691220 1312
1691230 1313
1691240 1313
1691250 1316
1691260 1321
1691270 1321
1691280 1327
1691290 1332
1691300 1336
1691310 1336
1691320 1340
1691330 1343
1691340 1343
1691350 1350
1691360 1357
1691370 1357
1691380 1364
1691390 1365
1691400 1365
1691410 1367
1691420 1364
1691430 1364
1691440 1364
1691450 1366
1691460 1366
1691470 1365
1691480 1361
1691490 1361
1691500 1358
1691510 1358
1691520 1358
1691530 1358
1691540 1362
1691550 1362
1691560 1366
1691570 1375
1691580 1375
1691590 1370
1691600 1362
1691610 1362
1691620 1352
1691630 1345
1691640 1345
1691650 1340
1691660 1332
1691670 1332
1691680 1328
1691690 1316
1691700 1308
1691710 1308
1691720 1303
1691730 1301
1691740 1301
1691750 1305
1691760 1308
1691770 1308
1691780 1309
1691790 1293
1691800 1293
1691810 1283
1691820 1275
1691830 1275
1691840 1266
1691850 1258
1691860 1258
1691870 1251
1691880 1243
1691890 1243
1691900 1236
1691910 1230
1691920 1230
1691930 1223
1691940 1217
1691950 1217
1691960 1212
1691970 1206
1691980 1206
1691990 1201
1692000 1194
1692010 1194
1692020 1189
1692030 1185
1692040 1185
1692050 1182
1692060 1177
1692070 1177
1692080 1177
1692090 1176
1692100 1176
1692110 1169
1692120 1162
1692130 1145
1692140 1145
1692150 1135
1692160 1125
1692170 1125
1692180 1120
1692190 1114
1692200 1114
1692210 1109
1692220 1105
1692230 1105
1692240 1083
1692250 1056
1692260 1056
1692270 1031
1692280 1009
1692290 1009
1692300 997
1692310 987
1692320 987
1692330 979
1692340 973
1692350 973
1692360 967
1692370 959
1692380 959
1692390 951
1692400 943
1692410 943
1692420 938
1692430 936
1692440 936
1692450 931
1692460 926
1692470 926
1692480 919
1692490 914
1692500 914
1692510 910
1692520 906
1692530 900
1692540 900
1692550 895
1692560 889
1692570 889
1692580 887
1692590 889
1692600 889
1692610 890
1692620 891
1692630 891
1692640 895
1692650 900
1692660 900
1692670 903
1692680 908
1692690 908
1692700 912
1692710 912
1692720 912
1692730 915
1692740 918
1692750 918
1692760 921
1692770 927
1692780 927
1692790 931
1692800 937
1692810 937
1692820 942
1692830 950
1692840 950
1692850 1001
1692860 1021
1692870 1021
1692880 1040
1692890 1051
1692900 1051
1692910 1061
1692920 1076
1692930 1076
1692940 1105
1692950 1115
1692960 1131
1692970 1131
1692980 1145
1692990 1161
1693000 1161
1693010 1177
1693020 1190
1693030 1190
1693040 1205
1693050 1235
1693060 1235
1693070 1264
1693080 1305
1693090 1305
1693100 1329
1693110 1346
1693120 1346
1693130 1363
1693140 1377
1693150 1377
1693160 1370
1693170 1379
1693180 1379
1693190 1387
1693200 1386
1693210 1386
1693220 1400
1693230 1412
1693240 1412
1693250 1423
1693260 1431
1693270 1431
1693280 1435
1693290 1437
1693300 1437
1693310 1445
1693320 1456
1693330 1456
1693340 1484
1693350 1522
1693360 1540
1693370 1540
1693380 1553
1693390 1569
1693400 1569
1693410 1586
1693420 1603
1693430 1603
1693440 1602
1693450 1601
1693460 1601
1693470 1596
1693480 1589
1693490 1589
1693500 1581
1693510 1574
1693520 1574
1693530 1565
1693540 1565
1693550 1565
1693560 1566
1693570 1557
1693580 1557
1693590 1555
1693600 1554
1693610 1554
1693620 1550
1693630 1548
1693640 1548
1693650 1549
1693660 1549
1693670 1549
1693680 1549
1693690 1549
1693700 1549
1693710 1548
1693720 1547
1693730 1547
1693740 1547
1693750 1548
1693760 1548
1693770 1548
1693780 1546
1693790 1547
1693800 1547
1693810 1548
1693820 1550
1693830 1550
1693840 1552
1693850 1554
1693860 1554
1693870 1551
1693880 1555
1693890 1555
1693900 1555
1693910 1559
1693920 1559
1693930 1564
1693940 1567
1693950 1567
1693960 1570
1693970 1572
1693980 1572
1693990 1575
1694000 1577
1694010 1577
1694020 1578
1694030 1578
1694040 1578
1694050 1575
1694060 1575
1694070 1575
1694080 1575
1694090 1574
1694100 1574
1694110 1575
1694120 1575
1694130 1575
1694140 1576
1694150 1575
1694160 1575
1694170 1575
1694180 1574
1694190 1573
1694200 1573
1694210 1573
1694220 1573
1694230 1573
1694240 1572
1694250 1572
1694260 1572
1694270 1571
1694280 1571
1694290 1571
1694300 1572
1694310 1568
1694320 1568
1694330 1506
1694340 1454
1694350 1454
1694360 1446
1694370 1439
1694380 1439
1694390 1432
1694400 1425
1694410 1425
1694420 1418
1694430 1411
1694440 1411
1694450 1405
1694460 1398
1694470 1398
1694480 1393
1694490 1390
1694500 1390
1694510 1388
1694520 1386
1694530 1386
1694540 1385
1694550 1385
1694560 1385
1694570 1385
1694580 1390
1694590 1390
1694600 1395
1694610 1400
1694620 1404
1694630 1404
1694640 1406
1694650 1410
1694660 1410
1694670 1415
1694680 1420
1694690 1420
1694700 1425
1694710 1428
1694720 1428
1694730 1436
1694740 1454
1694750 1454
1694760 1461
1694770 1467
1694780 1467
1694790 1532
1694800 1588
1694810 1588
1694820 1613
1694830 1611
1694840 1611
1694850 1608
1694860 1600
1694870 1600
1694880 1587
1694890 1577
1694900 1577
1694910 1572
1694920 1571
1694930 1571
1694940 1568
1694950 1565
1694960 1565
1694970 1566
1694980 1565
1694990 1565
1695000 1564
1695010 1562
1695020 1562
1695030 1560
1695040 1557
1695050 1563
1695060 1563
1695070 1567
1695080 1574
1695090 1574
1695100 1576
1695110 1577
1695120 1577
1695130 1578
1695140 1580
1695150 1580
1695160 1581
1695170 1581
1695180 1581
1695190 1580
1695200 1578
1695210 1578
1695220 1573
1695230 1576
1695240 1576
1695250 1584
1695260 1590
1695270 1590
1695280 1597
1695290 1602
1695300 1602
1695310 1608
1695320 1614
1695330 1614
1695340 1618
1695350 1624
1695360 1624
1695370 1628
1695380 1631
1695390 1631
1695400 1634
1695410 1636
1695420 1636
1695430 1638
1695440 1642
1695450 1642
1695460 1642
1695470 1643
1695480 1647
1695490 1647
1695500 1649
1695510 1651
1695520 1651
1695530 1652
1695540 1654
1695550 1654
1695560 1653
1695570 1653
1695580 1653
1695590 1652
1695600 1651
1695610 1651
1695620 1650
1695630 1648
1695640 1648
1695650 1645
1695660 1640
1695670 1640
1695680 1635
1695690 1638
1695700 1638
1695710 1639
1695720 1638
1695730 1638
1695740 1638
1695750 1637
1695760 1637
1695770 1636
1695780 1635
1695790 1635
1695800 1634
1695810 1635
1695820 1635
1695830 1636
1695840 1636
1695850 1636
1695860 1637
1695870 1636
1695880 1636
1695890 1636
1695900 1634
1695910 1632
1695920 1632
1695930 1631
1695940 1630
1695950 1630
1695960 1618
1695970 1610
1695980 1610
1695990 1600
1696000 1592
1696010 1592
1696020 1584
1696030 1578
1696040 1578
1696050 1574
1696060 1569
1696070 1569
1696080 1564
1696090 1561
1696100 1561
1696110 1557
1696120 1556
1696130 1556
1696140 1558
1696150 1558
1696160 1558
1696170 1559
1696180 1558
1696190 1558
1696200 1559
1696210 1561
1696220 1561
1696230 1562
1696240 1563
1696250 1563
1696260 1561
1696270 1558
1696280 1558
1696290 1558
1696300 1566
1696310 1569
1696320 1569
1696330 1572
1696340 1573
1696350 1573
1696360 1575
1696370 1574
1696380 1574
1696390 1572
1696400 1570
1696410 1570
1696420 1568
1696430 1563
1696440 1563
1696450 1566
1696460 1565
1696470 1565
1696480 1563
1696490 1561
1696500 1561
1696510 1559
1696520 1553
1696530 1553
1696540 1551
1696550 1554
1696560 1554
1696570 1549
1696580 1541
1696590 1541
1696600 1538
1696610 1533
1696620 1533
1696630 1525
1696640 1522
1696650 1522
1696660 1525
1696670 1524
1696680 1524
1696690 1525
1696700 1528
1696710 1528
1696720 1528
1696730 1528
1696740 1529
1696750 1529
1696760 1528
1696770 1525
1696780 1525
1696790 1525
1696800 1526
1696810 1526
1696820 1516
1696830 1520
1696840 1520
1696850 1521
1696860 1521
1696870 1521
1696880 1519
1696890 1509
1696900 1509
1696910 1505
1696920 1505
1696930 1505
1696940 1506
1696950 1506
1696960 1506
1696970 1506
1696980 1503
1696990 1503
1697000 1502
1697010 1499
1697020 1499
1697030 1495
1697040 1490
1697050 1490
1697060 1488
1697070 1487
1697080 1487
1697090 1485
1697100 1477
1697110 1468
1697120 1468
1697130 1462
1697140 1458
1697150 1458
1697160 1455
1697170 1452
1697180 1452
1697190 1452
1697200 1454
1697210 1454
1697220 1456
1697230 1454
1697240 1454
1697250 1457
1697260 1457
1697270 1457
1697280 1459
1697290 1456
1697300 1456
1697310 1453
1697320 1455
1697330 1455
1697340 1459
1697350 1460
1697360 1460
1697370 1460
1697380 1457
1697390 1457
1697400 1461
1697410 1463
1697420 1463
1697430 1461
1697440 1458
1697450 1458
1697460 1464
1697470 1465
1697480 1465
1697490 1466
1697500 1475
1697510 1475
1697520 1479
1697530 1476
1697540 1485
1697550 1485
1697560 1485
1697570 1480
1697580 1480
1697590 1477
1697600 1469
1697610 1469
1697620 1472
1697630 1476
1697640 1476
1697650 1485
1697660 1484
1697670 1484
1697680 1491
1697690 1496
1697700 1496
1697710 1495
1697720 1491
1697730 1491
1697740 1493
1697750 1500
1697760 1500
1697770 1496
1697780 1496
1697790 1496
1697800 1499
1697810 1503
1697820 1503
1697830 1503
1697840 1505
1697850 1505
1697860 1499
1697870 1497
1697880 1497
1697890 1499
1697900 1492
1697910 1492
1697920 1487
1697930 1481
1697940 1482
1697950 1482
1697960 1481
1697970 1482
1697980 1482
1697990 1487
1698000 1487
1698010 1487
1698020 1488
1698030 1491
1698040 1491
1698050 1492
1698060 1497
1698070 1497
1698080 1500
1698090 1500
1698100 1500
1698110 1498
1698120 1498
1698130 1498
1698140 1499
1698150 1504
1698160 1504
1698170 1508
1698180 1512
1698190 1512
1698200 1528
1698210 1532
1698220 1532
1698230 1531
1698240 1536
1698250 1536
1698260 1537
1698270 1540
1698280 1540
1698290 1543
1698300 1544
1698310 1544
1698320 1553
1698330 1559
1698340 1559
1698350 1559
1698360 1557
1698370 1555
1698380 1555
1698390 1552
1698400 1549
1698410 1549
1698420 1546
1698430 1542
1698440 1542
1698450 1538
1698460 1536
1698470 1536
1698480 1532
1698490 1529
1698500 1529
1698510 1528
1698520 1527
1698530 1527
1698540 1525
1698550 1520
1698560 1520
1698570 1520
1698580 1519
1698590 1519
1698600 1525
1698610 1530
1698620 1530
1698630 1534
1698640 1539
1698650 1539
1698660 1544
1698670 1549
1698680 1549
1698690 1557
1698700 1563
1698710 1563
1698720 1570
1698730 1574
1698740 1574
1698750 1580
1698760 1585
1698770 1585
1698780 1591
1698790 1592
1698800 1591
1698810 1591
1698820 1590
1698830 1596
1698840 1596
1698850 1602
1698860 1607
1698870 1607
1698880 1611
1698890 1613
1698900 1613
1698910 1614
1698920 1616
1698930 1616
1698940 1618
1698950 1620
1698960 1620
1698970 1622
1698980 1624
1698990 1624
1699000 1625
1699010 1625
1699020 1625
1699030 1626
1699040 1627
1699050 1627
1699060 1629
1699070 1629
1699080 1629
1699090 1629
1699100 1628
1699110 1628
1699120 1628
1699130 1628
1699140 1628
1699150 1627
1699160 1625
1699170 1625
1699180 1624
1699190 1622
1699200 1618
1699210 1618
1699220 1614
1699230 1612
1699240 1612
1699250 1609
1699260 1608
1699270 1608
1699280 1607
1699290 1604
1699300 1604
1699310 1601
1699320 1601
1699330 1601
1699340 1601
1699350 1602
1699360 1602
1699370 1603
1699380 1604
1699390 1604
1699400 1604
1699410 1605
1699420 1605
1699430 1606
1699440 1607
1699450 1607
1699460 1609
1699470 1610
1699480 1610
1699490 1612
1699500 1613
1699510 1613
1699520 1615
1699530 1616
1699540 1616
1699550 1618
1699560 1620
1699570 1620
1699580 1621
1699590 1623
1699600 1623
1699610 1625
1699620 1626
1699630 1627
1699640 1627
1699650 1628
1699660 1628
1699670 1628
1699680 1629
1699690 1630
1699700 1630
1699710 1631
1699720 1632
1699730 1632
1699740 1632
1699750 1632
1699760 1632
1699770 1629
1699780 1627
1699790 1627
1699800 1628
1699810 1632
1699820 1632
1699830 1633
1699840 1636
1699850 1636
1699860 1638
1699870 1641
1699880 1641
1699890 1643
1699900 1645
1699910 1645
1699920 1648
1699930 1650
1699940 1650
1699950 1653
1699960 1655
1699970 1655
1699980 1658
1699990 1661
