1680000 767
1680010 767
1680020 767
1680030 769
1680040 774
1680050 774
1680060 783
1680070 787
1680080 787
1680090 791
1680100 794
1680110 794
1680120 794
1680130 800
1680140 800
1680150 812
1680160 819
1680170 819
1680180 826
1680190 823
1680200 822
1680210 822
1680220 829
1680230 832
1680240 832
1680250 841
1680260 866
1680270 866
1680280 896
1680290 922
1680300 922
1680310 924
1680320 929
1680330 929
1680340 933
1680350 932
1680360 932
1680370 944
1680380 951
1680390 951
1680400 946
1680410 947
1680420 947
1680430 943
1680440 940
1680450 940
1680460 940
1680470 937
1680480 937
1680490 941
1680500 941
1680510 941
1680520 943
1680530 949
1680540 949
1680550 957
1680560 964
1680570 964
1680580 969
1680590 974
1680600 974
1680610 981
1680620 988
1680630 995
1680640 995
1680650 1002
1680660 1009
1680670 1009
1680680 1015
1680690 1021
1680700 1021
1680710 1028
1680720 1036
1680730 1036
1680740 1044
1680750 1052
1680760 1052
1680770 1061
1680780 1082
1680790 1082
1680800 1087
1680810 1093
1680820 1093
1680830 1112
1680840 1117
1680850 1117
1680860 1119
1680870 1124
1680880 1124
1680890 1129
1680900 1139
1680910 1139
1680920 1143
1680930 1148
1680940 1148
1680950 1168
1680960 1168
1680970 1168
1680980 1167
1680990 1161
1681000 1161
1681010 1145
1681020 1131
1681030 1131
1681040 1130
1681050 1131
1681060 1119
1681070 1119
1681080 1115
1681090 1113
1681100 1113
1681110 1110
1681120 1111
1681130 1111
1681140 1113
1681150 1115
1681160 1115
1681170 1118
1681180 1125
1681190 1125
1681200 1137
1681210 1150
1681220 1150
1681230 1163
1681240 1171
1681250 1171
1681260 1179
1681270 1185
1681280 1185
1681290 1192
1681300 1198
1681310 1198
1681320 1209
1681330 1213
1681340 1213
1681350 1220
1681360 1235
1681370 1235
1681380 1243
1681390 1252
1681400 1252
1681410 1272
1681420 1276
1681430 1276
1681440 1284
1681450 1296
1681460 1299
1681470 1299
1681480 1304
1681490 1310
1681500 1310
1681510 1315
1681520 1317
1681530 1317
1681540 1308
1681550 1300
1681560 1300
1681570 1285
1681580 1273
1681590 1273
1681600 1267
1681610 1263
1681620 1263
1681630 1264
1681640 1251
1681650 1251
1681660 1245
1681670 1229
1681680 1229
1681690 1221
1681700 1229
1681710 1229
1681720 1240
1681730 1236
1681740 1236
1681750 1239
1681760 1241
1681770 1241
1681780 1245
1681790 1244
1681800 1244
1681810 1242
1681820 1243
1681830 1243
1681840 1246
1681850 1254
1681860 1254
1681870 1262
1681880 1276
1681890 1274
1681900 1274
1681910 1259
1681920 1249
1681930 1249
1681940 1230
1681950 1205
1681960 1205
1681970 1183
1681980 1150
1681990 1150
1682000 1139
1682010 1138
1682020 1138
1682030 1141
1682040 1134
1682050 1134
1682060 1117
1682070 1098
1682080 1098
1682090 1094
1682100 1086
1682110 1086
1682120 1077
1682130 1071
1682140 1071
1682150 1070
1682160 1067
1682170 1067
1682180 1061
1682190 1057
1682200 1057
1682210 1051
1682220 1049
1682230 1049
1682240 1047
1682250 1043
1682260 1043
1682270 1047
1682280 1051
1682290 1051
1682300 1054
1682310 1055
1682320 1071
1682330 1071
1682340 1079
1682350 1084
1682360 1084
1682370 1090
1682380 1096
1682390 1096
1682400 1100
1682410 1104
1682420 1113
1682430 1118
1682440 1124
1682450 1124
1682460 1132
1682470 1141
1682480 1141
1682490 1150
1682500 1153
1682510 1153
1682520 1154
1682530 1153
1682540 1153
1682550 1148
1682560 1148
1682570 1148
1682580 1151
1682590 1144
1682600 1144
1682610 1143
1682620 1148
1682630 1148
1682640 1146
1682650 1147
1682660 1147
1682670 1148
1682680 1147
1682690 1147
1682700 1148
1682710 1155
1682720 1155
1682730 1159
1682740 1152
1682750 1131
1682760 1131
1682770 1114
1682780 1112
1682790 1112
1682800 1118
1682810 1132
1682820 1132
1682830 1142
1682840 1148
1682850 1148
1682860 1153
1682870 1152
1682880 1152
1682890 1183
1682900 1184
1682910 1184
1682920 1198
1682930 1188
1682940 1188
1682950 1165
1682960 1157
1682970 1157
1682980 1137
1682990 1124
1683000 1124
1683010 1119
1683020 1118
1683030 1118
1683040 1112
1683050 1097
1683060 1097
1683070 1098
1683080 1076
1683090 1076
1683100 1027
1683110 1032
1683120 1032
1683130 1043
1683140 1054
1683150 1078
1683160 1078
1683170 1077
1683180 1072
1683190 1072
1683200 1074
1683210 1082
1683220 1082
1683230 1110
1683240 1128
1683250 1128
1683260 1138
1683270 1142
1683280 1142
1683290 1145
1683300 1152
1683310 1152
1683320 1146
1683330 1145
1683340 1145
1683350 1145
1683360 1156
1683370 1156
1683380 1161
1683390 1167
1683400 1167
1683410 1168
1683420 1169
1683430 1169
1683440 1179
1683450 1207
1683460 1207
1683470 1218
1683480 1248
1683490 1248
1683500 1266
1683510 1268
1683520 1268
1683530 1260
1683540 1240
1683550 1240
1683560 1227
1683570 1217
1683580 1214
1683590 1214
1683600 1211
1683610 1209
1683620 1209
1683630 1210
1683640 1217
1683650 1217
1683660 1231
1683670 1233
1683680 1233
1683690 1225
1683700 1230
1683710 1230
1683720 1225
1683730 1215
1683740 1215
1683750 1160
1683760 1150
1683770 1150
1683780 1152
1683790 1168
1683800 1168
1683810 1187
1683820 1177
1683830 1177
1683840 1172
1683850 1187
1683860 1187
1683870 1194
1683880 1216
1683890 1216
1683900 1225
1683910 1225
1683920 1225
1683930 1215
1683940 1207
1683950 1207
1683960 1194
1683970 1186
1683980 1186
1683990 1189
1684000 1188
1684010 1189
1684020 1189
1684030 1194
1684040 1195
1684050 1195
1684060 1195
1684070 1193
1684080 1193
1684090 1199
1684100 1198
1684110 1198
1684120 1203
1684130 1188
1684140 1188
1684150 1182
1684160 1182
1684170 1182
1684180 1178
1684190 1175
1684200 1175
1684210 1166
1684220 1165
1684230 1165
1684240 1165
1684250 1164
1684260 1164
1684270 1161
1684280 1158
1684290 1158
1684300 1155
1684310 1156
1684320 1156
1684330 1160
1684340 1162
1684350 1162
1684360 1162
1684370 1161
1684380 1161
1684390 1160
1684400 1159
1684410 1159
1684420 1162
1684430 1167
1684440 1172
1684450 1172
1684460 1176
1684470 1178
1684480 1178
1684490 1180
1684500 1180
1684510 1180
1684520 1183
1684530 1187
1684540 1187
1684550 1202
1684560 1202
1684570 1202
1684580 1205
1684590 1210
1684600 1210
1684610 1211
1684620 1220
1684630 1220
1684640 1219
1684650 1221
1684660 1221
1684670 1221
1684680 1223
1684690 1223
1684700 1227
1684710 1232
1684720 1232
1684730 1237
1684740 1245
1684750 1245
1684760 1250
1684770 1258
1684780 1258
1684790 1268
1684800 1274
1684810 1274
1684820 1282
1684830 1291
1684840 1298
1684850 1298
1684860 1306
1684870 1315
1684880 1315
1684890 1322
1684900 1329
1684910 1329
1684920 1337
1684930 1341
1684940 1341
1684950 1340
1684960 1338
1684970 1338
1684980 1334
1684990 1331
1685000 1331
1685010 1343
1685020 1338
1685030 1338
1685040 1333
1685050 1332
1685060 1332
1685070 1331
1685080 1336
1685090 1336
1685100 1343
1685110 1352
1685120 1352
1685130 1354
1685140 1354
1685150 1354
1685160 1351
1685170 1348
1685180 1348
1685190 1343
1685200 1339
1685210 1339
1685220 1333
1685230 1327
1685240 1327
1685250 1321
1685260 1314
1685270 1304
1685280 1304
1685290 1288
1685300 1280
1685310 1280
1685320 1274
1685330 1266
1685340 1266
1685350 1258
1685360 1252
1685370 1252
1685380 1249
1685390 1242
1685400 1242
1685410 1234
1685420 1215
1685430 1215
1685440 1202
1685450 1194
1685460 1194
1685470 1176
1685480 1179
1685490 1179
1685500 1173
1685510 1162
1685520 1162
1685530 1160
1685540 1173
1685550 1173
1685560 1147
1685570 1130
1685580 1130
1685590 1121
1685600 1117
1685610 1117
1685620 1113
1685630 1105
1685640 1105
1685650 1101
1685660 1096
1685670 1096
1685680 1096
1685690 1085
1685700 1076
1685710 1076
1685720 1068
1685730 1061
1685740 1061
1685750 1058
1685760 1054
1685770 1054
1685780 1050
1685790 1049
1685800 1049
1685810 1043
1685820 1035
1685830 1035
1685840 1033
1685850 1033
1685860 1033
1685870 1036
1685880 1021
1685890 1021
1685900 1007
1685910 1001
1685920 1001
1685930 994
1685940 988
1685950 988
1685960 981
1685970 973
1685980 973
1685990 966
1686000 960
1686010 960
1686020 953
1686030 946
1686040 946
1686050 943
1686060 932
1686070 932
1686080 916
1686090 899
1686100 899
1686110 889
1686120 886
1686130 877
1686140 877
1686150 867
1686160 859
1686170 859
1686180 848
1686190 843
1686200 843
1686210 838
1686220 826
1686230 826
1686240 812
1686250 802
1686260 802
1686270 789
1686280 780
1686290 780
1686300 772
1686310 765
1686320 765
1686330 759
1686340 752
1686350 752
1686360 746
1686370 740
1686380 740
1686390 734
1686400 727
1686410 727
1686420 721
1686430 715
1686440 715
1686450 709
1686460 703
1686470 703
1686480 697
1686490 691
1686500 691
1686510 686
1686520 680
1686530 680
1686540 674
1686550 670
1686560 665
1686570 665
1686580 660
1686590 657
1686600 657
1686610 654
1686620 654
1686630 654
1686640 654
1686650 654
1686660 654
1686670 651
1686680 651
1686690 651
1686700 652
1686710 652
1686720 652
1686730 654
1686740 654
1686750 654
1686760 654
1686770 654
1686780 654
1686790 655
1686800 656
1686810 656
1686820 657
1686830 658
1686840 658
1686850 658
1686860 659
1686870 659
1686880 660
1686890 663
1686900 663
1686910 666
1686920 668
1686930 668
1686940 670
1686950 671
1686960 673
1686970 673
1686980 675
1686990 676
1687000 676
1687010 678
1687020 680
1687030 680
1687040 682
1687050 683
1687060 683
1687070 684
1687080 685
1687090 685
1687100 687
1687110 689
1687120 689
1687130 690
1687140 690
1687150 690
1687160 689
1687170 690
1687180 690
1687190 691
1687200 691
1687210 691
1687220 690
1687230 691
1687240 691
1687250 690
1687260 688
1687270 688
1687280 688
1687290 687
1687300 687
1687310 688
1687320 688
1687330 688
1687340 690
1687350 691
1687360 691
1687370 692
1687380 693
1687390 693
1687400 693
1687410 693
1687420 695
1687430 695
1687440 697
1687450 701
1687460 701
1687470 705
1687480 710
1687490 710
1687500 714
1687510 718
1687520 718
1687530 721
1687540 725
1687550 725
1687560 728
1687570 730
1687580 730
1687590 730
1687600 731
1687610 731
1687620 731
1687630 731
1687640 731
1687650 730
1687660 733
1687670 733
1687680 733
1687690 733
1687700 733
1687710 734
1687720 735
1687730 735
1687740 735
1687750 735
1687760 735
1687770 735
1687780 735
1687790 735
1687800 734
1687810 735
1687820 736
1687830 736
1687840 737
1687850 738
1687860 738
1687870 740
1687880 742
1687890 742
1687900 743
1687910 745
1687920 745
1687930 747
1687940 748
1687950 748
1687960 751
1687970 752
1687980 752
1687990 754
1688000 757
1688010 757
1688020 758
1688030 760
1688040 760
1688050 763
1688060 766
1688070 766
1688080 770
1688090 773
1688100 773
1688110 776
1688120 779
1688130 779
1688140 783
1688150 786
1688160 786
1688170 790
1688180 796
1688190 796
1688200 799
1688210 802
1688220 802
1688230 805
1688240 808
1688250 810
1688260 810
1688270 811
1688280 815
1688290 815
1688300 819
1688310 823
1688320 823
1688330 828
1688340 832
1688350 832
1688360 836
1688370 839
1688380 839
1688390 843
1688400 848
1688410 848
1688420 853
1688430 858
1688440 858
1688450 863
1688460 868
1688470 868
1688480 875
1688490 877
1688500 877
1688510 883
1688520 890
1688530 890
1688540 895
1688550 900
1688560 900
1688570 906
1688580 914
1688590 914
1688600 920
1688610 921
1688620 921
1688630 922
1688640 926
1688650 933
1688660 933
1688670 937
1688680 940
1688690 940
1688700 943
1688710 946
1688720 946
1688730 950
1688740 952
1688750 952
1688760 955
1688770 958
1688780 958
1688790 961
1688800 963
1688810 963
1688820 965
1688830 965
1688840 965
1688850 966
1688860 968
1688870 968
1688880 971
1688890 974
1688900 974
1688910 978
1688920 982
1688930 982
1688940 987
1688950 992
1688960 992
1688970 998
1688980 1004
1688990 1004
1689000 1010
1689010 1015
1689020 1015
1689030 1020
1689040 1020
1689050 1020
1689060 1021
1689070 1025
1689080 1029
1689090 1029
1689100 1032
1689110 1033
1689120 1033
1689130 1034
1689140 1035
1689150 1035
1689160 1036
1689170 1036
1689180 1036
1689190 1038
1689200 1042
1689210 1042
1689220 1049
1689230 1055
1689240 1055
1689250 1061
1689260 1065
1689270 1065
1689280 1068
1689290 1071
1689300 1071
1689310 1073
1689320 1077
1689330 1077
1689340 1084
1689350 1090
1689360 1090
1689370 1096
1689380 1105
1689390 1105
1689400 1130
1689410 1152
1689420 1152
1689430 1179
1689440 1178
1689450 1178
1689460 1193
1689470 1199
1689480 1199
1689490 1213
1689500 1215
1689510 1209
1689520 1209
1689530 1213
1689540 1227
1689550 1227
1689560 1231
1689570 1237
1689580 1237
1689590 1236
1689600 1229
1689610 1229
1689620 1229
1689630 1243
1689640 1243
1689650 1239
1689660 1252
1689670 1252
1689680 1258
1689690 1262
1689700 1262
1689710 1262
1689720 1259
1689730 1259
1689740 1254
1689750 1253
1689760 1253
1689770 1258
1689780 1264
1689790 1264
1689800 1268
1689810 1269
1689820 1269
1689830 1268
1689840 1268
1689850 1268
1689860 1270
1689870 1270
1689880 1270
1689890 1271
1689900 1276
1689910 1276
1689920 1280
1689930 1282
1689940 1284
1689950 1284
1689960 1289
1689970 1294
1689980 1294
1689990 1299
1690000 1302
1690010 1302
1690020 1308
1690030 1313
1690040 1313
1690050 1320
1690060 1325
1690070 1325
1690080 1331
1690090 1335
1690100 1335
1690110 1338
1690120 1340
1690130 1340
1690140 1344
1690150 1349
1690160 1349
1690170 1357
1690180 1358
1690190 1358
1690200 1355
1690210 1350
1690220 1350
1690230 1343
1690240 1337
1690250 1337
1690260 1332
1690270 1327
1690280 1327
1690290 1321
1690300 1316
1690310 1316
1690320 1302
1690330 1296
1690340 1291
1690350 1291
1690360 1288
1690370 1284
1690380 1284
1690390 1277
1690400 1268
1690410 1268
1690420 1261
1690430 1252
1690440 1252
1690450 1235
1690460 1221
1690470 1221
1690480 1204
1690490 1190
1690500 1190
1690510 1164
1690520 1149
1690530 1149
1690540 1133
1690550 1128
1690560 1128
1690570 1122
1690580 1115
1690590 1115
1690600 1108
1690610 1102
1690620 1102
1690630 1096
1690640 1092
1690650 1092
1690660 1088
1690670 1083
1690680 1083
1690690 1079
1690700 1075
1690710 1075
1690720 1071
1690730 1065
1690740 1065
1690750 1060
1690760 1060
1690770 1053
1690780 1053
1690790 1050
1690800 1052
1690810 1052
1690820 1059
1690830 1053
1690840 1053
1690850 1043
1690860 1048
1690870 1048
1690880 1042
1690890 1036
1690900 1036
1690910 1030
1690920 1026
1690930 1026
1690940 1019
1690950 1013
1690960 1013
1690970 1008
1690980 1002
1690990 1002
1691000 997
1691010 995
1691020 995
1691030 995
1691040 993
1691050 993
1691060 988
1691070 982
1691080 982
1691090 974
1691100 963
1691110 963
1691120 955
1691130 951
1691140 951
1691150 939
1691160 931
1691170 931
1691180 922
1691190 901
1691200 893
1691210 893
1691220 882
1691230 871
1691240 871
1691250 859
1691260 839
1691270 839
1691280 827
1691290 821
1691300 821
1691310 815
1691320 808
1691330 808
1691340 800
1691350 793
1691360 793
1691370 786
1691380 779
1691390 779
1691400 772
1691410 765
1691420 765
1691430 759
1691440 754
1691450 754
1691460 749
1691470 748
1691480 748
1691490 748
1691500 749
1691510 749
1691520 749
1691530 749
1691540 749
1691550 750
1691560 750
1691570 750
1691580 749
1691590 750
1691600 750
1691610 750
1691620 751
1691630 751
1691640 751
1691650 751
1691660 751
1691670 751
1691680 752
1691690 752
1691700 752
1691710 753
1691720 753
1691730 753
1691740 754
1691750 754
1691760 754
1691770 754
1691780 755
1691790 755
1691800 755
1691810 756
1691820 756
1691830 756
1691840 757
1691850 757
1691860 757
1691870 758
1691880 758
1691890 758
1691900 759
1691910 759
1691920 760
1691930 761
1691940 761
1691950 762
1691960 762
1691970 762
1691980 763
1691990 763
1692000 763
1692010 764
1692020 764
1692030 764
1692040 764
1692050 765
1692060 765
1692070 765
1692080 766
1692090 766
1692100 766
1692110 767
1692120 767
1692130 767
1692140 767
1692150 767
1692160 767
1692170 768
1692180 767
1692190 767
1692200 768
1692210 768
1692220 768
1692230 768
1692240 768
1692250 768
1692260 768
1692270 769
1692280 769
1692290 769
1692300 770
1692310 770
1692320 770
1692330 771
1692340 771
1692350 771
1692360 771
1692370 771
1692380 771
1692390 771
1692400 771
1692410 771
1692420 771
1692430 771
1692440 772
1692450 772
1692460 773
1692470 773
1692480 776
1692490 775
1692500 775
1692510 775
1692520 777
1692530 777
1692540 781
1692550 786
1692560 786
1692570 790
1692580 795
1692590 795
1692600 800
1692610 806
1692620 806
1692630 812
1692640 821
1692650 821
1692660 826
1692670 832
1692680 832
1692690 838
1692700 843
1692710 843
1692720 849
1692730 855
1692740 855
1692750 861
1692760 865
1692770 865
1692780 871
1692790 877
1692800 877
1692810 886
1692820 893
1692830 893
1692840 899
1692850 905
1692860 905
1692870 911
1692880 916
1692890 921
1692900 921
1692910 925
1692920 928
1692930 928
1692940 930
1692950 931
1692960 931
1692970 932
1692980 934
1692990 934
1693000 936
1693010 938
1693020 938
1693030 941
1693040 945
1693050 945
1693060 949
1693070 952
1693080 952
1693090 956
1693100 960
1693110 960
1693120 963
1693130 967
1693140 967
1693150 969
1693160 972
1693170 972
1693180 974
1693190 976
1693200 976
1693210 978
1693220 978
1693230 978
1693240 977
1693250 976
1693260 976
1693270 975
1693280 975
1693290 975
1693300 973
1693310 971
1693320 971
1693330 971
1693340 972
1693350 971
1693360 971
1693370 970
1693380 969
1693390 969
1693400 968
1693410 969
1693420 969
1693430 970
1693440 970
1693450 970
1693460 969
1693470 967
1693480 967
1693490 967
1693500 965
1693510 965
1693520 963
1693530 961
1693540 961
1693550 958
1693560 956
1693570 956
1693580 954
1693590 952
1693600 952
1693610 950
1693620 948
1693630 948
1693640 947
1693650 945
1693660 945
1693670 942
1693680 939
1693690 939
1693700 934
1693710 930
1693720 927
1693730 927
1693740 928
1693750 929
1693760 929
1693770 930
1693780 932
1693790 932
1693800 934
1693810 934
1693820 934
1693830 934
1693840 936
1693850 936
1693860 937
1693870 936
1693880 936
1693890 937
1693900 938
1693910 938
1693920 939
1693930 944
1693940 944
1693950 949
1693960 955
1693970 955
1693980 958
1693990 961
1694000 961
1694010 964
1694020 968
1694030 968
1694040 968
1694050 968
1694060 968
1694070 969
1694080 972
1694090 972
1694100 976
1694110 982
1694120 982
1694130 987
1694140 990
1694150 992
1694160 992
1694170 993
1694180 993
1694190 993
1694200 991
1694210 989
1694220 989
1694230 985
1694240 983
1694250 983
1694260 982
1694270 982
1694280 982
1694290 984
1694300 985
1694310 985
1694320 986
1694330 987
1694340 987
1694350 989
1694360 993
1694370 993
1694380 999
1694390 1003
1694400 1003
1694410 1007
1694420 1009
1694430 1009
1694440 1012
1694450 1014
1694460 1014
1694470 1016
1694480 1016
1694490 1016
1694500 1016
1694510 1018
1694520 1018
1694530 1019
1694540 1020
1694550 1020
1694560 1020
1694570 1019
1694580 1023
1694590 1023
1694600 1025
1694610 1025
1694620 1025
1694630 1026
1694640 1025
1694650 1025
1694660 1025
1694670 1025
1694680 1025
1694690 1025
1694700 1024
1694710 1024
1694720 1023
1694730 1023
1694740 1023
1694750 1022
1694760 1021
1694770 1021
1694780 1020
1694790 1019
1694800 1019
1694810 1017
1694820 1016
1694830 1016
1694840 1017
1694850 1018
1694860 1018
1694870 1018
1694880 1017
1694890 1017
1694900 1017
1694910 1018
1694920 1018
1694930 1020
1694940 1020
1694950 1020
1694960 1022
1694970 1023
1694980 1023
1694990 1025
1695000 1027
1695010 1028
1695020 1028
1695030 1028
1695040 1030
1695050 1030
1695060 1033
1695070 1034
1695080 1034
1695090 1036
1695100 1036
1695110 1036
1695120 1037
1695130 1038
1695140 1038
1695150 1040
1695160 1040
1695170 1040
1695180 1037
1695190 1033
1695200 1033
1695210 1034
1695220 1037
1695230 1037
1695240 1036
1695250 1029
1695260 1029
1695270 1022
1695280 1016
1695290 1016
1695300 1011
1695310 1007
1695320 1007
1695330 1003
1695340 1001
1695350 1001
1695360 999
1695370 999
1695380 999
1695390 999
1695400 999
1695410 1001
1695420 1001
1695430 1005
1695440 1007
1695450 1007
1695460 1008
1695470 1005
1695480 1005
1695490 1002
1695500 1003
1695510 1003
1695520 1004
1695530 1002
1695540 1002
1695550 1001
1695560 1000
1695570 1000
1695580 1005
1695590 1005
1695600 1005
1695610 1003
1695620 1005
1695630 1005
1695640 1007
1695650 1012
1695660 1012
1695670 1015
1695680 1017
1695690 1017
1695700 1016
1695710 1021
1695720 1021
1695730 1020
1695740 1017
1695750 1017
1695760 1013
1695770 1013
1695780 1013
1695790 1013
1695800 1010
1695810 1010
1695820 1011
1695830 1014
1695840 1013
1695850 1013
1695860 1016
1695870 1018
1695880 1018
1695890 1015
1695900 1016
1695910 1016
1695920 1013
1695930 1019
1695940 1019
1695950 1025
1695960 1027
1695970 1027
1695980 1026
1695990 1029
1696000 1029
1696010 1035
1696020 1040
1696030 1040
1696040 1041
1696050 1043
1696060 1043
1696070 1048
1696080 1050
1696090 1050
1696100 1041
1696110 1035
1696120 1035
1696130 1032
1696140 1030
1696150 1030
1696160 1040
1696170 1041
1696180 1041
1696190 1042
1696200 1043
1696210 1043
1696220 1044
1696230 1045
1696240 1045
1696250 1046
1696260 1047
1696270 1048
1696280 1048
1696290 1050
1696300 1054
1696310 1054
1696320 1056
1696330 1061
1696340 1061
1696350 1065
1696360 1069
1696370 1069
1696380 1072
1696390 1076
1696400 1076
1696410 1071
1696420 1077
1696430 1077
1696440 1085
1696450 1096
1696460 1096
1696470 1108
1696480 1110
1696490 1110
1696500 1113
1696510 1103
1696520 1103
1696530 1102
1696540 1104
1696550 1104
1696560 1115
1696570 1117
1696580 1117
1696590 1119
1696600 1116
1696610 1116
1696620 1115
1696630 1121
1696640 1121
1696650 1126
1696660 1130
1696670 1130
1696680 1137
1696690 1134
1696700 1144
1696710 1144
1696720 1146
1696730 1153
1696740 1153
1696750 1153
1696760 1154
1696770 1154
1696780 1155
1696790 1159
1696800 1159
1696810 1162
1696820 1164
1696830 1164
1696840 1169
1696850 1175
1696860 1175
1696870 1172
1696880 1168
1696890 1168
1696900 1169
1696910 1168
1696920 1168
1696930 1171
1696940 1188
1696950 1188
1696960 1201
1696970 1189
1696980 1189
1696990 1201
1697000 1232
1697010 1232
1697020 1237
1697030 1243
1697040 1243
1697050 1263
1697060 1267
1697070 1267
1697080 1263
1697090 1255
1697100 1255
1697110 1250
1697120 1247
1697130 1249
1697140 1249
1697150 1233
1697160 1229
1697170 1229
1697180 1227
1697190 1228
1697200 1228
1697210 1235
1697220 1240
1697230 1240
1697240 1239
1697250 1236
1697260 1236
1697270 1241
1697280 1248
1697290 1248
1697300 1258
1697310 1264
1697320 1264
1697330 1265
1697340 1252
1697350 1252
1697360 1226
1697370 1224
1697380 1224
1697390 1221
1697400 1237
1697410 1237
1697420 1261
1697430 1271
1697440 1271
1697450 1271
1697460 1274
1697470 1274
1697480 1272
1697490 1275
1697500 1275
1697510 1277
1697520 1276
1697530 1274
1697540 1274
1697550 1276
1697560 1277
1697570 1277
1697580 1270
1697590 1265
1697600 1265
1697610 1269
1697620 1269
1697630 1269
1697640 1273
1697650 1278
1697660 1278
1697670 1280
1697680 1272
1697690 1272
1697700 1261
1697710 1250
1697720 1250
1697730 1244
1697740 1239
1697750 1239
1697760 1224
1697770 1210
1697780 1210
1697790 1204
1697800 1197
1697810 1197
1697820 1192
1697830 1186
1697840 1186
1697850 1180
1697860 1174
1697870 1174
1697880 1168
1697890 1161
1697900 1161
1697910 1154
1697920 1146
1697930 1146
1697940 1141
1697950 1133
1697960 1127
1697970 1127
1697980 1121
1697990 1115
1698000 1115
1698010 1108
1698020 1102
1698030 1102
1698040 1097
1698050 1091
1698060 1091
1698070 1085
1698080 1079
1698090 1079
1698100 1075
1698110 1070
1698120 1070
1698130 1066
1698140 1061
1698150 1061
1698160 1055
1698170 1051
1698180 1051
1698190 1045
1698200 1042
1698210 1042
1698220 1039
1698230 1035
1698240 1035
1698250 1034
1698260 1033
1698270 1033
1698280 1032
1698290 1029
1698300 1029
1698310 1025
1698320 1023
1698330 1023
1698340 1022
1698350 1021
1698360 1021
1698370 1021
1698380 1020
1698390 1017
1698400 1017
1698410 1014
1698420 1011
1698430 1011
1698440 1010
1698450 1008
1698460 1008
1698470 1004
1698480 1003
1698490 1003
1698500 1001
1698510 1003
1698520 1003
1698530 1007
1698540 1012
1698550 1012
1698560 1018
1698570 1023
1698580 1023
1698590 1029
1698600 1033
1698610 1033
1698620 1039
1698630 1045
1698640 1045
1698650 1051
1698660 1057
1698670 1057
1698680 1064
1698690 1071
1698700 1071
1698710 1077
1698720 1084
1698730 1084
1698740 1092
1698750 1099
1698760 1099
1698770 1106
1698780 1114
1698790 1114
1698800 1121
1698810 1128
1698820 1135
1698830 1135
1698840 1143
1698850 1150
1698860 1150
1698870 1160
1698880 1176
1698890 1176
1698900 1190
1698910 1211
1698920 1211
1698930 1248
1698940 1259
1698950 1259
1698960 1273
1698970 1280
1698980 1280
1698990 1291
1699000 1312
1699010 1312
1699020 1324
1699030 1336
1699040 1336
1699050 1350
1699060 1350
1699070 1350
1699080 1362
1699090 1359
1699100 1359
1699110 1358
1699120 1372
1699130 1372
1699140 1378
1699150 1384
1699160 1384
1699170 1394
1699180 1404
1699190 1404
1699200 1414
1699210 1422
1699220 1433
1699230 1433
1699240 1468
1699250 1466
1699260 1466
1699270 1480
1699280 1487
1699290 1487
1699300 1490
1699310 1491
1699320 1491
1699330 1493
1699340 1493
1699350 1493
1699360 1491
1699370 1489
1699380 1489
1699390 1487
1699400 1485
1699410 1485
1699420 1483
1699430 1482
1699440 1482
1699450 1479
1699460 1478
1699470 1478
1699480 1477
1699490 1476
1699500 1476
1699510 1476
1699520 1476
1699530 1476
1699540 1475
1699550 1475
1699560 1475
1699570 1475
1699580 1475
1699590 1475
1699600 1475
1699610 1475
1699620 1475
1699630 1474
1699640 1474
1699650 1474
1699660 1474
1699670 1474
1699680 1474
1699690 1474
1699700 1474
1699710 1474
1699720 1474
1699730 1473
1699740 1472
1699750 1472
1699760 1472
1699770 1472
1699780 1472
1699790 1472
1699800 1472
1699810 1472
1699820 1472
1699830 1472
1699840 1472
1699850 1472
1699860 1473
1699870 1473
1699880 1473
1699890 1473
1699900 1473
1699910 1474
1699920 1474
1699930 1474
1699940 1473
1699950 1473
1699960 1473
1699970 1473
1699980 1473
1699990 1473
