1680000 746
1680010 747
1680020 747
1680030 760
1680040 761
1680050 761
1680060 763
1680070 767
1680080 767
1680090 772
1680100 775
1680110 775
1680120 784
1680130 792
1680140 792
1680150 799
1680160 806
1680170 806
1680180 806
1680190 805
1680200 811
1680210 811
1680220 818
1680230 825
1680240 825
1680250 831
1680260 846
1680270 846
1680280 898
1680290 904
1680300 904
1680310 905
1680320 912
1680330 912
1680340 909
1680350 910
1680360 910
1680370 931
1680380 934
1680390 934
1680400 927
1680410 926
1680420 926
1680430 927
1680440 923
1680450 923
1680460 921
1680470 919
1680480 919
1680490 924
1680500 931
1680510 931
1680520 939
1680530 946
1680540 946
1680550 952
1680560 958
1680570 958
1680580 964
1680590 971
1680600 971
1680610 978
1680620 982
1680630 988
1680640 988
1680650 995
1680660 1003
1680670 1003
1680680 1013
1680690 1021
1680700 1021
1680710 1030
1680720 1040
1680730 1040
1680740 1048
1680750 1062
1680760 1062
1680770 1084
1680780 1097
1680790 1097
1680800 1095
1680810 1097
1680820 1097
1680830 1099
1680840 1101
1680850 1101
1680860 1107
1680870 1111
1680880 1111
1680890 1116
1680900 1124
1680910 1124
1680920 1136
1680930 1141
1680940 1141
1680950 1149
1680960 1143
1680970 1143
1680980 1135
1680990 1129
1681000 1129
1681010 1127
1681020 1111
1681030 1105
1681040 1105
1681050 1106
1681060 1104
1681070 1104
1681080 1100
1681090 1097
1681100 1097
1681110 1096
1681120 1100
1681130 1100
1681140 1105
1681150 1112
1681160 1112
1681170 1118
1681180 1126
1681190 1126
1681200 1136
1681210 1146
1681220 1146
1681230 1154
1681240 1161
1681250 1161
1681260 1169
1681270 1178
1681280 1178
1681290 1186
1681300 1194
1681310 1194
1681320 1201
1681330 1208
1681340 1208
1681350 1219
1681360 1227
1681370 1227
1681380 1244
1681390 1253
1681400 1253
1681410 1264
1681420 1272
1681430 1272
1681440 1285
1681450 1292
1681460 1298
1681470 1298
1681480 1304
1681490 1309
1681500 1309
1681510 1313
1681520 1314
1681530 1314
1681540 1307
1681550 1293
1681560 1293
1681570 1279
1681580 1267
1681590 1267
1681600 1257
1681610 1245
1681620 1245
1681630 1238
1681640 1228
1681650 1228
1681660 1195
1681670 1169
1681680 1169
1681690 1148
1681700 1153
1681710 1153
1681720 1149
1681730 1158
1681740 1158
1681750 1205
1681760 1211
1681770 1211
1681780 1214
1681790 1209
1681800 1209
1681810 1208
1681820 1214
1681830 1214
1681840 1218
1681850 1226
1681860 1226
1681870 1242
1681880 1247
1681890 1260
1681900 1260
1681910 1255
1681920 1245
1681930 1245
1681940 1226
1681950 1202
1681960 1202
1681970 1162
1681980 1143
1681990 1143
1682000 1127
1682010 1114
1682020 1114
1682030 1107
1682040 1099
1682050 1099
1682060 1094
1682070 1088
1682080 1088
1682090 1080
1682100 1073
1682110 1073
1682120 1069
1682130 1063
1682140 1063
1682150 1056
1682160 1055
1682170 1055
1682180 1051
1682190 1046
1682200 1046
1682210 1042
1682220 1037
1682230 1037
1682240 1034
1682250 1032
1682260 1032
1682270 1034
1682280 1039
1682290 1039
1682300 1041
1682310 1043
1682320 1046
1682330 1046
1682340 1051
1682350 1065
1682360 1065
1682370 1070
1682380 1076
1682390 1076
1682400 1084
1682410 1093
1682420 1093
1682430 1100
1682440 1106
1682450 1106
1682460 1114
1682470 1121
1682480 1121
1682490 1109
1682500 1112
1682510 1112
1682520 1113
1682530 1113
1682540 1113
1682550 1116
1682560 1124
1682570 1124
1682580 1118
1682590 1112
1682600 1112
1682610 1110
1682620 1110
1682630 1110
1682640 1112
1682650 1111
1682660 1111
1682670 1114
1682680 1118
1682690 1118
1682700 1118
1682710 1114
1682720 1114
1682730 1111
1682740 1106
1682750 1097
1682760 1097
1682770 1090
1682780 1086
1682790 1086
1682800 1091
1682810 1094
1682820 1094
1682830 1102
1682840 1105
1682850 1105
1682860 1100
1682870 1093
1682880 1093
1682890 1096
1682900 1101
1682910 1101
1682920 1106
1682930 1103
1682940 1103
1682950 1096
1682960 1086
1682970 1086
1682980 1091
1682990 1085
1683000 1085
1683010 1070
1683020 1033
1683030 1033
1683040 1027
1683050 1022
1683060 1022
1683070 1017
1683080 1014
1683090 1014
1683100 1010
1683110 1014
1683120 1014
1683130 1020
1683140 1027
1683150 1027
1683160 1027
1683170 1027
1683180 1043
1683190 1043
1683200 1057
1683210 1061
1683220 1061
1683230 1064
1683240 1073
1683250 1073
1683260 1081
1683270 1079
1683280 1079
1683290 1077
1683300 1080
1683310 1080
1683320 1080
1683330 1079
1683340 1079
1683350 1083
1683360 1111
1683370 1111
1683380 1133
1683390 1147
1683400 1147
1683410 1151
1683420 1163
1683430 1163
1683440 1174
1683450 1182
1683460 1182
1683470 1197
1683480 1203
1683490 1203
1683500 1211
1683510 1234
1683520 1234
1683530 1236
1683540 1222
1683550 1222
1683560 1212
1683570 1204
1683580 1192
1683590 1192
1683600 1181
1683610 1175
1683620 1175
1683630 1171
1683640 1165
1683650 1165
1683660 1162
1683670 1157
1683680 1157
1683690 1157
1683700 1147
1683710 1147
1683720 1146
1683730 1144
1683740 1144
1683750 1135
1683760 1130
1683770 1130
1683780 1138
1683790 1146
1683800 1146
1683810 1146
1683820 1138
1683830 1138
1683840 1138
1683850 1149
1683860 1149
1683870 1158
1683880 1157
1683890 1157
1683900 1159
1683910 1161
1683920 1161
1683930 1165
1683940 1161
1683950 1161
1683960 1159
1683970 1158
1683980 1158
1683990 1168
1684000 1168
1684010 1157
1684020 1157
1684030 1157
1684040 1165
1684050 1165
1684060 1167
1684070 1162
1684080 1162
1684090 1164
1684100 1165
1684110 1165
1684120 1156
1684130 1151
1684140 1151
1684150 1152
1684160 1151
1684170 1151
1684180 1148
1684190 1145
1684200 1145
1684210 1144
1684220 1145
1684230 1145
1684240 1146
1684250 1145
1684260 1145
1684270 1142
1684280 1141
1684290 1141
1684300 1140
1684310 1142
1684320 1142
1684330 1144
1684340 1145
1684350 1145
1684360 1145
1684370 1144
1684380 1144
1684390 1144
1684400 1145
1684410 1145
1684420 1147
1684430 1151
1684440 1154
1684450 1154
1684460 1156
1684470 1157
1684480 1157
1684490 1158
1684500 1160
1684510 1160
1684520 1164
1684530 1170
1684540 1170
1684550 1175
1684560 1180
1684570 1180
1684580 1186
1684590 1186
1684600 1186
1684610 1187
1684620 1190
1684630 1190
1684640 1193
1684650 1199
1684660 1199
1684670 1207
1684680 1218
1684690 1218
1684700 1224
1684710 1229
1684720 1229
1684730 1234
1684740 1240
1684750 1240
1684760 1246
1684770 1254
1684780 1254
1684790 1265
1684800 1274
1684810 1274
1684820 1284
1684830 1290
1684840 1297
1684850 1297
1684860 1304
1684870 1310
1684880 1310
1684890 1312
1684900 1314
1684910 1314
1684920 1318
1684930 1321
1684940 1321
1684950 1323
1684960 1318
1684970 1318
1684980 1314
1684990 1310
1685000 1310
1685010 1304
1685020 1313
1685030 1313
1685040 1316
1685050 1309
1685060 1309
1685070 1312
1685080 1322
1685090 1322
1685100 1326
1685110 1344
1685120 1344
1685130 1344
1685140 1342
1685150 1342
1685160 1339
1685170 1335
1685180 1335
1685190 1331
1685200 1326
1685210 1326
1685220 1320
1685230 1316
1685240 1316
1685250 1312
1685260 1312
1685270 1306
1685280 1306
1685290 1297
1685300 1288
1685310 1288
1685320 1279
1685330 1271
1685340 1271
1685350 1263
1685360 1258
1685370 1258
1685380 1251
1685390 1253
1685400 1253
1685410 1251
1685420 1245
1685430 1245
1685440 1235
1685450 1232
1685460 1232
1685470 1227
1685480 1217
1685490 1217
1685500 1229
1685510 1214
1685520 1214
1685530 1193
1685540 1181
1685550 1181
1685560 1162
1685570 1148
1685580 1148
1685590 1142
1685600 1139
1685610 1139
1685620 1142
1685630 1132
1685640 1132
1685650 1139
1685660 1130
1685670 1130
1685680 1126
1685690 1112
1685700 1093
1685710 1093
1685720 1086
1685730 1081
1685740 1081
1685750 1079
1685760 1092
1685770 1092
1685780 1092
1685790 1074
1685800 1074
1685810 1067
1685820 1063
1685830 1063
1685840 1061
1685850 1055
1685860 1055
1685870 1045
1685880 1032
1685890 1032
1685900 1021
1685910 1015
1685920 1015
1685930 1006
1685940 996
1685950 996
1685960 989
1685970 981
1685980 981
1685990 974
1686000 967
1686010 967
1686020 960
1686030 953
1686040 953
1686050 927
1686060 917
1686070 917
1686080 899
1686090 885
1686100 885
1686110 877
1686120 869
1686130 860
1686140 860
1686150 852
1686160 844
1686170 844
1686180 836
1686190 828
1686200 828
1686210 821
1686220 814
1686230 814
1686240 806
1686250 798
1686260 798
1686270 790
1686280 783
1686290 783
1686300 777
1686310 770
1686320 770
1686330 763
1686340 757
1686350 757
1686360 750
1686370 743
1686380 743
1686390 736
1686400 729
1686410 729
1686420 723
1686430 716
1686440 716
1686450 710
1686460 704
1686470 704
1686480 698
1686490 693
1686500 693
1686510 687
1686520 682
1686530 675
1686540 675
1686550 671
1686560 666
1686570 666
1686580 661
1686590 658
1686600 658
1686610 655
1686620 654
1686630 654
1686640 654
1686650 654
1686660 654
1686670 651
1686680 651
1686690 651
1686700 651
1686710 652
1686720 652
1686730 654
1686740 654
1686750 654
1686760 654
1686770 655
1686780 655
1686790 655
1686800 656
1686810 656
1686820 657
1686830 658
1686840 658
1686850 659
1686860 660
1686870 660
1686880 661
1686890 661
1686900 661
1686910 662
1686920 663
1686930 663
1686940 664
1686950 665
1686960 666
1686970 666
1686980 666
1686990 667
1687000 667
1687010 668
1687020 669
1687030 669
1687040 671
1687050 672
1687060 672
1687070 673
1687080 674
1687090 674
1687100 675
1687110 676
1687120 676
1687130 675
1687140 676
1687150 676
1687160 677
1687170 677
1687180 677
1687190 677
1687200 678
1687210 678
1687220 679
1687230 680
1687240 680
1687250 681
1687260 681
1687270 681
1687280 683
1687290 686
1687300 686
1687310 688
1687320 689
1687330 689
1687340 691
1687350 692
1687360 692
1687370 695
1687380 697
1687390 699
1687400 699
1687410 700
1687420 704
1687430 704
1687440 706
1687450 709
1687460 709
1687470 713
1687480 716
1687490 716
1687500 720
1687510 724
1687520 724
1687530 729
1687540 733
1687550 733
1687560 737
1687570 740
1687580 740
1687590 743
1687600 745
1687610 745
1687620 747
1687630 749
1687640 749
1687650 749
1687660 749
1687670 749
1687680 750
1687690 748
1687700 748
1687710 749
1687720 751
1687730 751
1687740 751
1687750 751
1687760 751
1687770 750
1687780 750
1687790 750
1687800 751
1687810 751
1687820 749
1687830 749
1687840 749
1687850 751
1687860 751
1687870 752
1687880 752
1687890 752
1687900 752
1687910 753
1687920 753
1687930 755
1687940 755
1687950 755
1687960 755
1687970 757
1687980 757
1687990 758
1688000 759
1688010 759
1688020 761
1688030 762
1688040 762
1688050 763
1688060 764
1688070 764
1688080 765
1688090 769
1688100 769
1688110 773
1688120 775
1688130 775
1688140 778
1688150 781
1688160 781
1688170 785
1688180 789
1688190 789
1688200 792
1688210 796
1688220 798
1688230 798
1688240 801
1688250 804
1688260 804
1688270 806
1688280 810
1688290 810
1688300 814
1688310 817
1688320 817
1688330 822
1688340 827
1688350 827
1688360 833
1688370 838
1688380 838
1688390 842
1688400 847
1688410 847
1688420 852
1688430 857
1688440 857
1688450 862
1688460 866
1688470 866
1688480 871
1688490 877
1688500 877
1688510 880
1688520 885
1688530 885
1688540 891
1688550 896
1688560 896
1688570 901
1688580 905
1688590 905
1688600 910
1688610 914
1688620 914
1688630 917
1688640 922
1688650 925
1688660 925
1688670 926
1688680 930
1688690 930
1688700 933
1688710 937
1688720 937
1688730 939
1688740 942
1688750 942
1688760 945
1688770 948
1688780 948
1688790 950
1688800 951
1688810 951
1688820 951
1688830 951
1688840 951
1688850 953
1688860 957
1688870 957
1688880 961
1688890 964
1688900 964
1688910 968
1688920 973
1688930 973
1688940 979
1688950 985
1688960 985
1688970 990
1688980 995
1688990 995
1689000 999
1689010 1003
1689020 1003
1689030 1006
1689040 1008
1689050 1008
1689060 1011
1689070 1014
1689080 1019
1689090 1019
1689100 1019
1689110 1020
1689120 1020
1689130 1020
1689140 1021
1689150 1021
1689160 1021
1689170 1024
1689180 1024
1689190 1030
1689200 1036
1689210 1036
1689220 1041
1689230 1045
1689240 1045
1689250 1048
1689260 1051
1689270 1051
1689280 1056
1689290 1063
1689300 1063
1689310 1071
1689320 1077
1689330 1077
1689340 1083
1689350 1088
1689360 1088
1689370 1092
1689380 1094
1689390 1094
1689400 1096
1689410 1099
1689420 1099
1689430 1104
1689440 1122
1689450 1122
1689460 1153
1689470 1182
1689480 1182
1689490 1171
1689500 1155
1689510 1172
1689520 1172
1689530 1194
1689540 1185
1689550 1185
1689560 1193
1689570 1211
1689580 1211
1689590 1219
1689600 1211
1689610 1211
1689620 1211
1689630 1233
1689640 1233
1689650 1220
1689660 1228
1689670 1228
1689680 1217
1689690 1226
1689700 1226
1689710 1223
1689720 1231
1689730 1231
1689740 1247
1689750 1248
1689760 1248
1689770 1249
1689780 1251
1689790 1251
1689800 1254
1689810 1253
1689820 1253
1689830 1253
1689840 1254
1689850 1254
1689860 1255
1689870 1255
1689880 1255
1689890 1259
1689900 1263
1689910 1267
1689920 1267
1689930 1267
1689940 1271
1689950 1271
1689960 1275
1689970 1280
1689980 1280
1689990 1285
1690000 1291
1690010 1291
1690020 1297
1690030 1304
1690040 1304
1690050 1312
1690060 1318
1690070 1318
1690080 1321
1690090 1321
1690100 1321
1690110 1323
1690120 1328
1690130 1328
1690140 1333
1690150 1341
1690160 1341
1690170 1352
1690180 1350
1690190 1350
1690200 1342
1690210 1334
1690220 1334
1690230 1324
1690240 1318
1690250 1318
1690260 1317
1690270 1311
1690280 1311
1690290 1304
1690300 1297
1690310 1297
1690320 1291
1690330 1286
1690340 1282
1690350 1282
1690360 1276
1690370 1263
1690380 1263
1690390 1248
1690400 1238
1690410 1238
1690420 1234
1690430 1205
1690440 1205
1690450 1185
1690460 1177
1690470 1177
1690480 1170
1690490 1161
1690500 1161
1690510 1154
1690520 1147
1690530 1147
1690540 1142
1690550 1140
1690560 1140
1690570 1140
1690580 1138
1690590 1138
1690600 1131
1690610 1127
1690620 1127
1690630 1124
1690640 1118
1690650 1118
1690660 1112
1690670 1107
1690680 1107
1690690 1102
1690700 1096
1690710 1096
1690720 1090
1690730 1086
1690740 1086
1690750 1084
1690760 1082
1690770 1081
1690780 1081
1690790 1079
1690800 1077
1690810 1077
1690820 1071
1690830 1065
1690840 1065
1690850 1065
1690860 1061
1690870 1061
1690880 1057
1690890 1051
1690900 1051
1690910 1047
1690920 1045
1690930 1045
1690940 1036
1690950 1029
1690960 1029
1690970 1025
1690980 1027
1690990 1027
1691000 1023
1691010 1021
1691020 1021
1691030 1016
1691040 1008
1691050 1008
1691060 999
1691070 990
1691080 990
1691090 982
1691100 976
1691110 976
1691120 968
1691130 958
1691140 958
1691150 954
1691160 942
1691170 942
1691180 928
1691190 917
1691200 909
1691210 909
1691220 902
1691230 884
1691240 884
1691250 870
1691260 858
1691270 858
1691280 843
1691290 836
1691300 836
1691310 829
1691320 817
1691330 817
1691340 810
1691350 802
1691360 802
1691370 795
1691380 788
1691390 788
1691400 783
1691410 778
1691420 778
1691430 773
1691440 767
1691450 767
1691460 762
1691470 756
1691480 756
1691490 752
1691500 750
1691510 750
1691520 751
1691530 751
1691540 751
1691550 751
1691560 751
1691570 751
1691580 751
1691590 751
1691600 751
1691610 751
1691620 751
1691630 752
1691640 752
1691650 752
1691660 753
1691670 753
1691680 753
1691690 754
1691700 754
1691710 754
1691720 755
1691730 755
1691740 755
1691750 756
1691760 756
1691770 756
1691780 757
1691790 757
1691800 758
1691810 759
1691820 759
1691830 759
1691840 760
1691850 760
1691860 760
1691870 761
1691880 761
1691890 761
1691900 761
1691910 761
1691920 762
1691930 763
1691940 763
1691950 764
1691960 764
1691970 764
1691980 765
1691990 766
1692000 766
1692010 766
1692020 767
1692030 767
1692040 767
1692050 767
1692060 768
1692070 768
1692080 769
1692090 770
1692100 770
1692110 770
1692120 770
1692130 770
1692140 770
1692150 771
1692160 771
1692170 771
1692180 771
1692190 771
1692200 771
1692210 771
1692220 771
1692230 771
1692240 772
1692250 772
1692260 772
1692270 772
1692280 772
1692290 772
1692300 772
1692310 772
1692320 773
1692330 773
1692340 773
1692350 774
1692360 774
1692370 774
1692380 774
1692390 774
1692400 774
1692410 775
1692420 775
1692430 775
1692440 776
1692450 776
1692460 777
1692470 777
1692480 780
1692490 778
1692500 778
1692510 778
1692520 777
1692530 777
1692540 780
1692550 785
1692560 785
1692570 792
1692580 798
1692590 798
1692600 805
1692610 813
1692620 813
1692630 818
1692640 828
1692650 828
1692660 834
1692670 842
1692680 842
1692690 849
1692700 855
1692710 855
1692720 861
1692730 868
1692740 868
1692750 874
1692760 880
1692770 880
1692780 885
1692790 889
1692800 889
1692810 893
1692820 897
1692830 897
1692840 901
1692850 904
1692860 904
1692870 908
1692880 911
1692890 914
1692900 914
1692910 916
1692920 918
1692930 918
1692940 921
1692950 926
1692960 926
1692970 930
1692980 934
1692990 934
1693000 938
1693010 943
1693020 943
1693030 947
1693040 952
1693050 952
1693060 956
1693070 962
1693080 962
1693090 965
1693100 971
1693110 971
1693120 974
1693130 978
1693140 978
1693150 981
1693160 983
1693170 983
1693180 985
1693190 987
1693200 987
1693210 989
1693220 991
1693230 991
1693240 993
1693250 995
1693260 995
1693270 996
1693280 995
1693290 993
1693300 993
1693310 992
1693320 993
1693330 993
1693340 994
1693350 994
1693360 994
1693370 992
1693380 995
1693390 995
1693400 999
1693410 1000
1693420 1000
1693430 997
1693440 991
1693450 991
1693460 989
1693470 989
1693480 989
1693490 988
1693500 986
1693510 986
1693520 982
1693530 980
1693540 980
1693550 977
1693560 974
1693570 974
1693580 972
1693590 970
1693600 970
1693610 968
1693620 965
1693630 965
1693640 962
1693650 958
1693660 958
1693670 953
1693680 948
1693690 948
1693700 946
1693710 946
1693720 945
1693730 945
1693740 946
1693750 946
1693760 946
1693770 947
1693780 947
1693790 947
1693800 948
1693810 949
1693820 949
1693830 949
1693840 950
1693850 950
1693860 950
1693870 951
1693880 951
1693890 950
1693900 950
1693910 950
1693920 951
1693930 954
1693940 954
1693950 957
1693960 960
1693970 960
1693980 965
1693990 970
1694000 970
1694010 973
1694020 975
1694030 975
1694040 977
1694050 978
1694060 978
1694070 979
1694080 983
1694090 983
1694100 987
1694110 993
1694120 988
1694130 994
1694140 999
1694150 1001
1694160 1001
1694170 1002
1694180 1001
1694190 1001
1694200 999
1694210 995
1694220 995
1694230 993
1694240 990
1694250 990
1694260 988
1694270 987
1694280 987
1694290 987
1694300 988
1694310 988
1694320 990
1694330 994
1694340 994
1694350 996
1694360 998
1694370 998
1694380 1005
1694390 1009
1694400 1009
1694410 1012
1694420 1015
1694430 1015
1694440 1018
1694450 1022
1694460 1022
1694470 1023
1694480 1024
1694490 1024
1694500 1026
1694510 1027
1694520 1027
1694530 1029
1694540 1031
1694550 1031
1694560 1032
1694570 1034
1694580 1035
1694590 1035
1694600 1036
1694610 1037
1694620 1037
1694630 1037
1694640 1037
1694650 1037
1694660 1037
1694670 1036
1694680 1036
1694690 1036
1694700 1035
1694710 1035
1694720 1034
1694730 1034
1694740 1034
1694750 1033
1694760 1033
1694770 1033
1694780 1032
1694790 1031
1694800 1031
1694810 1029
1694820 1029
1694830 1029
1694840 1030
1694850 1030
1694860 1030
1694870 1030
1694880 1030
1694890 1030
1694900 1029
1694910 1030
1694920 1030
1694930 1032
1694940 1032
1694950 1032
1694960 1035
1694970 1035
1694980 1038
1694990 1038
1695000 1040
1695010 1040
1695020 1040
1695030 1040
1695040 1041
1695050 1041
1695060 1045
1695070 1046
1695080 1046
1695090 1047
1695100 1047
1695110 1047
1695120 1049
1695130 1050
1695140 1050
1695150 1051
1695160 1051
1695170 1051
1695180 1046
1695190 1044
1695200 1044
1695210 1046
1695220 1043
1695230 1043
1695240 1037
1695250 1032
1695260 1032
1695270 1028
1695280 1026
1695290 1026
1695300 1023
1695310 1021
1695320 1021
1695330 1013
1695340 1011
1695350 1011
1695360 1009
1695370 1008
1695380 1008
1695390 1009
1695400 1011
1695410 1014
1695420 1014
1695430 1017
1695440 1021
1695450 1021
1695460 1023
1695470 1021
1695480 1021
1695490 1019
1695500 1017
1695510 1017
1695520 1014
1695530 1012
1695540 1012
1695550 1010
1695560 1008
1695570 1008
1695580 1007
1695590 1013
1695600 1013
1695610 1013
1695620 1017
1695630 1017
1695640 1019
1695650 1021
1695660 1021
1695670 1030
1695680 1032
1695690 1032
1695700 1033
1695710 1037
1695720 1037
1695730 1041
1695740 1041
1695750 1041
1695760 1039
1695770 1037
1695780 1037
1695790 1030
1695800 1024
1695810 1024
1695820 1022
1695830 1026
1695840 1029
1695850 1029
1695860 1031
1695870 1033
1695880 1033
1695890 1035
1695900 1029
1695910 1029
1695920 1027
1695930 1037
1695940 1037
1695950 1043
1695960 1047
1695970 1047
1695980 1047
1695990 1048
1696000 1048
1696010 1048
1696020 1052
1696030 1052
1696040 1055
1696050 1058
1696060 1058
1696070 1061
1696080 1056
1696090 1056
1696100 1051
1696110 1047
1696120 1047
1696130 1045
1696140 1043
1696150 1043
1696160 1046
1696170 1054
1696180 1054
1696190 1057
1696200 1059
1696210 1059
1696220 1058
1696230 1061
1696240 1061
1696250 1062
1696260 1063
1696270 1064
1696280 1064
1696290 1068
1696300 1072
1696310 1072
1696320 1076
1696330 1080
1696340 1080
1696350 1084
1696360 1091
1696370 1091
1696380 1099
1696390 1099
1696400 1099
1696410 1100
1696420 1095
1696430 1095
1696440 1099
1696450 1111
1696460 1111
1696470 1122
1696480 1134
1696490 1134
1696500 1141
1696510 1134
1696520 1134
1696530 1131
1696540 1127
1696550 1127
1696560 1133
1696570 1151
1696580 1151
1696590 1166
1696600 1167
1696610 1167
1696620 1162
1696630 1151
1696640 1151
1696650 1154
1696660 1150
1696670 1155
1696680 1155
1696690 1165
1696700 1174
1696710 1174
1696720 1178
1696730 1181
1696740 1181
1696750 1175
1696760 1176
1696770 1176
1696780 1178
1696790 1178
1696800 1178
1696810 1182
1696820 1183
1696830 1183
1696840 1196
1696850 1226
1696860 1226
1696870 1238
1696880 1241
1696890 1241
1696900 1234
1696910 1240
1696920 1240
1696930 1246
1696940 1254
1696950 1254
1696960 1261
1696970 1271
1696980 1271
1696990 1280
1697000 1287
1697010 1287
1697020 1295
1697030 1294
1697040 1294
1697050 1291
1697060 1290
1697070 1290
1697080 1291
1697090 1292
1697100 1290
1697110 1290
1697120 1282
1697130 1275
1697140 1275
1697150 1273
1697160 1264
1697170 1264
1697180 1267
1697190 1271
1697200 1271
1697210 1280
1697220 1271
1697230 1271
1697240 1269
1697250 1278
1697260 1278
1697270 1283
1697280 1284
1697290 1284
1697300 1290
1697310 1292
1697320 1292
1697330 1296
1697340 1290
1697350 1290
1697360 1285
1697370 1283
1697380 1283
1697390 1290
1697400 1288
1697410 1288
1697420 1293
1697430 1295
1697440 1295
1697450 1297
1697460 1296
1697470 1296
1697480 1296
1697490 1297
1697500 1297
1697510 1299
1697520 1300
1697530 1306
1697540 1306
1697550 1304
1697560 1292
1697570 1292
1697580 1301
1697590 1298
1697600 1298
1697610 1313
1697620 1317
1697630 1317
1697640 1312
1697650 1317
1697660 1317
1697670 1324
1697680 1328
1697690 1328
1697700 1325
1697710 1318
1697720 1318
1697730 1315
1697740 1300
1697750 1300
1697760 1277
1697770 1259
1697780 1259
1697790 1226
1697800 1212
1697810 1212
1697820 1205
1697830 1199
1697840 1199
1697850 1192
1697860 1186
1697870 1186
1697880 1180
1697890 1174
1697900 1174
1697910 1167
1697920 1160
1697930 1160
1697940 1153
1697950 1146
1697960 1140
1697970 1140
1697980 1134
1697990 1126
1698000 1126
1698010 1119
1698020 1112
1698030 1112
1698040 1106
1698050 1100
1698060 1100
1698070 1094
1698080 1090
1698090 1090
1698100 1084
1698110 1079
1698120 1079
1698130 1074
1698140 1069
1698150 1069
1698160 1064
1698170 1059
1698180 1059
1698190 1054
1698200 1049
1698210 1049
1698220 1046
1698230 1043
1698240 1043
1698250 1041
1698260 1037
1698270 1037
1698280 1035
1698290 1033
1698300 1033
1698310 1031
1698320 1030
1698330 1030
1698340 1028
1698350 1028
1698360 1026
1698370 1026
1698380 1023
1698390 1019
1698400 1019
1698410 1017
1698420 1016
1698430 1016
1698440 1013
1698450 1010
1698460 1010
1698470 1007
1698480 1006
1698490 1006
1698500 1006
1698510 1006
1698520 1006
1698530 1010
1698540 1015
1698550 1015
1698560 1021
1698570 1026
1698580 1026
1698590 1032
1698600 1038
1698610 1038
1698620 1044
1698630 1050
1698640 1050
1698650 1057
1698660 1063
1698670 1063
1698680 1069
1698690 1076
1698700 1076
1698710 1082
1698720 1089
1698730 1089
1698740 1094
1698750 1101
1698760 1101
1698770 1108
1698780 1115
1698790 1121
1698800 1121
1698810 1127
1698820 1133
1698830 1133
1698840 1139
1698850 1149
1698860 1149
1698870 1166
1698880 1174
1698890 1174
1698900 1184
1698910 1201
1698920 1201
1698930 1223
1698940 1263
1698950 1263
1698960 1271
1698970 1282
1698980 1282
1698990 1291
1699000 1305
1699010 1305
1699020 1309
1699030 1317
1699040 1317
1699050 1324
1699060 1336
1699070 1336
1699080 1351
1699090 1363
1699100 1363
1699110 1370
1699120 1373
1699130 1373
1699140 1378
1699150 1385
1699160 1385
1699170 1400
1699180 1404
1699190 1404
1699200 1413
1699210 1421
1699220 1429
1699230 1429
1699240 1451
1699250 1458
1699260 1458
1699270 1461
1699280 1468
1699290 1468
1699300 1474
1699310 1477
1699320 1477
1699330 1484
1699340 1490
1699350 1490
1699360 1491
1699370 1489
1699380 1489
1699390 1488
1699400 1486
1699410 1486
1699420 1484
1699430 1483
1699440 1483
1699450 1481
1699460 1479
1699470 1479
1699480 1478
1699490 1478
1699500 1478
1699510 1477
1699520 1477
1699530 1477
1699540 1477
1699550 1477
1699560 1477
1699570 1476
1699580 1476
1699590 1476
1699600 1476
1699610 1475
1699620 1475
1699630 1475
1699640 1475
1699650 1475
1699660 1475
1699670 1476
1699680 1476
1699690 1476
1699700 1475
1699710 1475
1699720 1475
1699730 1475
1699740 1474
1699750 1474
1699760 1474
1699770 1473
1699780 1473
1699790 1473
1699800 1473
1699810 1473
1699820 1472
1699830 1472
1699840 1472
1699850 1472
1699860 1472
1699870 1472
1699880 1472
1699890 1472
1699900 1472
1699910 1472
1699920 1471
1699930 1471
1699940 1471
1699950 1471
1699960 1471
1699970 1470
1699980 1470
1699990 1470
