1680000 997
1680010 1002
1680020 1002
1680030 1008
1680040 1013
1680050 1013
1680060 1018
1680070 1024
1680080 1024
1680090 1029
1680100 1034
1680110 1034
1680120 1040
1680130 1046
1680140 1046
1680150 1051
1680160 1057
1680170 1057
1680180 1063
1680190 1069
1680200 1069
1680210 1075
1680220 1082
1680230 1082
1680240 1089
1680250 1096
1680260 1103
1680270 1103
1680280 1110
1680290 1117
1680300 1117
1680310 1124
1680320 1131
1680330 1131
1680340 1138
1680350 1145
1680360 1145
1680370 1152
1680380 1160
1680390 1160
1680400 1167
1680410 1173
1680420 1173
1680430 1181
1680440 1189
1680450 1189
1680460 1199
1680470 1204
1680480 1204
1680490 1212
1680500 1220
1680510 1220
1680520 1227
1680530 1235
1680540 1235
1680550 1237
1680560 1238
1680570 1238
1680580 1240
1680590 1243
1680600 1243
1680610 1247
1680620 1249
1680630 1249
1680640 1256
1680650 1266
1680660 1266
1680670 1266
1680680 1271
1680690 1279
1680700 1279
1680710 1285
1680720 1288
1680730 1288
1680740 1291
1680750 1294
1680760 1294
1680770 1301
1680780 1307
1680790 1307
1680800 1311
1680810 1317
1680820 1317
1680830 1318
1680840 1324
1680850 1324
1680860 1328
1680870 1333
1680880 1333
1680890 1341
1680900 1338
1680910 1338
1680920 1342
1680930 1348
1680940 1348
1680950 1353
1680960 1360
1680970 1360
1680980 1366
1680990 1373
1681000 1373
1681010 1376
1681020 1379
1681030 1379
1681040 1383
1681050 1387
1681060 1387
1681070 1392
1681080 1398
1681090 1398
1681100 1403
1681110 1409
1681120 1415
1681130 1415
1681140 1421
1681150 1427
1681160 1427
1681170 1433
1681180 1439
1681190 1439
1681200 1445
1681210 1450
1681220 1450
1681230 1454
1681240 1458
1681250 1458
1681260 1460
1681270 1460
1681280 1460
1681290 1461
1681300 1464
1681310 1464
1681320 1467
1681330 1472
1681340 1472
1681350 1475
1681360 1478
1681370 1478
1681380 1480
1681390 1482
1681400 1482
1681410 1481
1681420 1479
1681430 1479
1681440 1477
1681450 1476
1681460 1476
1681470 1475
1681480 1475
1681490 1475
1681500 1475
1681510 1476
1681520 1476
1681530 1478
1681540 1479
1681550 1480
1681560 1480
1681570 1480
1681580 1482
1681590 1482
1681600 1484
1681610 1486
1681620 1486
1681630 1490
1681640 1494
1681650 1494
1681660 1499
1681670 1504
1681680 1504
1681690 1510
1681700 1518
1681710 1518
1681720 1535
1681730 1540
1681740 1540
1681750 1542
1681760 1545
1681770 1545
1681780 1552
1681790 1557
1681800 1557
1681810 1552
1681820 1545
1681830 1545
1681840 1538
1681850 1530
1681860 1530
1681870 1523
1681880 1516
1681890 1516
1681900 1511
1681910 1504
1681920 1504
1681930 1498
1681940 1492
1681950 1492
1681960 1486
1681970 1483
1681980 1480
1681990 1480
1682000 1477
1682010 1474
1682020 1481
1682030 1478
1682040 1475
1682050 1475
1682060 1472
1682070 1466
1682080 1466
1682090 1462
1682100 1460
1682110 1460
1682120 1457
1682130 1456
1682140 1456
1682150 1457
1682160 1454
1682170 1454
1682180 1431
1682190 1423
1682200 1423
1682210 1414
1682220 1407
1682230 1407
1682240 1402
1682250 1397
1682260 1397
1682270 1391
1682280 1390
1682290 1390
1682300 1384
1682310 1383
1682320 1383
1682330 1380
1682340 1379
1682350 1379
1682360 1378
1682370 1375
1682380 1375
1682390 1371
1682400 1382
1682410 1390
1682420 1390
1682430 1387
1682440 1390
1682450 1390
1682460 1394
1682470 1397
1682480 1397
1682490 1403
1682500 1410
1682510 1410
1682520 1417
1682530 1429
1682540 1429
1682550 1436
1682560 1436
1682570 1436
1682580 1439
1682590 1442
1682600 1442
1682610 1449
1682620 1475
1682630 1475
1682640 1477
1682650 1482
1682660 1482
1682670 1489
1682680 1491
1682690 1491
1682700 1494
1682710 1488
1682720 1488
1682730 1489
1682740 1495
1682750 1495
1682760 1480
1682770 1465
1682780 1465
1682790 1462
1682800 1460
1682810 1459
1682820 1459
1682830 1452
1682840 1460
1682850 1460
1682860 1467
1682870 1474
1682880 1474
1682890 1478
1682900 1480
1682910 1480
1682920 1474
1682930 1469
1682940 1469
1682950 1470
1682960 1469
1682970 1469
1682980 1472
1682990 1487
1683000 1487
1683010 1470
1683020 1468
1683030 1468
1683040 1462
1683050 1462
1683060 1462
1683070 1461
1683080 1460
1683090 1460
1683100 1461
1683110 1465
1683120 1465
1683130 1463
1683140 1461
1683150 1461
1683160 1459
1683170 1470
1683180 1470
1683190 1477
1683200 1481
1683210 1481
1683220 1484
1683230 1484
1683240 1493
1683250 1493
1683260 1504
1683270 1509
1683280 1509
1683290 1506
1683300 1505
1683310 1505
1683320 1527
1683330 1514
1683340 1514
1683350 1520
1683360 1543
1683370 1543
1683380 1567
1683390 1587
1683400 1587
1683410 1610
1683420 1553
1683430 1553
1683440 1549
1683450 1547
1683460 1547
1683470 1548
1683480 1555
1683490 1555
1683500 1561
1683510 1568
1683520 1568
1683530 1588
1683540 1611
1683550 1611
1683560 1620
1683570 1629
1683580 1629
1683590 1633
1683600 1632
1683610 1632
1683620 1639
1683630 1653
1683640 1653
1683650 1646
1683660 1645
1683670 1607
1683680 1607
1683690 1554
1683700 1547
1683710 1547
1683720 1538
1683730 1533
1683740 1533
1683750 1526
1683760 1530
1683770 1530
1683780 1534
1683790 1546
1683800 1546
1683810 1548
1683820 1533
1683830 1533
1683840 1527
1683850 1527
1683860 1527
1683870 1527
1683880 1588
1683890 1588
1683900 1606
1683910 1606
1683920 1606
1683930 1601
1683940 1594
1683950 1594
1683960 1582
1683970 1576
1683980 1576
1683990 1571
1684000 1568
1684010 1568
1684020 1563
1684030 1563
1684040 1563
1684050 1568
1684060 1575
1684070 1575
1684080 1590
1684090 1600
1684100 1600
1684110 1600
1684120 1568
1684130 1556
1684140 1556
1684150 1533
1684160 1518
1684170 1518
1684180 1508
1684190 1501
1684200 1501
1684210 1499
1684220 1499
1684230 1499
1684240 1501
1684250 1503
1684260 1503
1684270 1507
1684280 1515
1684290 1515
1684300 1532
1684310 1536
1684320 1536
1684330 1528
1684340 1519
1684350 1519
1684360 1513
1684370 1510
1684380 1510
1684390 1503
1684400 1498
1684410 1498
1684420 1478
1684430 1473
1684440 1473
1684450 1465
1684460 1448
1684470 1448
1684480 1445
1684490 1444
1684500 1444
1684510 1443
1684520 1443
1684530 1444
1684540 1444
1684550 1446
1684560 1448
1684570 1448
1684580 1451
1684590 1455
1684600 1455
1684610 1461
1684620 1475
1684630 1475
1684640 1481
1684650 1487
1684660 1487
1684670 1492
1684680 1497
1684690 1497
1684700 1502
1684710 1508
1684720 1508
1684730 1513
1684740 1521
1684750 1521
1684760 1529
1684770 1535
1684780 1535
1684790 1541
1684800 1533
1684810 1533
1684820 1524
1684830 1516
1684840 1516
1684850 1506
1684860 1497
1684870 1497
1684880 1490
1684890 1483
1684900 1483
1684910 1477
1684920 1466
1684930 1466
1684940 1460
1684950 1455
1684960 1449
1684970 1449
1684980 1444
1684990 1439
1685000 1439
1685010 1433
1685020 1427
1685030 1427
1685040 1419
1685050 1413
1685060 1413
1685070 1404
1685080 1396
1685090 1396
1685100 1389
1685110 1382
1685120 1382
1685130 1378
1685140 1369
1685150 1369
1685160 1377
1685170 1390
1685180 1390
1685190 1398
1685200 1396
1685210 1396
1685220 1388
1685230 1381
1685240 1381
1685250 1371
1685260 1359
1685270 1359
1685280 1350
1685290 1342
1685300 1342
1685310 1330
1685320 1316
1685330 1316
1685340 1305
1685350 1297
1685360 1297
1685370 1292
1685380 1289
1685390 1248
1685400 1248
1685410 1243
1685420 1228
1685430 1228
1685440 1214
1685450 1188
1685460 1188
1685470 1168
1685480 1156
1685490 1156
1685500 1145
1685510 1140
1685520 1140
1685530 1137
1685540 1121
1685550 1121
1685560 1109
1685570 1104
1685580 1104
1685590 1100
1685600 1095
1685610 1095
1685620 1089
1685630 1083
1685640 1083
1685650 1076
1685660 1069
1685670 1069
1685680 1063
1685690 1056
1685700 1056
1685710 1048
1685720 1041
1685730 1041
1685740 1035
1685750 1029
1685760 1029
1685770 1024
1685780 1019
1685790 1013
1685800 1013
1685810 1008
1685820 1002
1685830 1002
1685840 997
1685850 990
1685860 990
1685870 984
1685880 978
1685890 978
1685900 972
1685910 965
1685920 965
1685930 959
1685940 952
1685950 952
1685960 946
1685970 940
1685980 940
1685990 933
1686000 927
1686010 927
1686020 920
1686030 914
1686040 914
1686050 908
1686060 901
1686070 901
1686080 895
1686090 888
1686100 888
1686110 882
1686120 876
1686130 876
1686140 869
1686150 862
1686160 862
1686170 856
1686180 849
1686190 849
1686200 843
1686210 838
1686220 833
1686230 833
1686240 828
1686250 824
1686260 824
1686270 818
1686280 812
1686290 812
1686300 808
1686310 804
1686320 804
1686330 799
1686340 795
1686350 795
1686360 791
1686370 786
1686380 786
1686390 781
1686400 776
1686410 776
1686420 771
1686430 766
1686440 766
1686450 760
1686460 756
1686470 756
1686480 751
1686490 746
1686500 746
1686510 741
1686520 736
1686530 736
1686540 731
1686550 727
1686560 727
1686570 722
1686580 718
1686590 718
1686600 713
1686610 709
1686620 709
1686630 706
1686640 704
1686650 702
1686660 702
1686670 698
1686680 694
1686690 694
1686700 691
1686710 688
1686720 688
1686730 687
1686740 686
1686750 686
1686760 686
1686770 682
1686780 682
1686790 678
1686800 676
1686810 676
1686820 674
1686830 672
1686840 672
1686850 665
1686860 663
1686870 663
1686880 663
1686890 663
1686900 663
1686910 663
1686920 663
1686930 663
1686940 663
1686950 663
1686960 663
1686970 663
1686980 663
1686990 663
1687000 663
1687010 663
1687020 663
1687030 663
1687040 663
1687050 663
1687060 663
1687070 663
1687080 663
1687090 663
1687100 663
1687110 663
1687120 663
1687130 663
1687140 663
1687150 663
1687160 663
1687170 663
1687180 663
1687190 663
1687200 663
1687210 663
1687220 663
1687230 663
1687240 663
1687250 663
1687260 664
1687270 664
1687280 667
1687290 671
1687300 671
1687310 673
1687320 675
1687330 675
1687340 678
1687350 679
1687360 679
1687370 682
1687380 684
1687390 684
1687400 685
1687410 686
1687420 686
1687430 687
1687440 688
1687450 688
1687460 692
1687470 695
1687480 695
1687490 699
1687500 703
1687510 706
1687520 706
1687530 708
1687540 711
1687550 711
1687560 715
1687570 717
1687580 717
1687590 721
1687600 725
1687610 725
1687620 729
1687630 732
1687640 732
1687650 735
1687660 737
1687670 737
1687680 738
1687690 741
1687700 741
1687710 745
1687720 748
1687730 748
1687740 750
1687750 752
1687760 752
1687770 755
1687780 758
1687790 758
1687800 761
1687810 763
1687820 763
1687830 766
1687840 768
1687850 768
1687860 772
1687870 774
1687880 774
1687890 777
1687900 780
1687910 780
1687920 782
1687930 784
1687940 786
1687950 786
1687960 788
1687970 790
1687980 790
1687990 794
1688000 800
1688010 800
1688020 807
1688030 813
1688040 813
1688050 819
1688060 826
1688070 826
1688080 832
1688090 837
1688100 837
1688110 842
1688120 847
1688130 847
1688140 852
1688150 859
1688160 859
1688170 865
1688180 871
1688190 871
1688200 877
1688210 884
1688220 884
1688230 888
1688240 896
1688250 896
1688260 902
1688270 909
1688280 909
1688290 913
1688300 921
1688310 921
1688320 927
1688330 934
1688340 941
1688350 941
1688360 947
1688370 954
1688380 954
1688390 960
1688400 968
1688410 968
1688420 973
1688430 981
1688440 981
1688450 986
1688460 993
1688470 993
1688480 999
1688490 1005
1688500 1005
1688510 1012
1688520 1018
1688530 1018
1688540 1024
1688550 1031
1688560 1031
1688570 1037
1688580 1043
1688590 1043
1688600 1050
1688610 1056
1688620 1056
1688630 1062
1688640 1069
1688650 1069
1688660 1075
1688670 1081
1688680 1081
1688690 1088
1688700 1094
1688710 1094
1688720 1101
1688730 1107
1688740 1107
1688750 1114
1688760 1121
1688770 1127
1688780 1127
1688790 1135
1688800 1142
1688810 1142
1688820 1151
1688830 1171
1688840 1171
1688850 1195
1688860 1203
1688870 1203
1688880 1200
1688890 1205
1688900 1205
1688910 1214
1688920 1223
1688930 1223
1688940 1251
1688950 1260
1688960 1260
1688970 1261
1688980 1260
1688990 1260
1689000 1258
1689010 1268
1689020 1268
1689030 1271
1689040 1278
1689050 1278
1689060 1281
1689070 1294
1689080 1294
1689090 1301
1689100 1309
1689110 1309
1689120 1331
1689130 1339
1689140 1339
1689150 1345
1689160 1348
1689170 1348
1689180 1353
1689190 1368
1689200 1369
1689210 1369
1689220 1375
1689230 1382
1689240 1382
1689250 1390
1689260 1398
1689270 1398
1689280 1407
1689290 1431
1689300 1431
1689310 1432
1689320 1438
1689330 1438
1689340 1439
1689350 1445
1689360 1445
1689370 1454
1689380 1457
1689390 1457
1689400 1462
1689410 1463
1689420 1463
1689430 1466
1689440 1479
1689450 1479
1689460 1483
1689470 1491
1689480 1491
1689490 1499
1689500 1501
1689510 1501
1689520 1502
1689530 1504
1689540 1504
1689550 1506
1689560 1510
1689570 1510
1689580 1509
1689590 1507
1689600 1507
1689610 1511
1689620 1517
1689630 1521
1689640 1521
1689650 1525
1689660 1530
1689670 1530
1689680 1535
1689690 1541
1689700 1541
1689710 1544
1689720 1545
1689730 1545
1689740 1546
1689750 1547
1689760 1547
1689770 1547
1689780 1534
1689790 1534
1689800 1525
1689810 1518
1689820 1518
1689830 1511
1689840 1503
1689850 1503
1689860 1493
1689870 1485
1689880 1485
1689890 1470
1689900 1461
1689910 1461
1689920 1453
1689930 1448
1689940 1448
1689950 1439
1689960 1427
1689970 1427
1689980 1413
1689990 1401
1690000 1401
1690010 1393
1690020 1381
1690030 1381
1690040 1371
1690050 1363
1690060 1354
1690070 1354
1690080 1345
1690090 1337
1690100 1337
1690110 1328
1690120 1318
1690130 1318
1690140 1308
1690150 1296
1690160 1296
1690170 1290
1690180 1291
1690190 1291
1690200 1282
1690210 1274
1690220 1274
1690230 1265
1690240 1258
1690250 1258
1690260 1244
1690270 1223
1690280 1223
1690290 1209
1690300 1201
1690310 1201
1690320 1207
1690330 1206
1690340 1206
1690350 1193
1690360 1193
1690370 1193
1690380 1183
1690390 1162
1690400 1162
1690410 1164
1690420 1167
1690430 1167
1690440 1164
1690450 1164
1690460 1164
1690470 1163
1690480 1153
1690490 1145
1690500 1145
1690510 1150
1690520 1139
1690530 1139
1690540 1132
1690550 1125
1690560 1125
1690570 1123
1690580 1130
1690590 1130
1690600 1129
1690610 1123
1690620 1123
1690630 1115
1690640 1112
1690650 1112
1690660 1129
1690670 1129
1690680 1129
1690690 1116
1690700 1104
1690710 1104
1690720 1095
1690730 1079
1690740 1079
1690750 1056
1690760 1048
1690770 1048
1690780 1015
1690790 1004
1690800 1004
1690810 994
1690820 984
1690830 984
1690840 977
1690850 968
1690860 968
1690870 960
1690880 933
1690890 933
1690900 914
1690910 893
1690920 872
1690930 872
1690940 849
1690950 836
1690960 836
1690970 830
1690980 823
1690990 823
1691000 816
1691010 803
1691020 803
1691030 794
1691040 782
1691050 782
1691060 773
1691070 764
1691080 764
1691090 758
1691100 751
1691110 751
1691120 746
1691130 742
1691140 742
1691150 739
1691160 734
1691170 734
1691180 730
1691190 727
1691200 727
1691210 724
1691220 724
1691230 724
1691240 724
1691250 724
1691260 724
1691270 725
1691280 726
1691290 726
1691300 726
1691310 726
1691320 726
1691330 726
1691340 727
1691350 727
1691360 727
1691370 728
1691380 728
1691390 728
1691400 728
1691410 728
1691420 728
1691430 729
1691440 728
1691450 728
1691460 729
1691470 729
1691480 729
1691490 729
1691500 732
1691510 732
1691520 739
1691530 746
1691540 746
1691550 753
1691560 760
1691570 760
1691580 768
1691590 775
1691600 775
1691610 783
1691620 795
1691630 795
1691640 798
1691650 804
1691660 804
1691670 811
1691680 820
1691690 820
1691700 842
1691710 856
1691720 856
1691730 884
1691740 891
1691750 901
1691760 901
1691770 911
1691780 919
1691790 919
1691800 926
1691810 931
1691820 931
1691830 936
1691840 946
1691850 946
1691860 965
1691870 975
1691880 975
1691890 982
1691900 980
1691910 980
1691920 983
1691930 1010
1691940 1010
1691950 1027
1691960 1032
1691970 1032
1691980 1076
1691990 1101
1692000 1101
1692010 1099
1692020 1088
1692030 1088
1692040 1074
1692050 1068
1692060 1068
1692070 1086
1692080 1089
1692090 1089
1692100 1108
1692110 1125
1692120 1125
1692130 1123
1692140 1128
1692150 1128
1692160 1126
1692170 1117
1692180 1111
1692190 1111
1692200 1105
1692210 1099
1692220 1099
1692230 1112
1692240 1110
1692250 1110
1692260 1120
1692270 1125
1692280 1125
1692290 1120
1692300 1122
1692310 1122
1692320 1130
1692330 1119
1692340 1119
1692350 1117
1692360 1118
1692370 1118
1692380 1120
1692390 1119
1692400 1119
1692410 1101
1692420 1094
1692430 1094
1692440 1095
1692450 1100
1692460 1100
1692470 1094
1692480 1085
1692490 1085
1692500 1080
1692510 1081
1692520 1081
1692530 1075
1692540 1070
1692550 1070
1692560 1065
1692570 1050
1692580 1050
1692590 1041
1692600 1034
1692610 1030
1692620 1030
1692630 1026
1692640 1018
1692650 1018
1692660 1009
1692670 1009
1692680 1009
1692690 1003
1692700 996
1692710 996
1692720 991
1692730 987
1692740 987
1692750 982
1692760 978
1692770 978
1692780 975
1692790 970
1692800 970
1692810 969
1692820 962
1692830 962
1692840 961
1692850 960
1692860 960
1692870 946
1692880 922
1692890 922
1692900 924
1692910 923
1692920 923
1692930 926
1692940 920
1692950 920
1692960 919
1692970 917
1692980 917
1692990 917
1693000 917
1693010 917
1693020 920
1693030 915
1693040 907
1693050 907
1693060 902
1693070 881
1693080 881
1693090 869
1693100 866
1693110 866
1693120 865
1693130 868
1693140 868
1693150 873
1693160 876
1693170 876
1693180 873
1693190 877
1693200 877
1693210 878
1693220 883
1693230 883
1693240 886
1693250 888
1693260 888
1693270 888
1693280 885
1693290 885
1693300 888
1693310 885
1693320 885
1693330 885
1693340 884
1693350 884
1693360 882
1693370 882
1693380 882
1693390 885
1693400 882
1693410 882
1693420 884
1693430 881
1693440 881
1693450 883
1693460 884
1693470 884
1693480 884
1693490 884
1693500 884
1693510 884
1693520 884
1693530 885
1693540 885
1693550 885
1693560 887
1693570 887
1693580 883
1693590 886
1693600 886
1693610 886
1693620 888
1693630 888
1693640 889
1693650 891
1693660 891
1693670 893
1693680 896
1693690 896
1693700 896
1693710 898
1693720 898
1693730 899
1693740 898
1693750 898
1693760 901
1693770 904
1693780 904
1693790 907
1693800 907
1693810 907
1693820 909
1693830 911
1693840 911
1693850 911
1693860 912
1693870 912
1693880 910
1693890 911
1693900 914
1693910 914
1693920 916
1693930 914
1693940 914
1693950 918
1693960 919
1693970 919
1693980 919
1693990 919
1694000 919
1694010 918
1694020 918
1694030 918
1694040 917
1694050 919
1694060 919
1694070 921
1694080 922
1694090 922
1694100 924
1694110 926
1694120 926
1694130 927
1694140 930
1694150 930
1694160 929
1694170 929
1694180 929
1694190 930
1694200 932
1694210 932
1694220 932
1694230 933
1694240 933
1694250 931
1694260 930
1694270 930
1694280 930
1694290 930
1694300 929
1694310 929
1694320 929
1694330 928
1694340 928
1694350 929
1694360 929
1694370 929
1694380 928
1694390 927
1694400 927
1694410 925
1694420 924
1694430 924
1694440 923
1694450 921
1694460 921
1694470 921
1694480 921
1694490 921
1694500 923
1694510 923
1694520 923
1694530 922
1694540 922
1694550 922
1694560 921
1694570 919
1694580 919
1694590 916
1694600 914
1694610 914
1694620 913
1694630 912
1694640 912
1694650 912
1694660 912
1694670 912
1694680 912
1694690 912
1694700 912
1694710 911
1694720 910
1694730 907
1694740 907
1694750 904
1694760 902
1694770 902
1694780 900
1694790 899
1694800 899
1694810 897
1694820 894
1694830 894
1694840 893
1694850 893
1694860 893
1694870 893
1694880 893
1694890 893
1694900 893
1694910 893
1694920 893
1694930 893
1694940 893
1694950 893
1694960 893
1694970 893
1694980 893
1694990 894
1695000 894
1695010 894
1695020 894
1695030 894
1695040 894
1695050 894
1695060 895
1695070 895
1695080 895
1695090 895
1695100 895
1695110 896
1695120 896
1695130 896
1695140 896
1695150 897
1695160 897
1695170 897
1695180 897
1695190 897
1695200 897
1695210 898
1695220 898
1695230 898
1695240 899
1695250 899
1695260 899
1695270 900
1695280 902
1695290 902
1695300 903
1695310 906
1695320 906
1695330 907
1695340 910
1695350 910
1695360 914
1695370 915
1695380 915
1695390 916
1695400 915
1695410 915
1695420 913
1695430 913
1695440 913
1695450 912
1695460 912
1695470 912
1695480 913
1695490 912
1695500 912
1695510 917
1695520 915
1695530 915
1695540 912
1695550 911
1695560 911
1695570 909
1695580 908
1695590 909
1695600 909
1695610 908
1695620 908
1695630 908
1695640 908
1695650 908
1695660 908
1695670 908
1695680 908
1695690 908
1695700 908
1695710 908
1695720 908
1695730 908
1695740 909
1695750 909
1695760 909
1695770 909
1695780 909
1695790 909
1695800 909
1695810 909
1695820 909
1695830 909
1695840 909
1695850 909
1695860 910
1695870 910
1695880 910
1695890 911
1695900 911
1695910 911
1695920 911
1695930 911
1695940 911
1695950 912
1695960 912
1695970 912
1695980 912
1695990 912
1696000 913
1696010 913
1696020 913
1696030 913
1696040 915
1696050 916
1696060 916
1696070 917
1696080 917
1696090 917
1696100 917
1696110 918
1696120 918
1696130 917
1696140 917
1696150 917
1696160 918
1696170 918
1696180 918
1696190 918
1696200 918
1696210 918
1696220 918
1696230 918
1696240 918
1696250 919
1696260 920
1696270 920
1696280 921
1696290 922
1696300 922
1696310 922
1696320 923
1696330 923
1696340 924
1696350 924
1696360 924
1696370 924
1696380 924
1696390 924
1696400 925
1696410 924
1696420 924
1696430 925
1696440 924
1696450 924
1696460 924
1696470 924
1696480 923
1696490 923
1696500 924
1696510 924
1696520 924
1696530 925
1696540 925
1696550 925
1696560 926
1696570 926
1696580 926
1696590 926
1696600 927
1696610 927
1696620 928
1696630 929
1696640 929
1696650 930
1696660 931
1696670 931
1696680 932
1696690 934
1696700 934
1696710 935
1696720 936
1696730 936
1696740 937
1696750 939
1696760 939
1696770 940
1696780 941
1696790 941
1696800 943
1696810 944
1696820 944
1696830 945
1696840 947
1696850 948
1696860 948
1696870 949
1696880 951
1696890 951
1696900 951
1696910 952
1696920 952
1696930 952
1696940 953
1696950 953
1696960 953
1696970 953
1696980 953
1696990 955
1697000 957
1697010 957
1697020 959
1697030 961
1697040 961
1697050 962
1697060 963
1697070 963
1697080 964
1697090 964
1697100 964
1697110 965
1697120 966
1697130 966
1697140 967
1697150 968
1697160 968
1697170 968
1697180 968
1697190 968
1697200 969
1697210 971
1697220 971
1697230 973
1697240 976
1697250 976
1697260 979
1697270 981
1697280 981
1697290 981
1697300 982
1697310 984
1697320 984
1697330 985
1697340 987
1697350 987
1697360 986
1697370 986
1697380 986
1697390 987
1697400 987
1697410 987
1697420 988
1697430 990
1697440 990
1697450 991
1697460 992
1697470 992
1697480 992
1697490 992
1697500 992
1697510 992
1697520 992
1697530 992
1697540 993
1697550 992
1697560 992
1697570 991
1697580 989
1697590 989
1697600 987
1697610 986
1697620 986
1697630 984
1697640 982
1697650 982
1697660 984
1697670 984
1697680 984
1697690 984
1697700 984
1697710 982
1697720 982
1697730 980
1697740 980
1697750 980
1697760 978
1697770 977
1697780 977
1697790 976
1697800 974
1697810 974
1697820 972
1697830 969
1697840 969
1697850 967
1697860 965
1697870 965
1697880 963
1697890 961
1697900 961
1697910 959
1697920 958
1697930 958
1697940 958
1697950 958
1697960 958
1697970 959
1697980 960
1697990 960
1698000 961
1698010 962
1698020 962
1698030 963
1698040 964
1698050 964
1698060 965
1698070 966
1698080 966
1698090 968
1698100 969
1698110 969
1698120 971
1698130 973
1698140 975
1698150 975
1698160 977
1698170 979
1698180 979
1698190 979
1698200 981
1698210 981
1698220 983
1698230 984
1698240 984
1698250 985
1698260 987
1698270 987
1698280 989
1698290 990
1698300 990
1698310 991
1698320 991
1698330 991
1698340 992
1698350 995
1698360 995
1698370 1001
1698380 1006
1698390 1006
1698400 1011
1698410 1016
1698420 1016
1698430 1022
1698440 1027
1698450 1027
1698460 1032
1698470 1038
1698480 1038
1698490 1044
1698500 1050
1698510 1050
1698520 1056
1698530 1063
1698540 1063
1698550 1070
1698560 1076
1698570 1083
1698580 1083
1698590 1090
1698600 1097
1698610 1097
1698620 1104
1698630 1111
1698640 1111
1698650 1118
1698660 1126
1698670 1126
1698680 1134
1698690 1141
1698700 1141
1698710 1147
1698720 1153
1698730 1153
1698740 1161
1698750 1169
1698760 1169
1698770 1176
1698780 1184
1698790 1184
1698800 1193
1698810 1205
1698820 1205
1698830 1219
1698840 1232
1698850 1232
1698860 1242
1698870 1251
1698880 1251
1698890 1258
1698900 1263
1698910 1263
1698920 1270
1698930 1280
1698940 1280
1698950 1292
1698960 1299
1698970 1299
1698980 1306
1698990 1313
1699000 1319
1699010 1319
1699020 1325
1699030 1328
1699040 1328
1699050 1335
1699060 1342
1699070 1342
1699080 1348
1699090 1355
1699100 1355
1699110 1362
1699120 1364
1699130 1364
1699140 1370
1699150 1373
1699160 1373
1699170 1379
1699180 1380
1699190 1380
1699200 1381
1699210 1379
1699220 1379
1699230 1379
1699240 1379
1699250 1379
1699260 1379
1699270 1384
1699280 1384
1699290 1396
1699300 1395
1699310 1395
1699320 1397
1699330 1405
1699340 1405
1699350 1403
1699360 1402
1699370 1402
1699380 1403
1699390 1404
1699400 1404
1699410 1406
1699420 1407
1699430 1410
1699440 1410
1699450 1419
1699460 1421
1699470 1421
1699480 1422
1699490 1427
1699500 1427
1699510 1440
1699520 1438
1699530 1438
1699540 1438
1699550 1440
1699560 1440
1699570 1443
1699580 1445
1699590 1445
1699600 1440
1699610 1436
1699620 1436
1699630 1436
1699640 1436
1699650 1436
1699660 1439
1699670 1446
1699680 1446
1699690 1448
1699700 1445
1699710 1445
1699720 1454
1699730 1452
1699740 1452
1699750 1460
1699760 1463
1699770 1463
1699780 1467
1699790 1468
1699800 1468
1699810 1467
1699820 1466
1699830 1465
1699840 1465
1699850 1463
1699860 1462
1699870 1462
1699880 1459
1699890 1456
1699900 1456
1699910 1452
1699920 1449
1699930 1449
1699940 1445
1699950 1440
1699960 1440
1699970 1435
1699980 1431
1699990 1431
