1680000 1546
1680010 1546
1680020 1543
1680030 1541
1680040 1541
1680050 1542
1680060 1535
1680070 1535
1680080 1529
1680090 1526
1680100 1526
1680110 1521
1680120 1519
1680130 1519
1680140 1517
1680150 1511
1680160 1511
1680170 1506
1680180 1503
1680190 1503
1680200 1505
1680210 1507
1680220 1507
1680230 1509
1680240 1508
1680250 1508
1680260 1509
1680270 1510
1680280 1507
1680290 1507
1680300 1504
1680310 1502
1680320 1502
1680330 1500
1680340 1497
1680350 1497
1680360 1495
1680370 1498
1680380 1498
1680390 1501
1680400 1498
1680410 1498
1680420 1493
1680430 1487
1680440 1487
1680450 1483
1680460 1479
1680470 1479
1680480 1476
1680490 1470
1680500 1470
1680510 1466
1680520 1463
1680530 1463
1680540 1460
1680550 1458
1680560 1458
1680570 1456
1680580 1456
1680590 1456
1680600 1453
1680610 1451
1680620 1451
1680630 1447
1680640 1443
1680650 1443
1680660 1440
1680670 1436
1680680 1436
1680690 1436
1680700 1438
1680710 1439
1680720 1439
1680730 1441
1680740 1440
1680750 1440
1680760 1438
1680770 1435
1680780 1435
1680790 1433
1680800 1430
1680810 1430
1680820 1431
1680830 1430
1680840 1430
1680850 1431
1680860 1430
1680870 1430
1680880 1434
1680890 1434
1680900 1434
1680910 1435
1680920 1438
1680930 1438
1680940 1442
1680950 1444
1680960 1444
1680970 1445
1680980 1445
1680990 1445
1681000 1444
1681010 1445
1681020 1445
1681030 1449
1681040 1450
1681050 1450
1681060 1454
1681070 1458
1681080 1458
1681090 1461
1681100 1466
1681110 1466
1681120 1470
1681130 1477
1681140 1477
1681150 1485
1681160 1486
1681170 1489
1681180 1489
1681190 1496
1681200 1498
1681210 1498
1681220 1501
1681230 1504
1681240 1504
1681250 1505
1681260 1503
1681270 1503
1681280 1503
1681290 1502
1681300 1502
1681310 1500
1681320 1500
1681330 1500
1681340 1498
1681350 1495
1681360 1495
1681370 1492
1681380 1492
1681390 1492
1681400 1493
1681410 1493
1681420 1493
1681430 1489
1681440 1484
1681450 1484
1681460 1481
1681470 1478
1681480 1478
1681490 1472
1681500 1466
1681510 1466
1681520 1460
1681530 1455
1681540 1455
1681550 1450
1681560 1445
1681570 1445
1681580 1442
1681590 1435
1681600 1430
1681610 1430
1681620 1426
1681630 1426
1681640 1426
1681650 1422
1681660 1417
1681670 1417
1681680 1413
1681690 1411
1681700 1411
1681710 1408
1681720 1409
1681730 1409
1681740 1411
1681750 1409
1681760 1409
1681770 1409
1681780 1402
1681790 1402
1681800 1399
1681810 1397
1681820 1397
1681830 1394
1681840 1389
1681850 1389
1681860 1385
1681870 1382
1681880 1382
1681890 1376
1681900 1369
1681910 1369
1681920 1366
1681930 1364
1681940 1364
1681950 1362
1681960 1357
1681970 1357
1681980 1356
1681990 1355
1682000 1355
1682010 1352
1682020 1347
1682030 1347
1682040 1347
1682050 1345
1682060 1341
1682070 1341
1682080 1337
1682090 1331
1682100 1331
1682110 1327
1682120 1323
1682130 1323
1682140 1322
1682150 1318
1682160 1318
1682170 1316
1682180 1309
1682190 1309
1682200 1307
1682210 1304
1682220 1304
1682230 1301
1682240 1295
1682250 1295
1682260 1291
1682270 1287
1682280 1287
1682290 1284
1682300 1279
1682310 1279
1682320 1278
1682330 1279
1682340 1279
1682350 1281
1682360 1281
1682370 1281
1682380 1279
1682390 1280
1682400 1280
1682410 1282
1682420 1284
1682430 1284
1682440 1286
1682450 1289
1682460 1289
1682470 1293
1682480 1293
1682490 1295
1682500 1295
1682510 1296
1682520 1297
1682530 1297
1682540 1300
1682550 1302
1682560 1302
1682570 1303
1682580 1302
1682590 1302
1682600 1305
1682610 1305
1682620 1305
1682630 1305
1682640 1307
1682650 1307
1682660 1306
1682670 1305
1682680 1305
1682690 1305
1682700 1304
1682710 1304
1682720 1304
1682730 1304
1682740 1304
1682750 1303
1682760 1300
1682770 1300
1682780 1298
1682790 1294
1682800 1294
1682810 1291
1682820 1287
1682830 1287
1682840 1286
1682850 1287
1682860 1287
1682870 1286
1682880 1284
1682890 1284
1682900 1282
1682910 1281
1682920 1281
1682930 1280
1682940 1279
1682950 1277
1682960 1277
1682970 1277
1682980 1278
1682990 1278
1683000 1279
1683010 1280
1683020 1280
1683030 1283
1683040 1286
1683050 1286
1683060 1283
1683070 1282
1683080 1282
1683090 1283
1683100 1283
1683110 1283
1683120 1286
1683130 1288
1683140 1288
1683150 1288
1683160 1285
1683170 1285
1683180 1286
1683190 1284
1683200 1284
1683210 1286
1683220 1288
1683230 1288
1683240 1289
1683250 1289
1683260 1289
1683270 1288
1683280 1287
1683290 1287
1683300 1285
1683310 1283
1683320 1283
1683330 1282
1683340 1282
1683350 1282
1683360 1284
1683370 1282
1683380 1280
1683390 1280
1683400 1274
1683410 1274
1683420 1274
1683430 1274
1683440 1271
1683450 1271
1683460 1272
1683470 1272
1683480 1272
1683490 1272
1683500 1273
1683510 1273
1683520 1274
1683530 1275
1683540 1275
1683550 1274
1683560 1274
1683570 1274
1683580 1274
1683590 1276
1683600 1276
1683610 1278
1683620 1278
1683630 1278
1683640 1279
1683650 1280
1683660 1280
1683670 1278
1683680 1277
1683690 1277
1683700 1275
1683710 1273
1683720 1273
1683730 1270
1683740 1266
1683750 1266
1683760 1264
1683770 1261
1683780 1261
1683790 1258
1683800 1255
1683810 1255
1683820 1251
1683830 1248
1683840 1245
1683850 1245
1683860 1240
1683870 1236
1683880 1236
1683890 1233
1683900 1230
1683910 1230
1683920 1226
1683930 1222
1683940 1222
1683950 1218
1683960 1213
1683970 1213
1683980 1208
1683990 1203
1684000 1203
1684010 1199
1684020 1191
1684030 1191
1684040 1187
1684050 1183
1684060 1183
1684070 1178
1684080 1173
1684090 1173
1684100 1166
1684110 1157
1684120 1157
1684130 1147
1684140 1138
1684150 1138
1684160 1132
1684170 1127
1684180 1127
1684190 1123
1684200 1120
1684210 1120
1684220 1117
1684230 1112
1684240 1112
1684250 1110
1684260 1107
1684270 1103
1684280 1103
1684290 1098
1684300 1094
1684310 1094
1684320 1090
1684330 1086
1684340 1086
1684350 1083
1684360 1078
1684370 1078
1684380 1075
1684390 1070
1684400 1070
1684410 1065
1684420 1058
1684430 1058
1684440 1052
1684450 1048
1684460 1048
1684470 1046
1684480 1043
1684490 1043
1684500 1039
1684510 1033
1684520 1033
1684530 1029
1684540 1023
1684550 1023
1684560 1015
1684570 1005
1684580 1005
1684590 998
1684600 992
1684610 992
1684620 986
1684630 979
1684640 979
1684650 974
1684660 971
1684670 971
1684680 964
1684690 957
1684700 948
1684710 948
1684720 941
1684730 938
1684740 938
1684750 933
1684760 929
1684770 929
1684780 924
1684790 918
1684800 918
1684810 913
1684820 910
1684830 910
1684840 906
1684850 902
1684860 902
1684870 899
1684880 895
1684890 895
1684900 888
1684910 881
1684920 881
1684930 876
1684940 871
1684950 871
1684960 878
1684970 879
1684980 879
1684990 878
1685000 877
1685010 877
1685020 874
1685030 869
1685040 869
1685050 862
1685060 859
1685070 859
1685080 858
1685090 856
1685100 856
1685110 854
1685120 852
1685130 852
1685140 849
1685150 846
1685160 843
1685170 843
1685180 838
1685190 831
1685200 831
1685210 818
1685220 814
1685230 814
1685240 805
1685250 797
1685260 797
1685270 789
1685280 783
1685290 783
1685300 777
1685310 772
1685320 772
1685330 765
1685340 761
1685350 761
1685360 757
1685370 750
1685380 750
1685390 746
1685400 744
1685410 744
1685420 743
1685430 739
1685440 739
1685450 734
1685460 731
1685470 731
1685480 732
1685490 734
1685500 734
1685510 734
1685520 733
1685530 733
1685540 734
1685550 734
1685560 734
1685570 736
1685580 737
1685590 734
1685600 734
1685610 735
1685620 736
1685630 736
1685640 737
1685650 738
1685660 738
1685670 739
1685680 738
1685690 738
1685700 737
1685710 738
1685720 738
1685730 740
1685740 741
1685750 741
1685760 739
1685770 739
1685780 739
1685790 739
1685800 737
1685810 737
1685820 736
1685830 737
1685840 737
1685850 736
1685860 736
1685870 736
1685880 735
1685890 736
1685900 736
1685910 736
1685920 736
1685930 736
1685940 733
1685950 731
1685960 731
1685970 729
1685980 728
1685990 728
1686000 727
1686010 726
1686020 726
1686030 725
1686040 725
1686050 724
1686060 724
1686070 724
1686080 722
1686090 722
1686100 721
1686110 720
1686120 720
1686130 719
1686140 718
1686150 718
1686160 717
1686170 717
1686180 717
1686190 716
1686200 715
1686210 715
1686220 713
1686230 711
1686240 711
1686250 712
1686260 713
1686270 713
1686280 713
1686290 713
1686300 713
1686310 713
1686320 712
1686330 712
1686340 712
1686350 711
1686360 711
1686370 710
1686380 708
1686390 708
1686400 707
1686410 705
1686420 705
1686430 702
1686440 700
1686450 700
1686460 697
1686470 695
1686480 694
1686490 694
1686500 694
1686510 694
1686520 694
1686530 694
1686540 694
1686550 694
1686560 694
1686570 694
1686580 694
1686590 693
1686600 692
1686610 692
1686620 692
1686630 691
1686640 691
1686650 689
1686660 689
1686670 689
1686680 688
1686690 688
1686700 688
1686710 688
1686720 688
1686730 688
1686740 688
1686750 688
1686760 688
1686770 688
1686780 688
1686790 688
1686800 688
1686810 688
1686820 688
1686830 688
1686840 688
1686850 688
1686860 688
1686870 688
1686880 688
1686890 688
1686900 688
1686910 688
1686920 688
1686930 688
1686940 688
1686950 688
1686960 688
1686970 688
1686980 688
1686990 688
1687000 688
1687010 688
1687020 688
1687030 688
1687040 688
1687050 688
1687060 688
1687070 688
1687080 688
1687090 688
1687100 688
1687110 688
1687120 688
1687130 688
1687140 688
1687150 687
1687160 687
1687170 687
1687180 688
1687190 688
1687200 687
1687210 687
1687220 687
1687230 687
1687240 687
1687250 687
1687260 687
1687270 687
1687280 687
1687290 687
1687300 687
1687310 687
1687320 687
1687330 687
1687340 687
1687350 687
1687360 687
1687370 687
1687380 687
1687390 687
1687400 687
1687410 687
1687420 687
1687430 687
1687440 687
1687450 687
1687460 687
1687470 687
1687480 687
1687490 687
1687500 687
1687510 687
1687520 687
1687530 687
1687540 687
1687550 687
1687560 687
1687570 687
1687580 687
1687590 687
1687600 687
1687610 686
1687620 686
1687630 686
1687640 686
1687650 686
1687660 687
1687670 687
1687680 687
1687690 687
1687700 685
1687710 685
1687720 685
1687730 685
1687740 686
1687750 685
1687760 685
1687770 685
1687780 686
1687790 686
1687800 686
1687810 686
1687820 686
1687830 686
1687840 686
1687850 688
1687860 688
1687870 688
1687880 690
1687890 694
1687900 694
1687910 698
1687920 704
1687930 704
1687940 709
1687950 715
1687960 715
1687970 721
1687980 727
1687990 727
1688000 732
1688010 735
1688020 735
1688030 742
1688040 748
1688050 748
1688060 752
1688070 774
1688080 774
1688090 799
1688100 818
1688110 818
1688120 836
1688130 852
1688140 852
1688150 874
1688160 886
1688170 886
1688180 900
1688190 909
1688200 909
1688210 914
1688220 920
1688230 920
1688240 927
1688250 934
1688260 941
1688270 941
1688280 949
1688290 956
1688300 956
1688310 962
1688320 969
1688330 969
1688340 976
1688350 982
1688360 982
1688370 988
1688380 994
1688390 994
1688400 1001
1688410 1006
1688420 1006
1688430 1012
1688440 1018
1688450 1018
1688460 1023
1688470 1029
1688480 1029
1688490 1035
1688500 1039
1688510 1039
1688520 1045
1688530 1050
1688540 1050
1688550 1056
1688560 1062
1688570 1062
1688580 1068
1688590 1074
1688600 1074
1688610 1080
1688620 1086
1688630 1086
1688640 1091
1688650 1098
1688660 1098
1688670 1104
1688680 1110
1688690 1110
1688700 1116
1688710 1122
1688720 1130
1688730 1130
1688740 1138
1688750 1145
1688760 1145
1688770 1151
1688780 1158
1688790 1158
1688800 1165
1688810 1171
1688820 1171
1688830 1177
1688840 1183
1688850 1183
1688860 1189
1688870 1196
1688880 1196
1688890 1202
1688900 1208
1688910 1208
1688920 1214
1688930 1220
1688940 1220
1688950 1226
1688960 1232
1688970 1232
1688980 1239
1688990 1246
1689000 1246
1689010 1254
1689020 1263
1689030 1263
1689040 1263
1689050 1259
1689060 1259
1689070 1256
1689080 1256
1689090 1256
1689100 1257
1689110 1257
1689120 1257
1689130 1258
1689140 1259
1689150 1260
1689160 1260
1689170 1260
1689180 1260
1689190 1260
1689200 1258
1689210 1258
1689220 1258
1689230 1260
1689240 1260
1689250 1260
1689260 1260
1689270 1262
1689280 1262
1689290 1264
1689300 1266
1689310 1266
1689320 1268
1689330 1270
1689340 1270
1689350 1273
1689360 1274
1689370 1274
1689380 1275
1689390 1276
1689400 1276
1689410 1277
1689420 1276
1689430 1276
1689440 1274
1689450 1273
1689460 1273
1689470 1274
1689480 1275
1689490 1275
1689500 1274
1689510 1273
1689520 1273
1689530 1271
1689540 1268
1689550 1268
1689560 1265
1689570 1260
1689580 1257
1689590 1257
1689600 1256
1689610 1254
1689620 1254
1689630 1251
1689640 1248
1689650 1248
1689660 1244
1689670 1239
1689680 1239
1689690 1233
1689700 1227
1689710 1227
1689720 1220
1689730 1213
1689740 1213
1689750 1206
1689760 1199
1689770 1199
1689780 1191
1689790 1185
1689800 1185
1689810 1178
1689820 1153
1689830 1153
1689840 1144
1689850 1130
1689860 1130
1689870 1114
1689880 1101
1689890 1101
1689900 1090
1689910 1079
1689920 1079
1689930 1069
1689940 1049
1689950 1049
1689960 1038
1689970 1018
1689980 1018
1689990 1012
1690000 1005
1690010 1005
1690020 996
1690030 988
1690040 979
1690050 979
1690060 970
1690070 965
1690080 965
1690090 953
1690100 946
1690110 946
1690120 940
1690130 933
1690140 933
1690150 926
1690160 920
1690170 920
1690180 914
1690190 908
1690200 908
1690210 900
1690220 892
1690230 892
1690240 884
1690250 878
1690260 878
1690270 871
1690280 863
1690290 863
1690300 857
1690310 849
1690320 849
1690330 841
1690340 834
1690350 834
1690360 826
1690370 817
1690380 817
1690390 811
1690400 803
1690410 803
1690420 794
1690430 775
1690440 775
1690450 763
1690460 758
1690470 755
1690480 755
1690490 748
1690500 727
1690510 727
1690520 710
1690530 702
1690540 702
1690550 700
1690560 702
1690570 702
1690580 704
1690590 684
1690600 684
1690610 678
1690620 675
1690630 675
1690640 675
1690650 675
1690660 675
1690670 684
1690680 698
1690690 698
1690700 708
1690710 719
1690720 719
1690730 723
1690740 727
1690750 727
1690760 731
1690770 736
1690780 736
1690790 742
1690800 749
1690810 749
1690820 755
1690830 761
1690840 761
1690850 765
1690860 769
1690870 769
1690880 773
1690890 776
1690900 776
1690910 779
1690920 783
1690930 785
1690940 785
1690950 787
1690960 788
1690970 788
1690980 790
1690990 791
1691000 791
1691010 791
1691020 792
1691030 792
1691040 795
1691050 799
1691060 799
1691070 804
1691080 810
1691090 810
1691100 816
1691110 820
1691120 820
1691130 822
1691140 825
1691150 825
1691160 829
1691170 829
1691180 829
1691190 831
1691200 834
1691210 834
1691220 838
1691230 843
1691240 843
1691250 849
1691260 877
1691270 877
1691280 883
1691290 876
1691300 876
1691310 871
1691320 867
1691330 867
1691340 865
1691350 864
1691360 864
1691370 864
1691380 865
1691390 863
1691400 863
1691410 860
1691420 859
1691430 859
1691440 858
1691450 861
1691460 861
1691470 868
1691480 872
1691490 872
1691500 879
1691510 889
1691520 889
1691530 894
1691540 903
1691550 903
1691560 911
1691570 919
1691580 919
1691590 926
1691600 933
1691610 933
1691620 943
1691630 954
1691640 954
1691650 964
1691660 975
1691670 975
1691680 978
1691690 982
1691700 982
1691710 986
1691720 990
1691730 990
1691740 995
1691750 1002
1691760 1002
1691770 1008
1691780 1013
1691790 1013
1691800 1019
1691810 1024
1691820 1023
1691830 1023
1691840 1022
1691850 1022
1691860 1022
1691870 1023
1691880 1026
1691890 1026
1691900 1026
1691910 1027
1691920 1027
1691930 1030
1691940 1034
1691950 1034
1691960 1038
1691970 1043
1691980 1043
1691990 1049
1692000 1052
1692010 1052
1692020 1056
1692030 1062
1692040 1062
1692050 1068
1692060 1073
1692070 1073
1692080 1078
1692090 1085
1692100 1085
1692110 1090
1692120 1097
1692130 1097
1692140 1103
1692150 1110
1692160 1110
1692170 1117
1692180 1126
1692190 1126
1692200 1133
1692210 1138
1692220 1138
1692230 1142
1692240 1149
1692250 1150
1692260 1150
1692270 1158
1692280 1161
1692290 1161
1692300 1164
1692310 1165
1692320 1165
1692330 1170
1692340 1176
1692350 1176
1692360 1180
1692370 1185
1692380 1185
1692390 1191
1692400 1197
1692410 1197
1692420 1204
1692430 1209
1692440 1209
1692450 1215
1692460 1221
1692470 1221
1692480 1228
1692490 1235
1692500 1235
1692510 1242
1692520 1248
1692530 1248
1692540 1254
1692550 1258
1692560 1258
1692570 1265
1692580 1271
1692590 1271
1692600 1277
1692610 1292
1692620 1292
1692630 1293
1692640 1303
1692650 1303
1692660 1314
1692670 1320
1692680 1320
1692690 1317
1692700 1322
1692710 1327
1692720 1327
1692730 1333
1692740 1340
1692750 1340
1692760 1348
1692770 1358
1692780 1358
1692790 1383
1692800 1395
1692810 1395
1692820 1402
1692830 1409
1692840 1409
1692850 1413
1692860 1420
1692870 1420
1692880 1425
1692890 1428
1692900 1428
1692910 1432
1692920 1437
1692930 1437
1692940 1440
1692950 1444
1692960 1444
1692970 1448
1692980 1453
1692990 1453
1693000 1460
1693010 1467
1693020 1467
1693030 1473
1693040 1478
1693050 1478
1693060 1486
1693070 1494
1693080 1494
1693090 1501
1693100 1508
1693110 1508
1693120 1515
1693130 1522
1693140 1531
1693150 1531
1693160 1547
1693170 1553
1693180 1553
1693190 1555
1693200 1553
1693210 1553
1693220 1549
1693230 1543
1693240 1543
1693250 1538
1693260 1535
1693270 1535
1693280 1531
1693290 1529
1693300 1529
1693310 1527
1693320 1524
1693330 1524
1693340 1523
1693350 1522
1693360 1522
1693370 1520
1693380 1518
1693390 1518
1693400 1517
1693410 1514
1693420 1514
1693430 1510
1693440 1506
1693450 1506
1693460 1502
1693470 1499
1693480 1499
1693490 1496
1693500 1492
1693510 1492
1693520 1490
1693530 1491
1693540 1491
1693550 1492
1693560 1497
1693570 1497
1693580 1497
1693590 1498
1693600 1499
1693610 1499
1693620 1501
1693630 1502
1693640 1502
1693650 1504
1693660 1505
1693670 1505
1693680 1506
1693690 1507
1693700 1507
1693710 1509
1693720 1511
1693730 1511
1693740 1512
1693750 1514
1693760 1514
1693770 1516
1693780 1518
1693790 1518
1693800 1520
1693810 1523
1693820 1523
1693830 1524
1693840 1527
1693850 1527
1693860 1529
1693870 1532
1693880 1532
1693890 1535
1693900 1538
1693910 1538
1693920 1541
1693930 1543
1693940 1543
1693950 1545
1693960 1544
1693970 1544
1693980 1543
1693990 1542
1694000 1542
1694010 1542
1694020 1542
1694030 1542
1694040 1542
1694050 1541
1694060 1541
1694070 1541
1694080 1541
1694090 1540
1694100 1540
1694110 1541
1694120 1541
1694130 1541
1694140 1542
1694150 1545
1694160 1545
1694170 1547
1694180 1548
1694190 1548
1694200 1549
1694210 1550
1694220 1550
1694230 1552
1694240 1554
1694250 1554
1694260 1556
1694270 1558
1694280 1558
1694290 1559
1694300 1562
1694310 1562
1694320 1565
1694330 1568
1694340 1568
1694350 1570
1694360 1573
1694370 1573
1694380 1575
1694390 1578
1694400 1578
1694410 1580
1694420 1581
1694430 1581
1694440 1584
1694450 1586
1694460 1586
1694470 1588
1694480 1590
1694490 1592
1694500 1592
1694510 1592
1694520 1592
1694530 1592
1694540 1590
1694550 1543
1694560 1543
1694570 1533
1694580 1527
1694590 1527
1694600 1520
1694610 1514
1694620 1514
1694630 1507
1694640 1499
1694650 1499
1694660 1493
1694670 1485
1694680 1485
1694690 1479
1694700 1472
1694710 1472
1694720 1465
1694730 1457
1694740 1457
1694750 1450
1694760 1443
1694770 1443
1694780 1435
1694790 1428
1694800 1428
1694810 1422
1694820 1416
1694830 1416
1694840 1411
1694850 1406
1694860 1406
1694870 1401
1694880 1396
1694890 1396
1694900 1392
1694910 1388
1694920 1389
1694930 1389
1694940 1388
1694950 1385
1694960 1385
1694970 1385
1694980 1383
1694990 1383
1695000 1384
1695010 1386
1695020 1386
1695030 1385
1695040 1382
1695050 1382
1695060 1380
1695070 1377
1695080 1377
1695090 1374
1695100 1375
1695110 1375
1695120 1378
1695130 1380
1695140 1380
1695150 1381
1695160 1381
1695170 1381
1695180 1381
1695190 1378
1695200 1378
1695210 1375
1695220 1368
1695230 1368
1695240 1363
1695250 1359
1695260 1359
1695270 1356
1695280 1345
1695290 1345
1695300 1336
1695310 1327
1695320 1327
1695330 1319
1695340 1322
1695350 1322
1695360 1322
1695370 1320
1695380 1320
1695390 1320
1695400 1322
1695410 1322
1695420 1322
1695430 1324
1695440 1323
1695450 1323
1695460 1323
1695470 1325
1695480 1325
1695490 1325
1695500 1321
1695510 1321
1695520 1321
1695530 1321
1695540 1321
1695550 1321
1695560 1324
1695570 1324
1695580 1328
1695590 1332
1695600 1332
1695610 1335
1695620 1338
1695630 1338
1695640 1336
1695650 1339
1695660 1339
1695670 1342
1695680 1341
1695690 1341
1695700 1338
1695710 1333
1695720 1333
1695730 1327
1695740 1322
1695750 1322
1695760 1318
1695770 1313
1695780 1313
1695790 1308
1695800 1304
1695810 1304
1695820 1304
1695830 1305
1695840 1305
1695850 1305
1695860 1305
1695870 1306
1695880 1306
1695890 1306
1695900 1306
1695910 1306
1695920 1307
1695930 1308
1695940 1308
1695950 1309
1695960 1310
1695970 1310
1695980 1311
1695990 1312
1696000 1312
1696010 1313
1696020 1319
1696030 1319
1696040 1325
1696050 1330
1696060 1330
1696070 1336
1696080 1343
1696090 1343
1696100 1345
1696110 1351
1696120 1351
1696130 1358
1696140 1366
1696150 1366
1696160 1374
1696170 1381
1696180 1381
1696190 1385
1696200 1388
1696210 1388
1696220 1390
1696230 1392
1696240 1393
1696250 1393
1696260 1393
1696270 1394
1696280 1394
1696290 1394
1696300 1394
1696310 1394
1696320 1392
1696330 1391
1696340 1391
1696350 1390
1696360 1390
1696370 1390
1696380 1389
1696390 1385
1696400 1385
1696410 1382
1696420 1384
1696430 1384
1696440 1389
1696450 1393
1696460 1393
1696470 1395
1696480 1399
1696490 1399
1696500 1403
1696510 1406
1696520 1406
1696530 1410
1696540 1413
1696550 1413
1696560 1416
1696570 1419
1696580 1419
1696590 1421
1696600 1424
1696610 1424
1696620 1426
1696630 1429
1696640 1429
1696650 1432
1696660 1435
1696670 1435
1696680 1439
1696690 1442
1696700 1445
1696710 1445
1696720 1448
1696730 1450
1696740 1450
1696750 1450
1696760 1451
1696770 1451
1696780 1452
1696790 1450
1696800 1450
1696810 1449
1696820 1451
1696830 1451
1696840 1453
1696850 1455
1696860 1455
1696870 1457
1696880 1460
1696890 1460
1696900 1462
1696910 1463
1696920 1463
1696930 1465
1696940 1467
1696950 1467
1696960 1469
1696970 1471
1696980 1471
1696990 1473
1697000 1474
1697010 1474
1697020 1476
1697030 1478
1697040 1478
1697050 1479
1697060 1481
1697070 1481
1697080 1482
1697090 1483
1697100 1483
1697110 1484
1697120 1485
1697130 1486
1697140 1486
1697150 1486
1697160 1488
1697170 1488
1697180 1488
1697190 1489
1697200 1489
1697210 1489
1697220 1489
1697230 1489
1697240 1488
1697250 1488
1697260 1488
1697270 1488
1697280 1487
1697290 1487
1697300 1486
1697310 1485
1697320 1485
1697330 1484
1697340 1484
1697350 1484
1697360 1482
1697370 1481
1697380 1481
1697390 1479
1697400 1477
1697410 1477
1697420 1476
1697430 1474
1697440 1474
1697450 1472
1697460 1468
1697470 1468
1697480 1465
1697490 1460
1697500 1460
1697510 1457
1697520 1454
1697530 1454
1697540 1447
1697550 1445
1697560 1445
1697570 1445
1697580 1442
1697590 1439
1697600 1439
1697610 1440
1697620 1440
1697630 1440
1697640 1440
1697650 1438
1697660 1438
1697670 1440
1697680 1441
1697690 1441
1697700 1441
1697710 1441
1697720 1441
1697730 1441
1697740 1440
1697750 1440
1697760 1437
1697770 1437
1697780 1437
1697790 1439
1697800 1439
1697810 1439
1697820 1439
1697830 1438
1697840 1438
1697850 1438
1697860 1441
1697870 1441
1697880 1442
1697890 1444
1697900 1444
1697910 1445
1697920 1446
1697930 1446
1697940 1446
1697950 1447
1697960 1447
1697970 1448
1697980 1449
1697990 1449
1698000 1449
1698010 1451
1698020 1450
1698030 1450
1698040 1450
1698050 1450
1698060 1450
1698070 1449
1698080 1448
1698090 1448
1698100 1448
1698110 1447
1698120 1447
1698130 1447
1698140 1446
1698150 1446
1698160 1445
1698170 1444
1698180 1444
1698190 1443
1698200 1441
1698210 1441
1698220 1440
1698230 1439
1698240 1439
1698250 1437
1698260 1435
1698270 1435
1698280 1434
1698290 1430
1698300 1430
1698310 1425
1698320 1418
1698330 1418
1698340 1413
1698350 1410
1698360 1410
1698370 1413
1698380 1414
1698390 1414
1698400 1414
1698410 1412
1698420 1412
1698430 1410
1698440 1409
1698450 1409
1698460 1408
1698470 1407
1698480 1406
1698490 1406
1698500 1404
1698510 1403
1698520 1403
1698530 1400
1698540 1398
1698550 1398
1698560 1396
1698570 1392
1698580 1392
1698590 1389
1698600 1388
1698610 1388
1698620 1387
1698630 1387
1698640 1387
1698650 1384
1698660 1382
1698670 1381
1698680 1380
1698690 1379
1698700 1379
1698710 1379
1698720 1378
1698730 1378
1698740 1375
1698750 1373
1698760 1373
1698770 1372
1698780 1370
1698790 1370
1698800 1366
1698810 1363
1698820 1363
1698830 1359
1698840 1357
1698850 1357
1698860 1355
1698870 1354
1698880 1354
1698890 1351
1698900 1346
1698910 1343
1698920 1343
1698930 1341
1698940 1339
1698950 1339
1698960 1338
1698970 1335
1698980 1335
1698990 1333
1699000 1333
1699010 1333
1699020 1332
1699030 1335
1699040 1335
1699050 1337
1699060 1339
1699070 1339
1699080 1344
1699090 1342
1699100 1342
1699110 1337
1699120 1335
1699130 1335
1699140 1338
1699150 1340
1699160 1340
1699170 1344
1699180 1347
1699190 1347
1699200 1349
1699210 1347
1699220 1347
1699230 1343
1699240 1339
1699250 1339
1699260 1337
1699270 1337
1699280 1337
1699290 1337
1699300 1336
1699310 1336
1699320 1336
1699330 1338
1699340 1338
1699350 1339
1699360 1342
1699370 1345
1699380 1345
1699390 1349
1699400 1353
1699410 1353
1699420 1357
1699430 1361
1699440 1361
1699450 1365
1699460 1368
1699470 1368
1699480 1371
1699490 1375
1699500 1375
1699510 1378
1699520 1381
1699530 1381
1699540 1384
1699550 1387
1699560 1387
1699570 1390
1699580 1392
1699590 1392
1699600 1395
1699610 1398
1699620 1398
1699630 1399
1699640 1401
1699650 1401
1699660 1402
1699670 1403
1699680 1403
1699690 1405
1699700 1406
1699710 1406
1699720 1406
1699730 1407
1699740 1407
1699750 1408
1699760 1409
1699770 1409
1699780 1409
1699790 1408
1699800 1407
1699810 1407
1699820 1405
1699830 1403
1699840 1403
1699850 1401
1699860 1401
1699870 1401
1699880 1401
1699890 1401
1699900 1401
1699910 1402
1699920 1404
1699930 1404
1699940 1405
1699950 1406
1699960 1406
1699970 1407
1699980 1408
1699990 1408
