1680000 1674
1680010 1672
1680020 1670
1680030 1667
1680040 1667
1680050 1665
1680060 1661
1680070 1661
1680080 1658
1680090 1658
1680100 1658
1680110 1656
1680120 1651
1680130 1651
1680140 1646
1680150 1642
1680160 1642
1680170 1640
1680180 1640
1680190 1640
1680200 1642
1680210 1644
1680220 1644
1680230 1639
1680240 1634
1680250 1634
1680260 1634
1680270 1638
1680280 1638
1680290 1638
1680300 1637
1680310 1637
1680320 1633
1680330 1632
1680340 1632
1680350 1633
1680360 1631
1680370 1631
1680380 1628
1680390 1624
1680400 1624
1680410 1619
1680420 1616
1680430 1616
1680440 1612
1680450 1607
1680460 1606
1680470 1606
1680480 1606
1680490 1605
1680500 1605
1680510 1602
1680520 1600
1680530 1600
1680540 1594
1680550 1588
1680560 1588
1680570 1585
1680580 1581
1680590 1581
1680600 1579
1680610 1576
1680620 1576
1680630 1570
1680640 1567
1680650 1567
1680660 1561
1680670 1558
1680680 1558
1680690 1554
1680700 1551
1680710 1551
1680720 1549
1680730 1546
1680740 1546
1680750 1545
1680760 1543
1680770 1543
1680780 1541
1680790 1538
1680800 1538
1680810 1538
1680820 1539
1680830 1539
1680840 1538
1680850 1533
1680860 1533
1680870 1528
1680880 1526
1680890 1526
1680900 1521
1680910 1519
1680920 1515
1680930 1515
1680940 1514
1680950 1509
1680960 1509
1680970 1502
1680980 1498
1680990 1498
1681000 1490
1681010 1485
1681020 1485
1681030 1481
1681040 1477
1681050 1477
1681060 1476
1681070 1477
1681080 1477
1681090 1475
1681100 1473
1681110 1473
1681120 1470
1681130 1467
1681140 1467
1681150 1464
1681160 1458
1681170 1458
1681180 1453
1681190 1450
1681200 1450
1681210 1446
1681220 1443
1681230 1443
1681240 1436
1681250 1435
1681260 1435
1681270 1433
1681280 1434
1681290 1434
1681300 1437
1681310 1433
1681320 1433
1681330 1428
1681340 1424
1681350 1424
1681360 1421
1681370 1419
1681380 1415
1681390 1415
1681400 1413
1681410 1404
1681420 1404
1681430 1401
1681440 1399
1681450 1399
1681460 1392
1681470 1386
1681480 1386
1681490 1383
1681500 1377
1681510 1377
1681520 1374
1681530 1368
1681540 1368
1681550 1364
1681560 1360
1681570 1360
1681580 1354
1681590 1349
1681600 1349
1681610 1347
1681620 1339
1681630 1339
1681640 1333
1681650 1328
1681660 1328
1681670 1324
1681680 1322
1681690 1322
1681700 1318
1681710 1313
1681720 1313
1681730 1311
1681740 1310
1681750 1310
1681760 1309
1681770 1309
1681780 1309
1681790 1309
1681800 1309
1681810 1309
1681820 1308
1681830 1308
1681840 1308
1681850 1308
1681860 1308
1681870 1308
1681880 1308
1681890 1310
1681900 1313
1681910 1313
1681920 1314
1681930 1313
1681940 1313
1681950 1314
1681960 1315
1681970 1315
1681980 1315
1681990 1315
1682000 1315
1682010 1315
1682020 1314
1682030 1314
1682040 1314
1682050 1317
1682060 1317
1682070 1320
1682080 1322
1682090 1322
1682100 1323
1682110 1322
1682120 1322
1682130 1322
1682140 1324
1682150 1324
1682160 1327
1682170 1328
1682180 1328
1682190 1329
1682200 1329
1682210 1329
1682220 1330
1682230 1330
1682240 1330
1682250 1330
1682260 1331
1682270 1332
1682280 1332
1682290 1333
1682300 1333
1682310 1333
1682320 1334
1682330 1332
1682340 1332
1682350 1330
1682360 1325
1682370 1325
1682380 1324
1682390 1326
1682400 1326
1682410 1324
1682420 1323
1682430 1323
1682440 1322
1682450 1322
1682460 1322
1682470 1319
1682480 1318
1682490 1318
1682500 1318
1682510 1317
1682520 1317
1682530 1316
1682540 1315
1682550 1315
1682560 1314
1682570 1312
1682580 1312
1682590 1312
1682600 1314
1682610 1314
1682620 1316
1682630 1316
1682640 1316
1682650 1316
1682660 1317
1682670 1318
1682680 1319
1682690 1318
1682700 1318
1682710 1317
1682720 1316
1682730 1312
1682740 1312
1682750 1309
1682760 1308
1682770 1308
1682780 1307
1682790 1304
1682800 1304
1682810 1300
1682820 1298
1682830 1298
1682840 1296
1682850 1294
1682860 1294
1682870 1290
1682880 1290
1682890 1290
1682900 1285
1682910 1283
1682920 1283
1682930 1282
1682940 1281
1682950 1281
1682960 1281
1682970 1280
1682980 1280
1682990 1280
1683000 1279
1683010 1279
1683020 1277
1683030 1275
1683040 1275
1683050 1275
1683060 1274
1683070 1274
1683080 1273
1683090 1270
1683100 1270
1683110 1270
1683120 1269
1683130 1269
1683140 1267
1683150 1265
1683160 1265
1683170 1264
1683180 1263
1683190 1261
1683200 1261
1683210 1258
1683220 1257
1683230 1257
1683240 1257
1683250 1255
1683260 1255
1683270 1255
1683280 1255
1683290 1255
1683300 1254
1683310 1253
1683320 1253
1683330 1252
1683340 1251
1683350 1251
1683360 1251
1683370 1252
1683380 1252
1683390 1252
1683400 1252
1683410 1252
1683420 1252
1683430 1251
1683440 1251
1683450 1249
1683460 1250
1683470 1250
1683480 1248
1683490 1248
1683500 1248
1683510 1249
1683520 1243
1683530 1243
1683540 1241
1683550 1244
1683560 1244
1683570 1247
1683580 1249
1683590 1249
1683600 1250
1683610 1251
1683620 1249
1683630 1249
1683640 1251
1683650 1251
1683660 1251
1683670 1251
1683680 1248
1683690 1248
1683700 1245
1683710 1242
1683720 1242
1683730 1240
1683740 1238
1683750 1238
1683760 1235
1683770 1233
1683780 1233
1683790 1233
1683800 1233
1683810 1233
1683820 1232
1683830 1230
1683840 1230
1683850 1228
1683860 1224
1683870 1224
1683880 1220
1683890 1218
1683900 1218
1683910 1216
1683920 1213
1683930 1213
1683940 1211
1683950 1209
1683960 1209
1683970 1207
1683980 1201
1683990 1201
1684000 1197
1684010 1198
1684020 1198
1684030 1198
1684040 1200
1684050 1200
1684060 1206
1684070 1212
1684080 1212
1684090 1212
1684100 1214
1684110 1222
1684120 1222
1684130 1231
1684140 1241
1684150 1241
1684160 1247
1684170 1254
1684180 1254
1684190 1261
1684200 1268
1684210 1268
1684220 1275
1684230 1282
1684240 1282
1684250 1289
1684260 1300
1684270 1300
1684280 1309
1684290 1320
1684300 1320
1684310 1326
1684320 1332
1684330 1332
1684340 1336
1684350 1343
1684360 1343
1684370 1345
1684380 1346
1684390 1346
1684400 1346
1684410 1346
1684420 1346
1684430 1344
1684440 1344
1684450 1344
1684460 1344
1684470 1343
1684480 1343
1684490 1343
1684500 1343
1684510 1343
1684520 1342
1684530 1341
1684540 1340
1684550 1340
1684560 1339
1684570 1338
1684580 1338
1684590 1337
1684600 1336
1684610 1336
1684620 1334
1684630 1333
1684640 1333
1684650 1331
1684660 1329
1684670 1329
1684680 1328
1684690 1327
1684700 1327
1684710 1325
1684720 1325
1684730 1325
1684740 1324
1684750 1323
1684760 1323
1684770 1322
1684780 1320
1684790 1320
1684800 1318
1684810 1315
1684820 1315
1684830 1312
1684840 1306
1684850 1306
1684860 1298
1684870 1290
1684880 1290
1684890 1284
1684900 1278
1684910 1278
1684920 1270
1684930 1264
1684940 1264
1684950 1259
1684960 1254
1684970 1254
1684980 1251
1684990 1247
1685000 1242
1685010 1242
1685020 1236
1685030 1231
1685040 1231
1685050 1226
1685060 1223
1685070 1223
1685080 1221
1685090 1219
1685100 1219
1685110 1215
1685120 1211
1685130 1211
1685140 1203
1685150 1196
1685160 1196
1685170 1192
1685180 1188
1685190 1188
1685200 1183
1685210 1179
1685220 1179
1685230 1174
1685240 1168
1685250 1168
1685260 1163
1685270 1157
1685280 1157
1685290 1153
1685300 1152
1685310 1152
1685320 1151
1685330 1150
1685340 1150
1685350 1149
1685360 1147
1685370 1147
1685380 1148
1685390 1148
1685400 1148
1685410 1147
1685420 1146
1685430 1144
1685440 1144
1685450 1141
1685460 1137
1685470 1137
1685480 1133
1685490 1129
1685500 1129
1685510 1126
1685520 1122
1685530 1122
1685540 1120
1685550 1119
1685560 1119
1685570 1117
1685580 1115
1685590 1115
1685600 1112
1685610 1110
1685620 1110
1685630 1108
1685640 1107
1685650 1107
1685660 1106
1685670 1105
1685680 1105
1685690 1104
1685700 1102
1685710 1102
1685720 1101
1685730 1099
1685740 1099
1685750 1098
1685760 1096
1685770 1096
1685780 1094
1685790 1092
1685800 1092
1685810 1090
1685820 1087
1685830 1087
1685840 1085
1685850 1082
1685860 1082
1685870 1080
1685880 1077
1685890 1076
1685900 1076
1685910 1074
1685920 1074
1685930 1074
1685940 1073
1685950 1073
1685960 1073
1685970 1074
1685980 1074
1685990 1074
1686000 1074
1686010 1074
1686020 1074
1686030 1074
1686040 1072
1686050 1072
1686060 1070
1686070 1066
1686080 1066
1686090 1061
1686100 1056
1686110 1056
1686120 1051
1686130 1048
1686140 1048
1686150 1045
1686160 1043
1686170 1043
1686180 1041
1686190 1040
1686200 1040
1686210 1039
1686220 1039
1686230 1039
1686240 1039
1686250 1038
1686260 1038
1686270 1038
1686280 1037
1686290 1037
1686300 1037
1686310 1037
1686320 1037
1686330 1036
1686340 1035
1686350 1035
1686360 1035
1686370 1035
1686380 1036
1686390 1036
1686400 1034
1686410 1033
1686420 1033
1686430 1032
1686440 1032
1686450 1032
1686460 1032
1686470 1030
1686480 1030
1686490 1030
1686500 1030
1686510 1030
1686520 1033
1686530 1035
1686540 1035
1686550 1034
1686560 1030
1686570 1030
1686580 1025
1686590 1021
1686600 1021
1686610 1016
1686620 1013
1686630 1013
1686640 1010
1686650 1004
1686660 1004
1686670 998
1686680 992
1686690 992
1686700 988
1686710 985
1686720 985
1686730 980
1686740 976
1686750 976
1686760 974
1686770 968
1686780 968
1686790 962
1686800 957
1686810 953
1686820 953
1686830 951
1686840 949
1686850 949
1686860 946
1686870 945
1686880 945
1686890 942
1686900 938
1686910 938
1686920 934
1686930 930
1686940 930
1686950 927
1686960 924
1686970 924
1686980 921
1686990 919
1687000 919
1687010 917
1687020 914
1687030 914
1687040 911
1687050 907
1687060 907
1687070 905
1687080 902
1687090 902
1687100 900
1687110 898
1687120 898
1687130 895
1687140 893
1687150 893
1687160 891
1687170 889
1687180 889
1687190 888
1687200 885
1687210 885
1687220 883
1687230 880
1687240 878
1687250 878
1687260 876
1687270 875
1687280 875
1687290 875
1687300 876
1687310 876
1687320 877
1687330 878
1687340 878
1687350 877
1687360 876
1687370 876
1687380 873
1687390 870
1687400 870
1687410 868
1687420 867
1687430 867
1687440 864
1687450 862
1687460 862
1687470 858
1687480 854
1687490 854
1687500 850
1687510 845
1687520 845
1687530 840
1687540 836
1687550 836
1687560 830
1687570 817
1687580 817
1687590 803
1687600 794
1687610 794
1687620 786
1687630 778
1687640 778
1687650 771
1687660 763
1687670 763
1687680 757
1687690 751
1687700 749
1687710 749
1687720 745
1687730 741
1687740 741
1687750 737
1687760 732
1687770 732
1687780 725
1687790 721
1687800 721
1687810 714
1687820 707
1687830 707
1687840 702
1687850 702
1687860 702
1687870 699
1687880 699
1687890 699
1687900 700
1687910 702
1687920 702
1687930 702
1687940 702
1687950 702
1687960 701
1687970 701
1687980 701
1687990 702
1688000 702
1688010 702
1688020 704
1688030 710
1688040 710
1688050 714
1688060 715
1688070 715
1688080 724
1688090 731
1688100 731
1688110 737
1688120 744
1688130 744
1688140 750
1688150 757
1688160 763
1688170 763
1688180 770
1688190 770
1688200 770
1688210 780
1688220 785
1688230 785
1688240 790
1688250 797
1688260 797
1688270 807
1688280 813
1688290 813
1688300 815
1688310 817
1688320 817
1688330 818
1688340 819
1688350 819
1688360 821
1688370 824
1688380 824
1688390 828
1688400 833
1688410 833
1688420 842
1688430 845
1688440 845
1688450 847
1688460 850
1688470 850
1688480 847
1688490 846
1688500 846
1688510 845
1688520 846
1688530 846
1688540 848
1688550 850
1688560 850
1688570 853
1688580 855
1688590 858
1688600 858
1688610 860
1688620 862
1688630 862
1688640 865
1688650 869
1688660 869
1688670 870
1688680 868
1688690 868
1688700 868
1688710 870
1688720 870
1688730 873
1688740 875
1688750 875
1688760 878
1688770 880
1688780 880
1688790 881
1688800 880
1688810 880
1688820 879
1688830 879
1688840 879
1688850 880
1688860 880
1688870 880
1688880 881
1688890 880
1688900 880
1688910 880
1688920 880
1688930 880
1688940 880
1688950 879
1688960 879
1688970 879
1688980 879
1688990 879
1689000 878
1689010 878
1689020 878
1689030 878
1689040 879
1689050 880
1689060 880
1689070 880
1689080 880
1689090 880
1689100 879
1689110 879
1689120 879
1689130 878
1689140 876
1689150 876
1689160 875
1689170 875
1689180 875
1689190 875
1689200 874
1689210 874
1689220 871
1689230 868
1689240 868
1689250 865
1689260 862
1689270 862
1689280 859
1689290 857
1689300 857
1689310 853
1689320 851
1689330 851
1689340 847
1689350 844
1689360 844
1689370 841
1689380 836
1689390 836
1689400 832
1689410 831
1689420 831
1689430 833
1689440 833
1689450 833
1689460 833
1689470 836
1689480 836
1689490 837
1689500 837
1689510 837
1689520 837
1689530 836
1689540 836
1689550 836
1689560 837
1689570 837
1689580 837
1689590 838
1689600 838
1689610 838
1689620 838
1689630 839
1689640 839
1689650 841
1689660 844
1689670 844
1689680 846
1689690 845
1689700 845
1689710 846
1689720 845
1689730 845
1689740 846
1689750 848
1689760 848
1689770 847
1689780 841
1689790 841
1689800 838
1689810 835
1689820 835
1689830 836
1689840 834
1689850 834
1689860 833
1689870 829
1689880 829
1689890 828
1689900 828
1689910 828
1689920 829
1689930 831
1689940 831
1689950 832
1689960 832
1689970 830
1689980 830
1689990 825
1690000 826
1690010 826
1690020 829
1690030 830
1690040 830
1690050 834
1690060 838
1690070 838
1690080 843
1690090 846
1690100 846
1690110 849
1690120 852
1690130 852
1690140 855
1690150 859
1690160 859
1690170 860
1690180 859
1690190 859
1690200 859
1690210 858
1690220 858
1690230 857
1690240 854
1690250 854
1690260 852
1690270 851
1690280 851
1690290 849
1690300 847
1690310 847
1690320 844
1690330 847
1690340 847
1690350 843
1690360 846
1690370 846
1690380 849
1690390 851
1690400 854
1690410 854
1690420 856
1690430 857
1690440 857
1690450 859
1690460 861
1690470 861
1690480 862
1690490 862
1690500 862
1690510 861
1690520 859
1690530 859
1690540 856
1690550 851
1690560 851
1690570 846
1690580 842
1690590 842
1690600 838
1690610 834
1690620 834
1690630 831
1690640 828
1690650 828
1690660 820
1690670 820
1690680 820
1690690 816
1690700 811
1690710 811
1690720 807
1690730 803
1690740 803
1690750 797
1690760 790
1690770 790
1690780 781
1690790 772
1690800 772
1690810 764
1690820 757
1690830 757
1690840 750
1690850 745
1690860 741
1690870 741
1690880 737
1690890 733
1690900 733
1690910 728
1690920 723
1690930 723
1690940 716
1690950 712
1690960 712
1690970 711
1690980 710
1690990 710
1691000 704
1691010 697
1691020 697
1691030 690
1691040 684
1691050 684
1691060 682
1691070 682
1691080 682
1691090 684
1691100 684
1691110 684
1691120 685
1691130 689
1691140 689
1691150 695
1691160 700
1691170 700
1691180 707
1691190 711
1691200 711
1691210 715
1691220 727
1691230 727
1691240 723
1691250 723
1691260 723
1691270 725
1691280 728
1691290 728
1691300 730
1691310 731
1691320 732
1691330 732
1691340 732
1691350 732
1691360 732
1691370 732
1691380 731
1691390 731
1691400 730
1691410 728
1691420 728
1691430 728
1691440 727
1691450 727
1691460 727
1691470 727
1691480 727
1691490 726
1691500 725
1691510 725
1691520 724
1691530 723
1691540 723
1691550 722
1691560 720
1691570 720
1691580 719
1691590 719
1691600 719
1691610 723
1691620 724
1691630 724
1691640 722
1691650 722
1691660 722
1691670 722
1691680 723
1691690 723
1691700 727
1691710 730
1691720 730
1691730 732
1691740 734
1691750 734
1691760 734
1691770 734
1691780 733
1691790 733
1691800 737
1691810 741
1691820 741
1691830 745
1691840 751
1691850 751
1691860 754
1691870 756
1691880 756
1691890 759
1691900 762
1691910 762
1691920 767
1691930 771
1691940 771
1691950 776
1691960 783
1691970 783
1691980 791
1691990 803
1692000 803
1692010 808
1692020 811
1692030 811
1692040 811
1692050 809
1692060 809
1692070 806
1692080 804
1692090 804
1692100 800
1692110 794
1692120 794
1692130 791
1692140 792
1692150 792
1692160 799
1692170 806
1692180 806
1692190 814
1692200 828
1692210 926
1692220 926
1692230 940
1692240 942
1692250 942
1692260 940
1692270 938
1692280 938
1692290 937
1692300 933
1692310 933
1692320 930
1692330 925
1692340 925
1692350 924
1692360 928
1692370 928
1692380 930
1692390 937
1692400 937
1692410 943
1692420 947
1692430 947
1692440 952
1692450 959
1692460 959
1692470 966
1692480 976
1692490 976
1692500 985
1692510 991
1692520 991
1692530 997
1692540 1025
1692550 1025
1692560 1030
1692570 1037
1692580 1037
1692590 1045
1692600 1052
1692610 1052
1692620 1060
1692630 1068
1692640 1068
1692650 1076
1692660 1087
1692670 1095
1692680 1095
1692690 1107
1692700 1125
1692710 1125
1692720 1135
1692730 1138
1692740 1138
1692750 1139
1692760 1139
1692770 1139
1692780 1137
1692790 1135
1692800 1135
1692810 1132
1692820 1128
1692830 1128
1692840 1125
1692850 1122
1692860 1122
1692870 1119
1692880 1115
1692890 1115
1692900 1111
1692910 1105
1692920 1105
1692930 1101
1692940 1097
1692950 1097
1692960 1092
1692970 1087
1692980 1087
1692990 1082
1693000 1079
1693010 1079
1693020 1075
1693030 1073
1693040 1073
1693050 1071
1693060 1071
1693070 1071
1693080 1072
1693090 1072
1693100 1072
1693110 1073
1693120 1075
1693130 1080
1693140 1080
1693150 1084
1693160 1085
1693170 1085
1693180 1089
1693190 1148
1693200 1148
1693210 1147
1693220 1167
1693230 1167
1693240 1178
1693250 1185
1693260 1185
1693270 1190
1693280 1197
1693290 1197
1693300 1205
1693310 1197
1693320 1197
1693330 1179
1693340 1176
1693350 1176
1693360 1173
1693370 1163
1693380 1163
1693390 1138
1693400 1136
1693410 1136
1693420 1130
1693430 1123
1693440 1123
1693450 1113
1693460 1103
1693470 1103
1693480 1098
1693490 1093
1693500 1093
1693510 1089
1693520 1087
1693530 1087
1693540 1086
1693550 1085
1693560 1085
1693570 1084
1693580 1090
1693590 1095
1693600 1095
1693610 1101
1693620 1106
1693630 1106
1693640 1113
1693650 1118
1693660 1118
1693670 1124
1693680 1132
1693690 1132
1693700 1138
1693710 1145
1693720 1145
1693730 1164
1693740 1204
1693750 1204
1693760 1204
1693770 1225
1693780 1225
1693790 1234
1693800 1239
1693810 1239
1693820 1241
1693830 1244
1693840 1244
1693850 1246
1693860 1250
1693870 1250
1693880 1251
1693890 1252
1693900 1252
1693910 1253
1693920 1258
1693930 1258
1693940 1262
1693950 1286
1693960 1286
1693970 1292
1693980 1289
1693990 1289
1694000 1288
1694010 1290
1694020 1291
1694030 1291
1694040 1294
1694050 1301
1694060 1301
1694070 1309
1694080 1319
1694090 1319
1694100 1324
1694110 1330
1694120 1330
1694130 1338
1694140 1344
1694150 1344
1694160 1362
1694170 1372
1694180 1372
1694190 1375
1694200 1377
1694210 1377
1694220 1383
1694230 1393
1694240 1393
1694250 1390
1694260 1382
1694270 1382
1694280 1372
1694290 1362
1694300 1362
1694310 1354
1694320 1347
1694330 1347
1694340 1340
1694350 1333
1694360 1333
1694370 1327
1694380 1322
1694390 1322
1694400 1317
1694410 1313
1694420 1313
1694430 1310
1694440 1309
1694450 1309
1694460 1309
1694470 1308
1694480 1307
1694490 1307
1694500 1305
1694510 1307
1694520 1307
1694530 1307
1694540 1305
1694550 1305
1694560 1305
1694570 1309
1694580 1309
1694590 1310
1694600 1313
1694610 1313
1694620 1313
1694630 1316
1694640 1316
1694650 1322
1694660 1327
1694670 1327
1694680 1332
1694690 1337
1694700 1337
1694710 1341
1694720 1346
1694730 1346
1694740 1353
1694750 1359
1694760 1359
1694770 1364
1694780 1368
1694790 1368
1694800 1370
1694810 1372
1694820 1372
1694830 1374
1694840 1375
1694850 1375
1694860 1376
1694870 1377
1694880 1377
1694890 1377
1694900 1376
1694910 1376
1694920 1375
1694930 1374
1694940 1373
1694950 1373
1694960 1372
1694970 1371
1694980 1371
1694990 1369
1695000 1368
1695010 1368
1695020 1367
1695030 1370
1695040 1370
1695050 1372
1695060 1374
1695070 1374
1695080 1376
1695090 1378
1695100 1378
1695110 1380
1695120 1382
1695130 1382
1695140 1385
1695150 1386
1695160 1386
1695170 1388
1695180 1388
1695190 1388
1695200 1388
1695210 1380
1695220 1380
1695230 1372
1695240 1364
1695250 1364
1695260 1357
1695270 1349
1695280 1349
1695290 1343
1695300 1335
1695310 1335
1695320 1328
1695330 1320
1695340 1320
1695350 1313
1695360 1305
1695370 1298
1695380 1298
1695390 1291
1695400 1283
1695410 1283
1695420 1275
1695430 1265
1695440 1265
1695450 1256
1695460 1246
1695470 1246
1695480 1237
1695490 1229
1695500 1229
1695510 1219
1695520 1208
1695530 1208
1695540 1200
1695550 1192
1695560 1192
1695570 1185
1695580 1177
1695590 1177
1695600 1166
1695610 1157
1695620 1157
1695630 1140
1695640 1131
1695650 1131
1695660 1122
1695670 1114
1695680 1114
1695690 1106
1695700 1100
1695710 1100
1695720 1093
1695730 1086
1695740 1086
1695750 1080
1695760 1074
1695770 1074
1695780 1067
1695790 1061
1695800 1061
1695810 1055
1695820 1049
1695830 1041
1695840 1041
1695850 1030
1695860 1057
1695870 1057
1695880 1067
1695890 1076
1695900 1076
1695910 1084
1695920 1092
1695930 1092
1695940 1102
1695950 1109
1695960 1109
1695970 1116
1695980 1121
1695990 1121
1696000 1123
1696010 1129
1696020 1129
1696030 1134
1696040 1140
1696050 1140
1696060 1147
1696070 1156
1696080 1156
1696090 1162
1696100 1171
1696110 1171
1696120 1176
1696130 1181
1696140 1181
1696150 1187
1696160 1192
1696170 1192
1696180 1199
1696190 1206
1696200 1206
1696210 1210
1696220 1218
1696230 1218
1696240 1224
1696250 1232
1696260 1232
1696270 1242
1696280 1249
1696290 1257
1696300 1257
1696310 1264
1696320 1272
1696330 1272
1696340 1280
1696350 1287
1696360 1287
1696370 1294
1696380 1301
1696390 1301
1696400 1308
1696410 1315
1696420 1315
1696430 1322
1696440 1329
1696450 1329
1696460 1336
1696470 1342
1696480 1342
1696490 1348
1696500 1353
1696510 1353
1696520 1357
1696530 1360
1696540 1360
1696550 1362
1696560 1364
1696570 1364
1696580 1366
1696590 1367
1696600 1367
1696610 1368
1696620 1369
1696630 1369
1696640 1369
1696650 1370
1696660 1370
1696670 1370
1696680 1370
1696690 1370
1696700 1370
1696710 1370
1696720 1370
1696730 1370
1696740 1368
1696750 1366
1696760 1366
1696770 1364
1696780 1361
1696790 1361
1696800 1358
1696810 1354
1696820 1354
1696830 1348
1696840 1342
1696850 1342
1696860 1340
1696870 1331
1696880 1331
1696890 1325
1696900 1320
1696910 1320
1696920 1315
1696930 1313
1696940 1313
1696950 1307
1696960 1302
1696970 1302
1696980 1299
1696990 1296
1697000 1296
1697010 1294
1697020 1290
1697030 1290
1697040 1291
1697050 1286
1697060 1286
1697070 1281
1697080 1279
1697090 1279
1697100 1272
1697110 1264
1697120 1264
1697130 1256
1697140 1249
1697150 1249
1697160 1249
1697170 1252
1697180 1256
1697190 1256
1697200 1260
1697210 1261
1697220 1261
1697230 1262
1697240 1262
1697250 1262
1697260 1261
1697270 1267
1697280 1267
1697290 1273
1697300 1278
1697310 1278
1697320 1282
1697330 1285
1697340 1285
1697350 1291
1697360 1289
1697370 1289
1697380 1291
1697390 1296
1697400 1296
1697410 1301
1697420 1306
1697430 1306
1697440 1312
1697450 1315
1697460 1315
1697470 1318
1697480 1317
1697490 1317
1697500 1316
1697510 1315
1697520 1315
1697530 1314
1697540 1313
1697550 1313
1697560 1312
1697570 1311
1697580 1311
1697590 1309
1697600 1307
1697610 1307
1697620 1304
1697630 1301
1697640 1297
1697650 1297
1697660 1293
1697670 1289
1697680 1289
1697690 1286
1697700 1284
1697710 1284
1697720 1281
1697730 1278
1697740 1278
1697750 1279
1697760 1284
1697770 1284
1697780 1289
1697790 1293
1697800 1293
1697810 1297
1697820 1301
1697830 1301
1697840 1306
1697850 1311
1697860 1311
1697870 1316
1697880 1320
1697890 1320
1697900 1324
1697910 1325
1697920 1325
1697930 1324
1697940 1321
1697950 1321
1697960 1317
1697970 1318
1697980 1318
1697990 1316
1698000 1316
1698010 1316
1698020 1316
1698030 1313
1698040 1313
1698050 1313
1698060 1319
1698070 1319
1698080 1325
1698090 1329
1698100 1332
1698110 1332
1698120 1335
1698130 1337
1698140 1337
1698150 1335
1698160 1331
1698170 1331
1698180 1325
1698190 1320
1698200 1320
1698210 1316
1698220 1312
1698230 1312
1698240 1307
1698250 1301
1698260 1301
1698270 1303
1698280 1299
1698290 1299
1698300 1301
1698310 1303
1698320 1303
1698330 1300
1698340 1300
1698350 1300
1698360 1297
1698370 1297
1698380 1297
1698390 1307
1698400 1316
1698410 1316
1698420 1324
1698430 1331
1698440 1331
1698450 1337
1698460 1343
1698470 1343
1698480 1348
1698490 1351
1698500 1351
1698510 1351
1698520 1354
1698530 1354
1698540 1357
1698550 1361
1698560 1370
1698570 1370
1698580 1378
1698590 1384
1698600 1384
1698610 1386
1698620 1390
1698630 1390
1698640 1398
1698650 1402
1698660 1402
1698670 1409
1698680 1414
1698690 1414
1698700 1419
1698710 1425
1698720 1425
1698730 1430
1698740 1434
1698750 1434
1698760 1439
1698770 1444
1698780 1444
1698790 1449
1698800 1453
1698810 1453
1698820 1458
1698830 1461
1698840 1461
1698850 1463
1698860 1464
1698870 1464
1698880 1463
1698890 1462
1698900 1462
1698910 1461
1698920 1459
1698930 1459
1698940 1457
1698950 1454
1698960 1454
1698970 1450
1698980 1447
1698990 1442
1699000 1442
1699010 1436
1699020 1431
1699030 1431
1699040 1427
1699050 1423
1699060 1423
1699070 1419
1699080 1416
1699090 1416
1699100 1415
1699110 1413
1699120 1413
1699130 1412
1699140 1412
1699150 1412
1699160 1414
1699170 1415
1699180 1415
1699190 1416
1699200 1417
1699210 1417
1699220 1418
1699230 1419
1699240 1419
1699250 1420
1699260 1421
1699270 1421
1699280 1421
1699290 1422
1699300 1422
1699310 1423
1699320 1425
1699330 1425
1699340 1427
1699350 1428
1699360 1428
1699370 1429
1699380 1431
1699390 1431
1699400 1434
1699410 1435
1699420 1435
1699430 1437
1699440 1438
1699450 1439
1699460 1439
1699470 1439
1699480 1440
1699490 1440
1699500 1440
1699510 1440
1699520 1440
1699530 1439
1699540 1438
1699550 1438
1699560 1436
1699570 1434
1699580 1434
1699590 1431
1699600 1429
1699610 1429
1699620 1427
1699630 1424
1699640 1424
1699650 1421
1699660 1417
1699670 1417
1699680 1415
1699690 1412
1699700 1412
1699710 1409
1699720 1406
1699730 1406
1699740 1402
1699750 1397
1699760 1397
1699770 1392
1699780 1393
1699790 1393
1699800 1397
1699810 1401
1699820 1401
1699830 1405
1699840 1408
1699850 1408
1699860 1411
1699870 1414
1699880 1414
1699890 1416
1699900 1419
1699910 1422
1699920 1422
1699930 1425
1699940 1428
1699950 1428
1699960 1430
1699970 1433
1699980 1433
1699990 1436
