1680000 1620
1680010 1623
1680020 1626
1680030 1626
1680040 1628
1680050 1630
1680060 1630
1680070 1633
1680080 1635
1680090 1635
1680100 1637
1680110 1641
1680120 1641
1680130 1645
1680140 1649
1680150 1649
1680160 1653
1680170 1656
1680180 1660
1680190 1660
1680200 1664
1680210 1667
1680220 1667
1680230 1670
1680240 1673
1680250 1673
1680260 1675
1680270 1678
1680280 1678
1680290 1681
1680300 1683
1680310 1683
1680320 1685
1680330 1687
1680340 1687
1680350 1689
1680360 1691
1680370 1691
1680380 1693
1680390 1695
1680400 1695
1680410 1696
1680420 1697
1680430 1697
1680440 1697
1680450 1697
1680460 1697
1680470 1696
1680480 1694
1680490 1694
1680500 1693
1680510 1690
1680520 1690
1680530 1688
1680540 1685
1680550 1685
1680560 1682
1680570 1679
1680580 1679
1680590 1675
1680600 1672
1680610 1672
1680620 1669
1680630 1666
1680640 1663
1680650 1663
1680660 1660
1680670 1658
1680680 1658
1680690 1654
1680700 1650
1680710 1650
1680720 1647
1680730 1644
1680740 1644
1680750 1640
1680760 1636
1680770 1636
1680780 1633
1680790 1630
1680800 1630
1680810 1625
1680820 1621
1680830 1621
1680840 1617
1680850 1612
1680860 1612
1680870 1607
1680880 1604
1680890 1604
1680900 1599
1680910 1598
1680920 1598
1680930 1596
1680940 1592
1680950 1592
1680960 1591
1680970 1589
1680980 1589
1680990 1588
1681000 1586
1681010 1586
1681020 1581
1681030 1578
1681040 1578
1681050 1575
1681060 1569
1681070 1569
1681080 1565
1681090 1566
1681100 1568
1681110 1568
1681120 1565
1681130 1565
1681140 1565
1681150 1563
1681160 1561
1681170 1561
1681180 1559
1681190 1559
1681200 1559
1681210 1558
1681220 1553
1681230 1553
1681240 1549
1681250 1543
1681260 1543
1681270 1541
1681280 1541
1681290 1541
1681300 1543
1681310 1543
1681320 1543
1681330 1543
1681340 1538
1681350 1538
1681360 1534
1681370 1530
1681380 1530
1681390 1527
1681400 1523
1681410 1523
1681420 1521
1681430 1521
1681440 1521
1681450 1523
1681460 1520
1681470 1520
1681480 1517
1681490 1517
1681500 1517
1681510 1516
1681520 1518
1681530 1518
1681540 1517
1681550 1513
1681560 1507
1681570 1507
1681580 1501
1681590 1498
1681600 1498
1681610 1495
1681620 1494
1681630 1494
1681640 1496
1681650 1496
1681660 1496
1681670 1493
1681680 1486
1681690 1486
1681700 1482
1681710 1475
1681720 1475
1681730 1470
1681740 1468
1681750 1468
1681760 1468
1681770 1468
1681780 1468
1681790 1468
1681800 1468
1681810 1468
1681820 1466
1681830 1462
1681840 1462
1681850 1456
1681860 1452
1681870 1452
1681880 1451
1681890 1447
1681900 1447
1681910 1443
1681920 1435
1681930 1435
1681940 1430
1681950 1427
1681960 1427
1681970 1429
1681980 1430
1681990 1430
1682000 1429
1682010 1431
1682020 1433
1682030 1433
1682040 1434
1682050 1434
1682060 1434
1682070 1432
1682080 1429
1682090 1429
1682100 1426
1682110 1423
1682120 1423
1682130 1419
1682140 1415
1682150 1415
1682160 1411
1682170 1408
1682180 1408
1682190 1403
1682200 1398
1682210 1398
1682220 1394
1682230 1391
1682240 1391
1682250 1383
1682260 1376
1682270 1376
1682280 1371
1682290 1371
1682300 1371
1682310 1366
1682320 1367
1682330 1367
1682340 1367
1682350 1365
1682360 1365
1682370 1362
1682380 1359
1682390 1359
1682400 1356
1682410 1352
1682420 1352
1682430 1349
1682440 1347
1682450 1347
1682460 1344
1682470 1342
1682480 1341
1682490 1341
1682500 1339
1682510 1338
1682520 1338
1682530 1335
1682540 1333
1682550 1333
1682560 1331
1682570 1327
1682580 1327
1682590 1324
1682600 1321
1682610 1321
1682620 1317
1682630 1313
1682640 1313
1682650 1313
1682660 1311
1682670 1311
1682680 1309
1682690 1305
1682700 1305
1682710 1303
1682720 1300
1682730 1300
1682740 1296
1682750 1293
1682760 1293
1682770 1289
1682780 1286
1682790 1286
1682800 1281
1682810 1277
1682820 1277
1682830 1272
1682840 1270
1682850 1270
1682860 1267
1682870 1262
1682880 1262
1682890 1259
1682900 1256
1682910 1256
1682920 1252
1682930 1246
1682940 1245
1682950 1245
1682960 1242
1682970 1238
1682980 1238
1682990 1239
1683000 1238
1683010 1238
1683020 1235
1683030 1232
1683040 1232
1683050 1229
1683060 1225
1683070 1225
1683080 1222
1683090 1221
1683100 1221
1683110 1218
1683120 1214
1683130 1214
1683140 1212
1683150 1210
1683160 1210
1683170 1208
1683180 1206
1683190 1206
1683200 1203
1683210 1198
1683220 1198
1683230 1196
1683240 1195
1683250 1195
1683260 1197
1683270 1195
1683280 1195
1683290 1193
1683300 1190
1683310 1190
1683320 1189
1683330 1186
1683340 1186
1683350 1184
1683360 1181
1683370 1181
1683380 1179
1683390 1176
1683400 1174
1683410 1174
1683420 1171
1683430 1167
1683440 1167
1683450 1167
1683460 1166
1683470 1166
1683480 1163
1683490 1162
1683500 1162
1683510 1160
1683520 1157
1683530 1157
1683540 1152
1683550 1146
1683560 1146
1683570 1141
1683580 1136
1683590 1136
1683600 1134
1683610 1136
1683620 1136
1683630 1137
1683640 1137
1683650 1137
1683660 1137
1683670 1135
1683680 1135
1683690 1130
1683700 1126
1683710 1126
1683720 1120
1683730 1120
1683740 1120
1683750 1119
1683760 1117
1683770 1117
1683780 1113
1683790 1117
1683800 1117
1683810 1112
1683820 1115
1683830 1115
1683840 1109
1683850 1109
1683860 1108
1683870 1108
1683880 1105
1683890 1098
1683900 1098
1683910 1093
1683920 1098
1683930 1098
1683940 1106
1683950 1111
1683960 1111
1683970 1111
1683980 1113
1683990 1113
1684000 1113
1684010 1108
1684020 1108
1684030 1097
1684040 1091
1684050 1091
1684060 1087
1684070 1085
1684080 1085
1684090 1084
1684100 1088
1684110 1088
1684120 1092
1684130 1093
1684140 1093
1684150 1094
1684160 1096
1684170 1096
1684180 1098
1684190 1102
1684200 1102
1684210 1105
1684220 1110
1684230 1110
1684240 1114
1684250 1113
1684260 1113
1684270 1109
1684280 1109
1684290 1109
1684300 1111
1684310 1111
1684320 1110
1684330 1110
1684340 1110
1684350 1112
1684360 1112
1684370 1114
1684380 1116
1684390 1116
1684400 1118
1684410 1121
1684420 1121
1684430 1122
1684440 1123
1684450 1123
1684460 1124
1684470 1128
1684480 1128
1684490 1132
1684500 1137
1684510 1137
1684520 1142
1684530 1147
1684540 1147
1684550 1152
1684560 1158
1684570 1158
1684580 1165
1684590 1172
1684600 1172
1684610 1177
1684620 1182
1684630 1182
1684640 1187
1684650 1191
1684660 1191
1684670 1194
1684680 1198
1684690 1198
1684700 1201
1684710 1204
1684720 1204
1684730 1210
1684740 1216
1684750 1213
1684760 1218
1684770 1224
1684780 1229
1684790 1229
1684800 1233
1684810 1237
1684820 1237
1684830 1241
1684840 1245
1684850 1245
1684860 1248
1684870 1251
1684880 1251
1684890 1256
1684900 1259
1684910 1259
1684920 1263
1684930 1268
1684940 1268
1684950 1274
1684960 1289
1684970 1289
1684980 1300
1684990 1310
1685000 1310
1685010 1319
1685020 1326
1685030 1326
1685040 1340
1685050 1347
1685060 1347
1685070 1356
1685080 1361
1685090 1361
1685100 1368
1685110 1374
1685120 1374
1685130 1379
1685140 1386
1685150 1386
1685160 1393
1685170 1399
1685180 1399
1685190 1405
1685200 1411
1685210 1411
1685220 1416
1685230 1422
1685240 1427
1685250 1427
1685260 1431
1685270 1432
1685280 1432
1685290 1431
1685300 1428
1685310 1428
1685320 1424
1685330 1419
1685340 1419
1685350 1416
1685360 1413
1685370 1413
1685380 1407
1685390 1402
1685400 1402
1685410 1398
1685420 1393
1685430 1393
1685440 1387
1685450 1382
1685460 1382
1685470 1376
1685480 1369
1685490 1369
1685500 1363
1685510 1357
1685520 1357
1685530 1351
1685540 1346
1685550 1346
1685560 1340
1685570 1334
1685580 1334
1685590 1329
1685600 1323
1685610 1323
1685620 1317
1685630 1312
1685640 1312
1685650 1306
1685660 1302
1685670 1302
1685680 1295
1685690 1290
1685700 1282
1685710 1282
1685720 1278
1685730 1271
1685740 1271
1685750 1266
1685760 1261
1685770 1261
1685780 1257
1685790 1253
1685800 1253
1685810 1248
1685820 1243
1685830 1243
1685840 1237
1685850 1230
1685860 1230
1685870 1226
1685880 1223
1685890 1223
1685900 1217
1685910 1215
1685920 1215
1685930 1210
1685940 1208
1685950 1208
1685960 1206
1685970 1203
1685980 1203
1685990 1201
1686000 1199
1686010 1199
1686020 1198
1686030 1196
1686040 1196
1686050 1194
1686060 1192
1686070 1192
1686080 1190
1686090 1188
1686100 1188
1686110 1186
1686120 1185
1686130 1185
1686140 1181
1686150 1178
1686160 1175
1686170 1175
1686180 1172
1686190 1170
1686200 1170
1686210 1168
1686220 1165
1686230 1165
1686240 1162
1686250 1160
1686260 1160
1686270 1157
1686280 1156
1686290 1156
1686300 1153
1686310 1151
1686320 1151
1686330 1147
1686340 1145
1686350 1145
1686360 1142
1686370 1139
1686380 1139
1686390 1136
1686400 1134
1686410 1134
1686420 1133
1686430 1133
1686440 1133
1686450 1130
1686460 1129
1686470 1129
1686480 1129
1686490 1128
1686500 1128
1686510 1126
1686520 1124
1686530 1124
1686540 1123
1686550 1122
1686560 1122
1686570 1121
1686580 1119
1686590 1119
1686600 1118
1686610 1116
1686620 1115
1686630 1115
1686640 1113
1686650 1111
1686660 1111
1686670 1108
1686680 1105
1686690 1105
1686700 1102
1686710 1100
1686720 1100
1686730 1096
1686740 1093
1686750 1093
1686760 1090
1686770 1086
1686780 1086
1686790 1082
1686800 1078
1686810 1078
1686820 1074
1686830 1070
1686840 1070
1686850 1066
1686860 1064
1686870 1064
1686880 1059
1686890 1056
1686900 1056
1686910 1051
1686920 1046
1686930 1046
1686940 1041
1686950 1036
1686960 1036
1686970 1031
1686980 1025
1686990 1025
1687000 1021
1687010 1014
1687020 1014
1687030 1008
1687040 1001
1687050 991
1687060 991
1687070 986
1687080 980
1687090 980
1687100 973
1687110 964
1687120 964
1687130 953
1687140 946
1687150 946
1687160 933
1687170 928
1687180 928
1687190 923
1687200 920
1687210 920
1687220 916
1687230 912
1687240 912
1687250 909
1687260 908
1687270 908
1687280 909
1687290 904
1687300 904
1687310 897
1687320 887
1687330 887
1687340 880
1687350 875
1687360 875
1687370 870
1687380 864
1687390 864
1687400 858
1687410 853
1687420 853
1687430 849
1687440 843
1687450 843
1687460 837
1687470 831
1687480 831
1687490 825
1687500 821
1687510 817
1687520 817
1687530 815
1687540 813
1687550 813
1687560 813
1687570 813
1687580 813
1687590 809
1687600 806
1687610 806
1687620 803
1687630 800
1687640 800
1687650 798
1687660 797
1687670 797
1687680 796
1687690 795
1687700 795
1687710 796
1687720 795
1687730 795
1687740 794
1687750 796
1687760 796
1687770 798
1687780 799
1687790 799
1687800 801
1687810 804
1687820 804
1687830 807
1687840 812
1687850 812
1687860 816
1687870 819
1687880 819
1687890 823
1687900 828
1687910 828
1687920 833
1687930 858
1687940 858
1687950 856
1687960 863
1687970 856
1687980 856
1687990 867
1688000 865
1688010 865
1688020 864
1688030 853
1688040 853
1688050 845
1688060 842
1688070 842
1688080 839
1688090 839
1688100 839
1688110 838
1688120 834
1688130 834
1688140 831
1688150 829
1688160 829
1688170 830
1688180 836
1688190 836
1688200 846
1688210 845
1688220 845
1688230 839
1688240 824
1688250 824
1688260 823
1688270 821
1688280 821
1688290 819
1688300 813
1688310 813
1688320 803
1688330 795
1688340 795
1688350 789
1688360 781
1688370 781
1688380 768
1688390 758
1688400 758
1688410 749
1688420 746
1688430 753
1688440 753
1688450 770
1688460 782
1688470 782
1688480 794
1688490 803
1688500 803
1688510 810
1688520 817
1688530 817
1688540 823
1688550 829
1688560 829
1688570 835
1688580 840
1688590 840
1688600 846
1688610 852
1688620 852
1688630 858
1688640 864
1688650 864
1688660 868
1688670 872
1688680 872
1688690 877
1688700 883
1688710 883
1688720 889
1688730 895
1688740 895
1688750 901
1688760 907
1688770 907
1688780 913
1688790 919
1688800 919
1688810 925
1688820 931
1688830 931
1688840 937
1688850 944
1688860 944
1688870 950
1688880 957
1688890 963
1688900 963
1688910 970
1688920 978
1688930 978
1688940 985
1688950 993
1688960 993
1688970 1000
1688980 1008
1688990 1008
1689000 1015
1689010 1017
1689020 1017
1689030 1018
1689040 1019
1689050 1019
1689060 1020
1689070 1024
1689080 1024
1689090 1028
1689100 1034
1689110 1034
1689120 1040
1689130 1048
1689140 1048
1689150 1055
1689160 1062
1689170 1062
1689180 1068
1689190 1071
1689200 1071
1689210 1072
1689220 1074
1689230 1074
1689240 1078
1689250 1082
1689260 1082
1689270 1087
1689280 1092
1689290 1092
1689300 1095
1689310 1102
1689320 1102
1689330 1107
1689340 1111
1689350 1115
1689360 1115
1689370 1120
1689380 1124
1689390 1124
1689400 1128
1689410 1131
1689420 1131
1689430 1135
1689440 1138
1689450 1138
1689460 1140
1689470 1142
1689480 1142
1689490 1144
1689500 1147
1689510 1147
1689520 1149
1689530 1150
1689540 1150
1689550 1152
1689560 1154
1689570 1154
1689580 1156
1689590 1159
1689600 1159
1689610 1160
1689620 1161
1689630 1161
1689640 1162
1689650 1163
1689660 1163
1689670 1164
1689680 1165
1689690 1165
1689700 1166
1689710 1167
1689720 1167
1689730 1169
1689740 1171
1689750 1171
1689760 1173
1689770 1175
1689780 1175
1689790 1178
1689800 1177
1689810 1176
1689820 1176
1689830 1177
1689840 1179
1689850 1179
1689860 1181
1689870 1181
1689880 1181
1689890 1183
1689900 1183
1689910 1183
1689920 1183
1689930 1184
1689940 1184
1689950 1186
1689960 1188
1689970 1188
1689980 1189
1689990 1190
1690000 1190
1690010 1192
1690020 1194
1690030 1194
1690040 1196
1690050 1198
1690060 1198
1690070 1200
1690080 1202
1690090 1202
1690100 1203
1690110 1205
1690120 1205
1690130 1208
1690140 1210
1690150 1210
1690160 1210
1690170 1212
1690180 1212
1690190 1216
1690200 1221
1690210 1221
1690220 1223
1690230 1216
1690240 1216
1690250 1219
1690260 1228
1690270 1232
1690280 1232
1690290 1233
1690300 1239
1690310 1239
1690320 1249
1690330 1248
1690340 1248
1690350 1231
1690360 1230
1690370 1230
1690380 1237
1690390 1245
1690400 1245
1690410 1252
1690420 1253
1690430 1253
1690440 1254
1690450 1254
1690460 1254
1690470 1253
1690480 1252
1690490 1252
1690500 1252
1690510 1249
1690520 1249
1690530 1246
1690540 1242
1690550 1242
1690560 1239
1690570 1234
1690580 1234
1690590 1229
1690600 1223
1690610 1223
1690620 1219
1690630 1215
1690640 1215
1690650 1209
1690660 1207
1690670 1207
1690680 1194
1690690 1191
1690700 1191
1690710 1185
1690720 1172
1690730 1166
1690740 1166
1690750 1162
1690760 1160
1690770 1160
1690780 1157
1690790 1152
1690800 1152
1690810 1150
1690820 1149
1690830 1149
1690840 1146
1690850 1146
1690860 1146
1690870 1140
1690880 1138
1690890 1138
1690900 1137
1690910 1125
1690920 1125
1690930 1122
1690940 1118
1690950 1118
1690960 1107
1690970 1103
1690980 1103
1690990 1097
1691000 1091
1691010 1091
1691020 1087
1691030 1082
1691040 1082
1691050 1077
1691060 1073
1691070 1073
1691080 1069
1691090 1065
1691100 1065
1691110 1059
1691120 1055
1691130 1055
1691140 1051
1691150 1047
1691160 1047
1691170 1038
1691180 1034
1691190 1031
1691200 1031
1691210 1031
1691220 1032
1691230 1032
1691240 1030
1691250 1029
1691260 1029
1691270 1028
1691280 1026
1691290 1026
1691300 1023
1691310 1021
1691320 1021
1691330 1019
1691340 1016
1691350 1016
1691360 1013
1691370 1011
1691380 1011
1691390 1009
1691400 1007
1691410 1007
1691420 1004
1691430 1001
1691440 1001
1691450 997
1691460 994
1691470 994
1691480 991
1691490 988
1691500 988
1691510 985
1691520 982
1691530 982
1691540 979
1691550 977
1691560 977
1691570 975
1691580 974
1691590 974
1691600 972
1691610 971
1691620 971
1691630 969
1691640 966
1691650 964
1691660 964
1691670 960
1691680 956
1691690 962
1691700 958
1691710 953
1691720 953
1691730 950
1691740 948
1691750 948
1691760 944
1691770 942
1691780 942
1691790 941
1691800 938
1691810 938
1691820 932
1691830 932
1691840 932
1691850 920
1691860 915
1691870 915
1691880 910
1691890 905
1691900 905
1691910 902
1691920 900
1691930 900
1691940 897
1691950 893
1691960 893
1691970 890
1691980 886
1691990 886
1692000 884
1692010 882
1692020 882
1692030 880
1692040 877
1692050 877
1692060 875
1692070 874
1692080 874
1692090 872
1692100 871
1692110 871
1692120 871
1692130 871
1692140 872
1692150 872
1692160 873
1692170 873
1692180 873
1692190 873
1692200 873
1692210 873
1692220 874
1692230 878
1692240 878
1692250 879
1692260 881
1692270 881
1692280 882
1692290 884
1692300 884
1692310 885
1692320 884
1692330 884
1692340 883
1692350 880
1692360 880
1692370 876
1692380 873
1692390 873
1692400 873
1692410 875
1692420 875
1692430 877
1692440 878
1692450 878
1692460 877
1692470 875
1692480 875
1692490 874
1692500 873
1692510 873
1692520 874
1692530 874
1692540 874
1692550 873
1692560 870
1692570 866
1692580 866
1692590 861
1692600 856
1692610 856
1692620 853
1692630 848
1692640 848
1692650 842
1692660 837
1692670 837
1692680 834
1692690 833
1692700 833
1692710 832
1692720 830
1692730 830
1692740 828
1692750 825
1692760 825
1692770 823
1692780 820
1692790 820
1692800 817
1692810 814
1692820 814
1692830 809
1692840 808
1692850 808
1692860 810
1692870 810
1692880 810
1692890 811
1692900 811
1692910 811
1692920 810
1692930 809
1692940 809
1692950 807
1692960 804
1692970 804
1692980 803
1692990 800
1693000 800
1693010 794
1693020 789
1693030 789
1693040 789
1693050 788
1693060 787
1693070 787
1693080 787
1693090 786
1693100 786
1693110 789
1693120 791
1693130 791
1693140 788
1693150 783
1693160 783
1693170 782
1693180 776
1693190 776
1693200 770
1693210 765
1693220 765
1693230 761
1693240 760
1693250 760
1693260 756
1693270 753
1693280 753
1693290 750
1693300 746
1693310 746
1693320 739
1693330 733
1693340 733
1693350 728
1693360 724
1693370 724
1693380 721
1693390 719
1693400 719
1693410 718
1693420 717
1693430 717
1693440 718
1693450 717
1693460 717
1693470 716
1693480 715
1693490 714
1693500 714
1693510 714
1693520 713
1693530 713
1693540 713
1693550 713
1693560 713
1693570 713
1693580 713
1693590 713
1693600 713
1693610 713
1693620 713
1693630 712
1693640 712
1693650 712
1693660 712
1693670 713
1693680 713
1693690 712
1693700 712
1693710 712
1693720 712
1693730 712
1693740 712
1693750 712
1693760 711
1693770 711
1693780 711
1693790 711
1693800 711
1693810 712
1693820 712
1693830 712
1693840 712
1693850 712
1693860 712
1693870 713
1693880 714
1693890 714
1693900 714
1693910 714
1693920 714
1693930 714
1693940 714
1693950 713
1693960 713
1693970 713
1693980 713
1693990 713
1694000 712
1694010 712
1694020 712
1694030 712
1694040 712
1694050 712
1694060 712
1694070 712
1694080 712
1694090 713
1694100 713
1694110 713
1694120 713
1694130 714
1694140 714
1694150 714
1694160 715
1694170 715
1694180 716
1694190 717
1694200 717
1694210 718
1694220 719
1694230 719
1694240 719
1694250 720
1694260 720
1694270 720
1694280 721
1694290 721
1694300 722
1694310 723
1694320 723
1694330 723
1694340 723
1694350 723
1694360 722
1694370 721
1694380 721
1694390 718
1694400 715
1694410 712
1694420 712
1694430 709
1694440 709
1694450 709
1694460 708
1694470 708
1694480 708
1694490 707
1694500 701
1694510 701
1694520 699
1694530 700
1694540 700
1694550 700
1694560 702
1694570 702
1694580 702
1694590 702
1694600 702
1694610 702
1694620 702
1694630 702
1694640 702
1694650 702
1694660 702
1694670 702
1694680 702
1694690 702
1694700 702
1694710 702
1694720 702
1694730 703
1694740 703
1694750 703
1694760 703
1694770 704
1694780 704
1694790 704
1694800 704
1694810 704
1694820 704
1694830 703
1694840 703
1694850 704
1694860 704
1694870 704
1694880 704
1694890 704
1694900 703
1694910 703
1694920 705
1694930 707
1694940 707
1694950 710
1694960 710
1694970 710
1694980 712
1694990 714
1695000 714
1695010 715
1695020 717
1695030 717
1695040 719
1695050 722
1695060 722
1695070 725
1695080 729
1695090 729
1695100 733
1695110 738
1695120 738
1695130 742
1695140 745
1695150 745
1695160 749
1695170 752
1695180 752
1695190 756
1695200 761
1695210 761
1695220 765
1695230 768
1695240 768
1695250 772
1695260 777
1695270 777
1695280 782
1695290 788
1695300 788
1695310 794
1695320 801
1695330 812
1695340 812
1695350 818
1695360 825
1695370 825
1695380 833
1695390 846
1695400 846
1695410 867
1695420 887
1695430 887
1695440 895
1695450 893
1695460 893
1695470 887
1695480 879
1695490 879
1695500 871
1695510 863
1695520 863
1695530 837
1695540 815
1695550 815
1695560 807
1695570 801
1695580 801
1695590 793
1695600 782
1695610 782
1695620 765
1695630 758
1695640 758
1695650 750
1695660 742
1695670 742
1695680 733
1695690 730
1695700 730
1695710 732
1695720 732
1695730 732
1695740 735
1695750 745
1695760 745
1695770 758
1695780 781
1695790 802
1695800 802
1695810 816
1695820 841
1695830 841
1695840 845
1695850 850
1695860 850
1695870 855
1695880 869
1695890 869
1695900 876
1695910 875
1695920 875
1695930 873
1695940 867
1695950 867
1695960 863
1695970 860
1695980 860
1695990 857
1696000 852
1696010 852
1696020 846
1696030 840
1696040 840
1696050 835
1696060 829
1696070 829
1696080 829
1696090 832
1696100 832
1696110 834
1696120 835
1696130 835
1696140 835
1696150 833
1696160 833
1696170 830
1696180 832
1696190 832
1696200 835
1696210 838
1696220 838
1696230 838
1696240 843
1696250 846
1696260 846
1696270 849
1696280 850
1696290 850
1696300 853
1696310 856
1696320 856
1696330 860
1696340 863
1696350 863
1696360 865
1696370 864
1696380 864
1696390 864
1696400 865
1696410 865
1696420 866
1696430 869
1696440 869
1696450 872
1696460 874
1696470 874
1696480 877
1696490 880
1696500 880
1696510 883
1696520 884
1696530 884
1696540 887
1696550 890
1696560 890
1696570 895
1696580 899
1696590 899
1696600 904
1696610 908
1696620 908
1696630 913
1696640 920
1696650 920
1696660 925
1696670 925
1696680 925
1696690 926
1696700 930
1696710 935
1696720 935
1696730 940
1696740 944
1696750 944
1696760 948
1696770 957
1696780 957
1696790 967
1696800 980
1696810 980
1696820 987
1696830 987
1696840 987
1696850 991
1696860 994
1696870 994
1696880 994
1696890 999
1696900 999
1696910 1005
1696920 1014
1696930 1014
1696940 1021
1696950 1026
1696960 1026
1696970 1027
1696980 1016
1696990 1016
1697000 1018
1697010 1018
1697020 1018
1697030 1015
1697040 1014
1697050 1014
1697060 1018
1697070 1017
1697080 1017
1697090 1020
1697100 1024
1697110 1024
1697120 1030
1697130 1035
1697140 1035
1697150 1047
1697160 1059
1697170 1056
1697180 1056
1697190 1049
1697200 1044
1697210 1044
1697220 1039
1697230 1036
1697240 1036
1697250 1032
1697260 1027
1697270 1027
1697280 1020
1697290 1010
1697300 1010
1697310 1002
1697320 992
1697330 992
1697340 982
1697350 974
1697360 974
1697370 962
1697380 954
1697390 954
1697400 945
1697410 939
1697420 939
1697430 934
1697440 931
1697450 931
1697460 928
1697470 924
1697480 924
1697490 921
1697500 919
1697510 919
1697520 915
1697530 909
1697540 909
1697550 907
1697560 904
1697570 904
1697580 900
1697590 895
1697600 895
1697610 896
1697620 892
1697630 889
1697640 889
1697650 887
1697660 885
1697670 885
1697680 882
1697690 881
1697700 881
1697710 881
1697720 880
1697730 880
1697740 880
1697750 879
1697760 879
1697770 878
1697780 877
1697790 877
1697800 875
1697810 871
1697820 871
1697830 865
1697840 858
1697850 858
1697860 851
1697870 844
1697880 844
1697890 837
1697900 831
1697910 831
1697920 825
1697930 818
1697940 818
1697950 811
1697960 804
1697970 804
1697980 803
1697990 803
1698000 803
1698010 802
1698020 801
1698030 801
1698040 804
1698050 806
1698060 806
1698070 809
1698080 812
1698090 814
1698100 814
1698110 817
1698120 823
1698130 823
1698140 829
1698150 834
1698160 834
1698170 839
1698180 843
1698190 843
1698200 847
1698210 850
1698220 850
1698230 853
1698240 855
1698250 855
1698260 857
1698270 857
1698280 857
1698290 859
1698300 860
1698310 860
1698320 863
1698330 867
1698340 867
1698350 871
1698360 876
1698370 876
1698380 881
1698390 884
1698400 884
1698410 886
1698420 886
1698430 886
1698440 884
1698450 881
1698460 881
1698470 879
1698480 888
1698490 888
1698500 896
1698510 902
1698520 902
1698530 904
1698540 908
1698550 910
1698560 910
1698570 916
1698580 924
1698590 924
1698600 931
1698610 936
1698620 936
1698630 943
1698640 952
1698650 952
1698660 960
1698670 967
1698680 967
1698690 973
1698700 980
1698710 980
1698720 985
1698730 990
1698740 990
1698750 992
1698760 990
1698770 990
1698780 988
1698790 984
1698800 984
1698810 982
1698820 980
1698830 980
1698840 978
1698850 975
1698860 975
1698870 977
1698880 980
1698890 980
1698900 983
1698910 986
1698920 986
1698930 989
1698940 991
1698950 991
1698960 994
1698970 995
1698980 995
1698990 993
1699000 987
1699010 984
1699020 984
1699030 979
1699040 975
1699050 975
1699060 970
1699070 965
1699080 965
1699090 957
1699100 949
1699110 949
1699120 950
1699130 956
1699140 956
1699150 958
1699160 960
1699170 960
1699180 962
1699190 967
1699200 967
1699210 968
1699220 971
1699230 971
1699240 983
1699250 988
1699260 988
1699270 994
1699280 991
1699290 991
1699300 993
1699310 997
1699320 997
1699330 998
1699340 996
1699350 996
1699360 1009
1699370 1014
1699380 1014
1699390 1015
1699400 1015
1699410 1015
1699420 1015
1699430 1042
1699440 1042
1699450 1048
1699460 1056
1699470 1060
1699480 1060
1699490 1055
1699500 1044
1699510 1044
1699520 1044
1699530 1050
1699540 1050
1699550 1054
1699560 1055
1699570 1055
1699580 1066
1699590 1071
1699600 1071
1699610 1075
1699620 1076
1699630 1076
1699640 1063
1699650 1053
1699660 1053
1699670 1048
1699680 1044
1699690 1044
1699700 1028
1699710 1005
1699720 1005
1699730 1017
1699740 1023
1699750 1023
1699760 1029
1699770 1035
1699780 1035
1699790 1038
1699800 1042
1699810 1042
1699820 1019
1699830 1010
1699840 1010
1699850 1018
1699860 1036
1699870 1036
1699880 1039
1699890 1035
1699900 1035
1699910 1059
1699920 1083
1699930 1108
1699940 1108
1699950 1116
1699960 1120
1699970 1120
1699980 1125
1699990 1131
