1680000 1607
1680010 1608
1680020 1609
1680030 1609
1680040 1611
1680050 1613
1680060 1613
1680070 1614
1680080 1613
1680090 1613
1680100 1611
1680110 1609
1680120 1609
1680130 1610
1680140 1612
1680150 1612
1680160 1615
1680170 1617
1680180 1620
1680190 1620
1680200 1625
1680210 1630
1680220 1630
1680230 1633
1680240 1637
1680250 1637
1680260 1641
1680270 1645
1680280 1645
1680290 1648
1680300 1651
1680310 1651
1680320 1653
1680330 1656
1680340 1656
1680350 1659
1680360 1661
1680370 1661
1680380 1664
1680390 1666
1680400 1666
1680410 1668
1680420 1670
1680430 1670
1680440 1672
1680450 1673
1680460 1673
1680470 1673
1680480 1674
1680490 1674
1680500 1674
1680510 1673
1680520 1673
1680530 1672
1680540 1671
1680550 1671
1680560 1669
1680570 1667
1680580 1667
1680590 1665
1680600 1663
1680610 1663
1680620 1661
1680630 1659
1680640 1656
1680650 1656
1680660 1653
1680670 1651
1680680 1651
1680690 1648
1680700 1645
1680710 1645
1680720 1642
1680730 1639
1680740 1639
1680750 1636
1680760 1634
1680770 1634
1680780 1632
1680790 1629
1680800 1629
1680810 1627
1680820 1624
1680830 1624
1680840 1622
1680850 1618
1680860 1618
1680870 1612
1680880 1606
1680890 1606
1680900 1600
1680910 1597
1680920 1597
1680930 1594
1680940 1594
1680950 1594
1680960 1594
1680970 1595
1680980 1595
1680990 1596
1681000 1595
1681010 1595
1681020 1592
1681030 1590
1681040 1590
1681050 1588
1681060 1586
1681070 1586
1681080 1583
1681090 1583
1681100 1582
1681110 1582
1681120 1582
1681130 1583
1681140 1583
1681150 1583
1681160 1582
1681170 1582
1681180 1583
1681190 1583
1681200 1583
1681210 1583
1681220 1583
1681230 1583
1681240 1583
1681250 1583
1681260 1583
1681270 1583
1681280 1583
1681290 1583
1681300 1583
1681310 1583
1681320 1583
1681330 1583
1681340 1583
1681350 1583
1681360 1582
1681370 1581
1681380 1581
1681390 1579
1681400 1576
1681410 1576
1681420 1574
1681430 1573
1681440 1573
1681450 1571
1681460 1570
1681470 1570
1681480 1568
1681490 1565
1681500 1565
1681510 1559
1681520 1555
1681530 1555
1681540 1553
1681550 1550
1681560 1544
1681570 1544
1681580 1537
1681590 1532
1681600 1532
1681610 1530
1681620 1528
1681630 1528
1681640 1523
1681650 1515
1681660 1515
1681670 1506
1681680 1501
1681690 1501
1681700 1497
1681710 1494
1681720 1494
1681730 1490
1681740 1485
1681750 1485
1681760 1482
1681770 1483
1681780 1483
1681790 1482
1681800 1480
1681810 1480
1681820 1478
1681830 1474
1681840 1474
1681850 1465
1681860 1458
1681870 1458
1681880 1453
1681890 1450
1681900 1450
1681910 1451
1681920 1449
1681930 1449
1681940 1445
1681950 1444
1681960 1444
1681970 1440
1681980 1437
1681990 1437
1682000 1434
1682010 1431
1682020 1426
1682030 1426
1682040 1428
1682050 1432
1682060 1432
1682070 1437
1682080 1435
1682090 1435
1682100 1432
1682110 1429
1682120 1429
1682130 1425
1682140 1421
1682150 1421
1682160 1417
1682170 1413
1682180 1413
1682190 1410
1682200 1406
1682210 1406
1682220 1402
1682230 1397
1682240 1397
1682250 1394
1682260 1390
1682270 1390
1682280 1387
1682290 1384
1682300 1384
1682310 1378
1682320 1374
1682330 1374
1682340 1371
1682350 1368
1682360 1368
1682370 1365
1682380 1359
1682390 1359
1682400 1354
1682410 1350
1682420 1350
1682430 1347
1682440 1342
1682450 1342
1682460 1337
1682470 1334
1682480 1328
1682490 1328
1682500 1321
1682510 1316
1682520 1316
1682530 1315
1682540 1312
1682550 1312
1682560 1307
1682570 1306
1682580 1306
1682590 1304
1682600 1303
1682610 1303
1682620 1301
1682630 1299
1682640 1299
1682650 1296
1682660 1293
1682670 1293
1682680 1291
1682690 1288
1682700 1288
1682710 1285
1682720 1284
1682730 1284
1682740 1281
1682750 1277
1682760 1277
1682770 1273
1682780 1270
1682790 1270
1682800 1267
1682810 1264
1682820 1264
1682830 1262
1682840 1260
1682850 1260
1682860 1255
1682870 1252
1682880 1252
1682890 1249
1682900 1244
1682910 1244
1682920 1243
1682930 1239
1682940 1237
1682950 1237
1682960 1237
1682970 1235
1682980 1235
1682990 1233
1683000 1233
1683010 1233
1683020 1231
1683030 1229
1683040 1229
1683050 1225
1683060 1222
1683070 1222
1683080 1219
1683090 1216
1683100 1216
1683110 1212
1683120 1207
1683130 1207
1683140 1203
1683150 1201
1683160 1201
1683170 1198
1683180 1196
1683190 1196
1683200 1193
1683210 1190
1683220 1190
1683230 1186
1683240 1185
1683250 1185
1683260 1184
1683270 1183
1683280 1183
1683290 1183
1683300 1180
1683310 1180
1683320 1179
1683330 1179
1683340 1179
1683350 1177
1683360 1175
1683370 1175
1683380 1173
1683390 1172
1683400 1171
1683410 1171
1683420 1171
1683430 1169
1683440 1169
1683450 1168
1683460 1167
1683470 1167
1683480 1165
1683490 1161
1683500 1161
1683510 1158
1683520 1156
1683530 1156
1683540 1153
1683550 1150
1683560 1150
1683570 1147
1683580 1144
1683590 1144
1683600 1140
1683610 1135
1683620 1135
1683630 1137
1683640 1137
1683650 1137
1683660 1138
1683670 1137
1683680 1137
1683690 1134
1683700 1133
1683710 1133
1683720 1133
1683730 1131
1683740 1131
1683750 1128
1683760 1123
1683770 1123
1683780 1119
1683790 1118
1683800 1118
1683810 1115
1683820 1113
1683830 1113
1683840 1107
1683850 1101
1683860 1096
1683870 1096
1683880 1092
1683890 1090
1683900 1090
1683910 1087
1683920 1082
1683930 1082
1683940 1079
1683950 1077
1683960 1077
1683970 1074
1683980 1066
1683990 1066
1684000 1059
1684010 1055
1684020 1055
1684030 1055
1684040 1054
1684050 1054
1684060 1052
1684070 1050
1684080 1050
1684090 1052
1684100 1055
1684110 1055
1684120 1056
1684130 1059
1684140 1059
1684150 1061
1684160 1064
1684170 1064
1684180 1070
1684190 1072
1684200 1072
1684210 1074
1684220 1075
1684230 1075
1684240 1079
1684250 1083
1684260 1083
1684270 1085
1684280 1086
1684290 1086
1684300 1087
1684310 1087
1684320 1090
1684330 1090
1684340 1093
1684350 1094
1684360 1094
1684370 1093
1684380 1096
1684390 1096
1684400 1099
1684410 1101
1684420 1101
1684430 1107
1684440 1110
1684450 1110
1684460 1113
1684470 1116
1684480 1116
1684490 1117
1684500 1116
1684510 1116
1684520 1118
1684530 1123
1684540 1123
1684550 1129
1684560 1134
1684570 1134
1684580 1140
1684590 1144
1684600 1144
1684610 1150
1684620 1156
1684630 1156
1684640 1160
1684650 1165
1684660 1165
1684670 1171
1684680 1174
1684690 1174
1684700 1178
1684710 1183
1684720 1183
1684730 1188
1684740 1194
1684750 1194
1684760 1201
1684770 1207
1684780 1209
1684790 1209
1684800 1211
1684810 1218
1684820 1218
1684830 1225
1684840 1229
1684850 1229
1684860 1233
1684870 1238
1684880 1238
1684890 1243
1684900 1246
1684910 1246
1684920 1251
1684930 1256
1684940 1256
1684950 1258
1684960 1262
1684970 1262
1684980 1268
1684990 1274
1685000 1274
1685010 1284
1685020 1293
1685030 1293
1685040 1298
1685050 1302
1685060 1302
1685070 1319
1685080 1329
1685090 1329
1685100 1336
1685110 1343
1685120 1343
1685130 1349
1685140 1355
1685150 1355
1685160 1362
1685170 1369
1685180 1369
1685190 1375
1685200 1382
1685210 1382
1685220 1389
1685230 1395
1685240 1400
1685250 1400
1685260 1405
1685270 1406
1685280 1406
1685290 1410
1685300 1413
1685310 1413
1685320 1412
1685330 1409
1685340 1409
1685350 1405
1685360 1400
1685370 1400
1685380 1395
1685390 1389
1685400 1389
1685410 1384
1685420 1379
1685430 1379
1685440 1373
1685450 1367
1685460 1367
1685470 1363
1685480 1357
1685490 1357
1685500 1351
1685510 1345
1685520 1345
1685530 1339
1685540 1333
1685550 1333
1685560 1327
1685570 1321
1685580 1321
1685590 1313
1685600 1308
1685610 1308
1685620 1303
1685630 1296
1685640 1296
1685650 1292
1685660 1287
1685670 1287
1685680 1282
1685690 1275
1685700 1270
1685710 1270
1685720 1265
1685730 1261
1685740 1261
1685750 1255
1685760 1249
1685770 1249
1685780 1242
1685790 1237
1685800 1237
1685810 1232
1685820 1224
1685830 1224
1685840 1213
1685850 1202
1685860 1202
1685870 1197
1685880 1192
1685890 1192
1685900 1187
1685910 1170
1685920 1170
1685930 1163
1685940 1159
1685950 1159
1685960 1156
1685970 1155
1685980 1155
1685990 1155
1686000 1159
1686010 1159
1686020 1156
1686030 1155
1686040 1155
1686050 1154
1686060 1152
1686070 1152
1686080 1151
1686090 1149
1686100 1149
1686110 1147
1686120 1145
1686130 1145
1686140 1143
1686150 1142
1686160 1140
1686170 1140
1686180 1138
1686190 1136
1686200 1136
1686210 1133
1686220 1130
1686230 1130
1686240 1128
1686250 1125
1686260 1125
1686270 1123
1686280 1121
1686290 1121
1686300 1117
1686310 1114
1686320 1114
1686330 1111
1686340 1108
1686350 1108
1686360 1104
1686370 1101
1686380 1101
1686390 1098
1686400 1096
1686410 1096
1686420 1094
1686430 1093
1686440 1093
1686450 1093
1686460 1091
1686470 1091
1686480 1089
1686490 1088
1686500 1088
1686510 1087
1686520 1086
1686530 1086
1686540 1085
1686550 1083
1686560 1083
1686570 1082
1686580 1081
1686590 1081
1686600 1080
1686610 1079
1686620 1077
1686630 1077
1686640 1074
1686650 1072
1686660 1072
1686670 1071
1686680 1069
1686690 1069
1686700 1066
1686710 1063
1686720 1063
1686730 1061
1686740 1057
1686750 1057
1686760 1053
1686770 1050
1686780 1050
1686790 1047
1686800 1043
1686810 1043
1686820 1040
1686830 1036
1686840 1036
1686850 1032
1686860 1028
1686870 1028
1686880 1023
1686890 1020
1686900 1020
1686910 1016
1686920 1012
1686930 1012
1686940 1007
1686950 1003
1686960 1003
1686970 998
1686980 994
1686990 994
1687000 989
1687010 986
1687020 986
1687030 980
1687040 975
1687050 975
1687060 970
1687070 960
1687080 944
1687090 944
1687100 938
1687110 931
1687120 931
1687130 925
1687140 920
1687150 920
1687160 915
1687170 909
1687180 909
1687190 904
1687200 898
1687210 898
1687220 892
1687230 886
1687240 886
1687250 883
1687260 882
1687270 882
1687280 881
1687290 878
1687300 878
1687310 875
1687320 870
1687330 870
1687340 865
1687350 861
1687360 861
1687370 857
1687380 852
1687390 852
1687400 847
1687410 843
1687420 843
1687430 837
1687440 829
1687450 829
1687460 826
1687470 823
1687480 823
1687490 821
1687500 819
1687510 819
1687520 818
1687530 817
1687540 814
1687550 814
1687560 809
1687570 805
1687580 805
1687590 804
1687600 804
1687610 804
1687620 804
1687630 803
1687640 803
1687650 803
1687660 806
1687670 806
1687680 808
1687690 812
1687700 812
1687710 815
1687720 820
1687730 820
1687740 826
1687750 831
1687760 831
1687770 834
1687780 839
1687790 839
1687800 846
1687810 851
1687820 851
1687830 857
1687840 863
1687850 863
1687860 898
1687870 919
1687880 919
1687890 922
1687900 930
1687910 930
1687920 934
1687930 944
1687940 944
1687950 951
1687960 947
1687970 947
1687980 942
1687990 935
1688000 926
1688010 926
1688020 913
1688030 904
1688040 904
1688050 900
1688060 900
1688070 900
1688080 900
1688090 898
1688100 898
1688110 896
1688120 894
1688130 894
1688140 893
1688150 891
1688160 891
1688170 887
1688180 883
1688190 883
1688200 879
1688210 875
1688220 875
1688230 872
1688240 867
1688250 867
1688260 856
1688270 849
1688280 849
1688290 840
1688300 833
1688310 833
1688320 826
1688330 818
1688340 818
1688350 809
1688360 801
1688370 801
1688380 794
1688390 787
1688400 787
1688410 775
1688420 763
1688430 763
1688440 749
1688450 748
1688460 764
1688470 764
1688480 773
1688490 782
1688500 782
1688510 791
1688520 804
1688530 804
1688540 814
1688550 837
1688560 837
1688570 855
1688580 863
1688590 863
1688600 872
1688610 880
1688620 880
1688630 889
1688640 896
1688650 896
1688660 908
1688670 916
1688680 916
1688690 915
1688700 910
1688710 910
1688720 912
1688730 917
1688740 917
1688750 922
1688760 928
1688770 928
1688780 934
1688790 939
1688800 939
1688810 944
1688820 954
1688830 954
1688840 962
1688850 969
1688860 969
1688870 980
1688880 987
1688890 987
1688900 993
1688910 998
1688920 1005
1688930 1005
1688940 1013
1688950 1020
1688960 1020
1688970 1027
1688980 1034
1688990 1034
1689000 1042
1689010 1051
1689020 1051
1689030 1058
1689040 1063
1689050 1063
1689060 1069
1689070 1072
1689080 1072
1689090 1072
1689100 1072
1689110 1072
1689120 1072
1689130 1074
1689140 1074
1689150 1077
1689160 1079
1689170 1079
1689180 1081
1689190 1082
1689200 1082
1689210 1084
1689220 1086
1689230 1086
1689240 1087
1689250 1088
1689260 1088
1689270 1089
1689280 1091
1689290 1091
1689300 1093
1689310 1094
1689320 1094
1689330 1096
1689340 1101
1689350 1101
1689360 1101
1689370 1104
1689380 1107
1689390 1107
1689400 1109
1689410 1112
1689420 1112
1689430 1113
1689440 1113
1689450 1113
1689460 1113
1689470 1112
1689480 1112
1689490 1112
1689500 1111
1689510 1111
1689520 1110
1689530 1110
1689540 1110
1689550 1111
1689560 1110
1689570 1110
1689580 1111
1689590 1110
1689600 1110
1689610 1110
1689620 1109
1689630 1109
1689640 1109
1689650 1108
1689660 1108
1689670 1108
1689680 1109
1689690 1109
1689700 1110
1689710 1111
1689720 1111
1689730 1112
1689740 1113
1689750 1113
1689760 1114
1689770 1115
1689780 1115
1689790 1116
1689800 1116
1689810 1116
1689820 1115
1689830 1117
1689840 1117
1689850 1117
1689860 1116
1689870 1117
1689880 1117
1689890 1118
1689900 1120
1689910 1120
1689920 1120
1689930 1122
1689940 1122
1689950 1128
1689960 1131
1689970 1131
1689980 1132
1689990 1134
1690000 1134
1690010 1134
1690020 1135
1690030 1135
1690040 1135
1690050 1135
1690060 1135
1690070 1137
1690080 1141
1690090 1141
1690100 1143
1690110 1143
1690120 1143
1690130 1145
1690140 1149
1690150 1149
1690160 1151
1690170 1152
1690180 1152
1690190 1153
1690200 1154
1690210 1154
1690220 1151
1690230 1153
1690240 1153
1690250 1158
1690260 1159
1690270 1159
1690280 1161
1690290 1163
1690300 1163
1690310 1163
1690320 1159
1690330 1167
1690340 1167
1690350 1176
1690360 1183
1690370 1183
1690380 1181
1690390 1181
1690400 1181
1690410 1184
1690420 1189
1690430 1189
1690440 1190
1690450 1194
1690460 1194
1690470 1200
1690480 1198
1690490 1198
1690500 1192
1690510 1192
1690520 1192
1690530 1189
1690540 1190
1690550 1190
1690560 1190
1690570 1193
1690580 1193
1690590 1192
1690600 1192
1690610 1192
1690620 1190
1690630 1187
1690640 1187
1690650 1186
1690660 1189
1690670 1189
1690680 1189
1690690 1187
1690700 1187
1690710 1187
1690720 1189
1690730 1189
1690740 1188
1690750 1179
1690760 1174
1690770 1174
1690780 1173
1690790 1178
1690800 1178
1690810 1184
1690820 1198
1690830 1198
1690840 1200
1690850 1208
1690860 1208
1690870 1213
1690880 1220
1690890 1220
1690900 1224
1690910 1223
1690920 1223
1690930 1220
1690940 1209
1690950 1209
1690960 1199
1690970 1191
1690980 1191
1690990 1184
1691000 1167
1691010 1167
1691020 1155
1691030 1150
1691040 1150
1691050 1132
1691060 1122
1691070 1122
1691080 1117
1691090 1113
1691100 1113
1691110 1111
1691120 1103
1691130 1103
1691140 1100
1691150 1099
1691160 1099
1691170 1097
1691180 1095
1691190 1095
1691200 1095
1691210 1093
1691220 1091
1691230 1091
1691240 1090
1691250 1088
1691260 1088
1691270 1086
1691280 1085
1691290 1085
1691300 1083
1691310 1080
1691320 1080
1691330 1077
1691340 1074
1691350 1074
1691360 1072
1691370 1068
1691380 1068
1691390 1064
1691400 1061
1691410 1061
1691420 1057
1691430 1052
1691440 1052
1691450 1048
1691460 1044
1691470 1044
1691480 1041
1691490 1036
1691500 1036
1691510 1033
1691520 1030
1691530 1030
1691540 1028
1691550 1028
1691560 1028
1691570 1026
1691580 1025
1691590 1025
1691600 1023
1691610 1020
1691620 1020
1691630 1017
1691640 1014
1691650 1014
1691660 1010
1691670 1006
1691680 1002
1691690 1002
1691700 997
1691710 992
1691720 992
1691730 992
1691740 991
1691750 991
1691760 990
1691770 988
1691780 988
1691790 986
1691800 982
1691810 982
1691820 976
1691830 970
1691840 970
1691850 966
1691860 964
1691870 964
1691880 962
1691890 958
1691900 958
1691910 954
1691920 951
1691930 951
1691940 949
1691950 947
1691960 947
1691970 946
1691980 942
1691990 942
1692000 940
1692010 933
1692020 933
1692030 930
1692040 929
1692050 929
1692060 928
1692070 922
1692080 922
1692090 917
1692100 915
1692110 915
1692120 913
1692130 912
1692140 912
1692150 912
1692160 911
1692170 911
1692180 911
1692190 912
1692200 913
1692210 913
1692220 913
1692230 915
1692240 915
1692250 917
1692260 919
1692270 919
1692280 924
1692290 927
1692300 927
1692310 928
1692320 927
1692330 927
1692340 924
1692350 922
1692360 922
1692370 917
1692380 914
1692390 914
1692400 911
1692410 907
1692420 907
1692430 904
1692440 902
1692450 902
1692460 901
1692470 900
1692480 900
1692490 900
1692500 899
1692510 899
1692520 899
1692530 898
1692540 898
1692550 898
1692560 898
1692570 898
1692580 896
1692590 891
1692600 886
1692610 886
1692620 881
1692630 878
1692640 878
1692650 875
1692660 874
1692670 874
1692680 870
1692690 868
1692700 868
1692710 865
1692720 861
1692730 861
1692740 858
1692750 854
1692760 854
1692770 851
1692780 847
1692790 847
1692800 844
1692810 841
1692820 841
1692830 838
1692840 837
1692850 837
1692860 835
1692870 834
1692880 834
1692890 833
1692900 831
1692910 831
1692920 829
1692930 827
1692940 827
1692950 825
1692960 823
1692970 823
1692980 822
1692990 820
1693000 820
1693010 817
1693020 816
1693030 816
1693040 814
1693050 812
1693060 807
1693070 807
1693080 801
1693090 795
1693100 795
1693110 788
1693120 782
1693130 782
1693140 779
1693150 777
1693160 777
1693170 771
1693180 768
1693190 768
1693200 764
1693210 759
1693220 759
1693230 754
1693240 748
1693250 748
1693260 743
1693270 736
1693280 736
1693290 731
1693300 727
1693310 727
1693320 724
1693330 722
1693340 722
1693350 719
1693360 718
1693370 718
1693380 716
1693390 716
1693400 716
1693410 716
1693420 715
1693430 715
1693440 715
1693450 716
1693460 716
1693470 716
1693480 716
1693490 716
1693500 717
1693510 717
1693520 716
1693530 716
1693540 718
1693550 721
1693560 721
1693570 724
1693580 726
1693590 726
1693600 728
1693610 726
1693620 726
1693630 724
1693640 720
1693650 720
1693660 718
1693670 719
1693680 719
1693690 722
1693700 722
1693710 722
1693720 723
1693730 724
1693740 724
1693750 726
1693760 728
1693770 728
1693780 731
1693790 733
1693800 733
1693810 736
1693820 738
1693830 738
1693840 740
1693850 739
1693860 739
1693870 738
1693880 737
1693890 737
1693900 735
1693910 735
1693920 735
1693930 734
1693940 734
1693950 734
1693960 736
1693970 737
1693980 739
1693990 739
1694000 738
1694010 737
1694020 737
1694030 736
1694040 737
1694050 737
1694060 736
1694070 736
1694080 736
1694090 735
1694100 734
1694110 734
1694120 734
1694130 731
1694140 731
1694150 732
1694160 731
1694170 731
1694180 728
1694190 726
1694200 726
1694210 725
1694220 724
1694230 724
1694240 724
1694250 725
1694260 725
1694270 725
1694280 725
1694290 725
1694300 725
1694310 724
1694320 724
1694330 724
1694340 724
1694350 724
1694360 724
1694370 723
1694380 723
1694390 723
1694400 721
1694410 721
1694420 722
1694430 721
1694440 720
1694450 720
1694460 718
1694470 716
1694480 716
1694490 715
1694500 713
1694510 713
1694520 711
1694530 707
1694540 707
1694550 702
1694560 700
1694570 700
1694580 700
1694590 700
1694600 700
1694610 700
1694620 702
1694630 702
1694640 703
1694650 703
1694660 703
1694670 703
1694680 703
1694690 703
1694700 703
1694710 703
1694720 703
1694730 703
1694740 703
1694750 703
1694760 702
1694770 703
1694780 703
1694790 704
1694800 704
1694810 704
1694820 704
1694830 704
1694840 704
1694850 704
1694860 704
1694870 704
1694880 704
1694890 704
1694900 704
1694910 704
1694920 704
1694930 704
1694940 704
1694950 704
1694960 703
1694970 703
1694980 703
1694990 705
1695000 704
1695010 707
1695020 709
1695030 709
1695040 712
1695050 712
1695060 712
1695070 712
1695080 712
1695090 712
1695100 711
1695110 712
1695120 712
1695130 713
1695140 716
1695150 716
1695160 719
1695170 723
1695180 723
1695190 728
1695200 733
1695210 733
1695220 740
1695230 746
1695240 746
1695250 752
1695260 758
1695270 758
1695280 765
1695290 771
1695300 771
1695310 778
1695320 785
1695330 785
1695340 793
1695350 801
1695360 809
1695370 809
1695380 816
1695390 825
1695400 825
1695410 833
1695420 837
1695430 837
1695440 844
1695450 850
1695460 850
1695470 828
1695480 813
1695490 813
1695500 804
1695510 796
1695520 796
1695530 788
1695540 780
1695550 780
1695560 772
1695570 765
1695580 765
1695590 757
1695600 749
1695610 749
1695620 743
1695630 741
1695640 741
1695650 740
1695660 740
1695670 740
1695680 741
1695690 738
1695700 738
1695710 732
1695720 727
1695730 727
1695740 719
1695750 718
1695760 718
1695770 722
1695780 720
1695790 720
1695800 726
1695810 733
1695820 754
1695830 754
1695840 768
1695850 790
1695860 790
1695870 804
1695880 814
1695890 814
1695900 812
1695910 810
1695920 810
1695930 806
1695940 804
1695950 804
1695960 802
1695970 799
1695980 799
1695990 797
1696000 793
1696010 793
1696020 790
1696030 787
1696040 787
1696050 788
1696060 787
1696070 787
1696080 788
1696090 788
1696100 788
1696110 788
1696120 788
1696130 788
1696140 789
1696150 793
1696160 793
1696170 795
1696180 798
1696190 798
1696200 801
1696210 803
1696220 803
1696230 805
1696240 808
1696250 808
1696260 810
1696270 813
1696280 816
1696290 816
1696300 817
1696310 817
1696320 817
1696330 818
1696340 818
1696350 818
1696360 819
1696370 820
1696380 820
1696390 822
1696400 825
1696410 825
1696420 826
1696430 828
1696440 828
1696450 831
1696460 834
1696470 834
1696480 836
1696490 840
1696500 840
1696510 843
1696520 846
1696530 846
1696540 850
1696550 855
1696560 855
1696570 858
1696580 862
1696590 862
1696600 866
1696610 870
1696620 870
1696630 875
1696640 879
1696650 879
1696660 883
1696670 886
1696680 886
1696690 888
1696700 892
1696710 892
1696720 897
1696730 903
1696740 907
1696750 907
1696760 916
1696770 923
1696780 923
1696790 931
1696800 939
1696810 939
1696820 946
1696830 954
1696840 954
1696850 962
1696860 968
1696870 968
1696880 976
1696890 982
1696900 982
1696910 977
1696920 973
1696930 973
1696940 972
1696950 964
1696960 964
1696970 959
1696980 955
1696990 955
1697000 951
1697010 952
1697020 952
1697030 957
1697040 960
1697050 960
1697060 979
1697070 986
1697080 986
1697090 992
1697100 995
1697110 995
1697120 998
1697130 999
1697140 999
1697150 998
1697160 998
1697170 998
1697180 999
1697190 1000
1697200 1002
1697210 1002
1697220 1004
1697230 1002
1697240 1002
1697250 997
1697260 989
1697270 989
1697280 981
1697290 973
1697300 973
1697310 966
1697320 959
1697330 959
1697340 951
1697350 945
1697360 945
1697370 940
1697380 937
1697390 937
1697400 933
1697410 930
1697420 930
1697430 926
1697440 922
1697450 922
1697460 919
1697470 915
1697480 915
1697490 911
1697500 906
1697510 906
1697520 899
1697530 889
1697540 889
1697550 885
1697560 875
1697570 875
1697580 868
1697590 862
1697600 862
1697610 859
1697620 857
1697630 857
1697640 856
1697650 856
1697660 854
1697670 854
1697680 853
1697690 852
1697700 852
1697710 851
1697720 850
1697730 850
1697740 850
1697750 852
1697760 852
1697770 852
1697780 851
1697790 851
1697800 849
1697810 847
1697820 847
1697830 846
1697840 846
1697850 846
1697860 844
1697870 840
1697880 840
1697890 834
1697900 828
1697910 828
1697920 822
1697930 816
1697940 816
1697950 810
1697960 803
1697970 803
1697980 796
1697990 791
1698000 791
1698010 790
1698020 790
1698030 790
1698040 791
1698050 790
1698060 790
1698070 791
1698080 791
1698090 791
1698100 797
1698110 802
1698120 804
1698130 804
1698140 803
1698150 804
1698160 804
1698170 805
1698180 807
1698190 807
1698200 809
1698210 810
1698220 810
1698230 813
1698240 815
1698250 815
1698260 815
1698270 817
1698280 817
1698290 815
1698300 820
1698310 820
1698320 823
1698330 828
1698340 828
1698350 828
1698360 832
1698370 832
1698380 839
1698390 843
1698400 843
1698410 846
1698420 854
1698430 854
1698440 856
1698450 860
1698460 860
1698470 863
1698480 869
1698490 869
1698500 873
1698510 882
1698520 882
1698530 891
1698540 897
1698550 897
1698560 904
1698570 913
1698580 921
1698590 921
1698600 928
1698610 936
1698620 936
1698630 943
1698640 951
1698650 951
1698660 958
1698670 965
1698680 965
1698690 970
1698700 974
1698710 974
1698720 975
1698730 973
1698740 973
1698750 970
1698760 967
1698770 967
1698780 963
1698790 957
1698800 957
1698810 953
1698820 951
1698830 951
1698840 951
1698850 947
1698860 947
1698870 950
1698880 955
1698890 955
1698900 959
1698910 962
1698920 962
1698930 966
1698940 969
1698950 969
1698960 971
1698970 973
1698980 973
1698990 974
1699000 971
1699010 971
1699020 964
1699030 959
1699040 954
1699050 954
1699060 948
1699070 941
1699080 941
1699090 934
1699100 928
1699110 928
1699120 926
1699130 921
1699140 921
1699150 924
1699160 928
1699170 928
1699180 933
1699190 935
1699200 935
1699210 936
1699220 937
1699230 937
1699240 940
1699250 944
1699260 944
1699270 948
1699280 946
1699290 946
1699300 945
1699310 943
1699320 943
1699330 941
1699340 938
1699350 938
1699360 936
1699370 935
1699380 935
1699390 934
1699400 933
1699410 933
1699420 936
1699430 936
1699440 936
1699450 939
1699460 951
1699470 951
1699480 963
1699490 968
1699500 965
1699510 965
1699520 962
1699530 957
1699540 957
1699550 959
1699560 968
1699570 968
1699580 972
1699590 965
1699600 965
1699610 969
1699620 1001
1699630 1001
1699640 1007
1699650 954
1699660 954
1699670 946
1699680 951
1699690 951
1699700 919
1699710 923
1699720 923
1699730 927
1699740 931
1699750 931
1699760 934
1699770 938
1699780 938
1699790 942
1699800 945
1699810 945
1699820 971
1699830 998
1699840 998
1699850 1002
1699860 998
1699870 998
1699880 997
1699890 1013
1699900 1013
1699910 1017
1699920 1029
1699930 1029
1699940 1042
1699950 1081
1699960 1117
1699970 1117
1699980 1125
1699990 1132
