1680000 1061
1680010 1063
1680020 1063
1680030 1065
1680040 1068
1680050 1068
1680060 1072
1680070 1078
1680080 1085
1680090 1085
1680100 1090
1680110 1096
1680120 1096
1680130 1102
1680140 1108
1680150 1108
1680160 1114
1680170 1117
1680180 1117
1680190 1124
1680200 1111
1680210 1111
1680220 1102
1680230 1094
1680240 1094
1680250 1094
1680260 1086
1680270 1086
1680280 1081
1680290 1077
1680300 1077
1680310 1085
1680320 1092
1680330 1092
1680340 1098
1680350 1104
1680360 1104
1680370 1112
1680380 1112
1680390 1112
1680400 1111
1680410 1109
1680420 1109
1680430 1109
1680440 1117
1680450 1117
1680460 1124
1680470 1132
1680480 1132
1680490 1134
1680500 1141
1680510 1141
1680520 1147
1680530 1155
1680540 1164
1680550 1164
1680560 1169
1680570 1165
1680580 1165
1680590 1161
1680600 1161
1680610 1161
1680620 1160
1680630 1159
1680640 1159
1680650 1159
1680660 1164
1680670 1164
1680680 1164
1680690 1162
1680700 1162
1680710 1163
1680720 1152
1680730 1152
1680740 1156
1680750 1160
1680760 1160
1680770 1163
1680780 1161
1680790 1161
1680800 1166
1680810 1181
1680820 1181
1680830 1175
1680840 1177
1680850 1177
1680860 1192
1680870 1191
1680880 1191
1680890 1195
1680900 1203
1680910 1203
1680920 1217
1680930 1231
1680940 1231
1680950 1247
1680960 1259
1680970 1259
1680980 1266
1680990 1267
1681000 1267
1681010 1264
1681020 1257
1681030 1249
1681040 1249
1681050 1241
1681060 1232
1681070 1232
1681080 1230
1681090 1221
1681100 1221
1681110 1220
1681120 1229
1681130 1229
1681140 1233
1681150 1235
1681160 1235
1681170 1237
1681180 1235
1681190 1235
1681200 1228
1681210 1231
1681220 1231
1681230 1239
1681240 1241
1681250 1241
1681260 1240
1681270 1246
1681280 1246
1681290 1255
1681300 1265
1681310 1265
1681320 1273
1681330 1280
1681340 1280
1681350 1287
1681360 1296
1681370 1296
1681380 1301
1681390 1303
1681400 1303
1681410 1305
1681420 1306
1681430 1306
1681440 1308
1681450 1310
1681460 1310
1681470 1313
1681480 1319
1681490 1324
1681500 1324
1681510 1329
1681520 1332
1681530 1332
1681540 1334
1681550 1334
1681560 1334
1681570 1332
1681580 1326
1681590 1326
1681600 1321
1681610 1317
1681620 1317
1681630 1314
1681640 1315
1681650 1315
1681660 1316
1681670 1318
1681680 1318
1681690 1319
1681700 1319
1681710 1319
1681720 1321
1681730 1326
1681740 1326
1681750 1331
1681760 1335
1681770 1335
1681780 1338
1681790 1342
1681800 1342
1681810 1345
1681820 1348
1681830 1348
1681840 1352
1681850 1357
1681860 1357
1681870 1362
1681880 1366
1681890 1366
1681900 1371
1681910 1375
1681920 1375
1681930 1379
1681940 1383
1681950 1383
1681960 1386
1681970 1388
1681980 1391
1681990 1391
1682000 1393
1682010 1395
1682020 1394
1682030 1395
1682040 1396
1682050 1396
1682060 1398
1682070 1399
1682080 1399
1682090 1400
1682100 1402
1682110 1402
1682120 1403
1682130 1405
1682140 1405
1682150 1407
1682160 1408
1682170 1408
1682180 1410
1682190 1410
1682200 1410
1682210 1410
1682220 1409
1682230 1409
1682240 1407
1682250 1404
1682260 1404
1682270 1400
1682280 1396
1682290 1396
1682300 1391
1682310 1386
1682320 1386
1682330 1381
1682340 1378
1682350 1378
1682360 1373
1682370 1370
1682380 1370
1682390 1368
1682400 1368
1682410 1368
1682420 1368
1682430 1367
1682440 1365
1682450 1365
1682460 1362
1682470 1359
1682480 1359
1682490 1357
1682500 1353
1682510 1353
1682520 1349
1682530 1346
1682540 1346
1682550 1343
1682560 1342
1682570 1342
1682580 1344
1682590 1345
1682600 1345
1682610 1345
1682620 1345
1682630 1345
1682640 1343
1682650 1342
1682660 1342
1682670 1344
1682680 1347
1682690 1347
1682700 1349
1682710 1351
1682720 1351
1682730 1352
1682740 1353
1682750 1353
1682760 1354
1682770 1355
1682780 1355
1682790 1358
1682800 1362
1682810 1362
1682820 1364
1682830 1363
1682840 1363
1682850 1361
1682860 1360
1682870 1360
1682880 1359
1682890 1355
1682900 1355
1682910 1351
1682920 1347
1682930 1342
1682940 1342
1682950 1337
1682960 1334
1682970 1334
1682980 1331
1682990 1328
1683000 1328
1683010 1325
1683020 1322
1683030 1322
1683040 1318
1683050 1315
1683060 1315
1683070 1313
1683080 1308
1683090 1308
1683100 1306
1683110 1302
1683120 1302
1683130 1297
1683140 1289
1683150 1289
1683160 1283
1683170 1281
1683180 1281
1683190 1279
1683200 1272
1683210 1272
1683220 1263
1683230 1258
1683240 1258
1683250 1250
1683260 1239
1683270 1239
1683280 1241
1683290 1238
1683300 1238
1683310 1233
1683320 1231
1683330 1231
1683340 1228
1683350 1226
1683360 1226
1683370 1222
1683380 1216
1683390 1209
1683400 1209
1683410 1206
1683420 1206
1683430 1206
1683440 1205
1683450 1203
1683460 1203
1683470 1199
1683480 1195
1683490 1195
1683500 1192
1683510 1187
1683520 1187
1683530 1184
1683540 1182
1683550 1182
1683560 1178
1683570 1176
1683580 1176
1683590 1174
1683600 1175
1683610 1175
1683620 1174
1683630 1172
1683640 1172
1683650 1168
1683660 1165
1683670 1165
1683680 1163
1683690 1162
1683700 1162
1683710 1162
1683720 1164
1683730 1164
1683740 1165
1683750 1166
1683760 1166
1683770 1164
1683780 1160
1683790 1160
1683800 1160
1683810 1159
1683820 1159
1683830 1156
1683840 1152
1683850 1152
1683860 1151
1683870 1149
1683880 1146
1683890 1146
1683900 1143
1683910 1140
1683920 1140
1683930 1139
1683940 1139
1683950 1139
1683960 1138
1683970 1134
1683980 1134
1683990 1131
1684000 1128
1684010 1128
1684020 1127
1684030 1124
1684040 1124
1684050 1120
1684060 1117
1684070 1117
1684080 1115
1684090 1113
1684100 1113
1684110 1112
1684120 1111
1684130 1111
1684140 1110
1684150 1106
1684160 1106
1684170 1104
1684180 1101
1684190 1101
1684200 1098
1684210 1094
1684220 1094
1684230 1092
1684240 1092
1684250 1092
1684260 1090
1684270 1089
1684280 1089
1684290 1088
1684300 1086
1684310 1086
1684320 1085
1684330 1082
1684340 1078
1684350 1078
1684360 1073
1684370 1068
1684380 1068
1684390 1063
1684400 1060
1684410 1060
1684420 1059
1684430 1059
1684440 1059
1684450 1056
1684460 1052
1684470 1052
1684480 1053
1684490 1052
1684500 1052
1684510 1050
1684520 1049
1684530 1049
1684540 1047
1684550 1044
1684560 1044
1684570 1041
1684580 1040
1684590 1040
1684600 1040
1684610 1039
1684620 1039
1684630 1038
1684640 1036
1684650 1036
1684660 1034
1684670 1031
1684680 1031
1684690 1028
1684700 1026
1684710 1026
1684720 1025
1684730 1023
1684740 1023
1684750 1020
1684760 1018
1684770 1018
1684780 1016
1684790 1016
1684800 1016
1684810 1017
1684820 1017
1684830 1017
1684840 1017
1684850 1017
1684860 1017
1684870 1017
1684880 1016
1684890 1015
1684900 1015
1684910 1016
1684920 1018
1684930 1018
1684940 1020
1684950 1023
1684960 1023
1684970 1026
1684980 1029
1684990 1029
1685000 1032
1685010 1032
1685020 1032
1685030 1030
1685040 1032
1685050 1032
1685060 1038
1685070 1044
1685080 1044
1685090 1046
1685100 1048
1685110 1048
1685120 1048
1685130 1049
1685140 1049
1685150 1045
1685160 1038
1685170 1038
1685180 1037
1685190 1034
1685200 1034
1685210 1040
1685220 1043
1685230 1043
1685240 1042
1685250 1040
1685260 1040
1685270 1038
1685280 1039
1685290 1042
1685300 1042
1685310 1048
1685320 1048
1685330 1048
1685340 1046
1685350 1044
1685360 1044
1685370 1044
1685380 1043
1685390 1043
1685400 1043
1685410 1042
1685420 1042
1685430 1043
1685440 1042
1685450 1042
1685460 1042
1685470 1042
1685480 1042
1685490 1038
1685500 1041
1685510 1041
1685520 1044
1685530 1047
1685540 1047
1685550 1050
1685560 1051
1685570 1051
1685580 1051
1685590 1049
1685600 1049
1685610 1046
1685620 1044
1685630 1044
1685640 1042
1685650 1042
1685660 1042
1685670 1043
1685680 1042
1685690 1042
1685700 1041
1685710 1040
1685720 1040
1685730 1040
1685740 1038
1685750 1038
1685760 1037
1685770 1037
1685780 1037
1685790 1037
1685800 1038
1685810 1039
1685820 1039
1685830 1041
1685840 1042
1685850 1042
1685860 1043
1685870 1045
1685880 1045
1685890 1047
1685900 1046
1685910 1046
1685920 1044
1685930 1038
1685940 1038
1685950 1040
1685960 1038
1685970 1038
1685980 1026
1685990 1019
1686000 1019
1686010 1017
1686020 1016
1686030 1016
1686040 1017
1686050 1019
1686060 1019
1686070 1021
1686080 1023
1686090 1023
1686100 1023
1686110 1024
1686120 1024
1686130 1026
1686140 1023
1686150 1023
1686160 1028
1686170 1018
1686180 1018
1686190 1018
1686200 994
1686210 994
1686220 992
1686230 988
1686240 979
1686250 979
1686260 977
1686270 979
1686280 979
1686290 976
1686300 975
1686310 975
1686320 977
1686330 979
1686340 979
1686350 981
1686360 982
1686370 982
1686380 982
1686390 982
1686400 982
1686410 985
1686420 986
1686430 986
1686440 985
1686450 984
1686460 984
1686470 983
1686480 983
1686490 983
1686500 982
1686510 982
1686520 982
1686530 980
1686540 979
1686550 979
1686560 977
1686570 977
1686580 977
1686590 978
1686600 977
1686610 977
1686620 978
1686630 978
1686640 978
1686650 978
1686660 977
1686670 977
1686680 975
1686690 974
1686700 974
1686710 972
1686720 971
1686730 969
1686740 969
1686750 967
1686760 965
1686770 965
1686780 963
1686790 961
1686800 961
1686810 959
1686820 957
1686830 957
1686840 955
1686850 953
1686860 953
1686870 952
1686880 952
1686890 952
1686900 953
1686910 953
1686920 953
1686930 954
1686940 954
1686950 954
1686960 953
1686970 952
1686980 952
1686990 950
1687000 946
1687010 946
1687020 944
1687030 942
1687040 942
1687050 941
1687060 939
1687070 939
1687080 939
1687090 939
1687100 939
1687110 938
1687120 936
1687130 936
1687140 933
1687150 928
1687160 928
1687170 924
1687180 914
1687190 908
1687200 908
1687210 904
1687220 901
1687230 901
1687240 897
1687250 892
1687260 892
1687270 888
1687280 883
1687290 883
1687300 879
1687310 874
1687320 874
1687330 870
1687340 865
1687350 865
1687360 861
1687370 859
1687380 859
1687390 857
1687400 855
1687410 855
1687420 849
1687430 841
1687440 841
1687450 837
1687460 846
1687470 846
1687480 851
1687490 857
1687500 857
1687510 859
1687520 862
1687530 862
1687540 866
1687550 868
1687560 868
1687570 871
1687580 870
1687590 870
1687600 871
1687610 874
1687620 874
1687630 876
1687640 876
1687650 876
1687660 877
1687670 879
1687680 881
1687690 881
1687700 881
1687710 880
1687720 880
1687730 875
1687740 873
1687750 873
1687760 870
1687770 871
1687780 871
1687790 870
1687800 870
1687810 870
1687820 869
1687830 868
1687840 868
1687850 867
1687860 867
1687870 867
1687880 868
1687890 868
1687900 868
1687910 869
1687920 868
1687930 868
1687940 864
1687950 863
1687960 863
1687970 862
1687980 858
1687990 858
1688000 856
1688010 856
1688020 856
1688030 854
1688040 853
1688050 853
1688060 852
1688070 852
1688080 852
1688090 853
1688100 853
1688110 853
1688120 853
1688130 853
1688140 853
1688150 853
1688160 854
1688170 855
1688180 855
1688190 855
1688200 855
1688210 855
1688220 857
1688230 857
1688240 857
1688250 858
1688260 860
1688270 860
1688280 863
1688290 868
1688300 868
1688310 871
1688320 873
1688330 873
1688340 875
1688350 877
1688360 877
1688370 878
1688380 878
1688390 878
1688400 880
1688410 882
1688420 882
1688430 884
1688440 886
1688450 886
1688460 887
1688470 887
1688480 887
1688490 887
1688500 888
1688510 888
1688520 889
1688530 891
1688540 891
1688550 893
1688560 893
1688570 893
1688580 894
1688590 895
1688600 895
1688610 898
1688620 900
1688630 901
1688640 901
1688650 902
1688660 904
1688670 904
1688680 906
1688690 906
1688700 906
1688710 906
1688720 907
1688730 907
1688740 909
1688750 910
1688760 910
1688770 913
1688780 916
1688790 916
1688800 920
1688810 924
1688820 924
1688830 927
1688840 930
1688850 930
1688860 932
1688870 934
1688880 934
1688890 935
1688900 932
1688910 932
1688920 929
1688930 927
1688940 927
1688950 925
1688960 922
1688970 922
1688980 920
1688990 910
1689000 910
1689010 910
1689020 915
1689030 915
1689040 924
1689050 928
1689060 928
1689070 930
1689080 932
1689090 934
1689100 934
1689110 937
1689120 941
1689130 941
1689140 945
1689150 949
1689160 949
1689170 954
1689180 957
1689190 957
1689200 960
1689210 963
1689220 963
1689230 965
1689240 965
1689250 965
1689260 964
1689270 960
1689280 960
1689290 957
1689300 960
1689310 960
1689320 963
1689330 967
1689340 967
1689350 972
1689360 980
1689370 980
1689380 984
1689390 987
1689400 987
1689410 990
1689420 992
1689430 992
1689440 994
1689450 996
1689460 996
1689470 998
1689480 1000
1689490 1000
1689500 1000
1689510 1003
1689520 1003
1689530 1007
1689540 1010
1689550 1010
1689560 1015
1689570 1015
1689580 1018
1689590 1018
1689600 1022
1689610 1023
1689620 1023
1689630 1023
1689640 1024
1689650 1024
1689660 1027
1689670 1030
1689680 1030
1689690 1034
1689700 1036
1689710 1036
1689720 1040
1689730 1042
1689740 1042
1689750 1045
1689760 1049
1689770 1049
1689780 1054
1689790 1058
1689800 1058
1689810 1061
1689820 1065
1689830 1065
1689840 1070
1689850 1076
1689860 1076
1689870 1082
1689880 1088
1689890 1088
1689900 1091
1689910 1094
1689920 1094
1689930 1100
1689940 1104
1689950 1104
1689960 1107
1689970 1113
1689980 1113
1689990 1122
1690000 1127
1690010 1127
1690020 1130
1690030 1134
1690040 1136
1690050 1136
1690060 1138
1690070 1135
1690080 1135
1690090 1129
1690100 1131
1690110 1131
1690120 1137
1690130 1141
1690140 1141
1690150 1146
1690160 1153
1690170 1153
1690180 1161
1690190 1170
1690200 1170
1690210 1182
1690220 1190
1690230 1190
1690240 1196
1690250 1199
1690260 1199
1690270 1207
1690280 1219
1690290 1219
1690300 1225
1690310 1230
1690320 1230
1690330 1236
1690340 1242
1690350 1242
1690360 1249
1690370 1259
1690380 1259
1690390 1266
1690400 1272
1690410 1272
1690420 1288
1690430 1304
1690440 1304
1690450 1305
1690460 1301
1690470 1301
1690480 1301
1690490 1301
1690500 1301
1690510 1300
1690520 1298
1690530 1297
1690540 1297
1690550 1297
1690560 1297
1690570 1297
1690580 1296
1690590 1292
1690600 1292
1690610 1290
1690620 1286
1690630 1286
1690640 1282
1690650 1279
1690660 1279
1690670 1277
1690680 1274
1690690 1274
1690700 1271
1690710 1268
1690720 1268
1690730 1265
1690740 1263
1690750 1263
1690760 1261
1690770 1259
1690780 1259
1690790 1258
1690800 1257
1690810 1257
1690820 1257
1690830 1257
1690840 1257
1690850 1256
1690860 1256
1690870 1256
1690880 1255
1690890 1255
1690900 1255
1690910 1256
1690920 1258
1690930 1258
1690940 1259
1690950 1261
1690960 1261
1690970 1263
1690980 1264
1690990 1263
1691000 1263
1691010 1264
1691020 1265
1691030 1265
1691040 1267
1691050 1268
1691060 1268
1691070 1269
1691080 1272
1691090 1272
1691100 1274
1691110 1275
1691120 1275
1691130 1276
1691140 1277
1691150 1277
1691160 1278
1691170 1279
1691180 1279
1691190 1280
1691200 1281
1691210 1281
1691220 1282
1691230 1283
1691240 1283
1691250 1283
1691260 1284
1691270 1284
1691280 1283
1691290 1283
1691300 1283
1691310 1282
1691320 1280
1691330 1280
1691340 1279
1691350 1276
1691360 1276
1691370 1272
1691380 1266
1691390 1266
1691400 1259
1691410 1254
1691420 1254
1691430 1248
1691440 1242
1691450 1242
1691460 1237
1691470 1230
1691480 1225
1691490 1225
1691500 1218
1691510 1214
1691520 1214
1691530 1207
1691540 1202
1691550 1202
1691560 1197
1691570 1192
1691580 1192
1691590 1187
1691600 1183
1691610 1183
1691620 1179
1691630 1174
1691640 1174
1691650 1170
1691660 1166
1691670 1166
1691680 1163
1691690 1159
1691700 1159
1691710 1157
1691720 1154
1691730 1154
1691740 1152
1691750 1150
1691760 1150
1691770 1148
1691780 1147
1691790 1147
1691800 1145
1691810 1145
1691820 1145
1691830 1145
1691840 1146
1691850 1146
1691860 1146
1691870 1145
1691880 1145
1691890 1142
1691900 1137
1691910 1137
1691920 1133
1691930 1130
1691940 1128
1691950 1128
1691960 1125
1691970 1119
1691980 1119
1691990 1121
1692000 1124
1692010 1124
1692020 1127
1692030 1129
1692040 1129
1692050 1131
1692060 1133
1692070 1133
1692080 1136
1692090 1140
1692100 1140
1692110 1144
1692120 1149
1692130 1149
1692140 1154
1692150 1160
1692160 1160
1692170 1165
1692180 1171
1692190 1171
1692200 1177
1692210 1182
1692220 1182
1692230 1186
1692240 1191
1692250 1191
1692260 1195
1692270 1198
1692280 1198
1692290 1200
1692300 1202
1692310 1202
1692320 1203
1692330 1203
1692340 1203
1692350 1205
1692360 1206
1692370 1206
1692380 1208
1692390 1210
1692400 1210
1692410 1211
1692420 1212
1692430 1215
1692440 1215
1692450 1220
1692460 1225
1692470 1225
1692480 1229
1692490 1234
1692500 1234
1692510 1238
1692520 1243
1692530 1243
1692540 1247
1692550 1252
1692560 1252
1692570 1256
1692580 1260
1692590 1260
1692600 1264
1692610 1269
1692620 1269
1692630 1272
1692640 1276
1692650 1276
1692660 1279
1692670 1281
1692680 1281
1692690 1283
1692700 1284
1692710 1284
1692720 1283
1692730 1278
1692740 1278
1692750 1272
1692760 1266
1692770 1266
1692780 1260
1692790 1254
1692800 1254
1692810 1247
1692820 1240
1692830 1240
1692840 1235
1692850 1230
1692860 1230
1692870 1226
1692880 1224
1692890 1224
1692900 1221
1692910 1213
1692920 1207
1692930 1207
1692940 1199
1692950 1193
1692960 1193
1692970 1190
1692980 1188
1692990 1188
1693000 1183
1693010 1174
1693020 1174
1693030 1170
1693040 1167
1693050 1167
1693060 1164
1693070 1160
1693080 1160
1693090 1154
1693100 1148
1693110 1148
1693120 1140
1693130 1132
1693140 1132
1693150 1126
1693160 1119
1693170 1119
1693180 1113
1693190 1107
1693200 1107
1693210 1101
1693220 1095
1693230 1095
1693240 1087
1693250 1077
1693260 1077
1693270 1069
1693280 1061
1693290 1061
1693300 1052
1693310 1043
1693320 1043
1693330 1034
1693340 1025
1693350 1025
1693360 1017
1693370 1010
1693380 1005
1693390 1005
1693400 1001
1693410 1000
1693420 1000
1693430 998
1693440 995
1693450 995
1693460 983
1693470 972
1693480 972
1693490 963
1693500 951
1693510 951
1693520 938
1693530 929
1693540 929
1693550 921
1693560 915
1693570 915
1693580 909
1693590 904
1693600 904
1693610 902
1693620 899
1693630 899
1693640 892
1693650 884
1693660 884
1693670 878
1693680 871
1693690 871
1693700 866
1693710 862
1693720 862
1693730 858
1693740 854
1693750 854
1693760 848
1693770 844
1693780 844
1693790 839
1693800 835
1693810 835
1693820 830
1693830 825
1693840 825
1693850 826
1693860 828
1693870 830
1693880 830
1693890 832
1693900 832
1693910 832
1693920 832
1693930 832
1693940 832
1693950 832
1693960 832
1693970 832
1693980 833
1693990 835
1694000 835
1694010 838
1694020 839
1694030 839
1694040 841
1694050 845
1694060 845
1694070 848
1694080 852
1694090 852
1694100 856
1694110 860
1694120 860
1694130 865
1694140 870
1694150 870
1694160 876
1694170 881
1694180 881
1694190 888
1694200 893
1694210 893
1694220 899
1694230 904
1694240 904
1694250 909
1694260 914
1694270 914
1694280 918
1694290 922
1694300 922
1694310 927
1694320 932
1694330 937
1694340 937
1694350 942
1694360 949
1694370 949
1694380 955
1694390 957
1694400 957
1694410 960
1694420 962
1694430 962
1694440 965
1694450 970
1694460 970
1694470 981
1694480 981
1694490 981
1694500 979
1694510 980
1694520 980
1694530 981
1694540 982
1694550 982
1694560 982
1694570 985
1694580 985
1694590 988
1694600 991
1694610 991
1694620 993
1694630 995
1694640 995
1694650 997
1694660 1000
1694670 1000
1694680 1002
1694690 1004
1694700 1004
1694710 1007
1694720 1009
1694730 1009
1694740 1011
1694750 1014
1694760 1014
1694770 1014
1694780 1018
1694790 1018
1694800 1020
1694810 1023
1694820 1025
1694830 1025
1694840 1028
1694850 1030
1694860 1030
1694870 1033
1694880 1035
1694890 1035
1694900 1038
1694910 1040
1694920 1040
1694930 1042
1694940 1046
1694950 1046
1694960 1048
1694970 1050
1694980 1050
1694990 1052
1695000 1055
1695010 1055
1695020 1057
1695030 1058
1695040 1058
1695050 1058
1695060 1058
1695070 1058
1695080 1057
1695090 1056
1695100 1056
1695110 1055
1695120 1053
1695130 1053
1695140 1051
1695150 1049
1695160 1049
1695170 1047
1695180 1046
1695190 1046
1695200 1044
1695210 1042
1695220 1042
1695230 1040
1695240 1037
1695250 1037
1695260 1035
1695270 1032
1695280 1029
1695290 1029
1695300 1026
1695310 1023
1695320 1023
1695330 1019
1695340 1015
1695350 1015
1695360 1012
1695370 1008
1695380 1008
1695390 1005
1695400 998
1695410 998
1695420 992
1695430 988
1695440 988
1695450 984
1695460 981
1695470 981
1695480 979
1695490 977
1695500 977
1695510 969
1695520 967
1695530 967
1695540 964
1695550 963
1695560 963
1695570 960
1695580 956
1695590 956
1695600 952
1695610 948
1695620 948
1695630 943
1695640 939
1695650 939
1695660 936
1695670 932
1695680 932
1695690 928
1695700 923
1695710 923
1695720 919
1695730 914
1695740 914
1695750 909
1695760 904
1695770 899
1695780 899
1695790 894
1695800 889
1695810 889
1695820 886
1695830 882
1695840 882
1695850 878
1695860 875
1695870 875
1695880 872
1695890 868
1695900 868
1695910 864
1695920 861
1695930 861
1695940 860
1695950 861
1695960 861
1695970 860
1695980 859
1695990 859
1696000 856
1696010 850
1696020 850
1696030 844
1696040 838
1696050 838
1696060 833
1696070 829
1696080 829
1696090 824
1696100 818
1696110 818
1696120 816
1696130 813
1696140 813
1696150 811
1696160 809
1696170 809
1696180 807
1696190 806
1696200 806
1696210 805
1696220 805
1696230 804
1696240 804
1696250 802
1696260 798
1696270 798
1696280 796
1696290 798
1696300 798
1696310 798
1696320 799
1696330 799
1696340 802
1696350 805
1696360 805
1696370 809
1696380 812
1696390 812
1696400 815
1696410 816
1696420 816
1696430 816
1696440 815
1696450 815
1696460 813
1696470 809
1696480 809
1696490 807
1696500 807
1696510 807
1696520 806
1696530 805
1696540 805
1696550 805
1696560 804
1696570 804
1696580 804
1696590 805
1696600 805
1696610 805
1696620 807
1696630 807
1696640 808
1696650 809
1696660 809
1696670 811
1696680 812
1696690 812
1696700 814
1696710 815
1696720 815
1696730 815
1696740 815
1696750 815
1696760 815
1696770 815
1696780 815
1696790 815
1696800 815
1696810 816
1696820 816
1696830 815
1696840 814
1696850 814
1696860 813
1696870 812
1696880 812
1696890 810
1696900 808
1696910 808
1696920 805
1696930 802
1696940 802
1696950 798
1696960 794
1696970 794
1696980 791
1696990 787
1697000 787
1697010 785
1697020 783
1697030 783
1697040 782
1697050 781
1697060 781
1697070 780
1697080 779
1697090 779
1697100 780
1697110 781
1697120 781
1697130 783
1697140 782
1697150 782
1697160 781
1697170 781
1697180 779
1697190 779
1697200 778
1697210 777
1697220 777
1697230 776
1697240 775
1697250 775
1697260 770
1697270 767
1697280 767
1697290 766
1697300 768
1697310 768
1697320 773
1697330 778
1697340 778
1697350 778
1697360 776
1697370 776
1697380 773
1697390 770
1697400 770
1697410 766
1697420 764
1697430 764
1697440 763
1697450 762
1697460 762
1697470 761
1697480 761
1697490 761
1697500 757
1697510 756
1697520 756
1697530 762
1697540 763
1697550 763
1697560 765
1697570 768
1697580 768
1697590 770
1697600 773
1697610 773
1697620 775
1697630 776
1697640 776
1697650 778
1697660 780
1697670 781
1697680 781
1697690 782
1697700 783
1697710 783
1697720 784
1697730 786
1697740 786
1697750 787
1697760 788
1697770 788
1697780 789
1697790 790
1697800 790
1697810 791
1697820 792
1697830 792
1697840 793
1697850 794
1697860 794
1697870 795
1697880 797
1697890 797
1697900 798
1697910 799
1697920 799
1697930 800
1697940 800
1697950 800
1697960 801
1697970 802
1697980 802
1697990 803
1698000 803
1698010 803
1698020 804
1698030 805
1698040 805
1698050 805
1698060 805
1698070 805
1698080 805
1698090 805
1698100 805
1698110 805
1698120 805
1698130 804
1698140 804
1698150 804
1698160 803
1698170 803
1698180 803
1698190 803
1698200 803
1698210 802
1698220 802
1698230 802
1698240 802
1698250 801
1698260 801
1698270 800
1698280 799
1698290 799
1698300 800
1698310 799
1698320 799
1698330 798
1698340 796
1698350 796
1698360 795
1698370 793
1698380 793
1698390 790
1698400 788
1698410 788
1698420 786
1698430 785
1698440 785
1698450 785
1698460 786
1698470 786
1698480 787
1698490 788
1698500 788
1698510 788
1698520 788
1698530 788
1698540 787
1698550 786
1698560 786
1698570 785
1698580 783
1698590 783
1698600 782
1698610 781
1698620 780
1698630 780
1698640 779
1698650 778
1698660 778
1698670 778
1698680 780
1698690 780
1698700 780
1698710 779
1698720 779
1698730 779
1698740 778
1698750 778
1698760 777
1698770 776
1698780 776
1698790 776
1698800 775
1698810 775
1698820 771
1698830 766
1698840 766
1698850 761
1698860 755
1698870 755
1698880 749
1698890 746
1698900 746
1698910 749
1698920 754
1698930 754
1698940 759
1698950 764
1698960 764
1698970 769
1698980 769
1698990 769
1699000 769
1699010 769
1699020 769
1699030 770
1699040 769
1699050 769
1699060 768
1699070 767
1699080 767
1699090 767
1699100 766
1699110 765
1699120 765
1699130 759
1699140 753
1699150 753
1699160 753
1699170 752
1699180 752
1699190 747
1699200 742
1699210 742
1699220 742
1699230 741
1699240 741
1699250 741
1699260 738
1699270 738
1699280 736
1699290 733
1699300 733
1699310 730
1699320 724
1699330 724
1699340 724
1699350 724
1699360 724
1699370 724
1699380 724
1699390 724
1699400 724
1699410 724
1699420 724
1699430 723
1699440 723
1699450 723
1699460 723
1699470 722
1699480 722
1699490 722
1699500 723
1699510 723
1699520 723
1699530 723
1699540 723
1699550 723
1699560 723
1699570 723
1699580 723
1699590 723
1699600 723
1699610 723
1699620 723
1699630 723
1699640 723
1699650 723
1699660 723
1699670 723
1699680 723
1699690 723
1699700 723
1699710 724
1699720 724
1699730 724
1699740 723
1699750 723
1699760 723
1699770 724
1699780 723
1699790 723
1699800 724
1699810 724
1699820 724
1699830 724
1699840 724
1699850 724
1699860 724
1699870 724
1699880 724
1699890 724
1699900 725
1699910 725
1699920 725
1699930 725
1699940 725
1699950 725
1699960 725
1699970 725
1699980 725
1699990 725
