1680000 980
1680010 983
1680020 983
1680030 987
1680040 990
1680050 990
1680060 993
1680070 999
1680080 999
1680090 1004
1680100 1008
1680110 1008
1680120 1013
1680130 1017
1680140 1017
1680150 1023
1680160 1029
1680170 1029
1680180 1037
1680190 1045
1680200 1045
1680210 1047
1680220 1044
1680230 1040
1680240 1040
1680250 1035
1680260 1034
1680270 1034
1680280 1035
1680290 1037
1680300 1037
1680310 1041
1680320 1044
1680330 1044
1680340 1040
1680350 1035
1680360 1035
1680370 1031
1680380 1032
1680390 1032
1680400 1032
1680410 1037
1680420 1037
1680430 1047
1680440 1059
1680450 1059
1680460 1064
1680470 1068
1680480 1068
1680490 1070
1680500 1070
1680510 1070
1680520 1063
1680530 1059
1680540 1059
1680550 1054
1680560 1048
1680570 1048
1680580 1041
1680590 1036
1680600 1036
1680610 1033
1680620 1033
1680630 1033
1680640 1030
1680650 1025
1680660 1025
1680670 1024
1680680 1026
1680690 1026
1680700 1026
1680710 1023
1680720 1018
1680730 1018
1680740 1013
1680750 1005
1680760 1005
1680770 998
1680780 990
1680790 990
1680800 983
1680810 975
1680820 975
1680830 968
1680840 962
1680850 962
1680860 954
1680870 948
1680880 948
1680890 944
1680900 939
1680910 939
1680920 936
1680930 934
1680940 934
1680950 933
1680960 930
1680970 930
1680980 926
1680990 921
1681000 921
1681010 915
1681020 909
1681030 909
1681040 904
1681050 899
1681060 899
1681070 898
1681080 898
1681090 898
1681100 898
1681110 898
1681120 898
1681130 898
1681140 900
1681150 900
1681160 892
1681170 888
1681180 891
1681190 891
1681200 896
1681210 897
1681220 897
1681230 901
1681240 909
1681250 909
1681260 916
1681270 920
1681280 920
1681290 923
1681300 926
1681310 926
1681320 929
1681330 932
1681340 932
1681350 935
1681360 938
1681370 938
1681380 942
1681390 944
1681400 944
1681410 944
1681420 945
1681430 945
1681440 940
1681450 949
1681460 949
1681470 954
1681480 961
1681490 961
1681500 967
1681510 973
1681520 973
1681530 979
1681540 985
1681550 985
1681560 991
1681570 997
1681580 997
1681590 1003
1681600 1008
1681610 1008
1681620 1010
1681630 1011
1681640 1011
1681650 1013
1681660 1015
1681670 1017
1681680 1017
1681690 1020
1681700 1024
1681710 1024
1681720 1029
1681730 1033
1681740 1033
1681750 1038
1681760 1043
1681770 1043
1681780 1046
1681790 1044
1681800 1044
1681810 1040
1681820 1041
1681830 1041
1681840 1047
1681850 1053
1681860 1053
1681870 1057
1681880 1060
1681890 1060
1681900 1064
1681910 1075
1681920 1075
1681930 1084
1681940 1091
1681950 1091
1681960 1101
1681970 1112
1681980 1112
1681990 1111
1682000 1113
1682010 1113
1682020 1114
1682030 1116
1682040 1116
1682050 1117
1682060 1115
1682070 1115
1682080 1112
1682090 1108
1682100 1108
1682110 1105
1682120 1104
1682130 1106
1682140 1106
1682150 1111
1682160 1115
1682170 1115
1682180 1117
1682190 1114
1682200 1114
1682210 1110
1682220 1106
1682230 1106
1682240 1104
1682250 1105
1682260 1105
1682270 1102
1682280 1096
1682290 1096
1682300 1091
1682310 1084
1682320 1084
1682330 1091
1682340 1096
1682350 1096
1682360 1098
1682370 1098
1682380 1098
1682390 1095
1682400 1094
1682410 1094
1682420 1095
1682430 1099
1682440 1099
1682450 1102
1682460 1105
1682470 1105
1682480 1108
1682490 1108
1682500 1108
1682510 1108
1682520 1108
1682530 1108
1682540 1116
1682550 1124
1682560 1124
1682570 1131
1682580 1139
1682590 1139
1682600 1144
1682610 1149
1682620 1155
1682630 1155
1682640 1160
1682650 1166
1682660 1166
1682670 1172
1682680 1177
1682690 1177
1682700 1181
1682710 1185
1682720 1185
1682730 1188
1682740 1189
1682750 1189
1682760 1188
1682770 1186
1682780 1186
1682790 1184
1682800 1184
1682810 1184
1682820 1184
1682830 1188
1682840 1188
1682850 1193
1682860 1195
1682870 1195
1682880 1197
1682890 1201
1682900 1201
1682910 1204
1682920 1208
1682930 1208
1682940 1207
1682950 1207
1682960 1207
1682970 1208
1682980 1215
1682990 1215
1683000 1222
1683010 1230
1683020 1230
1683030 1238
1683040 1246
1683050 1246
1683060 1251
1683070 1255
1683080 1255
1683090 1259
1683100 1264
1683110 1267
1683120 1267
1683130 1269
1683140 1272
1683150 1272
1683160 1266
1683170 1263
1683180 1263
1683190 1263
1683200 1268
1683210 1268
1683220 1270
1683230 1278
1683240 1278
1683250 1277
1683260 1278
1683270 1278
1683280 1283
1683290 1285
1683300 1285
1683310 1290
1683320 1296
1683330 1296
1683340 1302
1683350 1309
1683360 1309
1683370 1315
1683380 1322
1683390 1322
1683400 1334
1683410 1353
1683420 1353
1683430 1343
1683440 1352
1683450 1352
1683460 1355
1683470 1353
1683480 1353
1683490 1352
1683500 1350
1683510 1350
1683520 1348
1683530 1345
1683540 1345
1683550 1344
1683560 1342
1683570 1342
1683580 1339
1683590 1337
1683600 1334
1683610 1334
1683620 1331
1683630 1331
1683640 1331
1683650 1331
1683660 1330
1683670 1330
1683680 1331
1683690 1332
1683700 1332
1683710 1332
1683720 1331
1683730 1331
1683740 1331
1683750 1328
1683760 1328
1683770 1329
1683780 1330
1683790 1330
1683800 1327
1683810 1326
1683820 1326
1683830 1325
1683840 1325
1683850 1325
1683860 1324
1683870 1325
1683880 1325
1683890 1326
1683900 1324
1683910 1324
1683920 1332
1683930 1334
1683940 1334
1683950 1334
1683960 1331
1683970 1331
1683980 1333
1683990 1335
1684000 1335
1684010 1337
1684020 1340
1684030 1340
1684040 1347
1684050 1348
1684060 1345
1684070 1345
1684080 1343
1684090 1350
1684100 1350
1684110 1346
1684120 1342
1684130 1342
1684140 1345
1684150 1342
1684160 1342
1684170 1339
1684180 1334
1684190 1334
1684200 1331
1684210 1323
1684220 1323
1684230 1319
1684240 1315
1684250 1315
1684260 1314
1684270 1314
1684280 1314
1684290 1311
1684300 1307
1684310 1307
1684320 1299
1684330 1294
1684340 1294
1684350 1291
1684360 1293
1684370 1293
1684380 1293
1684390 1292
1684400 1292
1684410 1280
1684420 1272
1684430 1272
1684440 1259
1684450 1253
1684460 1253
1684470 1247
1684480 1245
1684490 1245
1684500 1237
1684510 1233
1684520 1233
1684530 1229
1684540 1228
1684550 1227
1684560 1227
1684570 1226
1684580 1226
1684590 1226
1684600 1223
1684610 1221
1684620 1221
1684630 1217
1684640 1214
1684650 1214
1684660 1214
1684670 1208
1684680 1208
1684690 1208
1684700 1207
1684710 1207
1684720 1205
1684730 1205
1684740 1205
1684750 1206
1684760 1208
1684770 1208
1684780 1208
1684790 1209
1684800 1209
1684810 1211
1684820 1210
1684830 1210
1684840 1210
1684850 1210
1684860 1210
1684870 1205
1684880 1205
1684890 1205
1684900 1203
1684910 1202
1684920 1202
1684930 1201
1684940 1200
1684950 1200
1684960 1196
1684970 1195
1684980 1195
1684990 1194
1685000 1195
1685010 1195
1685020 1196
1685030 1197
1685040 1200
1685050 1200
1685060 1202
1685070 1202
1685080 1202
1685090 1203
1685100 1205
1685110 1205
1685120 1206
1685130 1208
1685140 1208
1685150 1206
1685160 1204
1685170 1204
1685180 1195
1685190 1195
1685200 1195
1685210 1195
1685220 1196
1685230 1196
1685240 1196
1685250 1193
1685260 1193
1685270 1192
1685280 1191
1685290 1191
1685300 1191
1685310 1192
1685320 1192
1685330 1192
1685340 1191
1685350 1191
1685360 1192
1685370 1192
1685380 1192
1685390 1191
1685400 1192
1685410 1192
1685420 1194
1685430 1194
1685440 1194
1685450 1194
1685460 1193
1685470 1193
1685480 1193
1685490 1192
1685500 1192
1685510 1201
1685520 1201
1685530 1202
1685540 1202
1685550 1202
1685560 1199
1685570 1199
1685580 1198
1685590 1200
1685600 1200
1685610 1201
1685620 1203
1685630 1203
1685640 1202
1685650 1198
1685660 1198
1685670 1192
1685680 1187
1685690 1187
1685700 1180
1685710 1175
1685720 1175
1685730 1176
1685740 1171
1685750 1171
1685760 1160
1685770 1146
1685780 1146
1685790 1142
1685800 1139
1685810 1139
1685820 1136
1685830 1136
1685840 1136
1685850 1138
1685860 1136
1685870 1136
1685880 1131
1685890 1130
1685900 1130
1685910 1130
1685920 1132
1685930 1132
1685940 1132
1685950 1131
1685960 1131
1685970 1127
1685980 1124
1685990 1122
1686000 1122
1686010 1119
1686020 1115
1686030 1115
1686040 1111
1686050 1108
1686060 1108
1686070 1105
1686080 1098
1686090 1098
1686100 1096
1686110 1093
1686120 1093
1686130 1088
1686140 1081
1686150 1081
1686160 1077
1686170 1075
1686180 1075
1686190 1072
1686200 1070
1686210 1070
1686220 1066
1686230 1063
1686240 1063
1686250 1057
1686260 1055
1686270 1055
1686280 1048
1686290 1044
1686300 1044
1686310 1040
1686320 1037
1686330 1037
1686340 1036
1686350 1031
1686360 1031
1686370 1029
1686380 1028
1686390 1028
1686400 1028
1686410 1026
1686420 1026
1686430 1030
1686440 1033
1686450 1033
1686460 1035
1686470 1038
1686480 1041
1686490 1041
1686500 1044
1686510 1047
1686520 1047
1686530 1051
1686540 1054
1686550 1054
1686560 1058
1686570 1063
1686580 1063
1686590 1065
1686600 1071
1686610 1071
1686620 1073
1686630 1074
1686640 1074
1686650 1075
1686660 1078
1686670 1078
1686680 1080
1686690 1081
1686700 1081
1686710 1083
1686720 1083
1686730 1083
1686740 1083
1686750 1083
1686760 1083
1686770 1083
1686780 1081
1686790 1081
1686800 1079
1686810 1076
1686820 1076
1686830 1073
1686840 1070
1686850 1070
1686860 1069
1686870 1069
1686880 1069
1686890 1069
1686900 1067
1686910 1067
1686920 1064
1686930 1062
1686940 1062
1686950 1061
1686960 1059
1686970 1058
1686980 1058
1686990 1054
1687000 1050
1687010 1050
1687020 1048
1687030 1047
1687040 1047
1687050 1046
1687060 1044
1687070 1044
1687080 1042
1687090 1036
1687100 1036
1687110 1031
1687120 1026
1687130 1026
1687140 1018
1687150 1009
1687160 1009
1687170 1000
1687180 992
1687190 992
1687200 983
1687210 973
1687220 973
1687230 965
1687240 958
1687250 958
1687260 951
1687270 943
1687280 943
1687290 934
1687300 927
1687310 927
1687320 920
1687330 913
1687340 913
1687350 907
1687360 902
1687370 902
1687380 901
1687390 902
1687400 902
1687410 908
1687420 913
1687430 913
1687440 916
1687450 919
1687460 923
1687470 923
1687480 927
1687490 932
1687500 932
1687510 937
1687520 942
1687530 942
1687540 947
1687550 953
1687560 953
1687570 959
1687580 965
1687590 965
1687600 972
1687610 979
1687620 979
1687630 986
1687640 993
1687650 993
1687660 999
1687670 1006
1687680 1006
1687690 1013
1687700 1020
1687710 1020
1687720 1027
1687730 1034
1687740 1034
1687750 1042
1687760 1051
1687770 1051
1687780 1060
1687790 1069
1687800 1069
1687810 1076
1687820 1085
1687830 1085
1687840 1091
1687850 1099
1687860 1099
1687870 1108
1687880 1116
1687890 1116
1687900 1122
1687910 1128
1687920 1134
1687930 1134
1687940 1137
1687950 1141
1687960 1141
1687970 1147
1687980 1154
1687990 1154
1688000 1166
1688010 1167
1688020 1167
1688030 1170
1688040 1172
1688050 1172
1688060 1170
1688070 1169
1688080 1169
1688090 1170
1688100 1171
1688110 1171
1688120 1175
1688130 1178
1688140 1178
1688150 1180
1688160 1179
1688170 1179
1688180 1181
1688190 1183
1688200 1183
1688210 1185
1688220 1187
1688230 1187
1688240 1187
1688250 1192
1688260 1192
1688270 1196
1688280 1203
1688290 1203
1688300 1209
1688310 1212
1688320 1212
1688330 1212
1688340 1212
1688350 1212
1688360 1211
1688370 1216
1688380 1216
1688390 1217
1688400 1217
1688410 1218
1688420 1218
1688430 1220
1688440 1224
1688450 1224
1688460 1228
1688470 1237
1688480 1237
1688490 1245
1688500 1248
1688510 1248
1688520 1253
1688530 1256
1688540 1256
1688550 1259
1688560 1262
1688570 1262
1688580 1264
1688590 1268
1688600 1268
1688610 1271
1688620 1273
1688630 1273
1688640 1274
1688650 1273
1688660 1273
1688670 1275
1688680 1275
1688690 1275
1688700 1276
1688710 1279
1688720 1279
1688730 1280
1688740 1281
1688750 1281
1688760 1281
1688770 1282
1688780 1282
1688790 1282
1688800 1282
1688810 1282
1688820 1283
1688830 1284
1688840 1284
1688850 1286
1688860 1288
1688870 1288
1688880 1289
1688890 1291
1688900 1293
1688910 1293
1688920 1294
1688930 1295
1688940 1295
1688950 1297
1688960 1297
1688970 1297
1688980 1297
1688990 1296
1689000 1296
1689010 1295
1689020 1293
1689030 1293
1689040 1290
1689050 1288
1689060 1288
1689070 1286
1689080 1284
1689090 1284
1689100 1283
1689110 1282
1689120 1282
1689130 1283
1689140 1284
1689150 1284
1689160 1284
1689170 1285
1689180 1285
1689190 1284
1689200 1283
1689210 1283
1689220 1282
1689230 1282
1689240 1282
1689250 1281
1689260 1282
1689270 1282
1689280 1283
1689290 1284
1689300 1284
1689310 1285
1689320 1286
1689330 1286
1689340 1287
1689350 1287
1689360 1287
1689370 1287
1689380 1287
1689390 1287
1689400 1287
1689410 1286
1689420 1286
1689430 1286
1689440 1285
1689450 1286
1689460 1286
1689470 1284
1689480 1281
1689490 1281
1689500 1276
1689510 1261
1689520 1261
1689530 1256
1689540 1252
1689550 1252
1689560 1250
1689570 1245
1689580 1245
1689590 1238
1689600 1233
1689610 1233
1689620 1230
1689630 1228
1689640 1228
1689650 1223
1689660 1220
1689670 1220
1689680 1218
1689690 1216
1689700 1216
1689710 1213
1689720 1210
1689730 1210
1689740 1206
1689750 1201
1689760 1201
1689770 1195
1689780 1192
1689790 1192
1689800 1190
1689810 1188
1689820 1188
1689830 1187
1689840 1185
1689850 1181
1689860 1181
1689870 1175
1689880 1169
1689890 1169
1689900 1164
1689910 1161
1689920 1161
1689930 1159
1689940 1161
1689950 1161
1689960 1164
1689970 1167
1689980 1167
1689990 1169
1690000 1169
1690010 1169
1690020 1167
1690030 1166
1690040 1166
1690050 1165
1690060 1166
1690070 1166
1690080 1169
1690090 1173
1690100 1173
1690110 1178
1690120 1186
1690130 1186
1690140 1187
1690150 1188
1690160 1188
1690170 1190
1690180 1195
1690190 1195
1690200 1199
1690210 1204
1690220 1204
1690230 1208
1690240 1210
1690250 1210
1690260 1212
1690270 1214
1690280 1214
1690290 1215
1690300 1215
1690310 1215
1690320 1215
1690330 1214
1690340 1213
1690350 1213
1690360 1210
1690370 1208
1690380 1208
1690390 1206
1690400 1206
1690410 1206
1690420 1205
1690430 1206
1690440 1206
1690450 1207
1690460 1209
1690470 1209
1690480 1211
1690490 1214
1690500 1214
1690510 1217
1690520 1220
1690530 1220
1690540 1224
1690550 1227
1690560 1227
1690570 1229
1690580 1232
1690590 1232
1690600 1234
1690610 1236
1690620 1236
1690630 1237
1690640 1239
1690650 1239
1690660 1241
1690670 1242
1690680 1242
1690690 1245
1690700 1247
1690710 1247
1690720 1248
1690730 1249
1690740 1249
1690750 1250
1690760 1251
1690770 1251
1690780 1251
1690790 1253
1690800 1253
1690810 1254
1690820 1256
1690830 1257
1690840 1257
1690850 1258
1690860 1258
1690870 1258
1690880 1259
1690890 1260
1690900 1260
1690910 1260
1690920 1260
1690930 1260
1690940 1260
1690950 1260
1690960 1260
1690970 1259
1690980 1258
1690990 1258
1691000 1258
1691010 1257
1691020 1257
1691030 1257
1691040 1255
1691050 1255
1691060 1254
1691070 1251
1691080 1251
1691090 1249
1691100 1250
1691110 1250
1691120 1250
1691130 1250
1691140 1250
1691150 1247
1691160 1244
1691170 1244
1691180 1242
1691190 1236
1691200 1236
1691210 1232
1691220 1227
1691230 1227
1691240 1229
1691250 1232
1691260 1232
1691270 1232
1691280 1233
1691290 1237
1691300 1237
1691310 1239
1691320 1240
1691330 1240
1691340 1240
1691350 1238
1691360 1238
1691370 1241
1691380 1239
1691390 1239
1691400 1242
1691410 1245
1691420 1245
1691430 1248
1691440 1252
1691450 1252
1691460 1254
1691470 1259
1691480 1259
1691490 1260
1691500 1260
1691510 1260
1691520 1258
1691530 1258
1691540 1258
1691550 1257
1691560 1255
1691570 1255
1691580 1252
1691590 1252
1691600 1252
1691610 1254
1691620 1254
1691630 1254
1691640 1256
1691650 1256
1691660 1256
1691670 1259
1691680 1261
1691690 1261
1691700 1264
1691710 1267
1691720 1267
1691730 1269
1691740 1272
1691750 1272
1691760 1275
1691770 1278
1691780 1279
1691790 1279
1691800 1281
1691810 1283
1691820 1283
1691830 1285
1691840 1287
1691850 1287
1691860 1289
1691870 1290
1691880 1290
1691890 1292
1691900 1293
1691910 1293
1691920 1294
1691930 1295
1691940 1295
1691950 1293
1691960 1285
1691970 1285
1691980 1276
1691990 1267
1692000 1267
1692010 1259
1692020 1254
1692030 1254
1692040 1247
1692050 1240
1692060 1240
1692070 1234
1692080 1228
1692090 1228
1692100 1221
1692110 1214
1692120 1214
1692130 1207
1692140 1200
1692150 1200
1692160 1195
1692170 1191
1692180 1191
1692190 1185
1692200 1179
1692210 1179
1692220 1174
1692230 1170
1692240 1170
1692250 1166
1692260 1164
1692270 1161
1692280 1161
1692290 1158
1692300 1156
1692310 1156
1692320 1153
1692330 1150
1692340 1150
1692350 1147
1692360 1146
1692370 1146
1692380 1143
1692390 1140
1692400 1140
1692410 1137
1692420 1134
1692430 1134
1692440 1131
1692450 1128
1692460 1128
1692470 1125
1692480 1122
1692490 1122
1692500 1120
1692510 1118
1692520 1118
1692530 1115
1692540 1113
1692550 1113
1692560 1110
1692570 1106
1692580 1106
1692590 1102
1692600 1100
1692610 1100
1692620 1098
1692630 1098
1692640 1098
1692650 1099
1692660 1099
1692670 1099
1692680 1098
1692690 1099
1692700 1099
1692710 1099
1692720 1100
1692730 1100
1692740 1102
1692750 1105
1692760 1106
1692770 1106
1692780 1107
1692790 1107
1692800 1107
1692810 1106
1692820 1106
1692830 1106
1692840 1105
1692850 1106
1692860 1106
1692870 1107
1692880 1107
1692890 1107
1692900 1107
1692910 1107
1692920 1107
1692930 1104
1692940 1101
1692950 1101
1692960 1099
1692970 1097
1692980 1097
1692990 1097
1693000 1099
1693010 1099
1693020 1103
1693030 1107
1693040 1107
1693050 1104
1693060 1102
1693070 1102
1693080 1100
1693090 1098
1693100 1098
1693110 1097
1693120 1094
1693130 1094
1693140 1091
1693150 1087
1693160 1087
1693170 1086
1693180 1082
1693190 1082
1693200 1081
1693210 1079
1693220 1076
1693230 1076
1693240 1074
1693250 1072
1693260 1072
1693270 1072
1693280 1078
1693290 1078
1693300 1070
1693310 1068
1693320 1068
1693330 1067
1693340 1066
1693350 1066
1693360 1067
1693370 1069
1693380 1069
1693390 1070
1693400 1069
1693410 1069
1693420 1059
1693430 1064
1693440 1064
1693450 1066
1693460 1071
1693470 1071
1693480 1074
1693490 1080
1693500 1080
1693510 1086
1693520 1089
1693530 1089
1693540 1093
1693550 1095
1693560 1095
1693570 1099
1693580 1101
1693590 1101
1693600 1101
1693610 1104
1693620 1104
1693630 1106
1693640 1107
1693650 1107
1693660 1111
1693670 1115
1693680 1115
1693690 1120
1693700 1122
1693710 1123
1693720 1123
1693730 1126
1693740 1131
1693750 1131
1693760 1134
1693770 1142
1693780 1142
1693790 1150
1693800 1155
1693810 1155
1693820 1159
1693830 1160
1693840 1160
1693850 1163
1693860 1164
1693870 1164
1693880 1165
1693890 1167
1693900 1167
1693910 1168
1693920 1168
1693930 1168
1693940 1168
1693950 1168
1693960 1168
1693970 1167
1693980 1167
1693990 1167
1694000 1164
1694010 1163
1694020 1163
1694030 1162
1694040 1162
1694050 1162
1694060 1160
1694070 1159
1694080 1159
1694090 1159
1694100 1159
1694110 1159
1694120 1158
1694130 1157
1694140 1157
1694150 1154
1694160 1151
1694170 1151
1694180 1149
1694190 1148
1694200 1146
1694210 1146
1694220 1144
1694230 1141
1694240 1141
1694250 1139
1694260 1136
1694270 1136
1694280 1133
1694290 1131
1694300 1131
1694310 1130
1694320 1130
1694330 1130
1694340 1129
1694350 1128
1694360 1128
1694370 1127
1694380 1126
1694390 1126
1694400 1126
1694410 1126
1694420 1126
1694430 1124
1694440 1123
1694450 1123
1694460 1124
1694470 1125
1694480 1125
1694490 1126
1694500 1132
1694510 1132
1694520 1129
1694530 1126
1694540 1126
1694550 1119
1694560 1113
1694570 1113
1694580 1108
1694590 1103
1694600 1103
1694610 1098
1694620 1096
1694630 1096
1694640 1095
1694650 1093
1694660 1093
1694670 1089
1694680 1085
1694690 1080
1694700 1080
1694710 1077
1694720 1072
1694730 1072
1694740 1069
1694750 1067
1694760 1067
1694770 1060
1694780 1056
1694790 1056
1694800 1052
1694810 1045
1694820 1045
1694830 1041
1694840 1038
1694850 1038
1694860 1034
1694870 1031
1694880 1031
1694890 1028
1694900 1025
1694910 1025
1694920 1019
1694930 1013
1694940 1013
1694950 1003
1694960 994
1694970 994
1694980 988
1694990 983
1695000 983
1695010 979
1695020 970
1695030 970
1695040 966
1695050 964
1695060 964
1695070 962
1695080 958
1695090 958
1695100 955
1695110 953
1695120 953
1695130 951
1695140 952
1695150 951
1695160 951
1695170 952
1695180 953
1695190 953
1695200 956
1695210 958
1695220 958
1695230 960
1695240 964
1695250 964
1695260 969
1695270 972
1695280 972
1695290 973
1695300 976
1695310 976
1695320 981
1695330 988
1695340 988
1695350 991
1695360 996
1695370 996
1695380 1000
1695390 1006
1695400 1006
1695410 1011
1695420 1016
1695430 1016
1695440 1020
1695450 1025
1695460 1025
1695470 1029
1695480 1034
1695490 1034
1695500 1039
1695510 1044
1695520 1044
1695530 1049
1695540 1055
1695550 1055
1695560 1061
1695570 1066
1695580 1066
1695590 1071
1695600 1077
1695610 1077
1695620 1083
1695630 1087
1695640 1091
1695650 1091
1695660 1092
1695670 1091
1695680 1091
1695690 1092
1695700 1096
1695710 1096
1695720 1097
1695730 1098
1695740 1098
1695750 1101
1695760 1101
1695770 1101
1695780 1101
1695790 1099
1695800 1099
1695810 1095
1695820 1092
1695830 1092
1695840 1087
1695850 1085
1695860 1085
1695870 1083
1695880 1080
1695890 1080
1695900 1077
1695910 1075
1695920 1075
1695930 1073
1695940 1071
1695950 1071
1695960 1069
1695970 1067
1695980 1067
1695990 1066
1696000 1066
1696010 1066
1696020 1065
1696030 1064
1696040 1064
1696050 1064
1696060 1063
1696070 1063
1696080 1063
1696090 1063
1696100 1063
1696110 1062
1696120 1061
1696130 1060
1696140 1060
1696150 1059
1696160 1060
1696170 1060
1696180 1060
1696190 1060
1696200 1060
1696210 1060
1696220 1058
1696230 1058
1696240 1056
1696250 1055
1696260 1055
1696270 1053
1696280 1051
1696290 1051
1696300 1051
1696310 1051
1696320 1051
1696330 1050
1696340 1050
1696350 1050
1696360 1048
1696370 1046
1696380 1046
1696390 1043
1696400 1041
1696410 1041
1696420 1039
1696430 1037
1696440 1037
1696450 1037
1696460 1037
1696470 1037
1696480 1036
1696490 1036
1696500 1036
1696510 1036
1696520 1036
1696530 1036
1696540 1035
1696550 1034
1696560 1034
1696570 1032
1696580 1029
1696590 1029
1696600 1029
1696610 1029
1696620 1027
1696630 1027
1696640 1025
1696650 1022
1696660 1022
1696670 1019
1696680 1017
1696690 1017
1696700 1014
1696710 1011
1696720 1011
1696730 1010
1696740 1009
1696750 1009
1696760 1007
1696770 1008
1696780 1008
1696790 1009
1696800 1007
1696810 1007
1696820 1007
1696830 1009
1696840 1009
1696850 1011
1696860 1012
1696870 1012
1696880 1012
1696890 1010
1696900 1010
1696910 1009
1696920 1007
1696930 1007
1696940 1006
1696950 1005
1696960 1005
1696970 1005
1696980 1004
1696990 1004
1697000 1003
1697010 1002
1697020 1002
1697030 1002
1697040 1001
1697050 1001
1697060 1001
1697070 1000
1697080 998
1697090 998
1697100 997
1697110 996
1697120 996
1697130 993
1697140 990
1697150 990
1697160 987
1697170 986
1697180 986
1697190 984
1697200 983
1697210 983
1697220 981
1697230 980
1697240 980
1697250 979
1697260 978
1697270 978
1697280 977
1697290 977
1697300 977
1697310 977
1697320 977
1697330 977
1697340 981
1697350 980
1697360 980
1697370 977
1697380 975
1697390 975
1697400 972
1697410 970
1697420 970
1697430 968
1697440 969
1697450 969
1697460 969
1697470 967
1697480 967
1697490 964
1697500 961
1697510 961
1697520 957
1697530 953
1697540 953
1697550 949
1697560 946
1697570 942
1697580 942
1697590 936
1697600 931
1697610 931
1697620 927
1697630 922
1697640 922
1697650 918
1697660 915
1697670 915
1697680 912
1697690 909
1697700 909
1697710 904
1697720 898
1697730 898
1697740 894
1697750 893
1697760 893
1697770 892
1697780 892
1697790 892
1697800 891
1697810 891
1697820 891
1697830 891
1697840 891
1697850 891
1697860 891
1697870 888
1697880 888
1697890 887
1697900 884
1697910 884
1697920 880
1697930 876
1697940 876
1697950 872
1697960 868
1697970 868
1697980 864
1697990 860
1698000 860
1698010 858
1698020 855
1698030 855
1698040 852
1698050 849
1698060 847
1698070 847
1698080 844
1698090 841
1698100 841
1698110 838
1698120 834
1698130 834
1698140 831
1698150 828
1698160 828
1698170 825
1698180 823
1698190 823
1698200 822
1698210 821
1698220 821
1698230 820
1698240 817
1698250 817
1698260 815
1698270 813
1698280 813
1698290 811
1698300 809
1698310 809
1698320 806
1698330 803
1698340 803
1698350 800
1698360 797
1698370 797
1698380 793
1698390 790
1698400 790
1698410 787
1698420 784
1698430 784
1698440 782
1698450 782
1698460 782
1698470 782
1698480 781
1698490 781
1698500 780
1698510 780
1698520 780
1698530 779
1698540 778
1698550 777
1698560 777
1698570 777
1698580 777
1698590 777
1698600 777
1698610 776
1698620 776
1698630 776
1698640 774
1698650 774
1698660 773
1698670 773
1698680 773
1698690 773
1698700 771
1698710 771
1698720 770
1698730 769
1698740 769
1698750 769
1698760 767
1698770 767
1698780 765
1698790 764
1698800 764
1698810 762
1698820 762
1698830 762
1698840 762
1698850 761
1698860 761
1698870 761
1698880 761
1698890 761
1698900 760
1698910 761
1698920 761
1698930 761
1698940 763
1698950 763
1698960 763
1698970 764
1698980 764
1698990 765
1699000 765
1699010 766
1699020 766
1699030 765
1699040 764
1699050 764
1699060 763
1699070 762
1699080 762
1699090 760
1699100 759
1699110 759
1699120 758
1699130 757
1699140 757
1699150 756
1699160 755
1699170 755
1699180 755
1699190 754
1699200 754
1699210 754
1699220 754
1699230 754
1699240 754
1699250 754
1699260 754
1699270 753
1699280 754
1699290 754
1699300 753
1699310 753
1699320 753
1699330 753
1699340 752
1699350 752
1699360 752
1699370 752
1699380 752
1699390 752
1699400 751
1699410 751
1699420 752
1699430 751
1699440 751
1699450 751
1699460 750
1699470 750
1699480 750
1699490 751
1699500 752
1699510 752
1699520 753
1699530 755
1699540 755
1699550 756
1699560 757
1699570 757
1699580 758
1699590 759
1699600 759
1699610 760
1699620 762
1699630 762
1699640 763
1699650 764
1699660 764
1699670 765
1699680 766
1699690 766
1699700 767
1699710 767
1699720 767
1699730 767
1699740 767
1699750 767
1699760 766
1699770 765
1699780 765
1699790 765
1699800 763
1699810 763
1699820 762
1699830 763
1699840 763
1699850 763
1699860 764
1699870 764
1699880 764
1699890 765
1699900 765
1699910 766
1699920 765
1699930 765
1699940 765
1699950 765
1699960 765
1699970 765
1699980 772
1699990 776
