1680000 821
1680010 824
1680020 824
1680030 824
1680040 824
1680050 824
1680060 825
1680070 824
1680080 824
1680090 824
1680100 823
1680110 823
1680120 821
1680130 820
1680140 820
1680150 818
1680160 817
1680170 817
1680180 813
1680190 809
1680200 809
1680210 807
1680220 802
1680230 802
1680240 797
1680250 800
1680260 800
1680270 807
1680280 814
1680290 814
1680300 818
1680310 821
1680320 821
1680330 824
1680340 826
1680350 826
1680360 829
1680370 831
1680380 834
1680390 834
1680400 836
1680410 838
1680420 838
1680430 839
1680440 840
1680450 840
1680460 843
1680470 845
1680480 845
1680490 847
1680500 849
1680510 849
1680520 850
1680530 851
1680540 851
1680550 852
1680560 852
1680570 852
1680580 852
1680590 857
1680600 857
1680610 864
1680620 868
1680630 868
1680640 874
1680650 873
1680660 873
1680670 872
1680680 866
1680690 866
1680700 858
1680710 851
1680720 851
1680730 845
1680740 841
1680750 841
1680760 838
1680770 835
1680780 835
1680790 833
1680800 834
1680810 834
1680820 835
1680830 836
1680840 835
1680850 835
1680860 832
1680870 826
1680880 826
1680890 819
1680900 811
1680910 811
1680920 804
1680930 797
1680940 797
1680950 794
1680960 792
1680970 792
1680980 789
1680990 789
1681000 789
1681010 792
1681020 794
1681030 794
1681040 795
1681050 799
1681060 799
1681070 802
1681080 804
1681090 804
1681100 810
1681110 812
1681120 812
1681130 815
1681140 820
1681150 820
1681160 825
1681170 830
1681180 830
1681190 834
1681200 838
1681210 838
1681220 844
1681230 849
1681240 849
1681250 853
1681260 857
1681270 857
1681280 861
1681290 865
1681300 865
1681310 869
1681320 871
1681330 875
1681340 875
1681350 876
1681360 878
1681370 878
1681380 876
1681390 874
1681400 874
1681410 872
1681420 870
1681430 870
1681440 872
1681450 871
1681460 871
1681470 869
1681480 869
1681490 869
1681500 869
1681510 869
1681520 869
1681530 871
1681540 873
1681550 873
1681560 875
1681570 877
1681580 877
1681590 879
1681600 881
1681610 881
1681620 883
1681630 891
1681640 891
1681650 891
1681660 891
1681670 891
1681680 892
1681690 887
1681700 887
1681710 881
1681720 875
1681730 875
1681740 869
1681750 866
1681760 866
1681770 866
1681780 867
1681790 867
1681800 869
1681810 873
1681820 877
1681830 877
1681840 881
1681850 883
1681860 883
1681870 885
1681880 888
1681890 888
1681900 891
1681910 894
1681920 894
1681930 896
1681940 899
1681950 899
1681960 902
1681970 904
1681980 904
1681990 906
1682000 906
1682010 906
1682020 904
1682030 901
1682040 901
1682050 897
1682060 894
1682070 894
1682080 890
1682090 885
1682100 885
1682110 879
1682120 874
1682130 874
1682140 868
1682150 862
1682160 862
1682170 857
1682180 855
1682190 855
1682200 853
1682210 852
1682220 852
1682230 848
1682240 845
1682250 845
1682260 844
1682270 842
1682280 842
1682290 841
1682300 837
1682310 838
1682320 838
1682330 845
1682340 852
1682350 852
1682360 858
1682370 862
1682380 862
1682390 868
1682400 874
1682410 874
1682420 880
1682430 886
1682440 886
1682450 891
1682460 896
1682470 896
1682480 902
1682490 907
1682500 907
1682510 913
1682520 918
1682530 918
1682540 920
1682550 923
1682560 923
1682570 924
1682580 923
1682590 923
1682600 917
1682610 912
1682620 912
1682630 905
1682640 900
1682650 900
1682660 897
1682670 895
1682680 895
1682690 892
1682700 892
1682710 892
1682720 894
1682730 897
1682740 897
1682750 900
1682760 903
1682770 903
1682780 904
1682790 905
1682800 904
1682810 904
1682820 900
1682830 896
1682840 896
1682850 891
1682860 887
1682870 887
1682880 885
1682890 884
1682900 884
1682910 886
1682920 884
1682930 884
1682940 884
1682950 880
1682960 880
1682970 877
1682980 879
1682990 879
1683000 886
1683010 889
1683020 889
1683030 892
1683040 894
1683050 894
1683060 891
1683070 889
1683080 889
1683090 890
1683100 891
1683110 891
1683120 891
1683130 892
1683140 892
1683150 893
1683160 890
1683170 890
1683180 891
1683190 891
1683200 891
1683210 895
1683220 904
1683230 904
1683240 911
1683250 914
1683260 914
1683270 917
1683280 918
1683290 918
1683300 918
1683310 918
1683320 919
1683330 919
1683340 923
1683350 927
1683360 927
1683370 932
1683380 936
1683390 936
1683400 940
1683410 945
1683420 945
1683430 948
1683440 950
1683450 950
1683460 951
1683470 952
1683480 952
1683490 952
1683500 951
1683510 951
1683520 950
1683530 949
1683540 949
1683550 946
1683560 944
1683570 944
1683580 942
1683590 942
1683600 942
1683610 940
1683620 936
1683630 936
1683640 933
1683650 935
1683660 935
1683670 936
1683680 941
1683690 941
1683700 946
1683710 951
1683720 951
1683730 957
1683740 962
1683750 962
1683760 964
1683770 966
1683780 967
1683790 967
1683800 967
1683810 968
1683820 968
1683830 968
1683840 967
1683850 967
1683860 966
1683870 963
1683880 963
1683890 961
1683900 959
1683910 959
1683920 954
1683930 952
1683940 952
1683950 952
1683960 955
1683970 955
1683980 957
1683990 958
1684000 958
1684010 959
1684020 960
1684030 960
1684040 962
1684050 959
1684060 959
1684070 957
1684080 957
1684090 957
1684100 964
1684110 967
1684120 967
1684130 965
1684140 967
1684150 967
1684160 970
1684170 973
1684180 973
1684190 975
1684200 976
1684210 976
1684220 979
1684230 980
1684240 980
1684250 983
1684260 984
1684270 980
1684280 980
1684290 975
1684300 971
1684310 971
1684320 966
1684330 963
1684340 963
1684350 963
1684360 962
1684370 962
1684380 963
1684390 965
1684400 965
1684410 967
1684420 963
1684430 963
1684440 969
1684450 962
1684460 962
1684470 968
1684480 970
1684490 970
1684500 973
1684510 978
1684520 978
1684530 984
1684540 988
1684550 988
1684560 991
1684570 995
1684580 995
1684590 998
1684600 1001
1684610 1001
1684620 1005
1684630 1007
1684640 1007
1684650 1009
1684660 1013
1684670 1013
1684680 1015
1684690 1019
1684700 1019
1684710 1021
1684720 1018
1684730 1018
1684740 1011
1684750 1006
1684760 1002
1684770 1002
1684780 998
1684790 994
1684800 994
1684810 1003
1684820 1008
1684830 1008
1684840 1012
1684850 1016
1684860 1016
1684870 1017
1684880 1017
1684890 1017
1684900 1014
1684910 1015
1684920 1015
1684930 1019
1684940 1026
1684950 1026
1684960 1031
1684970 1037
1684980 1037
1684990 1041
1685000 1044
1685010 1044
1685020 1043
1685030 1040
1685040 1040
1685050 1032
1685060 1022
1685070 1022
1685080 1016
1685090 1011
1685100 1011
1685110 1017
1685120 1024
1685130 1024
1685140 1028
1685150 1028
1685160 1028
1685170 1027
1685180 1027
1685190 1027
1685200 1026
1685210 1024
1685220 1024
1685230 1021
1685240 1016
1685250 1011
1685260 1011
1685270 1007
1685280 1003
1685290 1003
1685300 1000
1685310 1013
1685320 1013
1685330 1015
1685340 1016
1685350 1016
1685360 1017
1685370 1017
1685380 1017
1685390 1014
1685400 1010
1685410 1010
1685420 1020
1685430 1029
1685440 1029
1685450 1038
1685460 1045
1685470 1045
1685480 1051
1685490 1058
1685500 1058
1685510 1063
1685520 1069
1685530 1069
1685540 1075
1685550 1081
1685560 1081
1685570 1088
1685580 1094
1685590 1094
1685600 1101
1685610 1107
1685620 1107
1685630 1110
1685640 1111
1685650 1111
1685660 1115
1685670 1119
1685680 1119
1685690 1123
1685700 1125
1685710 1125
1685720 1120
1685730 1120
1685740 1118
1685750 1118
1685760 1124
1685770 1125
1685780 1125
1685790 1126
1685800 1127
1685810 1127
1685820 1126
1685830 1126
1685840 1126
1685850 1126
1685860 1123
1685870 1123
1685880 1120
1685890 1118
1685900 1118
1685910 1118
1685920 1115
1685930 1115
1685940 1111
1685950 1109
1685960 1109
1685970 1104
1685980 1098
1685990 1098
1686000 1092
1686010 1086
1686020 1086
1686030 1081
1686040 1077
1686050 1077
1686060 1074
1686070 1071
1686080 1071
1686090 1068
1686100 1065
1686110 1065
1686120 1062
1686130 1061
1686140 1061
1686150 1061
1686160 1060
1686170 1060
1686180 1061
1686190 1066
1686200 1066
1686210 1072
1686220 1076
1686230 1078
1686240 1078
1686250 1080
1686260 1083
1686270 1083
1686280 1087
1686290 1091
1686300 1091
1686310 1094
1686320 1097
1686330 1097
1686340 1099
1686350 1101
1686360 1101
1686370 1104
1686380 1107
1686390 1107
1686400 1111
1686410 1114
1686420 1114
1686430 1117
1686440 1120
1686450 1120
1686460 1122
1686470 1121
1686480 1121
1686490 1122
1686500 1123
1686510 1123
1686520 1123
1686530 1127
1686540 1127
1686550 1131
1686560 1133
1686570 1133
1686580 1135
1686590 1138
1686600 1138
1686610 1143
1686620 1148
1686630 1148
1686640 1144
1686650 1147
1686660 1147
1686670 1150
1686680 1156
1686690 1156
1686700 1158
1686710 1165
1686720 1174
1686730 1174
1686740 1181
1686750 1188
1686760 1188
1686770 1196
1686780 1202
1686790 1202
1686800 1208
1686810 1212
1686820 1212
1686830 1216
1686840 1222
1686850 1222
1686860 1227
1686870 1232
1686880 1232
1686890 1240
1686900 1242
1686910 1242
1686920 1238
1686930 1233
1686940 1233
1686950 1229
1686960 1225
1686970 1225
1686980 1221
1686990 1216
1687000 1216
1687010 1209
1687020 1204
1687030 1204
1687040 1204
1687050 1204
1687060 1204
1687070 1206
1687080 1200
1687090 1200
1687100 1193
1687110 1186
1687120 1186
1687130 1178
1687140 1171
1687150 1171
1687160 1164
1687170 1157
1687180 1157
1687190 1149
1687200 1142
1687210 1135
1687220 1135
1687230 1128
1687240 1120
1687250 1120
1687260 1113
1687270 1106
1687280 1106
1687290 1098
1687300 1091
1687310 1091
1687320 1085
1687330 1078
1687340 1078
1687350 1071
1687360 1068
1687370 1068
1687380 1066
1687390 1061
1687400 1061
1687410 1060
1687420 1059
1687430 1059
1687440 1058
1687450 1061
1687460 1061
1687470 1053
1687480 1046
1687490 1046
1687500 1045
1687510 1047
1687520 1047
1687530 1049
1687540 1047
1687550 1047
1687560 1044
1687570 1040
1687580 1040
1687590 1034
1687600 1032
1687610 1032
1687620 1030
1687630 1028
1687640 1028
1687650 1027
1687660 1026
1687670 1026
1687680 1024
1687690 1022
1687700 1019
1687710 1019
1687720 1017
1687730 1014
1687740 1014
1687750 1011
1687760 1009
1687770 1009
1687780 1008
1687790 1007
1687800 1007
1687810 1005
1687820 1001
1687830 1001
1687840 1000
1687850 993
1687860 993
1687870 996
1687880 996
1687890 996
1687900 995
1687910 994
1687920 994
1687930 992
1687940 992
1687950 992
1687960 992
1687970 991
1687980 991
1687990 988
1688000 988
1688010 988
1688020 987
1688030 986
1688040 986
1688050 984
1688060 983
1688070 983
1688080 980
1688090 979
1688100 979
1688110 979
1688120 979
1688130 979
1688140 978
1688150 977
1688160 977
1688170 976
1688180 975
1688190 974
1688200 974
1688210 974
1688220 973
1688230 973
1688240 972
1688250 973
1688260 973
1688270 972
1688280 971
1688290 971
1688300 970
1688310 969
1688320 969
1688330 967
1688340 963
1688350 963
1688360 960
1688370 961
1688380 961
1688390 961
1688400 961
1688410 961
1688420 959
1688430 956
1688440 956
1688450 956
1688460 956
1688470 956
1688480 955
1688490 951
1688500 951
1688510 952
1688520 953
1688530 953
1688540 952
1688550 953
1688560 953
1688570 957
1688580 966
1688590 966
1688600 973
1688610 977
1688620 977
1688630 980
1688640 985
1688650 985
1688660 988
1688670 989
1688680 992
1688690 992
1688700 994
1688710 994
1688720 994
1688730 995
1688740 996
1688750 996
1688760 997
1688770 997
1688780 997
1688790 997
1688800 1001
1688810 1001
1688820 1008
1688830 1013
1688840 1013
1688850 1018
1688860 1022
1688870 1022
1688880 1025
1688890 1024
1688900 1024
1688910 1026
1688920 1032
1688930 1032
1688940 1026
1688950 1030
1688960 1030
1688970 1037
1688980 1043
1688990 1043
1689000 1048
1689010 1051
1689020 1051
1689030 1055
1689040 1059
1689050 1059
1689060 1063
1689070 1069
1689080 1069
1689090 1075
1689100 1080
1689110 1080
1689120 1088
1689130 1093
1689140 1093
1689150 1098
1689160 1104
1689170 1108
1689180 1108
1689190 1113
1689200 1118
1689210 1118
1689220 1126
1689230 1131
1689240 1131
1689250 1144
1689260 1143
1689270 1143
1689280 1145
1689290 1151
1689300 1151
1689310 1157
1689320 1163
1689330 1163
1689340 1167
1689350 1169
1689360 1169
1689370 1168
1689380 1170
1689390 1170
1689400 1174
1689410 1174
1689420 1174
1689430 1176
1689440 1177
1689450 1177
1689460 1177
1689470 1176
1689480 1176
1689490 1175
1689500 1174
1689510 1174
1689520 1172
1689530 1171
1689540 1171
1689550 1169
1689560 1166
1689570 1166
1689580 1164
1689590 1163
1689600 1163
1689610 1162
1689620 1161
1689630 1161
1689640 1161
1689650 1160
1689660 1159
1689670 1159
1689680 1158
1689690 1158
1689700 1158
1689710 1156
1689720 1155
1689730 1155
1689740 1154
1689750 1153
1689760 1153
1689770 1153
1689780 1151
1689790 1151
1689800 1150
1689810 1148
1689820 1148
1689830 1146
1689840 1144
1689850 1144
1689860 1143
1689870 1142
1689880 1142
1689890 1140
1689900 1138
1689910 1138
1689920 1137
1689930 1135
1689940 1135
1689950 1133
1689960 1131
1689970 1131
1689980 1127
1689990 1124
1690000 1124
1690010 1122
1690020 1121
1690030 1121
1690040 1121
1690050 1120
1690060 1120
1690070 1121
1690080 1121
1690090 1121
1690100 1121
1690110 1123
1690120 1123
1690130 1125
1690140 1126
1690150 1128
1690160 1128
1690170 1129
1690180 1129
1690190 1129
1690200 1131
1690210 1131
1690220 1131
1690230 1134
1690240 1136
1690250 1136
1690260 1137
1690270 1137
1690280 1137
1690290 1137
1690300 1137
1690310 1137
1690320 1138
1690330 1138
1690340 1138
1690350 1138
1690360 1139
1690370 1139
1690380 1139
1690390 1139
1690400 1139
1690410 1139
1690420 1139
1690430 1139
1690440 1139
1690450 1138
1690460 1138
1690470 1137
1690480 1136
1690490 1136
1690500 1136
1690510 1136
1690520 1136
1690530 1136
1690540 1135
1690550 1135
1690560 1136
1690570 1136
1690580 1136
1690590 1135
1690600 1136
1690610 1136
1690620 1136
1690630 1135
1690640 1136
1690650 1136
1690660 1136
1690670 1139
1690680 1139
1690690 1140
1690700 1142
1690710 1142
1690720 1145
1690730 1148
1690740 1148
1690750 1152
1690760 1156
1690770 1156
1690780 1163
1690790 1168
1690800 1168
1690810 1173
1690820 1178
1690830 1178
1690840 1183
1690850 1187
1690860 1187
1690870 1191
1690880 1195
1690890 1195
1690900 1198
1690910 1200
1690920 1200
1690930 1203
1690940 1205
1690950 1205
1690960 1207
1690970 1208
1690980 1208
1690990 1210
1691000 1212
1691010 1212
1691020 1212
1691030 1214
1691040 1214
1691050 1214
1691060 1216
1691070 1216
1691080 1217
1691090 1218
1691100 1218
1691110 1219
1691120 1222
1691130 1223
1691140 1223
1691150 1222
1691160 1223
1691170 1223
1691180 1223
1691190 1224
1691200 1224
1691210 1223
1691220 1223
1691230 1223
1691240 1223
1691250 1222
1691260 1222
1691270 1222
1691280 1221
1691290 1221
1691300 1221
1691310 1221
1691320 1221
1691330 1222
1691340 1221
1691350 1221
1691360 1223
1691370 1223
1691380 1223
1691390 1223
1691400 1220
1691410 1220
1691420 1218
1691430 1218
1691440 1218
1691450 1218
1691460 1218
1691470 1218
1691480 1218
1691490 1219
1691500 1219
1691510 1218
1691520 1218
1691530 1218
1691540 1218
1691550 1220
1691560 1220
1691570 1218
1691580 1217
1691590 1217
1691600 1215
1691610 1214
1691620 1213
1691630 1213
1691640 1211
1691650 1209
1691660 1209
1691670 1206
1691680 1205
1691690 1205
1691700 1209
1691710 1211
1691720 1211
1691730 1213
1691740 1215
1691750 1215
1691760 1216
1691770 1217
1691780 1217
1691790 1219
1691800 1219
1691810 1219
1691820 1218
1691830 1217
1691840 1217
1691850 1216
1691860 1218
1691870 1218
1691880 1220
1691890 1221
1691900 1221
1691910 1222
1691920 1223
1691930 1223
1691940 1225
1691950 1225
1691960 1225
1691970 1226
1691980 1226
1691990 1226
1692000 1227
1692010 1226
1692020 1226
1692030 1226
1692040 1226
1692050 1226
1692060 1224
1692070 1224
1692080 1224
1692090 1224
1692100 1225
1692110 1225
1692120 1225
1692130 1224
1692140 1224
1692150 1224
1692160 1224
1692170 1224
1692180 1224
1692190 1223
1692200 1223
1692210 1223
1692220 1223
1692230 1224
1692240 1224
1692250 1224
1692260 1225
1692270 1225
1692280 1226
1692290 1228
1692300 1228
1692310 1230
1692320 1232
1692330 1232
1692340 1234
1692350 1237
1692360 1237
1692370 1238
1692380 1240
1692390 1240
1692400 1243
1692410 1247
1692420 1247
1692430 1248
1692440 1250
1692450 1250
1692460 1251
1692470 1252
1692480 1252
1692490 1254
1692500 1256
1692510 1256
1692520 1259
1692530 1259
1692540 1259
1692550 1261
1692560 1261
1692570 1261
1692580 1258
1692590 1257
1692600 1257
1692610 1257
1692620 1256
1692630 1255
1692640 1255
1692650 1253
1692660 1252
1692670 1252
1692680 1250
1692690 1248
1692700 1248
1692710 1246
1692720 1245
1692730 1245
1692740 1244
1692750 1245
1692760 1245
1692770 1246
1692780 1248
1692790 1248
1692800 1250
1692810 1253
1692820 1253
1692830 1257
1692840 1261
1692850 1261
1692860 1264
1692870 1267
1692880 1267
1692890 1269
1692900 1270
1692910 1270
1692920 1270
1692930 1270
1692940 1270
1692950 1271
1692960 1273
1692970 1273
1692980 1274
1692990 1274
1693000 1274
1693010 1275
1693020 1275
1693030 1275
1693040 1275
1693050 1274
1693060 1274
1693070 1273
1693080 1274
1693090 1275
1693100 1275
1693110 1274
1693120 1273
1693130 1273
1693140 1272
1693150 1272
1693160 1272
1693170 1273
1693180 1275
1693190 1275
1693200 1278
1693210 1279
1693220 1279
1693230 1280
1693240 1280
1693250 1280
1693260 1280
1693270 1280
1693280 1280
1693290 1280
1693300 1280
1693310 1280
1693320 1281
1693330 1281
1693340 1281
1693350 1280
1693360 1279
1693370 1279
1693380 1278
1693390 1278
1693400 1278
1693410 1278
1693420 1280
1693430 1280
1693440 1281
1693450 1282
1693460 1282
1693470 1282
1693480 1283
1693490 1283
1693500 1284
1693510 1285
1693520 1285
1693530 1283
1693540 1281
1693550 1281
1693560 1280
1693570 1277
1693580 1275
1693590 1275
1693600 1275
1693610 1273
1693620 1273
1693630 1273
1693640 1274
1693650 1274
1693660 1276
1693670 1276
1693680 1276
1693690 1274
1693700 1271
1693710 1271
1693720 1269
1693730 1268
1693740 1268
1693750 1267
1693760 1266
1693770 1266
1693780 1267
1693790 1268
1693800 1268
1693810 1268
1693820 1269
1693830 1269
1693840 1269
1693850 1268
1693860 1268
1693870 1267
1693880 1265
1693890 1265
1693900 1263
1693910 1261
1693920 1261
1693930 1259
1693940 1259
1693950 1259
1693960 1260
1693970 1260
1693980 1260
1693990 1259
1694000 1259
1694010 1259
1694020 1260
1694030 1259
1694040 1259
1694050 1257
1694060 1255
1694070 1253
1694080 1253
1694090 1251
1694100 1249
1694110 1249
1694120 1246
1694130 1244
1694140 1244
1694150 1241
1694160 1236
1694170 1236
1694180 1232
1694190 1229
1694200 1229
1694210 1224
1694220 1219
1694230 1219
1694240 1214
1694250 1210
1694260 1210
1694270 1208
1694280 1208
1694290 1208
1694300 1207
1694310 1203
1694320 1203
1694330 1196
1694340 1188
1694350 1188
1694360 1180
1694370 1172
1694380 1172
1694390 1164
1694400 1157
1694410 1157
1694420 1151
1694430 1144
1694440 1144
1694450 1138
1694460 1133
1694470 1133
1694480 1126
1694490 1120
1694500 1120
1694510 1115
1694520 1108
1694530 1108
1694540 1101
1694550 1095
1694560 1090
1694570 1090
1694580 1086
1694590 1082
1694600 1082
1694610 1078
1694620 1075
1694630 1075
1694640 1071
1694650 1068
1694660 1068
1694670 1066
1694680 1069
1694690 1069
1694700 1072
1694710 1072
1694720 1072
1694730 1070
1694740 1063
1694750 1063
1694760 1062
1694770 1062
1694780 1062
1694790 1070
1694800 1076
1694810 1076
1694820 1079
1694830 1084
1694840 1084
1694850 1090
1694860 1093
1694870 1093
1694880 1094
1694890 1096
1694900 1096
1694910 1098
1694920 1102
1694930 1102
1694940 1105
1694950 1107
1694960 1107
1694970 1107
1694980 1109
1694990 1109
1695000 1111
1695010 1114
1695020 1117
1695030 1117
1695040 1119
1695050 1122
1695060 1122
1695070 1126
1695080 1131
1695090 1131
1695100 1136
1695110 1141
1695120 1141
1695130 1145
1695140 1150
1695150 1150
1695160 1153
1695170 1158
1695180 1158
1695190 1162
1695200 1168
1695210 1168
1695220 1176
1695230 1179
1695240 1179
1695250 1183
1695260 1191
1695270 1191
1695280 1197
1695290 1201
1695300 1201
1695310 1206
1695320 1210
1695330 1210
1695340 1214
1695350 1222
1695360 1222
1695370 1224
1695380 1230
1695390 1230
1695400 1237
1695410 1246
1695420 1246
1695430 1251
1695440 1257
1695450 1257
1695460 1259
1695470 1264
1695480 1264
1695490 1269
1695500 1272
1695510 1275
1695520 1275
1695530 1280
1695540 1287
1695550 1287
1695560 1294
1695570 1298
1695580 1298
1695590 1304
1695600 1310
1695610 1310
1695620 1315
1695630 1321
1695640 1321
1695650 1328
1695660 1334
1695670 1334
1695680 1341
1695690 1348
1695700 1348
1695710 1355
1695720 1362
1695730 1362
1695740 1369
1695750 1376
1695760 1376
1695770 1382
1695780 1388
1695790 1388
1695800 1395
1695810 1401
1695820 1401
1695830 1407
1695840 1414
1695850 1414
1695860 1419
1695870 1426
1695880 1426
1695890 1432
1695900 1438
1695910 1438
1695920 1444
1695930 1449
1695940 1449
1695950 1455
1695960 1461
1695970 1461
1695980 1466
1695990 1471
1696000 1477
1696010 1477
1696020 1482
1696030 1489
1696040 1489
1696050 1495
1696060 1500
1696070 1500
1696080 1504
1696090 1501
1696100 1501
1696110 1494
1696120 1484
1696130 1484
1696140 1476
1696150 1470
1696160 1470
1696170 1463
1696180 1454
1696190 1454
1696200 1447
1696210 1441
1696220 1441
1696230 1435
1696240 1432
1696250 1432
1696260 1427
1696270 1422
1696280 1422
1696290 1418
1696300 1413
1696310 1413
1696320 1409
1696330 1404
1696340 1404
1696350 1401
1696360 1398
1696370 1398
1696380 1395
1696390 1391
1696400 1391
1696410 1388
1696420 1384
1696430 1384
1696440 1381
1696450 1377
1696460 1377
1696470 1373
1696480 1370
1696490 1367
1696500 1367
1696510 1364
1696520 1361
1696530 1361
1696540 1358
1696550 1355
1696560 1355
1696570 1353
1696580 1350
1696590 1350
1696600 1347
1696610 1345
1696620 1345
1696630 1342
1696640 1342
1696650 1342
1696660 1339
1696670 1337
1696680 1337
1696690 1334
1696700 1332
1696710 1332
1696720 1329
1696730 1326
1696740 1326
1696750 1325
1696760 1324
1696770 1324
1696780 1323
1696790 1322
1696800 1322
1696810 1321
1696820 1320
1696830 1320
1696840 1318
1696850 1316
1696860 1316
1696870 1316
1696880 1315
1696890 1315
1696900 1315
1696910 1314
1696920 1314
1696930 1315
1696940 1314
1696950 1314
1696960 1312
1696970 1309
1696980 1304
1696990 1304
1697000 1301
1697010 1296
1697020 1296
1697030 1291
1697040 1287
1697050 1287
1697060 1283
1697070 1280
1697080 1280
1697090 1276
1697100 1273
1697110 1273
1697120 1269
1697130 1266
1697140 1266
1697150 1262
1697160 1259
1697170 1259
1697180 1255
1697190 1249
1697200 1249
1697210 1245
1697220 1241
1697230 1241
1697240 1236
1697250 1231
1697260 1231
1697270 1226
1697280 1222
1697290 1222
1697300 1218
1697310 1213
1697320 1213
1697330 1205
1697340 1199
1697350 1199
1697360 1192
1697370 1185
1697380 1185
1697390 1178
1697400 1172
1697410 1172
1697420 1165
1697430 1159
1697440 1159
1697450 1153
1697460 1147
1697470 1140
1697480 1140
1697490 1135
1697500 1128
1697510 1128
1697520 1125
1697530 1120
1697540 1120
1697550 1116
1697560 1113
1697570 1113
1697580 1109
1697590 1105
1697600 1105
1697610 1100
1697620 1097
1697630 1097
1697640 1090
1697650 1084
1697660 1084
1697670 1079
1697680 1074
1697690 1074
1697700 1068
1697710 1063
1697720 1063
1697730 1057
1697740 1054
1697750 1054
1697760 1051
1697770 1049
1697780 1049
1697790 1046
1697800 1043
1697810 1043
1697820 1042
1697830 1041
1697840 1041
1697850 1039
1697860 1038
1697870 1038
1697880 1036
1697890 1034
1697900 1034
1697910 1031
1697920 1029
1697930 1029
1697940 1027
1697950 1024
1697960 1021
1697970 1021
1697980 1018
1697990 1014
1698000 1014
1698010 1010
1698020 1006
1698030 1006
1698040 1003
1698050 998
1698060 998
1698070 993
1698080 988
1698090 988
1698100 983
1698110 978
1698120 978
1698130 973
1698140 966
1698150 966
1698160 959
1698170 954
1698180 954
1698190 949
1698200 941
1698210 941
1698220 935
1698230 929
1698240 929
1698250 923
1698260 917
1698270 917
1698280 910
1698290 904
1698300 904
1698310 897
1698320 891
1698330 891
1698340 884
1698350 878
1698360 878
1698370 872
1698380 867
1698390 867
1698400 859
1698410 849
1698420 849
1698430 845
1698440 837
1698450 829
1698460 829
1698470 821
1698480 815
1698490 815
1698500 812
1698510 812
1698520 812
1698530 814
1698540 815
1698550 815
1698560 816
1698570 820
1698580 820
1698590 822
1698600 827
1698610 827
1698620 830
1698630 834
1698640 834
1698650 838
1698660 840
1698670 840
1698680 843
1698690 847
1698700 847
1698710 850
1698720 851
1698730 851
1698740 853
1698750 853
1698760 853
1698770 853
1698780 855
1698790 855
1698800 856
1698810 858
1698820 858
1698830 861
1698840 864
1698850 864
1698860 868
1698870 872
1698880 872
1698890 874
1698900 877
1698910 877
1698920 881
1698930 885
1698940 890
1698950 890
1698960 895
1698970 901
1698980 901
1698990 906
1699000 911
1699010 911
1699020 916
1699030 921
1699040 921
1699050 930
1699060 935
1699070 935
1699080 937
1699090 938
1699100 938
1699110 941
1699120 945
1699130 945
1699140 950
1699150 958
1699160 958
1699170 960
1699180 959
1699190 959
1699200 958
1699210 957
1699220 957
1699230 956
1699240 956
1699250 956
1699260 952
1699270 949
1699280 949
1699290 947
1699300 943
1699310 943
1699320 940
1699330 937
1699340 937
1699350 934
1699360 929
1699370 929
1699380 924
1699390 920
1699400 920
1699410 916
1699420 913
1699430 911
1699440 911
1699450 910
1699460 911
1699470 911
1699480 912
1699490 913
1699500 913
1699510 917
1699520 919
1699530 919
1699540 922
1699550 924
1699560 924
1699570 926
1699580 929
1699590 929
1699600 933
1699610 938
1699620 938
1699630 943
1699640 947
1699650 947
1699660 951
1699670 954
1699680 954
1699690 957
1699700 960
1699710 960
1699720 964
1699730 969
1699740 969
1699750 974
1699760 978
1699770 978
1699780 982
1699790 986
1699800 986
1699810 990
1699820 994
1699830 994
1699840 996
1699850 999
1699860 999
1699870 1002
1699880 1005
1699890 1005
1699900 1008
1699910 1011
1699920 1016
1699930 1016
1699940 1023
1699950 1029
1699960 1029
1699970 1037
1699980 1043
1699990 1043
