1680000 855
1680010 855
1680020 855
1680030 860
1680040 863
1680050 863
1680060 866
1680070 868
1680080 868
1680090 869
1680100 870
1680110 870
1680120 871
1680130 869
1680140 869
1680150 864
1680160 859
1680170 859
1680180 854
1680190 852
1680200 852
1680210 852
1680220 854
1680230 854
1680240 854
1680250 854
1680260 854
1680270 854
1680280 853
1680290 853
1680300 851
1680310 852
1680320 852
1680330 850
1680340 850
1680350 850
1680360 849
1680370 848
1680380 848
1680390 847
1680400 843
1680410 843
1680420 842
1680430 840
1680440 840
1680450 838
1680460 839
1680470 839
1680480 839
1680490 838
1680500 836
1680510 836
1680520 835
1680530 835
1680540 835
1680550 834
1680560 834
1680570 834
1680580 833
1680590 831
1680600 831
1680610 830
1680620 828
1680630 828
1680640 827
1680650 824
1680660 824
1680670 821
1680680 817
1680690 817
1680700 813
1680710 809
1680720 809
1680730 805
1680740 802
1680750 802
1680760 799
1680770 798
1680780 798
1680790 795
1680800 792
1680810 792
1680820 790
1680830 789
1680840 789
1680850 789
1680860 788
1680870 788
1680880 787
1680890 784
1680900 784
1680910 787
1680920 788
1680930 788
1680940 787
1680950 788
1680960 788
1680970 788
1680980 788
1680990 787
1681000 787
1681010 787
1681020 786
1681030 786
1681040 785
1681050 783
1681060 783
1681070 777
1681080 774
1681090 774
1681100 773
1681110 774
1681120 774
1681130 780
1681140 782
1681150 782
1681160 785
1681170 786
1681180 786
1681190 787
1681200 788
1681210 788
1681220 790
1681230 792
1681240 792
1681250 794
1681260 797
1681270 797
1681280 799
1681290 801
1681300 801
1681310 802
1681320 804
1681330 804
1681340 806
1681350 812
1681360 812
1681370 816
1681380 821
1681390 821
1681400 825
1681410 829
1681420 829
1681430 832
1681440 835
1681450 835
1681460 838
1681470 840
1681480 840
1681490 841
1681500 841
1681510 841
1681520 841
1681530 842
1681540 846
1681550 846
1681560 847
1681570 849
1681580 849
1681590 848
1681600 851
1681610 851
1681620 851
1681630 854
1681640 854
1681650 856
1681660 856
1681670 856
1681680 858
1681690 860
1681700 860
1681710 861
1681720 862
1681730 862
1681740 866
1681750 871
1681760 871
1681770 875
1681780 880
1681790 880
1681800 883
1681810 888
1681820 888
1681830 891
1681840 895
1681850 895
1681860 898
1681870 900
1681880 900
1681890 903
1681900 906
1681910 906
1681920 908
1681930 910
1681940 910
1681950 913
1681960 915
1681970 915
1681980 917
1681990 919
1682000 921
1682010 921
1682020 923
1682030 923
1682040 923
1682050 924
1682060 924
1682070 924
1682080 925
1682090 927
1682100 927
1682110 929
1682120 931
1682130 931
1682140 934
1682150 936
1682160 936
1682170 938
1682180 939
1682190 939
1682200 940
1682210 940
1682220 940
1682230 939
1682240 941
1682250 941
1682260 942
1682270 941
1682280 941
1682290 938
1682300 937
1682310 937
1682320 938
1682330 936
1682340 936
1682350 938
1682360 932
1682370 932
1682380 926
1682390 928
1682400 928
1682410 934
1682420 939
1682430 939
1682440 943
1682450 945
1682460 945
1682470 945
1682480 943
1682490 942
1682500 942
1682510 941
1682520 941
1682530 941
1682540 945
1682550 949
1682560 949
1682570 952
1682580 956
1682590 956
1682600 959
1682610 963
1682620 963
1682630 965
1682640 967
1682650 967
1682660 969
1682670 971
1682680 971
1682690 971
1682700 970
1682710 970
1682720 967
1682730 964
1682740 964
1682750 962
1682760 961
1682770 961
1682780 961
1682790 961
1682800 961
1682810 963
1682820 964
1682830 964
1682840 966
1682850 967
1682860 967
1682870 968
1682880 968
1682890 968
1682900 969
1682910 970
1682920 970
1682930 970
1682940 972
1682950 972
1682960 974
1682970 976
1682980 977
1682990 977
1683000 978
1683010 979
1683020 979
1683030 978
1683040 977
1683050 977
1683060 978
1683070 978
1683080 978
1683090 976
1683100 973
1683110 973
1683120 969
1683130 962
1683140 962
1683150 955
1683160 949
1683170 949
1683180 942
1683190 938
1683200 938
1683210 937
1683220 936
1683230 936
1683240 933
1683250 931
1683260 931
1683270 928
1683280 926
1683290 926
1683300 926
1683310 926
1683320 926
1683330 928
1683340 927
1683350 927
1683360 933
1683370 938
1683380 938
1683390 944
1683400 950
1683410 950
1683420 957
1683430 964
1683440 964
1683450 970
1683460 975
1683470 979
1683480 979
1683490 982
1683500 984
1683510 984
1683520 985
1683530 985
1683540 985
1683550 987
1683560 987
1683570 987
1683580 985
1683590 979
1683600 979
1683610 973
1683620 968
1683630 968
1683640 963
1683650 961
1683660 961
1683670 963
1683680 966
1683690 966
1683700 965
1683710 959
1683720 959
1683730 960
1683740 961
1683750 961
1683760 958
1683770 964
1683780 964
1683790 967
1683800 967
1683810 967
1683820 966
1683830 965
1683840 965
1683850 963
1683860 961
1683870 961
1683880 960
1683890 961
1683900 961
1683910 962
1683920 963
1683930 963
1683940 963
1683950 966
1683960 968
1683970 968
1683980 967
1683990 966
1684000 966
1684010 964
1684020 964
1684030 964
1684040 963
1684050 960
1684060 960
1684070 956
1684080 952
1684090 952
1684100 948
1684110 944
1684120 944
1684130 941
1684140 938
1684150 938
1684160 936
1684170 937
1684180 937
1684190 938
1684200 938
1684210 938
1684220 939
1684230 939
1684240 939
1684250 940
1684260 942
1684270 947
1684280 948
1684290 948
1684300 948
1684310 949
1684320 949
1684330 949
1684340 948
1684350 948
1684360 948
1684370 946
1684380 945
1684390 945
1684400 943
1684410 943
1684420 943
1684430 941
1684440 937
1684450 937
1684460 935
1684470 937
1684480 938
1684490 938
1684500 938
1684510 938
1684520 938
1684530 942
1684540 945
1684550 945
1684560 948
1684570 950
1684580 950
1684590 953
1684600 954
1684610 954
1684620 956
1684630 958
1684640 958
1684650 959
1684660 960
1684670 960
1684680 960
1684690 960
1684700 960
1684710 959
1684720 959
1684730 959
1684740 959
1684750 957
1684760 957
1684770 958
1684780 958
1684790 958
1684800 957
1684810 957
1684820 957
1684830 954
1684840 956
1684850 956
1684860 958
1684870 961
1684880 961
1684890 964
1684900 966
1684910 966
1684920 968
1684930 969
1684940 969
1684950 967
1684960 973
1684970 972
1684980 972
1684990 974
1685000 975
1685010 975
1685020 976
1685030 977
1685040 977
1685050 977
1685060 977
1685070 977
1685080 976
1685090 974
1685100 974
1685110 971
1685120 964
1685130 964
1685140 958
1685150 959
1685160 959
1685170 961
1685180 961
1685190 961
1685200 959
1685210 956
1685220 956
1685230 955
1685240 953
1685250 953
1685260 952
1685270 949
1685280 949
1685290 949
1685300 944
1685310 944
1685320 940
1685330 938
1685340 938
1685350 935
1685360 933
1685370 933
1685380 931
1685390 929
1685400 929
1685410 924
1685420 919
1685430 919
1685440 916
1685450 918
1685460 919
1685470 919
1685480 919
1685490 918
1685500 918
1685510 919
1685520 920
1685530 920
1685540 918
1685550 915
1685560 915
1685570 914
1685580 910
1685590 910
1685600 906
1685610 903
1685620 903
1685630 900
1685640 899
1685650 899
1685660 901
1685670 903
1685680 903
1685690 903
1685700 901
1685710 901
1685720 898
1685730 892
1685740 892
1685750 884
1685760 882
1685770 882
1685780 883
1685790 888
1685800 888
1685810 890
1685820 892
1685830 892
1685840 895
1685850 897
1685860 897
1685870 899
1685880 901
1685890 901
1685900 903
1685910 906
1685920 906
1685930 909
1685940 913
1685950 917
1685960 917
1685970 921
1685980 924
1685990 924
1686000 928
1686010 931
1686020 931
1686030 934
1686040 938
1686050 938
1686060 941
1686070 944
1686080 944
1686090 947
1686100 952
1686110 952
1686120 959
1686130 966
1686140 966
1686150 977
1686160 989
1686170 989
1686180 998
1686190 1005
1686200 1005
1686210 1011
1686220 1014
1686230 1014
1686240 1017
1686250 1023
1686260 1023
1686270 1032
1686280 1040
1686290 1040
1686300 1048
1686310 1054
1686320 1054
1686330 1064
1686340 1076
1686350 1076
1686360 1078
1686370 1070
1686380 1070
1686390 1069
1686400 1066
1686410 1066
1686420 1071
1686430 1079
1686440 1095
1686450 1095
1686460 1109
1686470 1117
1686480 1117
1686490 1118
1686500 1125
1686510 1125
1686520 1132
1686530 1148
1686540 1148
1686550 1157
1686560 1160
1686570 1160
1686580 1158
1686590 1158
1686600 1158
1686610 1158
1686620 1160
1686630 1160
1686640 1160
1686650 1162
1686660 1162
1686670 1164
1686680 1167
1686690 1167
1686700 1169
1686710 1172
1686720 1172
1686730 1175
1686740 1174
1686750 1174
1686760 1172
1686770 1168
1686780 1168
1686790 1164
1686800 1163
1686810 1163
1686820 1162
1686830 1158
1686840 1158
1686850 1154
1686860 1152
1686870 1152
1686880 1151
1686890 1149
1686900 1149
1686910 1146
1686920 1142
1686930 1142
1686940 1139
1686950 1138
1686960 1136
1686970 1136
1686980 1133
1686990 1130
1687000 1130
1687010 1125
1687020 1118
1687030 1118
1687040 1114
1687050 1110
1687060 1110
1687070 1104
1687080 1099
1687090 1099
1687100 1095
1687110 1092
1687120 1092
1687130 1091
1687140 1090
1687150 1090
1687160 1091
1687170 1097
1687180 1097
1687190 1098
1687200 1095
1687210 1095
1687220 1094
1687230 1092
1687240 1092
1687250 1088
1687260 1084
1687270 1084
1687280 1082
1687290 1080
1687300 1080
1687310 1079
1687320 1077
1687330 1077
1687340 1076
1687350 1074
1687360 1074
1687370 1069
1687380 1064
1687390 1064
1687400 1060
1687410 1057
1687420 1057
1687430 1056
1687440 1055
1687450 1053
1687460 1053
1687470 1053
1687480 1053
1687490 1053
1687500 1052
1687510 1054
1687520 1054
1687530 1053
1687540 1053
1687550 1053
1687560 1053
1687570 1053
1687580 1053
1687590 1053
1687600 1053
1687610 1053
1687620 1053
1687630 1053
1687640 1053
1687650 1052
1687660 1052
1687670 1052
1687680 1052
1687690 1054
1687700 1054
1687710 1055
1687720 1056
1687730 1056
1687740 1055
1687750 1054
1687760 1054
1687770 1053
1687780 1052
1687790 1052
1687800 1052
1687810 1052
1687820 1052
1687830 1051
1687840 1050
1687850 1050
1687860 1050
1687870 1049
1687880 1049
1687890 1046
1687900 1045
1687910 1045
1687920 1042
1687930 1039
1687940 1040
1687950 1040
1687960 1038
1687970 1037
1687980 1037
1687990 1037
1688000 1037
1688010 1037
1688020 1039
1688030 1040
1688040 1040
1688050 1042
1688060 1045
1688070 1045
1688080 1048
1688090 1049
1688100 1049
1688110 1049
1688120 1048
1688130 1048
1688140 1046
1688150 1044
1688160 1044
1688170 1042
1688180 1041
1688190 1041
1688200 1040
1688210 1039
1688220 1039
1688230 1038
1688240 1037
1688250 1037
1688260 1036
1688270 1036
1688280 1036
1688290 1035
1688300 1034
1688310 1034
1688320 1033
1688330 1032
1688340 1032
1688350 1031
1688360 1030
1688370 1030
1688380 1029
1688390 1028
1688400 1028
1688410 1027
1688420 1025
1688430 1025
1688440 1025
1688450 1025
1688460 1025
1688470 1025
1688480 1025
1688490 1026
1688500 1026
1688510 1026
1688520 1027
1688530 1027
1688540 1026
1688550 1026
1688560 1026
1688570 1026
1688580 1028
1688590 1028
1688600 1031
1688610 1033
1688620 1033
1688630 1036
1688640 1038
1688650 1038
1688660 1040
1688670 1041
1688680 1041
1688690 1042
1688700 1043
1688710 1043
1688720 1044
1688730 1046
1688740 1046
1688750 1047
1688760 1048
1688770 1048
1688780 1050
1688790 1049
1688800 1049
1688810 1051
1688820 1054
1688830 1054
1688840 1057
1688850 1058
1688860 1058
1688870 1059
1688880 1060
1688890 1060
1688900 1059
1688910 1058
1688920 1058
1688930 1058
1688940 1054
1688950 1051
1688960 1051
1688970 1049
1688980 1048
1688990 1048
1689000 1049
1689010 1049
1689020 1049
1689030 1049
1689040 1049
1689050 1049
1689060 1045
1689070 1045
1689080 1045
1689090 1050
1689100 1051
1689110 1051
1689120 1052
1689130 1053
1689140 1053
1689150 1054
1689160 1055
1689170 1055
1689180 1057
1689190 1058
1689200 1058
1689210 1061
1689220 1063
1689230 1063
1689240 1065
1689250 1067
1689260 1067
1689270 1069
1689280 1071
1689290 1071
1689300 1073
1689310 1072
1689320 1072
1689330 1071
1689340 1068
1689350 1068
1689360 1066
1689370 1063
1689380 1063
1689390 1062
1689400 1062
1689410 1065
1689420 1065
1689430 1066
1689440 1065
1689450 1065
1689460 1066
1689470 1067
1689480 1067
1689490 1067
1689500 1066
1689510 1066
1689520 1065
1689530 1064
1689540 1064
1689550 1063
1689560 1063
1689570 1063
1689580 1063
1689590 1062
1689600 1062
1689610 1062
1689620 1062
1689630 1062
1689640 1064
1689650 1064
1689660 1064
1689670 1065
1689680 1064
1689690 1064
1689700 1060
1689710 1057
1689720 1057
1689730 1054
1689740 1050
1689750 1050
1689760 1044
1689770 1037
1689780 1037
1689790 1030
1689800 1030
1689810 1030
1689820 1031
1689830 1040
1689840 1040
1689850 1046
1689860 1052
1689870 1052
1689880 1058
1689890 1063
1689900 1063
1689910 1067
1689920 1071
1689930 1075
1689940 1075
1689950 1079
1689960 1081
1689970 1081
1689980 1085
1689990 1089
1690000 1089
1690010 1092
1690020 1094
1690030 1094
1690040 1096
1690050 1097
1690060 1097
1690070 1099
1690080 1102
1690090 1102
1690100 1106
1690110 1111
1690120 1111
1690130 1115
1690140 1117
1690150 1117
1690160 1119
1690170 1120
1690180 1120
1690190 1121
1690200 1120
1690210 1120
1690220 1119
1690230 1118
1690240 1118
1690250 1117
1690260 1115
1690270 1115
1690280 1112
1690290 1107
1690300 1107
1690310 1102
1690320 1098
1690330 1098
1690340 1095
1690350 1093
1690360 1093
1690370 1093
1690380 1093
1690390 1093
1690400 1094
1690410 1094
1690420 1094
1690430 1094
1690440 1095
1690450 1095
1690460 1095
1690470 1095
1690480 1096
1690490 1096
1690500 1096
1690510 1096
1690520 1096
1690530 1095
1690540 1093
1690550 1093
1690560 1090
1690570 1088
1690580 1088
1690590 1086
1690600 1084
1690610 1084
1690620 1083
1690630 1082
1690640 1082
1690650 1080
1690660 1079
1690670 1079
1690680 1078
1690690 1076
1690700 1076
1690710 1075
1690720 1074
1690730 1074
1690740 1073
1690750 1071
1690760 1071
1690770 1068
1690780 1067
1690790 1067
1690800 1067
1690810 1068
1690820 1068
1690830 1071
1690840 1073
1690850 1073
1690860 1074
1690870 1075
1690880 1075
1690890 1077
1690900 1078
1690910 1080
1690920 1080
1690930 1082
1690940 1083
1690950 1083
1690960 1084
1690970 1082
1690980 1082
1690990 1085
1691000 1086
1691010 1086
1691020 1086
1691030 1087
1691040 1087
1691050 1087
1691060 1086
1691070 1086
1691080 1087
1691090 1085
1691100 1085
1691110 1087
1691120 1087
1691130 1087
1691140 1088
1691150 1089
1691160 1089
1691170 1089
1691180 1090
1691190 1090
1691200 1090
1691210 1089
1691220 1089
1691230 1089
1691240 1089
1691250 1089
1691260 1089
1691270 1089
1691280 1089
1691290 1089
1691300 1088
1691310 1088
1691320 1084
1691330 1089
1691340 1089
1691350 1088
1691360 1088
1691370 1091
1691380 1091
1691390 1092
1691400 1091
1691410 1091
1691420 1091
1691430 1094
1691440 1094
1691450 1096
1691460 1096
1691470 1096
1691480 1096
1691490 1098
1691500 1098
1691510 1098
1691520 1098
1691530 1098
1691540 1100
1691550 1100
1691560 1100
1691570 1102
1691580 1101
1691590 1101
1691600 1104
1691610 1105
1691620 1105
1691630 1106
1691640 1107
1691650 1107
1691660 1108
1691670 1108
1691680 1108
1691690 1109
1691700 1109
1691710 1109
1691720 1107
1691730 1111
1691740 1111
1691750 1112
1691760 1113
1691770 1113
1691780 1113
1691790 1115
1691800 1115
1691810 1117
1691820 1118
1691830 1118
1691840 1119
1691850 1118
1691860 1118
1691870 1121
1691880 1122
1691890 1122
1691900 1122
1691910 1122
1691920 1126
1691930 1126
1691940 1127
1691950 1127
1691960 1127
1691970 1127
1691980 1128
1691990 1128
1692000 1129
1692010 1128
1692020 1128
1692030 1127
1692040 1126
1692050 1126
1692060 1127
1692070 1131
1692080 1131
1692090 1130
1692100 1131
1692110 1131
1692120 1131
1692130 1132
1692140 1132
1692150 1132
1692160 1129
1692170 1129
1692180 1128
1692190 1130
1692200 1130
1692210 1129
1692220 1130
1692230 1130
1692240 1130
1692250 1130
1692260 1130
1692270 1129
1692280 1130
1692290 1130
1692300 1130
1692310 1130
1692320 1130
1692330 1129
1692340 1128
1692350 1128
1692360 1127
1692370 1125
1692380 1125
1692390 1128
1692400 1130
1692410 1132
1692420 1132
1692430 1132
1692440 1131
1692450 1131
1692460 1129
1692470 1133
1692480 1133
1692490 1132
1692500 1128
1692510 1128
1692520 1131
1692530 1135
1692540 1135
1692550 1137
1692560 1139
1692570 1139
1692580 1140
1692590 1140
1692600 1140
1692610 1140
1692620 1141
1692630 1141
1692640 1142
1692650 1144
1692660 1144
1692670 1145
1692680 1147
1692690 1147
1692700 1148
1692710 1149
1692720 1149
1692730 1150
1692740 1151
1692750 1151
1692760 1154
1692770 1153
1692780 1153
1692790 1154
1692800 1154
1692810 1154
1692820 1154
1692830 1154
1692840 1154
1692850 1155
1692860 1153
1692870 1153
1692880 1151
1692890 1151
1692900 1150
1692910 1150
1692920 1149
1692930 1150
1692940 1150
1692950 1150
1692960 1151
1692970 1151
1692980 1150
1692990 1148
1693000 1148
1693010 1147
1693020 1147
1693030 1147
1693040 1148
1693050 1148
1693060 1148
1693070 1147
1693080 1147
1693090 1147
1693100 1147
1693110 1146
1693120 1146
1693130 1145
1693140 1145
1693150 1145
1693160 1143
1693170 1147
1693180 1147
1693190 1151
1693200 1152
1693210 1152
1693220 1154
1693230 1158
1693240 1158
1693250 1160
1693260 1161
1693270 1161
1693280 1162
1693290 1163
1693300 1163
1693310 1164
1693320 1164
1693330 1164
1693340 1165
1693350 1166
1693360 1166
1693370 1167
1693380 1167
1693390 1167
1693400 1167
1693410 1167
1693420 1167
1693430 1167
1693440 1168
1693450 1168
1693460 1168
1693470 1167
1693480 1167
1693490 1167
1693500 1165
1693510 1164
1693520 1164
1693530 1163
1693540 1163
1693550 1163
1693560 1164
1693570 1164
1693580 1164
1693590 1164
1693600 1164
1693610 1164
1693620 1163
1693630 1163
1693640 1163
1693650 1164
1693660 1164
1693670 1164
1693680 1164
1693690 1165
1693700 1165
1693710 1166
1693720 1166
1693730 1166
1693740 1166
1693750 1167
1693760 1167
1693770 1167
1693780 1168
1693790 1168
1693800 1168
1693810 1169
1693820 1169
1693830 1169
1693840 1169
1693850 1169
1693860 1169
1693870 1168
1693880 1168
1693890 1168
1693900 1167
1693910 1166
1693920 1166
1693930 1164
1693940 1164
1693950 1164
1693960 1164
1693970 1164
1693980 1164
1693990 1164
1694000 1164
1694010 1164
1694020 1164
1694030 1164
1694040 1164
1694050 1165
1694060 1165
1694070 1165
1694080 1165
1694090 1166
1694100 1166
1694110 1166
1694120 1166
1694130 1166
1694140 1166
1694150 1166
1694160 1166
1694170 1166
1694180 1167
1694190 1167
1694200 1169
1694210 1172
1694220 1172
1694230 1173
1694240 1174
1694250 1174
1694260 1177
1694270 1180
1694280 1180
1694290 1182
1694300 1186
1694310 1186
1694320 1191
1694330 1196
1694340 1196
1694350 1199
1694360 1204
1694370 1209
1694380 1209
1694390 1212
1694400 1214
1694410 1214
1694420 1219
1694430 1222
1694440 1222
1694450 1226
1694460 1230
1694470 1230
1694480 1235
1694490 1239
1694500 1239
1694510 1243
1694520 1246
1694530 1246
1694540 1250
1694550 1252
1694560 1252
1694570 1255
1694580 1258
1694590 1258
1694600 1260
1694610 1260
1694620 1260
1694630 1260
1694640 1261
1694650 1261
1694660 1261
1694670 1257
1694680 1257
1694690 1253
1694700 1249
1694710 1249
1694720 1247
1694730 1244
1694740 1244
1694750 1240
1694760 1234
1694770 1234
1694780 1230
1694790 1226
1694800 1226
1694810 1223
1694820 1220
1694830 1220
1694840 1215
1694850 1215
1694860 1215
1694870 1212
1694880 1211
1694890 1216
1694900 1216
1694910 1221
1694920 1225
1694930 1225
1694940 1227
1694950 1231
1694960 1231
1694970 1234
1694980 1237
1694990 1237
1695000 1240
1695010 1244
1695020 1244
1695030 1246
1695040 1246
1695050 1246
1695060 1248
1695070 1251
1695080 1251
1695090 1257
1695100 1263
1695110 1263
1695120 1269
1695130 1276
1695140 1276
1695150 1281
1695160 1286
1695170 1286
1695180 1290
1695190 1293
1695200 1293
1695210 1298
1695220 1301
1695230 1301
1695240 1306
1695250 1307
1695260 1307
1695270 1308
1695280 1309
1695290 1309
1695300 1310
1695310 1309
1695320 1309
1695330 1309
1695340 1311
1695350 1311
1695360 1311
1695370 1312
1695380 1313
1695390 1313
1695400 1313
1695410 1313
1695420 1313
1695430 1314
1695440 1316
1695450 1316
1695460 1318
1695470 1320
1695480 1320
1695490 1321
1695500 1325
1695510 1325
1695520 1328
1695530 1331
1695540 1331
1695550 1336
1695560 1341
1695570 1341
1695580 1348
1695590 1354
1695600 1354
1695610 1359
1695620 1364
1695630 1364
1695640 1370
1695650 1375
1695660 1375
1695670 1381
1695680 1387
1695690 1387
1695700 1392
1695710 1398
1695720 1398
1695730 1404
1695740 1408
1695750 1408
1695760 1414
1695770 1422
1695780 1422
1695790 1429
1695800 1436
1695810 1436
1695820 1443
1695830 1450
1695840 1450
1695850 1456
1695860 1462
1695870 1467
1695880 1467
1695890 1472
1695900 1476
1695910 1476
1695920 1479
1695930 1483
1695940 1483
1695950 1485
1695960 1485
1695970 1485
1695980 1481
1695990 1476
1696000 1476
1696010 1468
1696020 1459
1696030 1459
1696040 1451
1696050 1444
1696060 1444
1696070 1438
1696080 1430
1696090 1430
1696100 1423
1696110 1418
1696120 1418
1696130 1409
1696140 1401
1696150 1401
1696160 1394
1696170 1387
1696180 1387
1696190 1380
1696200 1372
1696210 1372
1696220 1365
1696230 1359
1696240 1359
1696250 1352
1696260 1344
1696270 1344
1696280 1337
1696290 1330
1696300 1330
1696310 1324
1696320 1317
1696330 1317
1696340 1310
1696350 1304
1696360 1298
1696370 1298
1696380 1293
1696390 1290
1696400 1290
1696410 1287
1696420 1283
1696430 1283
1696440 1278
1696450 1272
1696460 1272
1696470 1266
1696480 1259
1696490 1259
1696500 1253
1696510 1248
1696520 1248
1696530 1243
1696540 1240
1696550 1240
1696560 1235
1696570 1232
1696580 1232
1696590 1228
1696600 1223
1696610 1223
1696620 1216
1696630 1212
1696640 1212
1696650 1207
1696660 1203
1696670 1203
1696680 1197
1696690 1189
1696700 1189
1696710 1183
1696720 1177
1696730 1177
1696740 1171
1696750 1167
1696760 1167
1696770 1163
1696780 1158
1696790 1158
1696800 1153
1696810 1147
1696820 1147
1696830 1142
1696840 1137
1696850 1126
1696860 1126
1696870 1119
1696880 1119
1696890 1119
1696900 1121
1696910 1122
1696920 1122
1696930 1122
1696940 1123
1696950 1123
1696960 1121
1696970 1121
1696980 1121
1696990 1119
1697000 1116
1697010 1116
1697020 1114
1697030 1112
1697040 1112
1697050 1110
1697060 1108
1697070 1108
1697080 1106
1697090 1107
1697100 1107
1697110 1107
1697120 1109
1697130 1109
1697140 1114
1697150 1117
1697160 1117
1697170 1119
1697180 1121
1697190 1121
1697200 1116
1697210 1109
1697220 1109
1697230 1104
1697240 1101
1697250 1101
1697260 1102
1697270 1108
1697280 1108
1697290 1112
1697300 1113
1697310 1113
1697320 1114
1697330 1112
1697340 1108
1697350 1108
1697360 1103
1697370 1099
1697380 1099
1697390 1100
1697400 1103
1697410 1103
1697420 1105
1697430 1107
1697440 1107
1697450 1110
1697460 1113
1697470 1113
1697480 1114
1697490 1116
1697500 1116
1697510 1117
1697520 1118
1697530 1118
1697540 1120
1697550 1121
1697560 1121
1697570 1123
1697580 1124
1697590 1124
1697600 1125
1697610 1127
1697620 1127
1697630 1128
1697640 1129
1697650 1129
1697660 1130
1697670 1130
1697680 1130
1697690 1127
1697700 1121
1697710 1121
1697720 1115
1697730 1109
1697740 1109
1697750 1101
1697760 1093
1697770 1093
1697780 1086
1697790 1077
1697800 1077
1697810 1069
1697820 1062
1697830 1062
1697840 1055
1697850 1048
1697860 1041
1697870 1041
1697880 1035
1697890 1027
1697900 1027
1697910 1021
1697920 1015
1697930 1015
1697940 1012
1697950 1010
1697960 1010
1697970 1009
1697980 1005
1697990 1005
1698000 999
1698010 992
1698020 992
1698030 986
1698040 981
1698050 981
1698060 976
1698070 971
1698080 971
1698090 966
1698100 961
1698110 961
1698120 955
1698130 949
1698140 949
1698150 944
1698160 938
1698170 938
1698180 936
1698190 938
1698200 938
1698210 937
1698220 933
1698230 933
1698240 929
1698250 921
1698260 921
1698270 913
1698280 916
1698290 916
1698300 922
1698310 928
1698320 928
1698330 931
1698340 932
1698350 935
1698360 935
1698370 937
1698380 939
1698390 939
1698400 940
1698410 941
1698420 941
1698430 941
1698440 940
1698450 940
1698460 938
1698470 935
1698480 935
1698490 933
1698500 931
1698510 931
1698520 929
1698530 924
1698540 924
1698550 920
1698560 928
1698570 928
1698580 928
1698590 927
1698600 927
1698610 926
1698620 923
1698630 923
1698640 916
1698650 918
1698660 918
1698670 922
1698680 922
1698690 922
1698700 922
1698710 921
1698720 921
1698730 919
1698740 917
1698750 917
1698760 916
1698770 916
1698780 916
1698790 914
1698800 915
1698810 915
1698820 915
1698830 913
1698840 913
1698850 913
1698860 915
1698870 917
1698880 917
1698890 922
1698900 927
1698910 927
1698920 932
1698930 936
1698940 936
1698950 939
1698960 943
1698970 943
1698980 945
1698990 948
1699000 948
1699010 950
1699020 954
1699030 954
1699040 957
1699050 960
1699060 960
1699070 963
1699080 967
1699090 967
1699100 970
1699110 973
1699120 973
1699130 975
1699140 979
1699150 979
1699160 981
1699170 984
1699180 984
1699190 987
1699200 989
1699210 989
1699220 991
1699230 993
1699240 993
1699250 995
1699260 997
1699270 997
1699280 999
1699290 1001
1699300 1001
1699310 1004
1699320 1007
1699330 1011
1699340 1011
1699350 1015
1699360 1018
1699370 1018
1699380 1020
1699390 1023
1699400 1023
1699410 1026
1699420 1030
1699430 1030
1699440 1034
1699450 1038
1699460 1038
1699470 1040
1699480 1041
1699490 1041
1699500 1043
1699510 1044
1699520 1044
1699530 1045
1699540 1047
1699550 1047
1699560 1049
1699570 1051
1699580 1051
1699590 1055
1699600 1059
1699610 1059
1699620 1062
1699630 1064
1699640 1064
1699650 1065
1699660 1066
1699670 1066
1699680 1070
1699690 1075
1699700 1075
1699710 1082
1699720 1090
1699730 1090
1699740 1098
1699750 1105
1699760 1105
1699770 1111
1699780 1119
1699790 1119
1699800 1126
1699810 1135
1699820 1140
1699830 1140
1699840 1149
1699850 1155
1699860 1155
1699870 1162
1699880 1169
1699890 1169
1699900 1176
1699910 1183
1699920 1183
1699930 1190
1699940 1197
1699950 1197
1699960 1204
1699970 1212
1699980 1212
1699990 1219
1680000 856
1680010 857
1680020 857
1680030 858
1680040 861
1680050 863
1680060 865
1680070 867
1680080 868
1680090 869
1680100 870
1680110 871
1680120 871
1680130 871
1680140 870
1680150 868
1680160 865
1680170 861
1680180 858
1680190 855
1680200 854
1680210 854
1680220 855
1680230 856
1680240 856
1680250 856
1680260 856
1680270 856
1680280 856
1680290 855
1680300 854
1680310 854
1680320 854
1680330 853
1680340 852
1680350 852
1680360 852
1680370 851
1680380 850
1680390 849
1680400 847
1680410 845
1680420 844
1680430 844
1680440 843
1680450 841
1680460 841
1680470 841
1680480 841
1680490 841
1680500 840
1680510 839
1680520 838
1680530 837
1680540 837
1680550 836
1680560 836
1680570 836
1680580 835
1680590 834
1680600 833
1680610 832
1680620 831
1680630 830
1680640 829
1680650 828
1680660 826
1680670 824
1680680 822
1680690 820
1680700 817
1680710 814
1680720 812
1680730 809
1680740 807
1680750 805
1680760 802
1680770 801
1680780 799
1680790 798
1680800 796
1680810 794
1680820 792
1680830 791
1680840 791
1680850 790
1680860 790
1680870 789
1680880 788
1680890 786
1680900 786
1680910 787
1680920 788
1680930 788
1680940 788
1680950 788
1680960 788
1680970 788
1680980 788
1680990 788
1681000 788
1681010 787
1681020 787
1681030 787
1681040 786
1681050 786
1681060 784
1681070 782
1681080 779
1681090 777
1681100 775
1681110 775
1681120 775
1681130 776
1681140 779
1681150 781
1681160 783
1681170 784
1681180 785
1681190 786
1681200 787
1681210 788
1681220 789
1681230 790
1681240 791
1681250 793
1681260 794
1681270 795
1681280 797
1681290 798
1681300 799
1681310 800
1681320 802
1681330 803
1681340 805
1681350 807
1681360 810
1681370 813
1681380 816
1681390 819
1681400 822
1681410 824
1681420 827
1681430 829
1681440 831
1681450 833
1681460 834
1681470 836
1681480 837
1681490 837
1681500 837
1681510 837
1681520 838
1681530 839
1681540 840
1681550 842
1681560 844
1681570 845
1681580 846
1681590 846
1681600 847
1681610 848
1681620 849
1681630 850
1681640 852
1681650 853
1681660 854
1681670 855
1681680 855
1681690 857
1681700 858
1681710 859
1681720 861
1681730 863
1681740 865
1681750 868
1681760 871
1681770 875
1681780 878
1681790 880
1681800 883
1681810 885
1681820 888
1681830 890
1681840 892
1681850 894
1681860 896
1681870 898
1681880 900
1681890 902
1681900 904
1681910 905
1681920 907
1681930 909
1681940 910
1681950 912
1681960 913
1681970 915
1681980 916
1681990 918
1682000 919
1682010 920
1682020 922
1682030 922
1682040 923
1682050 924
1682060 924
1682070 924
1682080 924
1682090 925
1682100 926
1682110 927
1682120 928
1682130 930
1682140 932
1682150 934
1682160 935
1682170 937
1682180 938
1682190 939
1682200 939
1682210 939
1682220 939
1682230 939
1682240 939
1682250 940
1682260 940
1682270 938
1682280 936
1682290 934
1682300 933
1682310 933
1682320 934
1682330 933
1682340 932
1682350 931
1682360 929
1682370 926
1682380 924
1682390 924
1682400 926
1682410 930
1682420 934
1682430 937
1682440 940
1682450 941
1682460 941
1682470 941
1682480 940
1682490 939
1682500 938
1682510 938
1682520 938
1682530 938
1682540 940
1682550 943
1682560 946
1682570 948
1682580 951
1682590 953
1682600 955
1682610 958
1682620 960
1682630 962
1682640 964
1682650 965
1682660 967
1682670 968
1682680 968
1682690 969
1682700 968
1682710 967
1682720 965
1682730 963
1682740 960
1682750 958
1682760 958
1682770 957
1682780 957
1682790 957
1682800 958
1682810 959
1682820 961
1682830 962
1682840 963
1682850 964
1682860 965
1682870 965
1682880 965
1682890 965
1682900 966
1682910 966
1682920 967
1682930 968
1682940 969
1682950 971
