1680000 852
1680010 852
1680020 857
1680030 861
1680040 861
1680050 865
1680060 869
1680070 874
1680080 874
1680090 879
1680100 884
1680110 884
1680120 889
1680130 894
1680140 894
1680150 900
1680160 905
1680170 905
1680180 910
1680190 915
1680200 915
1680210 920
1680220 925
1680230 925
1680240 930
1680250 934
1680260 934
1680270 939
1680280 943
1680290 943
1680300 947
1680310 950
1680320 950
1680330 952
1680340 953
1680350 953
1680360 953
1680370 952
1680380 952
1680390 951
1680400 949
1680410 949
1680420 948
1680430 946
1680440 946
1680450 944
1680460 942
1680470 942
1680480 939
1680490 935
1680500 935
1680510 933
1680520 929
1680530 929
1680540 924
1680550 916
1680560 911
1680570 911
1680580 909
1680590 905
1680600 905
1680610 903
1680620 899
1680630 899
1680640 895
1680650 890
1680660 890
1680670 885
1680680 879
1680690 879
1680700 876
1680710 873
1680720 873
1680730 867
1680740 861
1680750 861
1680760 855
1680770 851
1680780 851
1680790 847
1680800 849
1680810 849
1680820 846
1680830 843
1680840 843
1680850 839
1680860 841
1680870 841
1680880 842
1680890 846
1680900 846
1680910 848
1680920 848
1680930 848
1680940 849
1680950 847
1680960 847
1680970 844
1680980 841
1680990 841
1681000 838
1681010 834
1681020 834
1681030 829
1681040 824
1681050 823
1681060 823
1681070 821
1681080 819
1681090 819
1681100 818
1681110 816
1681120 816
1681130 814
1681140 811
1681150 811
1681160 809
1681170 807
1681180 807
1681190 806
1681200 805
1681210 805
1681220 803
1681230 803
1681240 803
1681250 802
1681260 800
1681270 800
1681280 799
1681290 798
1681300 798
1681310 796
1681320 794
1681330 794
1681340 794
1681350 792
1681360 792
1681370 789
1681380 787
1681390 787
1681400 785
1681410 785
1681420 785
1681430 785
1681440 786
1681450 786
1681460 786
1681470 786
1681480 786
1681490 787
1681500 787
1681510 787
1681520 787
1681530 790
1681540 790
1681550 790
1681560 789
1681570 789
1681580 789
1681590 791
1681600 791
1681610 791
1681620 791
1681630 791
1681640 791
1681650 791
1681660 791
1681670 791
1681680 792
1681690 791
1681700 791
1681710 792
1681720 793
1681730 793
1681740 793
1681750 793
1681760 793
1681770 794
1681780 794
1681790 794
1681800 794
1681810 795
1681820 795
1681830 797
1681840 797
1681850 797
1681860 797
1681870 797
1681880 797
1681890 798
1681900 799
1681910 799
1681920 799
1681930 800
1681940 800
1681950 801
1681960 802
1681970 802
1681980 803
1681990 804
1682000 804
1682010 805
1682020 806
1682030 806
1682040 807
1682050 809
1682060 809
1682070 809
1682080 810
1682090 811
1682100 811
1682110 812
1682120 813
1682130 813
1682140 814
1682150 815
1682160 815
1682170 817
1682180 819
1682190 819
1682200 820
1682210 822
1682220 822
1682230 823
1682240 825
1682250 825
1682260 827
1682270 829
1682280 829
1682290 830
1682300 832
1682310 832
1682320 835
1682330 838
1682340 838
1682350 842
1682360 845
1682370 845
1682380 849
1682390 853
1682400 853
1682410 857
1682420 861
1682430 861
1682440 865
1682450 869
1682460 869
1682470 873
1682480 877
1682490 877
1682500 880
1682510 884
1682520 884
1682530 888
1682540 892
1682550 894
1682560 894
1682570 896
1682580 894
1682590 894
1682600 890
1682610 888
1682620 888
1682630 887
1682640 886
1682650 886
1682660 884
1682670 885
1682680 885
1682690 886
1682700 886
1682710 886
1682720 886
1682730 882
1682740 882
1682750 878
1682760 873
1682770 873
1682780 871
1682790 869
1682800 869
1682810 867
1682820 867
1682830 867
1682840 867
1682850 864
1682860 864
1682870 860
1682880 859
1682890 859
1682900 861
1682910 863
1682920 863
1682930 865
1682940 867
1682950 867
1682960 869
1682970 871
1682980 871
1682990 873
1683000 874
1683010 874
1683020 875
1683030 877
1683040 878
1683050 878
1683060 880
1683070 880
1683080 880
1683090 882
1683100 885
1683110 885
1683120 889
1683130 892
1683140 892
1683150 894
1683160 896
1683170 896
1683180 899
1683190 903
1683200 903
1683210 907
1683220 910
1683230 910
1683240 914
1683250 919
1683260 919
1683270 922
1683280 925
1683290 925
1683300 927
1683310 928
1683320 928
1683330 927
1683340 925
1683350 925
1683360 924
1683370 926
1683380 926
1683390 928
1683400 930
1683410 930
1683420 929
1683430 926
1683440 926
1683450 924
1683460 922
1683470 922
1683480 921
1683490 919
1683500 919
1683510 921
1683520 924
1683530 927
1683540 927
1683550 929
1683560 933
1683570 933
1683580 937
1683590 942
1683600 942
1683610 948
1683620 954
1683630 954
1683640 958
1683650 952
1683660 952
1683670 947
1683680 946
1683690 946
1683700 944
1683710 940
1683720 940
1683730 938
1683740 936
1683750 936
1683760 936
1683770 937
1683780 937
1683790 940
1683800 942
1683810 942
1683820 944
1683830 947
1683840 947
1683850 950
1683860 953
1683870 953
1683880 957
1683890 960
1683900 960
1683910 963
1683920 966
1683930 966
1683940 968
1683950 971
1683960 971
1683970 972
1683980 973
1683990 973
1684000 979
1684010 982
1684020 982
1684030 988
1684040 992
1684050 995
1684060 995
1684070 997
1684080 1000
1684090 1000
1684100 1001
1684110 1006
1684120 1006
1684130 1010
1684140 1014
1684150 1014
1684160 1017
1684170 1021
1684180 1021
1684190 1025
1684200 1028
1684210 1028
1684220 1030
1684230 1036
1684240 1036
1684250 1041
1684260 1046
1684270 1046
1684280 1053
1684290 1058
1684300 1058
1684310 1063
1684320 1068
1684330 1068
1684340 1075
1684350 1079
1684360 1079
1684370 1081
1684380 1084
1684390 1084
1684400 1086
1684410 1086
1684420 1086
1684430 1085
1684440 1081
1684450 1081
1684460 1078
1684470 1073
1684480 1073
1684490 1068
1684500 1063
1684510 1063
1684520 1061
1684530 1058
1684540 1054
1684550 1054
1684560 1049
1684570 1047
1684580 1047
1684590 1049
1684600 1051
1684610 1051
1684620 1055
1684630 1058
1684640 1058
1684650 1062
1684660 1063
1684670 1063
1684680 1066
1684690 1068
1684700 1068
1684710 1070
1684720 1074
1684730 1074
1684740 1077
1684750 1082
1684760 1082
1684770 1087
1684780 1094
1684790 1094
1684800 1099
1684810 1106
1684820 1106
1684830 1118
1684840 1127
1684850 1127
1684860 1133
1684870 1135
1684880 1135
1684890 1139
1684900 1141
1684910 1141
1684920 1142
1684930 1140
1684940 1140
1684950 1137
1684960 1140
1684970 1140
1684980 1132
1684990 1137
1685000 1137
1685010 1141
1685020 1133
1685030 1124
1685040 1124
1685050 1126
1685060 1129
1685070 1129
1685080 1133
1685090 1129
1685100 1129
1685110 1121
1685120 1117
1685130 1117
1685140 1113
1685150 1107
1685160 1107
1685170 1098
1685180 1090
1685190 1090
1685200 1083
1685210 1076
1685220 1076
1685230 1068
1685240 1058
1685250 1058
1685260 1052
1685270 1041
1685280 1041
1685290 1034
1685300 1027
1685310 1027
1685320 1022
1685330 1014
1685340 1014
1685350 1009
1685360 1004
1685370 1004
1685380 999
1685390 988
1685400 988
1685410 982
1685420 977
1685430 977
1685440 972
1685450 967
1685460 967
1685470 958
1685480 950
1685490 950
1685500 941
1685510 934
1685520 925
1685530 925
1685540 920
1685550 916
1685560 916
1685570 911
1685580 906
1685590 906
1685600 903
1685610 902
1685620 902
1685630 899
1685640 897
1685650 897
1685660 896
1685670 895
1685680 895
1685690 894
1685700 893
1685710 893
1685720 891
1685730 892
1685740 892
1685750 892
1685760 893
1685770 893
1685780 893
1685790 895
1685800 895
1685810 901
1685820 907
1685830 907
1685840 912
1685850 917
1685860 917
1685870 923
1685880 927
1685890 927
1685900 933
1685910 939
1685920 939
1685930 945
1685940 950
1685950 950
1685960 958
1685970 966
1685980 966
1685990 974
1686000 982
1686010 982
1686020 993
1686030 1001
1686040 1007
1686050 1007
1686060 1015
1686070 1023
1686080 1023
1686090 1032
1686100 1044
1686110 1044
1686120 1053
1686130 1061
1686140 1061
1686150 1067
1686160 1072
1686170 1072
1686180 1077
1686190 1081
1686200 1081
1686210 1082
1686220 1082
1686230 1082
1686240 1083
1686250 1087
1686260 1087
1686270 1089
1686280 1092
1686290 1092
1686300 1095
1686310 1096
1686320 1096
1686330 1089
1686340 1093
1686350 1093
1686360 1096
1686370 1101
1686380 1101
1686390 1101
1686400 1105
1686410 1105
1686420 1096
1686430 1093
1686440 1093
1686450 1091
1686460 1094
1686470 1094
1686480 1099
1686490 1102
1686500 1102
1686510 1093
1686520 1088
1686530 1089
1686540 1089
1686550 1088
1686560 1099
1686570 1099
1686580 1098
1686590 1081
1686600 1081
1686610 1074
1686620 1068
1686630 1068
1686640 1065
1686650 1065
1686660 1065
1686670 1065
1686680 1069
1686690 1069
1686700 1071
1686710 1069
1686720 1069
1686730 1069
1686740 1068
1686750 1068
1686760 1068
1686770 1069
1686780 1069
1686790 1067
1686800 1064
1686810 1064
1686820 1066
1686830 1068
1686840 1068
1686850 1068
1686860 1065
1686870 1065
1686880 1065
1686890 1065
1686900 1065
1686910 1062
1686920 1064
1686930 1064
1686940 1062
1686950 1062
1686960 1062
1686970 1060
1686980 1056
1686990 1056
1687000 1055
1687010 1053
1687020 1053
1687030 1053
1687040 1051
1687050 1049
1687060 1049
1687070 1048
1687080 1047
1687090 1047
1687100 1047
1687110 1043
1687120 1043
1687130 1040
1687140 1038
1687150 1038
1687160 1038
1687170 1036
1687180 1036
1687190 1035
1687200 1035
1687210 1035
1687220 1032
1687230 1032
1687240 1032
1687250 1031
1687260 1030
1687270 1030
1687280 1026
1687290 1024
1687300 1024
1687310 1023
1687320 1022
1687330 1022
1687340 1021
1687350 1020
1687360 1020
1687370 1018
1687380 1015
1687390 1015
1687400 1015
1687410 1014
1687420 1014
1687430 1014
1687440 1013
1687450 1013
1687460 1013
1687470 1013
1687480 1013
1687490 1013
1687500 1012
1687510 1012
1687520 1012
1687530 1013
1687540 1014
1687550 1014
1687560 1016
1687570 1017
1687580 1017
1687590 1017
1687600 1018
1687610 1018
1687620 1018
1687630 1019
1687640 1019
1687650 1017
1687660 1019
1687670 1019
1687680 1021
1687690 1026
1687700 1026
1687710 1030
1687720 1033
1687730 1033
1687740 1035
1687750 1037
1687760 1037
1687770 1040
1687780 1043
1687790 1043
1687800 1046
1687810 1048
1687820 1048
1687830 1051
1687840 1053
1687850 1053
1687860 1055
1687870 1056
1687880 1056
1687890 1056
1687900 1056
1687910 1056
1687920 1056
1687930 1055
1687940 1055
1687950 1055
1687960 1054
1687970 1054
1687980 1054
1687990 1055
1688000 1055
1688010 1055
1688020 1057
1688030 1060
1688040 1060
1688050 1063
1688060 1066
1688070 1066
1688080 1069
1688090 1073
1688100 1073
1688110 1076
1688120 1079
1688130 1079
1688140 1081
1688150 1084
1688160 1084
1688170 1087
1688180 1091
1688190 1091
1688200 1092
1688210 1095
1688220 1095
1688230 1097
1688240 1099
1688250 1099
1688260 1102
1688270 1103
1688280 1103
1688290 1104
1688300 1104
1688310 1104
1688320 1104
1688330 1104
1688340 1104
1688350 1102
1688360 1101
1688370 1101
1688380 1101
1688390 1101
1688400 1101
1688410 1099
1688420 1098
1688430 1098
1688440 1099
1688450 1099
1688460 1099
1688470 1098
1688480 1096
1688490 1096
1688500 1096
1688510 1095
1688520 1095
1688530 1095
1688540 1095
1688550 1096
1688560 1096
1688570 1095
1688580 1093
1688590 1093
1688600 1092
1688610 1092
1688620 1092
1688630 1100
1688640 1104
1688650 1104
1688660 1110
1688670 1114
1688680 1114
1688690 1117
1688700 1120
1688710 1120
1688720 1122
1688730 1123
1688740 1123
1688750 1123
1688760 1123
1688770 1123
1688780 1124
1688790 1124
1688800 1124
1688810 1127
1688820 1126
1688830 1126
1688840 1123
1688850 1122
1688860 1122
1688870 1117
1688880 1113
1688890 1113
1688900 1110
1688910 1108
1688920 1108
1688930 1107
1688940 1106
1688950 1106
1688960 1100
1688970 1098
1688980 1098
1688990 1092
1689000 1088
1689010 1086
1689020 1086
1689030 1084
1689040 1081
1689050 1081
1689060 1076
1689070 1082
1689080 1082
1689090 1084
1689100 1088
1689110 1088
1689120 1091
1689130 1096
1689140 1096
1689150 1097
1689160 1097
1689170 1097
1689180 1095
1689190 1093
1689200 1093
1689210 1092
1689220 1089
1689230 1089
1689240 1083
1689250 1081
1689260 1081
1689270 1076
1689280 1070
1689290 1070
1689300 1069
1689310 1069
1689320 1069
1689330 1074
1689340 1076
1689350 1076
1689360 1076
1689370 1076
1689380 1076
1689390 1075
1689400 1073
1689410 1073
1689420 1070
1689430 1067
1689440 1067
1689450 1064
1689460 1061
1689470 1061
1689480 1060
1689490 1059
1689500 1059
1689510 1059
1689520 1058
1689530 1057
1689540 1057
1689550 1054
1689560 1054
1689570 1054
1689580 1054
1689590 1054
1689600 1054
1689610 1054
1689620 1053
1689630 1053
1689640 1053
1689650 1051
1689660 1051
1689670 1053
1689680 1049
1689690 1049
1689700 1050
1689710 1049
1689720 1049
1689730 1048
1689740 1045
1689750 1045
1689760 1043
1689770 1043
1689780 1043
1689790 1044
1689800 1043
1689810 1043
1689820 1044
1689830 1044
1689840 1044
1689850 1044
1689860 1044
1689870 1044
1689880 1043
1689890 1043
1689900 1043
1689910 1042
1689920 1042
1689930 1042
1689940 1048
1689950 1045
1689960 1045
1689970 1045
1689980 1045
1689990 1045
1690000 1046
1690010 1043
1690020 1045
1690030 1045
1690040 1043
1690050 1043
1690060 1043
1690070 1046
1690080 1048
1690090 1048
1690100 1048
1690110 1047
1690120 1047
1690130 1048
1690140 1049
1690150 1049
1690160 1049
1690170 1049
1690180 1049
1690190 1050
1690200 1049
1690210 1049
1690220 1050
1690230 1050
1690240 1050
1690250 1051
1690260 1051
1690270 1051
1690280 1052
1690290 1053
1690300 1053
1690310 1054
1690320 1057
1690330 1057
1690340 1059
1690350 1060
1690360 1060
1690370 1062
1690380 1063
1690390 1063
1690400 1065
1690410 1065
1690420 1065
1690430 1065
1690440 1068
1690450 1068
1690460 1070
1690470 1071
1690480 1071
1690490 1073
1690500 1073
1690510 1074
1690520 1074
1690530 1076
1690540 1077
1690550 1077
1690560 1078
1690570 1076
1690580 1076
1690590 1078
1690600 1079
1690610 1079
1690620 1079
1690630 1080
1690640 1080
1690650 1081
1690660 1079
1690670 1079
1690680 1085
1690690 1089
1690700 1089
1690710 1091
1690720 1090
1690730 1090
1690740 1092
1690750 1095
1690760 1095
1690770 1097
1690780 1098
1690790 1098
1690800 1100
1690810 1101
1690820 1101
1690830 1102
1690840 1104
1690850 1104
1690860 1105
1690870 1107
1690880 1107
1690890 1109
1690900 1110
1690910 1110
1690920 1109
1690930 1113
1690940 1113
1690950 1116
1690960 1118
1690970 1118
1690980 1119
1690990 1121
1691000 1121
1691010 1121
1691020 1123
1691030 1124
1691040 1124
1691050 1126
1691060 1130
1691070 1130
1691080 1132
1691090 1135
1691100 1135
1691110 1138
1691120 1140
1691130 1140
1691140 1144
1691150 1147
1691160 1147
1691170 1150
1691180 1153
1691190 1153
1691200 1156
1691210 1158
1691220 1158
1691230 1161
1691240 1163
1691250 1163
1691260 1165
1691270 1167
1691280 1167
1691290 1168
1691300 1169
1691310 1169
1691320 1171
1691330 1170
1691340 1170
1691350 1170
1691360 1170
1691370 1170
1691380 1170
1691390 1172
1691400 1172
1691410 1173
1691420 1176
1691430 1176
1691440 1177
1691450 1177
1691460 1177
1691470 1178
1691480 1180
1691490 1180
1691500 1181
1691510 1183
1691520 1184
1691530 1184
1691540 1187
1691550 1188
1691560 1188
1691570 1189
1691580 1191
1691590 1191
1691600 1192
1691610 1194
1691620 1194
1691630 1194
1691640 1195
1691650 1195
1691660 1197
1691670 1199
1691680 1199
1691690 1199
1691700 1200
1691710 1200
1691720 1201
1691730 1203
1691740 1203
1691750 1203
1691760 1203
1691770 1203
1691780 1203
1691790 1204
1691800 1204
1691810 1204
1691820 1209
1691830 1209
1691840 1210
1691850 1210
1691860 1210
1691870 1211
1691880 1212
1691890 1212
1691900 1211
1691910 1210
1691920 1210
1691930 1209
1691940 1210
1691950 1210
1691960 1211
1691970 1212
1691980 1212
1691990 1213
1692000 1213
1692010 1213
1692020 1213
1692030 1215
1692040 1216
1692050 1216
1692060 1217
1692070 1218
1692080 1218
1692090 1219
1692100 1219
1692110 1219
1692120 1218
1692130 1219
1692140 1219
1692150 1220
1692160 1220
1692170 1220
1692180 1220
1692190 1222
1692200 1222
1692210 1222
1692220 1223
1692230 1227
1692240 1227
1692250 1228
1692260 1228
1692270 1228
1692280 1228
1692290 1228
1692300 1227
1692310 1225
1692320 1225
1692330 1223
1692340 1220
1692350 1220
1692360 1219
1692370 1218
1692380 1218
1692390 1217
1692400 1216
1692410 1216
1692420 1214
1692430 1212
1692440 1212
1692450 1213
1692460 1215
1692470 1215
1692480 1219
1692490 1220
1692500 1221
1692510 1221
1692520 1222
1692530 1222
1692540 1222
1692550 1223
1692560 1222
1692570 1222
1692580 1224
1692590 1224
1692600 1224
1692610 1225
1692620 1225
1692630 1225
1692640 1224
1692650 1227
1692660 1227
1692670 1231
1692680 1232
1692690 1232
1692700 1230
1692710 1229
1692720 1229
1692730 1228
1692740 1229
1692750 1229
1692760 1229
1692770 1229
1692780 1229
1692790 1229
1692800 1228
1692810 1228
1692820 1227
1692830 1226
1692840 1226
1692850 1225
1692860 1223
1692870 1223
1692880 1225
1692890 1224
1692900 1224
1692910 1224
1692920 1225
1692930 1225
1692940 1224
1692950 1223
1692960 1223
1692970 1221
1692980 1219
1692990 1218
1693000 1218
1693010 1215
1693020 1215
1693030 1215
1693040 1215
1693050 1214
1693060 1214
1693070 1216
1693080 1216
1693090 1216
1693100 1221
1693110 1222
1693120 1222
1693130 1224
1693140 1223
1693150 1223
1693160 1221
1693170 1217
1693180 1217
1693190 1214
1693200 1212
1693210 1212
1693220 1211
1693230 1212
1693240 1212
1693250 1214
1693260 1216
1693270 1216
1693280 1215
1693290 1218
1693300 1218
1693310 1217
1693320 1221
1693330 1221
1693340 1221
1693350 1221
1693360 1221
1693370 1220
1693380 1220
1693390 1220
1693400 1221
1693410 1223
1693420 1223
1693430 1225
1693440 1226
1693450 1226
1693460 1225
1693470 1225
1693480 1225
1693490 1224
1693500 1226
1693510 1226
1693520 1226
1693530 1228
1693540 1228
1693550 1228
1693560 1227
1693570 1227
1693580 1227
1693590 1227
1693600 1225
1693610 1225
1693620 1224
1693630 1225
1693640 1225
1693650 1225
1693660 1225
1693670 1225
1693680 1223
1693690 1223
1693700 1223
1693710 1223
1693720 1223
1693730 1223
1693740 1222
1693750 1222
1693760 1222
1693770 1221
1693780 1221
1693790 1221
1693800 1221
1693810 1223
1693820 1223
1693830 1222
1693840 1224
1693850 1224
1693860 1224
1693870 1223
1693880 1223
1693890 1223
1693900 1221
1693910 1221
1693920 1216
1693930 1215
1693940 1215
1693950 1215
1693960 1214
1693970 1214
1693980 1214
1693990 1212
1694000 1212
1694010 1212
1694020 1213
1694030 1215
1694040 1215
1694050 1217
1694060 1218
1694070 1218
1694080 1218
1694090 1218
1694100 1218
1694110 1219
1694120 1220
1694130 1220
1694140 1221
1694150 1222
1694160 1222
1694170 1223
1694180 1226
1694190 1226
1694200 1226
1694210 1225
1694220 1225
1694230 1226
1694240 1225
1694250 1225
1694260 1227
1694270 1228
1694280 1228
1694290 1228
1694300 1229
1694310 1229
1694320 1229
1694330 1229
1694340 1229
1694350 1226
1694360 1231
1694370 1231
1694380 1233
1694390 1236
1694400 1236
1694410 1236
1694420 1237
1694430 1237
1694440 1241
1694450 1244
1694460 1244
1694470 1248
1694480 1252
1694490 1256
1694500 1256
1694510 1261
1694520 1268
1694530 1268
1694540 1275
1694550 1280
1694560 1280
1694570 1284
1694580 1289
1694590 1289
1694600 1294
1694610 1299
1694620 1299
1694630 1303
1694640 1308
1694650 1308
1694660 1314
1694670 1319
1694680 1319
1694690 1324
1694700 1329
1694710 1329
1694720 1333
1694730 1338
1694740 1338
1694750 1341
1694760 1343
1694770 1343
1694780 1344
1694790 1345
1694800 1345
1694810 1345
1694820 1345
1694830 1345
1694840 1343
1694850 1340
1694860 1340
1694870 1337
1694880 1334
1694890 1334
1694900 1330
1694910 1327
1694920 1327
1694930 1324
1694940 1320
1694950 1320
1694960 1316
1694970 1311
1694980 1307
1694990 1307
1695000 1306
1695010 1305
1695020 1305
1695030 1304
1695040 1310
1695050 1310
1695060 1314
1695070 1317
1695080 1317
1695090 1321
1695100 1322
1695110 1322
1695120 1323
1695130 1325
1695140 1325
1695150 1327
1695160 1330
1695170 1330
1695180 1333
1695190 1334
1695200 1334
1695210 1335
1695220 1336
1695230 1336
1695240 1336
1695250 1338
1695260 1338
1695270 1340
1695280 1342
1695290 1342
1695300 1343
1695310 1345
1695320 1345
1695330 1348
1695340 1350
1695350 1350
1695360 1352
1695370 1354
1695380 1354
1695390 1356
1695400 1359
1695410 1359
1695420 1359
1695430 1359
1695440 1359
1695450 1364
1695460 1369
1695470 1369
1695480 1375
1695490 1379
1695500 1383
1695510 1383
1695520 1388
1695530 1392
1695540 1392
1695550 1397
1695560 1401
1695570 1401
1695580 1405
1695590 1409
1695600 1409
1695610 1413
1695620 1418
1695630 1418
1695640 1423
1695650 1426
1695660 1426
1695670 1429
1695680 1435
1695690 1435
1695700 1440
1695710 1445
1695720 1445
1695730 1450
1695740 1455
1695750 1455
1695760 1460
1695770 1465
1695780 1465
1695790 1471
1695800 1478
1695810 1478
1695820 1484
1695830 1489
1695840 1489
1695850 1494
1695860 1499
1695870 1499
1695880 1503
1695890 1505
1695900 1505
1695910 1507
1695920 1501
1695930 1501
1695940 1491
1695950 1482
1695960 1482
1695970 1476
1695980 1468
1695990 1460
1696000 1460
1696010 1454
1696020 1445
1696030 1445
1696040 1439
1696050 1435
1696060 1435
1696070 1428
1696080 1423
1696090 1423
1696100 1418
1696110 1414
1696120 1414
1696130 1410
1696140 1404
1696150 1404
1696160 1399
1696170 1395
1696180 1395
1696190 1391
1696200 1387
1696210 1387
1696220 1384
1696230 1379
1696240 1379
1696250 1373
1696260 1369
1696270 1369
1696280 1365
1696290 1360
1696300 1360
1696310 1355
1696320 1350
1696330 1350
1696340 1346
1696350 1343
1696360 1343
1696370 1339
1696380 1334
1696390 1334
1696400 1330
1696410 1325
1696420 1325
1696430 1321
1696440 1317
1696450 1317
1696460 1312
1696470 1308
1696480 1302
1696490 1302
1696500 1293
1696510 1300
1696520 1300
1696530 1300
1696540 1297
1696550 1297
1696560 1292
1696570 1289
1696580 1289
1696590 1292
1696600 1292
1696610 1292
1696620 1291
1696630 1291
1696640 1291
1696650 1290
1696660 1289
1696670 1289
1696680 1288
1696690 1286
1696700 1286
1696710 1284
1696720 1282
1696730 1282
1696740 1279
1696750 1275
1696760 1275
1696770 1273
1696780 1274
1696790 1274
1696800 1278
1696810 1287
1696820 1287
1696830 1293
1696840 1295
1696850 1295
1696860 1296
1696870 1297
1696880 1297
1696890 1297
1696900 1298
1696910 1298
1696920 1298
1696930 1297
1696940 1297
1696950 1296
1696960 1294
1696970 1294
1696980 1294
1696990 1293
1697000 1292
1697010 1292
1697020 1289
1697030 1287
1697040 1287
1697050 1285
1697060 1282
1697070 1282
1697080 1280
1697090 1278
1697100 1278
1697110 1276
1697120 1273
1697130 1273
1697140 1270
1697150 1264
1697160 1264
1697170 1259
1697180 1258
1697190 1258
1697200 1258
1697210 1258
1697220 1258
1697230 1260
1697240 1261
1697250 1261
1697260 1261
1697270 1262
1697280 1262
1697290 1264
1697300 1265
1697310 1265
1697320 1266
1697330 1268
1697340 1268
1697350 1275
1697360 1276
1697370 1276
1697380 1276
1697390 1276
1697400 1276
1697410 1275
1697420 1272
1697430 1272
1697440 1268
1697450 1262
1697460 1262
1697470 1256
1697480 1250
1697490 1245
1697500 1245
1697510 1239
1697520 1235
1697530 1235
1697540 1231
1697550 1226
1697560 1226
1697570 1221
1697580 1217
1697590 1217
1697600 1213
1697610 1209
1697620 1209
1697630 1203
1697640 1199
1697650 1199
1697660 1194
1697670 1191
1697680 1191
1697690 1182
1697700 1172
1697710 1172
1697720 1164
1697730 1157
1697740 1157
1697750 1152
1697760 1148
1697770 1148
1697780 1144
1697790 1143
1697800 1143
1697810 1142
1697820 1139
1697830 1139
1697840 1134
1697850 1128
1697860 1128
1697870 1121
1697880 1116
1697890 1116
1697900 1110
1697910 1104
1697920 1104
1697930 1099
1697940 1090
1697950 1090
1697960 1081
1697970 1074
1697980 1067
1697990 1067
1698000 1060
1698010 1053
1698020 1053
1698030 1050
1698040 1042
1698050 1042
1698060 1036
1698070 1030
1698080 1030
1698090 1023
1698100 1015
1698110 1015
1698120 1009
1698130 1000
1698140 1000
1698150 994
1698160 1004
1698170 1004
1698180 1009
1698190 1010
1698200 1010
1698210 1010
1698220 1009
1698230 1009
1698240 1008
1698250 1011
1698260 1011
1698270 1013
1698280 1014
1698290 1014
1698300 1016
1698310 1018
1698320 1018
1698330 1020
1698340 1022
1698350 1022
1698360 1023
1698370 1024
1698380 1024
1698390 1024
1698400 1023
1698410 1023
1698420 1024
1698430 1026
1698440 1026
1698450 1026
1698460 1026
1698470 1025
1698480 1025
1698490 1025
1698500 1024
1698510 1024
1698520 1024
1698530 1025
1698540 1025
1698550 1025
1698560 1025
1698570 1025
1698580 1025
1698590 1025
1698600 1025
1698610 1025
1698620 1024
1698630 1024
1698640 1024
1698650 1024
1698660 1024
1698670 1024
1698680 1023
1698690 1023
1698700 1022
1698710 1022
1698720 1022
1698730 1021
1698740 1020
1698750 1020
1698760 1020
1698770 1019
1698780 1019
1698790 1018
1698800 1018
1698810 1018
1698820 1018
1698830 1018
1698840 1018
1698850 1019
1698860 1018
1698870 1018
1698880 1017
1698890 1018
1698900 1018
1698910 1018
1698920 1015
1698930 1015
1698940 1014
1698950 1012
1698960 1010
1698970 1010
1698980 1008
1698990 1006
1699000 1006
1699010 1003
1699020 1001
1699030 1001
1699040 998
1699050 995
1699060 995
1699070 992
1699080 990
1699090 990
1699100 988
1699110 986
1699120 986
1699130 984
1699140 982
1699150 982
1699160 978
1699170 976
1699180 976
1699190 977
1699200 980
1699210 980
1699220 983
1699230 986
1699240 986
1699250 989
1699260 992
1699270 992
1699280 996
1699290 1000
1699300 1000
1699310 1005
1699320 1008
1699330 1008
1699340 1012
1699350 1015
1699360 1015
1699370 1019
1699380 1022
1699390 1022
1699400 1026
1699410 1030
1699420 1030
1699430 1033
1699440 1036
1699450 1036
1699460 1040
1699470 1045
1699480 1049
1699490 1049
1699500 1053
1699510 1055
1699520 1055
1699530 1059
1699540 1062
1699550 1062
1699560 1064
1699570 1065
1699580 1065
1699590 1067
1699600 1071
1699610 1071
1699620 1077
1699630 1080
1699640 1080
1699650 1081
1699660 1085
1699670 1085
1699680 1089
1699690 1094
1699700 1094
1699710 1099
1699720 1102
1699730 1102
1699740 1106
1699750 1109
1699760 1109
1699770 1111
1699780 1112
1699790 1112
1699800 1115
1699810 1120
1699820 1120
1699830 1125
1699840 1129
1699850 1129
1699860 1133
1699870 1137
1699880 1137
1699890 1144
1699900 1151
1699910 1151
1699920 1156
1699930 1164
1699940 1164
1699950 1171
1699960 1177
1699970 1184
1699980 1184
1699990 1190
