1690350 1112
1690360 1112
1690370 1112
1690380 1111
1690390 1112
1690400 1112
1690410 1111
1690420 1108
1690430 1108
1690440 1110
1690450 1113
1690460 1113
1690470 1115
1690480 1118
1690490 1118
1690500 1122
1690510 1125
1690520 1125
1690530 1127
1690540 1130
1690550 1130
1690560 1130
1690570 1131
1690580 1131
1690590 1130
1690600 1129
1690610 1129
1690620 1129
1690630 1129
1690640 1129
1690650 1126
1690660 1125
1690670 1124
1690680 1124
1690690 1124
1690700 1123
1690710 1123
1690720 1120
1690730 1116
1690740 1116
1690750 1120
1690760 1125
1690770 1125
1690780 1133
1690790 1135
1690800 1135
1690810 1134
1690820 1134
1690830 1134
1690840 1134
1690850 1133
1690860 1133
1690870 1127
1690880 1118
1690890 1118
1690900 1110
1690910 1103
1690920 1103
1690930 1096
1690940 1092
1690950 1092
1690960 1088
1690970 1086
1690980 1086
1690990 1080
1691000 1080
1691010 1080
1691020 1080
1691030 1081
1691040 1081
1691050 1081
1691060 1079
1691070 1079
1691080 1074
1691090 1072
1691100 1072
1691110 1071
1691120 1072
1691130 1072
1691140 1073
1691150 1075
1691160 1075
1691170 1073
1691180 1073
1691190 1073
1691200 1073
1691210 1074
1691220 1075
1691230 1075
1691240 1078
1691250 1081
1691260 1081
1691270 1083
1691280 1087
1691290 1087
1691300 1093
1691310 1096
1691320 1096
1691330 1096
1691340 1098
1691350 1098
1691360 1098
1691370 1100
1691380 1100
1691390 1102
1691400 1101
1691410 1101
1691420 1099
1691430 1092
1691440 1092
1691450 1086
1691460 1082
1691470 1082
1691480 1079
1691490 1074
1691500 1074
1691510 1068
1691520 1061
1691530 1061
1691540 1055
1691550 1049
1691560 1049
1691570 1044
1691580 1048
1691590 1048
1691600 1056
1691610 1064
1691620 1064
1691630 1070
1691640 1075
1691650 1075
1691660 1082
1691670 1089
1691680 1089
1691690 1097
1691700 1103
1691710 1110
1691720 1110
1691730 1117
1691740 1120
1691750 1120
1691760 1120
1691770 1121
1691780 1121
1691790 1120
1691800 1119
1691810 1119
1691820 1122
1691830 1123
1691840 1123
1691850 1125
1691860 1126
1691870 1126
1691880 1128
1691890 1129
1691900 1129
1691910 1130
1691920 1130
1691930 1130
1691940 1127
1691950 1129
1691960 1129
1691970 1135
1691980 1139
1691990 1139
1692000 1145
1692010 1150
1692020 1150
1692030 1153
1692040 1153
1692050 1153
1692060 1156
1692070 1163
1692080 1163
1692090 1170
1692100 1178
1692110 1178
1692120 1183
1692130 1181
1692140 1181
1692150 1180
1692160 1176
1692170 1176
1692180 1171
1692190 1164
1692200 1164
1692210 1157
1692220 1150
1692230 1150
1692240 1144
1692250 1137
1692260 1132
1692270 1132
1692280 1129
1692290 1128
1692300 1128
1692310 1129
1692320 1129
1692330 1129
1692340 1128
1692350 1127
1692360 1127
1692370 1125
1692380 1125
1692390 1125
1692400 1127
1692410 1128
1692420 1128
1692430 1129
1692440 1129
1692450 1129
1692460 1131
1692470 1132
1692480 1132
1692490 1133
1692500 1136
1692510 1136
1692520 1136
1692530 1133
1692540 1133
1692550 1133
1692560 1134
1692570 1134
1692580 1135
1692590 1135
1692600 1135
1692610 1133
1692620 1132
1692630 1132
1692640 1132
1692650 1132
1692660 1132
1692670 1128
1692680 1124
1692690 1124
1692700 1122
1692710 1120
1692720 1120
1692730 1118
1692740 1114
1692750 1114
1692760 1112
1692770 1109
1692780 1107
1692790 1107
1692800 1105
1692810 1098
1692820 1098
1692830 1094
1692840 1090
1692850 1090
1692860 1085
1692870 1080
1692880 1080
1692890 1073
1692900 1070
1692910 1070
1692920 1067
1692930 1064
1692940 1064
1692950 1060
1692960 1055
1692970 1055
1692980 1053
1692990 1050
1693000 1050
1693010 1046
1693020 1041
1693030 1041
1693040 1040
1693050 1037
1693060 1037
1693070 1037
1693080 1036
1693090 1036
1693100 1036
1693110 1035
1693120 1035
1693130 1031
1693140 1030
1693150 1030
1693160 1027
1693170 1020
1693180 1020
1693190 1011
1693200 1005
1693210 1005
1693220 1003
1693230 997
1693240 997
1693250 989
1693260 988
1693270 988
1693280 988
1693290 986
1693300 985
1693310 985
1693320 977
1693330 974
1693340 974
1693350 972
1693360 976
1693370 976
1693380 977
1693390 975
1693400 960
1693410 960
1693420 958
1693430 958
1693440 960
1693450 969
1693460 969
1693470 978
1693480 973
1693490 973
1693500 978
1693510 984
1693520 984
1693530 991
1693540 997
1693550 997
1693560 1003
1693570 1008
1693580 1008
1693590 1013
1693600 1019
1693610 1019
1693620 1024
1693630 1025
1693640 1025
1693650 1024
1693660 1020
1693670 1020
1693680 1017
1693690 1013
1693700 1013
1693710 1010
1693720 1016
1693730 1016
1693740 1020
1693750 1025
1693760 1025
1693770 1030
1693780 1035
1693790 1035
1693800 1037
1693810 1037
1693820 1036
1693830 1036
1693840 1034
1693850 1033
1693860 1033
1693870 1033
1693880 1033
1693890 1033
1693900 1033
1693910 1033
1693920 1033
1693930 1036
1693940 1040
1693950 1040
1693960 1045
1693970 1049
1693980 1049
1693990 1054
1694000 1058
1694010 1058
1694020 1061
1694030 1062
1694040 1062
1694050 1059
1694060 1056
1694070 1056
1694080 1049
1694090 1045
1694100 1045
1694110 1043
1694120 1039
1694130 1039
1694140 1037
1694150 1037
1694160 1037
1694170 1038
1694180 1037
1694190 1037
1694200 1035
1694210 1031
1694220 1031
1694230 1028
1694240 1030
1694250 1030
1694260 1033
1694270 1032
1694280 1032
1694290 1032
1694300 1030
1694310 1030
1694320 1029
1694330 1028
1694340 1028
1694350 1027
1694360 1026
1694370 1027
1694380 1027
1694390 1031
1694400 1031
1694410 1031
1694420 1029
1694430 1028
1694440 1028
1694450 1028
1694460 1026
1694470 1026
1694480 1025
1694490 1021
1694500 1021
1694510 1017
1694520 1012
1694530 1012
1694540 1008
1694550 1010
1694560 1010
1694570 1012
1694580 1013
1694590 1013
1694600 1013
1694610 1009
1694620 1009
1694630 1009
1694640 1010
1694650 1010
1694660 1009
1694670 1005
1694680 1005
1694690 1003
1694700 1002
1694710 1002
1694720 999
1694730 994
1694740 994
1694750 989
1694760 981
1694770 981
1694780 976
1694790 965
1694800 965
1694810 959
1694820 955
1694830 955
1694840 945
1694850 937
1694860 937
1694870 920
1694880 912
1694890 905
1694900 905
1694910 899
1694920 894
1694930 894
1694940 890
1694950 887
1694960 887
1694970 883
1694980 882
1694990 882
1695000 882
1695010 882
1695020 882
1695030 882
1695040 883
1695050 883
1695060 883
1695070 883
1695080 883
1695090 883
1695100 883
1695110 883
1695120 883
1695130 883
1695140 883
1695150 883
1695160 883
1695170 883
1695180 883
1695190 882
1695200 882
1695210 883
1695220 882
1695230 882
1695240 882
1695250 881
1695260 881
1695270 881
1695280 882
1695290 882
1695300 882
1695310 882
1695320 882
1695330 880
1695340 880
1695350 880
1695360 883
1695370 889
1695380 889
1695390 893
1695400 899
1695410 902
1695420 902
1695430 902
1695440 903
1695450 903
1695460 907
1695470 911
1695480 911
1695490 918
1695500 923
1695510 923
1695520 931
1695530 931
1695540 931
1695550 926
1695560 917
1695570 917
1695580 908
1695590 899
1695600 899
1695610 891
1695620 885
1695630 885
1695640 883
1695650 882
1695660 882
1695670 882
1695680 883
1695690 883
1695700 885
1695710 883
1695720 883
1695730 879
1695740 877
1695750 877
1695760 875
1695770 873
1695780 873
1695790 872
1695800 871
1695810 871
1695820 870
1695830 870
1695840 870
1695850 870
1695860 870
1695870 870
1695880 869
1695890 869
1695900 869
1695910 869
1695920 868
1695930 868
1695940 868
1695950 867
1695960 867
1695970 867
1695980 867
1695990 867
1696000 867
1696010 867
1696020 867
1696030 867
1696040 866
1696050 866
1696060 866
1696070 866
1696080 866
1696090 866
1696100 866
1696110 866
1696120 866
1696130 866
1696140 866
1696150 866
1696160 866
1696170 865
1696180 865
1696190 868
1696200 873
1696210 873
1696220 878
1696230 883
1696240 883
1696250 889
1696260 894
1696270 894
1696280 897
1696290 901
1696300 901
1696310 904
1696320 907
1696330 907
1696340 911
1696350 916
1696360 916
1696370 920
1696380 923
1696390 923
1696400 923
1696410 923
1696420 923
1696430 926
1696440 930
1696450 930
1696460 936
1696470 946
1696480 957
1696490 957
1696500 965
1696510 972
1696520 972
1696530 973
1696540 974
1696550 974
1696560 975
1696570 975
1696580 975
1696590 975
1696600 973
1696610 973
1696620 966
1696630 957
1696640 957
1696650 947
1696660 940
1696670 940
1696680 929
1696690 922
1696700 922
1696710 912
1696720 902
1696730 902
1696740 894
1696750 886
1696760 886
1696770 880
1696780 873
1696790 873
1696800 867
1696810 862
1696820 862
1696830 857
1696840 856
1696850 856
1696860 852
1696870 850
1696880 850
1696890 849
1696900 850
1696910 850
1696920 851
1696930 849
1696940 849
1696950 846
1696960 846
1696970 846
1696980 848
1696990 848
1697000 844
1697010 844
1697020 845
1697030 846
1697040 846
1697050 843
1697060 841
1697070 841
1697080 842
1697090 841
1697100 841
1697110 842
1697120 842
1697130 842
1697140 842
1697150 842
1697160 842
1697170 842
1697180 842
1697190 842
1697200 842
1697210 842
1697220 842
1697230 842
1697240 841
1697250 841
1697260 841
1697270 838
1697280 838
1697290 839
1697300 839
1697310 839
1697320 838
1697330 838
1697340 838
1697350 839
1697360 839
1697370 839
1697380 839
1697390 840
1697400 840
1697410 841
1697420 840
1697430 840
1697440 840
1697450 840
1697460 840
1697470 841
1697480 841
1697490 841
1697500 843
1697510 845
1697520 847
1697530 847
1697540 848
1697550 849
1697560 849
1697570 850
1697580 852
1697590 852
1697600 854
1697610 856
1697620 856
1697630 858
1697640 860
1697650 860
1697660 862
1697670 864
1697680 864
1697690 867
1697700 868
1697710 868
1697720 868
1697730 868
1697740 868
1697750 872
1697760 875
1697770 875
1697780 878
1697790 882
1697800 882
1697810 886
1697820 890
1697830 890
1697840 895
1697850 899
1697860 899
1697870 901
1697880 901
1697890 901
1697900 903
1697910 907
1697920 907
1697930 910
1697940 914
1697950 914
1697960 918
1697970 922
1697980 922
1697990 926
1698000 931
1698010 931
1698020 935
1698030 939
1698040 943
1698050 943
1698060 949
1698070 958
1698080 958
1698090 963
1698100 967
1698110 967
1698120 968
1698130 972
1698140 972
1698150 975
1698160 977
1698170 977
1698180 979
1698190 981
1698200 981
1698210 981
1698220 982
1698230 982
1698240 984
1698250 987
1698260 987
1698270 990
1698280 990
1698290 990
1698300 991
1698310 991
1698320 991
1698330 989
1698340 987
1698350 987
1698360 983
1698370 979
1698380 979
1698390 970
1698400 964
1698410 964
1698420 956
1698430 952
1698440 952
1698450 948
1698460 945
1698470 945
1698480 941
1698490 937
1698500 937
1698510 934
1698520 933
1698530 933
1698540 932
1698550 930
1698560 928
1698570 928
1698580 926
1698590 925
1698600 925
1698610 923
1698620 923
1698630 923
1698640 922
1698650 920
1698660 920
1698670 919
1698680 918
1698690 918
1698700 917
1698710 918
1698720 918
1698730 920
1698740 923
1698750 923
1698760 927
1698770 931
1698780 931
1698790 935
1698800 939
1698810 939
1698820 944
1698830 948
1698840 948
1698850 953
1698860 957
1698870 957
1698880 961
1698890 965
1698900 965
1698910 968
1698920 972
1698930 972
1698940 976
1698950 980
1698960 980
1698970 982
1698980 984
1698990 984
1699000 986
1699010 987
1699020 987
1699030 988
1699040 989
1699050 989
1699060 989
1699070 988
1699080 988
1699090 987
1699100 985
1699110 984
1699120 984
1699130 982
1699140 979
1699150 979
1699160 975
1699170 974
1699180 974
1699190 973
1699200 972
1699210 972
1699220 974
1699230 975
1699240 975
1699250 975
1699260 974
1699270 974
1699280 972
1699290 971
1699300 971
1699310 970
1699320 967
1699330 967
1699340 964
1699350 961
1699360 961
1699370 958
1699380 956
1699390 956
1699400 954
1699410 953
1699420 953
1699430 952
1699440 949
1699450 949
1699460 948
1699470 947
1699480 947
1699490 945
1699500 944
1699510 944
1699520 944
1699530 942
1699540 942
1699550 939
1699560 936
1699570 936
1699580 932
1699590 930
1699600 930
1699610 927
1699620 924
1699630 922
1699640 922
1699650 919
1699660 917
1699670 917
1699680 914
1699690 912
1699700 912
1699710 910
1699720 908
1699730 908
1699740 906
1699750 903
1699760 903
1699770 901
1699780 899
1699790 899
1699800 898
1699810 896
1699820 896
1699830 895
1699840 897
1699850 897
1699860 898
1699870 900
1699880 900
1699890 902
1699900 903
1699910 903
1699920 904
1699930 905
1699940 905
1699950 909
1699960 912
1699970 912
1699980 915
1699990 920
