1690350 1067
1690360 1062
1690370 1062
1690380 1059
1690390 1054
1690400 1054
1690410 1049
1690420 1044
1690430 1044
1690440 1039
1690450 1036
1690460 1036
1690470 1033
1690480 1033
1690490 1033
1690500 1031
1690510 1030
1690520 1030
1690530 1029
1690540 1028
1690550 1028
1690560 1024
1690570 1018
1690580 1018
1690590 1016
1690600 1016
1690610 1016
1690620 1017
1690630 1020
1690640 1020
1690650 1025
1690660 1030
1690670 1030
1690680 1033
1690690 1035
1690700 1035
1690710 1036
1690720 1036
1690730 1036
1690740 1031
1690750 1028
1690760 1028
1690770 1025
1690780 1021
1690790 1021
1690800 1023
1690810 1026
1690820 1026
1690830 1029
1690840 1031
1690850 1030
1690860 1030
1690870 1032
1690880 1034
1690890 1034
1690900 1037
1690910 1040
1690920 1040
1690930 1042
1690940 1044
1690950 1044
1690960 1045
1690970 1045
1690980 1045
1690990 1044
1691000 1045
1691010 1045
1691020 1047
1691030 1049
1691040 1049
1691050 1049
1691060 1049
1691070 1049
1691080 1050
1691090 1050
1691100 1050
1691110 1050
1691120 1049
1691130 1049
1691140 1049
1691150 1049
1691160 1049
1691170 1051
1691180 1053
1691190 1053
1691200 1055
1691210 1056
1691220 1056
1691230 1058
1691240 1060
1691250 1060
1691260 1061
1691270 1064
1691280 1064
1691290 1065
1691300 1066
1691310 1066
1691320 1066
1691330 1067
1691340 1067
1691350 1069
1691360 1072
1691370 1072
1691380 1074
1691390 1075
1691400 1077
1691410 1077
1691420 1079
1691430 1080
1691440 1080
1691450 1082
1691460 1084
1691470 1084
1691480 1087
1691490 1090
1691500 1090
1691510 1094
1691520 1098
1691530 1098
1691540 1102
1691550 1106
1691560 1106
1691570 1110
1691580 1114
1691590 1114
1691600 1117
1691610 1121
1691620 1121
1691630 1124
1691640 1127
1691650 1127
1691660 1126
1691670 1123
1691680 1123
1691690 1124
1691700 1125
1691710 1125
1691720 1123
1691730 1120
1691740 1120
1691750 1120
1691760 1119
1691770 1119
1691780 1118
1691790 1116
1691800 1116
1691810 1119
1691820 1120
1691830 1120
1691840 1119
1691850 1114
1691860 1114
1691870 1111
1691880 1110
1691890 1110
1691900 1108
1691910 1102
1691920 1094
1691930 1094
1691940 1084
1691950 1079
1691960 1079
1691970 1076
1691980 1074
1691990 1074
1692000 1071
1692010 1067
1692020 1067
1692030 1063
1692040 1061
1692050 1061
1692060 1057
1692070 1053
1692080 1053
1692090 1052
1692100 1051
1692110 1051
1692120 1050
1692130 1051
1692140 1051
1692150 1051
1692160 1051
1692170 1051
1692180 1051
1692190 1051
1692200 1051
1692210 1052
1692220 1052
1692230 1052
1692240 1052
1692250 1053
1692260 1053
1692270 1053
1692280 1053
1692290 1053
1692300 1053
1692310 1053
1692320 1053
1692330 1054
1692340 1054
1692350 1054
1692360 1054
1692370 1054
1692380 1054
1692390 1055
1692400 1058
1692410 1058
1692420 1060
1692430 1065
1692440 1065
1692450 1068
1692460 1071
1692470 1076
1692480 1076
1692490 1081
1692500 1083
1692510 1083
1692520 1082
1692530 1084
1692540 1084
1692550 1087
1692560 1090
1692570 1090
1692580 1091
1692590 1093
1692600 1093
1692610 1097
1692620 1099
1692630 1099
1692640 1100
1692650 1103
1692660 1103
1692670 1104
1692680 1103
1692690 1103
1692700 1097
1692710 1093
1692720 1093
1692730 1093
1692740 1096
1692750 1096
1692760 1100
1692770 1104
1692780 1104
1692790 1109
1692800 1114
1692810 1114
1692820 1119
1692830 1126
1692840 1126
1692850 1130
1692860 1133
1692870 1133
1692880 1137
1692890 1140
1692900 1140
1692910 1140
1692920 1140
1692930 1140
1692940 1140
1692950 1138
1692960 1138
1692970 1137
1692980 1127
1692990 1116
1693000 1116
1693010 1108
1693020 1100
1693030 1100
1693040 1093
1693050 1096
1693060 1096
1693070 1097
1693080 1100
1693090 1100
1693100 1098
1693110 1095
1693120 1095
1693130 1091
1693140 1088
1693150 1088
1693160 1084
1693170 1078
1693180 1078
1693190 1071
1693200 1065
1693210 1065
1693220 1060
1693230 1054
1693240 1054
1693250 1048
1693260 1044
1693270 1044
1693280 1038
1693290 1035
1693300 1035
1693310 1031
1693320 1026
1693330 1026
1693340 1011
1693350 1002
1693360 1002
1693370 995
1693380 987
1693390 987
1693400 986
1693410 993
1693420 993
1693430 1000
1693440 1006
1693450 1006
1693460 1006
1693470 1005
1693480 1005
1693490 1009
1693500 1013
1693510 1017
1693520 1017
1693530 1022
1693540 1026
1693550 1026
1693560 1033
1693570 1039
1693580 1039
1693590 1037
1693600 1033
1693610 1033
1693620 1035
1693630 1030
1693640 1030
1693650 1030
1693660 1029
1693670 1029
1693680 1027
1693690 1020
1693700 1020
1693710 1014
1693720 1011
1693730 1011
1693740 1009
1693750 1007
1693760 1007
1693770 1001
1693780 1000
1693790 1000
1693800 989
1693810 980
1693820 980
1693830 972
1693840 968
1693850 968
1693860 967
1693870 969
1693880 969
1693890 970
1693900 969
1693910 969
1693920 968
1693930 967
1693940 967
1693950 964
1693960 959
1693970 959
1693980 954
1693990 957
1694000 957
1694010 961
1694020 963
1694030 963
1694040 962
1694050 964
1694060 966
1694070 966
1694080 968
1694090 971
1694100 971
1694110 975
1694120 978
1694130 978
1694140 984
1694150 986
1694160 986
1694170 990
1694180 996
1694190 996
1694200 998
1694210 998
1694220 998
1694230 995
1694240 991
1694250 991
1694260 986
1694270 981
1694280 981
1694290 977
1694300 974
1694310 974
1694320 973
1694330 970
1694340 970
1694350 968
1694360 969
1694370 969
1694380 969
1694390 969
1694400 969
1694410 968
1694420 965
1694430 965
1694440 963
1694450 959
1694460 959
1694470 963
1694480 968
1694490 968
1694500 973
1694510 978
1694520 978
1694530 984
1694540 991
1694550 991
1694560 995
1694570 1000
1694580 1004
1694590 1004
1694600 1006
1694610 1009
1694620 1009
1694630 1012
1694640 1014
1694650 1014
1694660 1016
1694670 1019
1694680 1019
1694690 1023
1694700 1025
1694710 1025
1694720 1024
1694730 1022
1694740 1022
1694750 1018
1694760 1013
1694770 1013
1694780 1010
1694790 1007
1694800 1007
1694810 1005
1694820 1002
1694830 1002
1694840 998
1694850 994
1694860 994
1694870 990
1694880 986
1694890 986
1694900 982
1694910 977
1694920 977
1694930 972
1694940 966
1694950 966
1694960 961
1694970 956
1694980 956
1694990 951
1695000 946
1695010 946
1695020 939
1695030 932
1695040 932
1695050 925
1695060 918
1695070 918
1695080 911
1695090 905
1695100 905
1695110 901
1695120 899
1695130 896
1695140 896
1695150 895
1695160 895
1695170 895
1695180 895
1695190 894
1695200 894
1695210 894
1695220 894
1695230 894
1695240 894
1695250 894
1695260 894
1695270 894
1695280 894
1695290 894
1695300 894
1695310 896
1695320 896
1695330 897
1695340 895
1695350 895
1695360 894
1695370 894
1695380 894
1695390 895
1695400 895
1695410 895
1695420 895
1695430 894
1695440 894
1695450 894
1695460 894
1695470 894
1695480 894
1695490 894
1695500 894
1695510 894
1695520 895
1695530 895
1695540 896
1695550 897
1695560 897
1695570 900
1695580 903
1695590 903
1695600 904
1695610 906
1695620 906
1695630 908
1695640 910
1695650 912
1695660 912
1695670 912
1695680 913
1695690 913
1695700 913
1695710 914
1695720 914
1695730 915
1695740 916
1695750 916
1695760 915
1695770 915
1695780 915
1695790 914
1695800 914
1695810 914
1695820 913
1695830 913
1695840 913
1695850 911
1695860 906
1695870 906
1695880 901
1695890 900
1695900 900
1695910 899
1695920 898
1695930 898
1695940 899
1695950 899
1695960 899
1695970 898
1695980 895
1695990 895
1696000 895
1696010 893
1696020 893
1696030 893
1696040 892
1696050 892
1696060 891
1696070 890
1696080 890
1696090 891
1696100 891
1696110 891
1696120 890
1696130 890
1696140 890
1696150 890
1696160 891
1696170 891
1696180 891
1696190 892
1696200 893
1696210 893
1696220 894
1696230 893
1696240 893
1696250 891
1696260 889
1696270 889
1696280 885
1696290 880
1696300 880
1696310 875
1696320 869
1696330 869
1696340 861
1696350 855
1696360 855
1696370 854
1696380 852
1696390 852
1696400 852
1696410 852
1696420 852
1696430 852
1696440 853
1696450 853
1696460 852
1696470 852
1696480 852
1696490 852
1696500 852
1696510 852
1696520 852
1696530 852
1696540 852
1696550 852
1696560 852
1696570 852
1696580 852
1696590 853
1696600 853
1696610 852
1696620 852
1696630 852
1696640 852
1696650 852
1696660 852
1696670 852
1696680 852
1696690 852
1696700 852
1696710 852
1696720 851
1696730 851
1696740 851
1696750 851
1696760 851
1696770 851
1696780 850
1696790 850
1696800 850
1696810 851
1696820 851
1696830 851
1696840 850
1696850 850
1696860 850
1696870 850
1696880 850
1696890 849
1696900 849
1696910 849
1696920 850
1696930 850
1696940 850
1696950 850
1696960 850
1696970 850
1696980 850
1696990 850
1697000 850
1697010 851
1697020 851
1697030 851
1697040 855
1697050 856
1697060 856
1697070 857
1697080 858
1697090 858
1697100 861
1697110 863
1697120 863
1697130 862
1697140 861
1697150 861
1697160 861
1697170 861
1697180 861
1697190 862
1697200 862
1697210 862
1697220 864
1697230 865
1697240 865
1697250 865
1697260 864
1697270 861
1697280 861
1697290 858
1697300 857
1697310 857
1697320 856
1697330 857
1697340 857
1697350 857
1697360 858
1697370 858
1697380 859
1697390 860
1697400 860
1697410 861
1697420 860
1697430 860
1697440 861
1697450 862
1697460 862
1697470 863
1697480 864
1697490 864
1697500 864
1697510 865
1697520 865
1697530 866
1697540 866
1697550 866
1697560 867
1697570 867
1697580 867
1697590 868
1697600 868
1697610 868
1697620 869
1697630 870
1697640 870
1697650 872
1697660 874
1697670 874
1697680 876
1697690 877
1697700 877
1697710 880
1697720 885
1697730 885
1697740 889
1697750 897
1697760 897
1697770 903
1697780 905
1697790 908
1697800 908
1697810 910
1697820 913
1697830 913
1697840 918
1697850 921
1697860 921
1697870 922
1697880 924
1697890 924
1697900 927
1697910 931
1697920 931
1697930 937
1697940 942
1697950 942
1697960 946
1697970 950
1697980 950
1697990 957
1698000 964
1698010 964
1698020 971
1698030 979
1698040 979
1698050 984
1698060 988
1698070 988
1698080 990
1698090 987
1698100 987
1698110 982
1698120 977
1698130 977
1698140 970
1698150 962
1698160 962
1698170 956
1698180 949
1698190 949
1698200 939
1698210 931
1698220 931
1698230 924
1698240 918
1698250 918
1698260 913
1698270 909
1698280 909
1698290 907
1698300 905
1698310 904
1698320 904
1698330 903
1698340 901
1698350 901
1698360 901
1698370 900
1698380 900
1698390 899
1698400 897
1698410 897
1698420 896
1698430 892
1698440 892
1698450 887
1698460 883
1698470 883
1698480 882
1698490 881
1698500 881
1698510 882
1698520 883
1698530 883
1698540 883
1698550 882
1698560 882
1698570 879
1698580 877
1698590 877
1698600 877
1698610 876
1698620 876
1698630 874
1698640 877
1698650 877
1698660 881
1698670 883
1698680 883
1698690 883
1698700 884
1698710 884
1698720 884
1698730 885
1698740 885
1698750 885
1698760 887
1698770 887
1698780 889
1698790 892
1698800 892
1698810 895
1698820 899
1698830 903
1698840 903
1698850 907
1698860 912
1698870 912
1698880 916
1698890 921
1698900 921
1698910 926
1698920 930
1698930 930
1698940 934
1698950 938
1698960 938
1698970 943
1698980 947
1698990 947
1699000 952
1699010 956
1699020 956
1699030 959
1699040 959
1699050 959
1699060 955
1699070 953
1699080 953
1699090 951
1699100 949
1699110 949
1699120 946
1699130 946
1699140 946
1699150 944
1699160 944
1699170 944
1699180 944
1699190 942
1699200 942
1699210 942
1699220 941
1699230 941
1699240 938
1699250 935
1699260 935
1699270 931
1699280 928
1699290 928
1699300 926
1699310 924
1699320 924
1699330 922
1699340 920
1699350 920
1699360 918
1699370 915
1699380 913
1699390 913
1699400 912
1699410 910
1699420 910
1699430 907
1699440 905
1699450 905
1699460 903
1699470 902
1699480 902
1699490 902
1699500 901
1699510 901
1699520 901
1699530 901
1699540 901
1699550 901
1699560 900
1699570 900
1699580 899
1699590 899
1699600 899
1699610 899
1699620 898
1699630 898
1699640 898
1699650 898
1699660 898
1699670 898
1699680 898
1699690 898
1699700 899
1699710 900
1699720 900
1699730 900
1699740 902
1699750 902
1699760 903
1699770 903
1699780 903
1699790 904
1699800 905
1699810 905
1699820 908
1699830 912
1699840 912
1699850 915
1699860 919
1699870 919
1699880 923
1699890 925
1699900 929
1699910 929
1699920 932
1699930 935
1699940 935
1699950 936
1699960 938
1699970 938
1699980 939
1699990 940
