1690320 1047
1690330 1047
1690340 1050
1690350 1052
1690360 1052
1690370 1053
1690380 1053
1690390 1053
1690400 1053
1690410 1053
1690420 1053
1690430 1054
1690440 1054
1690450 1054
1690460 1052
1690470 1051
1690480 1051
1690490 1051
1690500 1054
1690510 1054
1690520 1058
1690530 1062
1690540 1062
1690550 1065
1690560 1069
1690570 1069
1690580 1071
1690590 1071
1690600 1071
1690610 1071
1690620 1071
1690630 1071
1690640 1073
1690650 1075
1690660 1075
1690670 1074
1690680 1073
1690690 1073
1690700 1071
1690710 1069
1690720 1069
1690730 1067
1690740 1066
1690750 1066
1690760 1065
1690770 1063
1690780 1061
1690790 1061
1690800 1059
1690810 1058
1690820 1058
1690830 1058
1690840 1057
1690850 1057
1690860 1054
1690870 1051
1690880 1051
1690890 1045
1690900 1041
1690910 1041
1690920 1040
1690930 1035
1690940 1035
1690950 1031
1690960 1032
1690970 1032
1690980 1039
1690990 1043
1691000 1043
1691010 1047
1691020 1049
1691030 1049
1691040 1050
1691050 1050
1691060 1050
1691070 1050
1691080 1050
1691090 1050
1691100 1050
1691110 1050
1691120 1050
1691130 1049
1691140 1049
1691150 1049
1691160 1049
1691170 1047
1691180 1047
1691190 1047
1691200 1045
1691210 1045
1691220 1044
1691230 1040
1691240 1040
1691250 1036
1691260 1032
1691270 1032
1691280 1030
1691290 1022
1691300 1022
1691310 1021
1691320 1020
1691330 1019
1691340 1019
1691350 1020
1691360 1030
1691370 1030
1691380 1034
1691390 1035
1691400 1035
1691410 1035
1691420 1036
1691430 1036
1691440 1036
1691450 1035
1691460 1035
1691470 1032
1691480 1031
1691490 1031
1691500 1031
1691510 1032
1691520 1032
1691530 1035
1691540 1038
1691550 1038
1691560 1041
1691570 1044
1691580 1044
1691590 1048
1691600 1051
1691610 1051
1691620 1053
1691630 1054
1691640 1054
1691650 1054
1691660 1056
1691670 1056
1691680 1057
1691690 1058
1691700 1058
1691710 1058
1691720 1058
1691730 1058
1691740 1058
1691750 1058
1691760 1058
1691770 1057
1691780 1058
1691790 1058
1691800 1057
1691810 1056
1691820 1056
1691830 1057
1691840 1056
1691850 1055
1691860 1055
1691870 1055
1691880 1053
1691890 1053
1691900 1052
1691910 1052
1691920 1052
1691930 1051
1691940 1050
1691950 1050
1691960 1048
1691970 1049
1691980 1049
1691990 1049
1692000 1048
1692010 1048
1692020 1049
1692030 1048
1692040 1048
1692050 1051
1692060 1054
1692070 1054
1692080 1057
1692090 1060
1692100 1060
1692110 1064
1692120 1069
1692130 1069
1692140 1075
1692150 1076
1692160 1076
1692170 1077
1692180 1079
1692190 1079
1692200 1081
1692210 1082
1692220 1082
1692230 1083
1692240 1083
1692250 1083
1692260 1079
1692270 1077
1692280 1077
1692290 1078
1692300 1078
1692310 1078
1692320 1078
1692330 1078
1692340 1078
1692350 1077
1692360 1077
1692370 1077
1692380 1075
1692390 1074
1692400 1072
1692410 1072
1692420 1071
1692430 1069
1692440 1069
1692450 1068
1692460 1069
1692470 1069
1692480 1070
1692490 1070
1692500 1070
1692510 1071
1692520 1072
1692530 1072
1692540 1074
1692550 1076
1692560 1076
1692570 1078
1692580 1079
1692590 1079
1692600 1081
1692610 1084
1692620 1084
1692630 1087
1692640 1091
1692650 1091
1692660 1095
1692670 1100
1692680 1100
1692690 1105
1692700 1109
1692710 1109
1692720 1114
1692730 1120
1692740 1120
1692750 1126
1692760 1134
1692770 1134
1692780 1141
1692790 1145
1692800 1145
1692810 1151
1692820 1156
1692830 1156
1692840 1157
1692850 1163
1692860 1163
1692870 1169
1692880 1172
1692890 1172
1692900 1170
1692910 1168
1692920 1168
1692930 1164
1692940 1159
1692950 1153
1692960 1153
1692970 1147
1692980 1142
1692990 1142
1693000 1139
1693010 1131
1693020 1131
1693030 1127
1693040 1123
1693050 1123
1693060 1120
1693070 1117
1693080 1117
1693090 1115
1693100 1112
1693110 1112
1693120 1110
1693130 1107
1693140 1107
1693150 1104
1693160 1102
1693170 1102
1693180 1099
1693190 1097
1693200 1097
1693210 1096
1693220 1094
1693230 1094
1693240 1093
1693250 1093
1693260 1093
1693270 1092
1693280 1092
1693290 1092
1693300 1091
1693310 1090
1693320 1090
1693330 1090
1693340 1088
1693350 1088
1693360 1087
1693370 1089
1693380 1089
1693390 1090
1693400 1091
1693410 1091
1693420 1092
1693430 1093
1693440 1093
1693450 1095
1693460 1096
1693470 1096
1693480 1098
1693490 1099
1693500 1100
1693510 1100
1693520 1101
1693530 1103
1693540 1103
1693550 1104
1693560 1105
1693570 1105
1693580 1106
1693590 1107
1693600 1107
1693610 1109
1693620 1111
1693630 1111
1693640 1113
1693650 1114
1693660 1114
1693670 1116
1693680 1119
1693690 1119
1693700 1121
1693710 1123
1693720 1123
1693730 1125
1693740 1126
1693750 1126
1693760 1123
1693770 1120
1693780 1120
1693790 1119
1693800 1118
1693810 1118
1693820 1117
1693830 1116
1693840 1116
1693850 1116
1693860 1115
1693870 1115
1693880 1115
1693890 1117
1693900 1117
1693910 1120
1693920 1123
1693930 1123
1693940 1126
1693950 1127
1693960 1127
1693970 1129
1693980 1131
1693990 1131
1694000 1131
1694010 1133
1694020 1135
1694030 1135
1694040 1137
1694050 1139
1694060 1139
1694070 1141
1694080 1142
1694090 1142
1694100 1142
1694110 1142
1694120 1142
1694130 1141
1694140 1141
1694150 1141
1694160 1144
1694170 1149
1694180 1149
1694190 1152
1694200 1151
1694210 1151
1694220 1146
1694230 1145
1694240 1145
1694250 1144
1694260 1143
1694270 1143
1694280 1140
1694290 1141
1694300 1141
1694310 1143
1694320 1144
1694330 1144
1694340 1147
1694350 1147
1694360 1147
1694370 1147
1694380 1147
1694390 1147
1694400 1148
1694410 1148
1694420 1148
1694430 1148
1694440 1149
1694450 1149
1694460 1151
1694470 1153
1694480 1153
1694490 1154
1694500 1155
1694510 1155
1694520 1154
1694530 1155
1694540 1155
1694550 1155
1694560 1155
1694570 1155
1694580 1155
1694590 1156
1694600 1156
1694610 1156
1694620 1156
1694630 1156
1694640 1156
1694650 1159
1694660 1163
1694670 1163
1694680 1167
1694690 1170
1694700 1170
1694710 1168
1694720 1168
1694730 1168
1694740 1170
1694750 1171
1694760 1171
1694770 1172
1694780 1174
1694790 1174
1694800 1175
1694810 1176
1694820 1176
1694830 1176
1694840 1177
1694850 1177
1694860 1177
1694870 1177
1694880 1177
1694890 1177
1694900 1178
1694910 1178
1694920 1179
1694930 1179
1694940 1179
1694950 1179
1694960 1179
1694970 1179
1694980 1179
1694990 1179
1695000 1179
1695010 1178
1695020 1178
1695030 1178
1695040 1178
1695050 1177
1695060 1177
1695070 1175
1695080 1174
1695090 1174
1695100 1170
1695110 1167
1695120 1166
1695130 1166
1695140 1161
1695150 1156
1695160 1156
1695170 1154
1695180 1152
1695190 1152
1695200 1150
1695210 1150
1695220 1150
1695230 1149
1695240 1147
1695250 1147
1695260 1149
1695270 1148
1695280 1148
1695290 1147
1695300 1145
1695310 1145
1695320 1143
1695330 1141
1695340 1141
1695350 1135
1695360 1128
1695370 1128
1695380 1122
1695390 1121
1695400 1121
1695410 1121
1695420 1121
1695430 1121
1695440 1118
1695450 1118
1695460 1118
1695470 1117
1695480 1117
1695490 1117
1695500 1115
1695510 1112
1695520 1112
1695530 1110
1695540 1108
1695550 1108
1695560 1106
1695570 1099
1695580 1099
1695590 1092
1695600 1084
1695610 1084
1695620 1079
1695630 1074
1695640 1074
1695650 1069
1695660 1065
1695670 1063
1695680 1063
1695690 1061
1695700 1055
1695710 1055
1695720 1052
1695730 1051
1695740 1051
1695750 1053
1695760 1056
1695770 1056
1695780 1060
1695790 1064
1695800 1064
1695810 1068
1695820 1072
1695830 1072
1695840 1076
1695850 1080
1695860 1080
1695870 1084
1695880 1088
1695890 1088
1695900 1092
1695910 1096
1695920 1096
1695930 1099
1695940 1101
1695950 1101
1695960 1103
1695970 1105
1695980 1105
1695990 1105
1696000 1105
1696010 1105
1696020 1105
1696030 1106
1696040 1106
1696050 1105
1696060 1104
1696070 1104
1696080 1103
1696090 1105
1696100 1105
1696110 1107
1696120 1108
1696130 1108
1696140 1110
1696150 1112
1696160 1112
1696170 1114
1696180 1117
1696190 1117
1696200 1119
1696210 1121
1696220 1123
1696230 1123
1696240 1125
1696250 1127
1696260 1127
1696270 1129
1696280 1130
1696290 1130
1696300 1131
1696310 1132
1696320 1132
1696330 1133
1696340 1133
1696350 1133
1696360 1132
1696370 1131
1696380 1131
1696390 1128
1696400 1124
1696410 1124
1696420 1118
1696430 1113
1696440 1113
1696450 1108
1696460 1102
1696470 1102
1696480 1094
1696490 1087
1696500 1087
1696510 1082
1696520 1079
1696530 1079
1696540 1076
1696550 1071
1696560 1071
1696570 1068
1696580 1067
1696590 1067
1696600 1066
1696610 1064
1696620 1064
1696630 1063
1696640 1062
1696650 1065
1696660 1065
1696670 1064
1696680 1064
1696690 1063
1696700 1062
1696710 1062
1696720 1060
1696730 1059
1696740 1057
1696750 1057
1696760 1055
1696770 1052
1696780 1052
1696790 1050
1696800 1048
1696810 1048
1696820 1045
1696830 1043
1696840 1043
1696850 1042
1696860 1040
1696870 1040
1696880 1038
1696890 1037
1696900 1037
1696910 1035
1696920 1033
1696930 1033
1696940 1031
1696950 1029
1696960 1029
1696970 1026
1696980 1023
1696990 1023
1697000 1020
1697010 1015
1697020 1015
1697030 1011
1697040 1007
1697050 1007
1697060 1003
1697070 998
1697080 998
1697090 994
1697100 992
1697110 992
1697120 991
1697130 989
1697140 989
1697150 986
1697160 983
1697170 983
1697180 980
1697190 976
1697200 976
1697210 972
1697220 968
1697230 968
1697240 963
1697250 958
1697260 958
1697270 953
1697280 949
1697290 945
1697300 945
1697310 940
1697320 936
1697330 936
1697340 931
1697350 926
1697360 926
1697370 924
1697380 921
1697390 921
1697400 917
1697410 913
1697420 913
1697430 909
1697440 905
1697450 905
1697460 900
1697470 894
1697480 894
1697490 890
1697500 885
1697510 885
1697520 880
1697530 876
1697540 876
1697550 875
1697560 875
1697570 875
1697580 874
1697590 870
1697600 870
1697610 865
1697620 864
1697630 864
1697640 862
1697650 861
1697660 861
1697670 861
1697680 861
1697690 861
1697700 861
1697710 863
1697720 863
1697730 863
1697740 863
1697750 863
1697760 861
1697770 859
1697780 859
1697790 858
1697800 853
1697810 853
1697820 853
1697830 856
1697840 856
1697850 856
1697860 855
1697870 855
1697880 855
1697890 854
1697900 852
1697910 852
1697920 852
1697930 850
1697940 850
1697950 848
1697960 846
1697970 846
1697980 845
1697990 843
1698000 843
1698010 841
1698020 840
1698030 840
1698040 839
1698050 839
1698060 839
1698070 838
1698080 838
1698090 838
1698100 838
1698110 838
1698120 838
1698130 837
1698140 837
1698150 837
1698160 837
1698170 837
1698180 837
1698190 837
1698200 838
1698210 838
1698220 836
1698230 836
1698240 836
1698250 836
1698260 836
1698270 836
1698280 835
1698290 835
1698300 835
1698310 835
1698320 835
1698330 835
1698340 835
1698350 834
1698360 834
1698370 834
1698380 834
1698390 834
1698400 834
1698410 834
1698420 834
1698430 834
1698440 833
1698450 833
1698460 833
1698470 833
1698480 833
1698490 833
1698500 833
1698510 833
1698520 833
1698530 833
1698540 833
1698550 833
1698560 833
1698570 833
1698580 833
1698590 833
1698600 834
1698610 834
1698620 834
1698630 834
1698640 834
1698650 834
1698660 834
1698670 834
1698680 834
1698690 834
1698700 834
1698710 834
1698720 834
1698730 834
1698740 833
1698750 833
1698760 833
1698770 834
1698780 834
1698790 834
1698800 834
1698810 837
1698820 837
1698830 838
1698840 840
1698850 840
1698860 841
1698870 842
1698880 842
1698890 843
1698900 845
1698910 849
1698920 849
1698930 852
1698940 855
1698950 855
1698960 859
1698970 862
1698980 862
1698990 866
1699000 869
1699010 869
1699020 873
1699030 877
1699040 877
1699050 882
1699060 885
1699070 885
1699080 889
1699090 893
1699100 893
1699110 893
1699120 888
1699130 888
1699140 889
1699150 889
1699160 889
1699170 887
1699180 888
1699190 888
1699200 900
1699210 905
1699220 905
1699230 909
1699240 912
1699250 912
1699260 915
1699270 915
1699280 915
1699290 914
1699300 915
1699310 915
1699320 915
1699330 917
1699340 917
1699350 921
1699360 925
1699370 925
1699380 925
1699390 929
1699400 929
1699410 929
1699420 927
1699430 927
1699440 924
1699450 921
1699460 916
1699470 916
1699480 910
1699490 904
1699500 904
1699510 900
1699520 895
1699530 895
1699540 892
1699550 887
1699560 887
1699570 883
1699580 881
1699590 881
1699600 877
1699610 873
1699620 873
1699630 869
1699640 865
1699650 865
1699660 861
1699670 857
1699680 857
1699690 853
1699700 848
1699710 848
1699720 844
1699730 841
1699740 841
1699750 839
1699760 834
1699770 834
1699780 830
1699790 829
1699800 829
1699810 827
1699820 827
1699830 827
1699840 827
1699850 827
1699860 827
1699870 827
1699880 827
1699890 827
1699900 827
1699910 827
1699920 827
1699930 827
1699940 827
1699950 827
1699960 827
1699970 827
1699980 827
1699990 827
