1690310 1169
1690320 1169
1690330 1169
1690340 1168
1690350 1167
1690360 1167
1690370 1167
1690380 1165
1690390 1165
1690400 1165
1690410 1164
1690420 1164
1690430 1162
1690440 1161
1690450 1161
1690460 1160
1690470 1157
1690480 1157
1690490 1154
1690500 1150
1690510 1150
1690520 1146
1690530 1143
1690540 1143
1690550 1140
1690560 1137
1690570 1137
1690580 1133
1690590 1129
1690600 1129
1690610 1124
1690620 1119
1690630 1119
1690640 1112
1690650 1111
1690660 1111
1690670 1109
1690680 1107
1690690 1107
1690700 1108
1690710 1109
1690720 1109
1690730 1107
1690740 1106
1690750 1106
1690760 1103
1690770 1104
1690780 1104
1690790 1105
1690800 1106
1690810 1106
1690820 1106
1690830 1105
1690840 1105
1690850 1104
1690860 1102
1690870 1102
1690880 1101
1690890 1099
1690900 1097
1690910 1097
1690920 1096
1690930 1097
1690940 1097
1690950 1098
1690960 1097
1690970 1097
1690980 1097
1690990 1097
1691000 1097
1691010 1097
1691020 1098
1691030 1098
1691040 1098
1691050 1098
1691060 1098
1691070 1097
1691080 1096
1691090 1096
1691100 1096
1691110 1095
1691120 1095
1691130 1094
1691140 1093
1691150 1093
1691160 1093
1691170 1092
1691180 1092
1691190 1089
1691200 1088
1691210 1088
1691220 1085
1691230 1083
1691240 1083
1691250 1083
1691260 1083
1691270 1083
1691280 1083
1691290 1081
1691300 1081
1691310 1079
1691320 1079
1691330 1079
1691340 1078
1691350 1077
1691360 1077
1691370 1076
1691380 1075
1691390 1075
1691400 1074
1691410 1075
1691420 1075
1691430 1075
1691440 1075
1691450 1074
1691460 1074
1691470 1072
1691480 1071
1691490 1071
1691500 1070
1691510 1070
1691520 1070
1691530 1069
1691540 1069
1691550 1069
1691560 1068
1691570 1067
1691580 1067
1691590 1067
1691600 1066
1691610 1066
1691620 1064
1691630 1064
1691640 1064
1691650 1063
1691660 1061
1691670 1061
1691680 1060
1691690 1059
1691700 1059
1691710 1057
1691720 1053
1691730 1053
1691740 1048
1691750 1043
1691760 1043
1691770 1039
1691780 1039
1691790 1039
1691800 1039
1691810 1040
1691820 1040
1691830 1041
1691840 1043
1691850 1043
1691860 1043
1691870 1048
1691880 1048
1691890 1051
1691900 1053
1691910 1053
1691920 1054
1691930 1055
1691940 1055
1691950 1055
1691960 1055
1691970 1055
1691980 1055
1691990 1055
1692000 1056
1692010 1056
1692020 1057
1692030 1058
1692040 1058
1692050 1059
1692060 1061
1692070 1061
1692080 1061
1692090 1062
1692100 1062
1692110 1062
1692120 1062
1692130 1062
1692140 1063
1692150 1064
1692160 1064
1692170 1066
1692180 1068
1692190 1068
1692200 1070
1692210 1073
1692220 1073
1692230 1076
1692240 1079
1692250 1079
1692260 1081
1692270 1084
1692280 1084
1692290 1087
1692300 1089
1692310 1089
1692320 1091
1692330 1094
1692340 1094
1692350 1095
1692360 1096
1692370 1096
1692380 1098
1692390 1100
1692400 1100
1692410 1101
1692420 1103
1692430 1103
1692440 1107
1692450 1111
1692460 1111
1692470 1111
1692480 1108
1692490 1108
1692500 1105
1692510 1103
1692520 1100
1692530 1100
1692540 1097
1692550 1095
1692560 1095
1692570 1093
1692580 1092
1692590 1092
1692600 1091
1692610 1089
1692620 1089
1692630 1088
1692640 1086
1692650 1086
1692660 1083
1692670 1081
1692680 1081
1692690 1079
1692700 1078
1692710 1078
1692720 1076
1692730 1074
1692740 1074
1692750 1073
1692760 1071
1692770 1071
1692780 1069
1692790 1069
1692800 1069
1692810 1070
1692820 1071
1692830 1071
1692840 1072
1692850 1072
1692860 1072
1692870 1072
1692880 1072
1692890 1072
1692900 1071
1692910 1070
1692920 1070
1692930 1068
1692940 1067
1692950 1067
1692960 1067
1692970 1066
1692980 1066
1692990 1066
1693000 1066
1693010 1066
1693020 1066
1693030 1067
1693040 1067
1693050 1067
1693060 1067
1693070 1067
1693080 1067
1693090 1067
1693100 1067
1693110 1067
1693120 1067
1693130 1067
1693140 1067
1693150 1068
1693160 1068
1693170 1068
1693180 1069
1693190 1070
1693200 1070
1693210 1073
1693220 1076
1693230 1076
1693240 1081
1693250 1084
1693260 1084
1693270 1085
1693280 1091
1693290 1091
1693300 1096
1693310 1100
1693320 1100
1693330 1104
1693340 1108
1693350 1108
1693360 1112
1693370 1117
1693380 1117
1693390 1123
1693400 1128
1693410 1128
1693420 1132
1693430 1136
1693440 1136
1693450 1140
1693460 1145
1693470 1145
1693480 1149
1693490 1153
1693500 1153
1693510 1157
1693520 1161
1693530 1161
1693540 1165
1693550 1169
1693560 1169
1693570 1173
1693580 1177
1693590 1177
1693600 1180
1693610 1183
1693620 1185
1693630 1185
1693640 1187
1693650 1190
1693660 1190
1693670 1192
1693680 1195
1693690 1195
1693700 1198
1693710 1201
1693720 1201
1693730 1203
1693740 1206
1693750 1206
1693760 1208
1693770 1209
1693780 1209
1693790 1211
1693800 1211
1693810 1211
1693820 1211
1693830 1211
1693840 1211
1693850 1210
1693860 1209
1693870 1209
1693880 1207
1693890 1204
1693900 1204
1693910 1201
1693920 1200
1693930 1200
1693940 1199
1693950 1198
1693960 1198
1693970 1196
1693980 1195
1693990 1195
1694000 1195
1694010 1194
1694020 1194
1694030 1192
1694040 1191
1694050 1191
1694060 1190
1694070 1190
1694080 1189
1694090 1188
1694100 1188
1694110 1188
1694120 1184
1694130 1184
1694140 1184
1694150 1183
1694160 1183
1694170 1185
1694180 1185
1694190 1187
1694200 1190
1694210 1190
1694220 1192
1694230 1194
1694240 1194
1694250 1197
1694260 1199
1694270 1199
1694280 1202
1694290 1203
1694300 1203
1694310 1205
1694320 1207
1694330 1207
1694340 1209
1694350 1210
1694360 1210
1694370 1211
1694380 1212
1694390 1212
1694400 1214
1694410 1215
1694420 1215
1694430 1217
1694440 1217
1694450 1217
1694460 1217
1694470 1217
1694480 1217
1694490 1215
1694500 1214
1694510 1214
1694520 1212
1694530 1211
1694540 1211
1694550 1212
1694560 1214
1694570 1214
1694580 1217
1694590 1218
1694600 1218
1694610 1220
1694620 1221
1694630 1221
1694640 1222
1694650 1223
1694660 1223
1694670 1226
1694680 1225
1694690 1225
1694700 1224
1694710 1224
1694720 1224
1694730 1224
1694740 1223
1694750 1221
1694760 1221
1694770 1220
1694780 1219
1694790 1219
1694800 1217
1694810 1216
1694820 1216
1694830 1216
1694840 1215
1694850 1215
1694860 1213
1694870 1211
1694880 1211
1694890 1210
1694900 1209
1694910 1209
1694920 1209
1694930 1210
1694940 1210
1694950 1210
1694960 1210
1694970 1210
1694980 1210
1694990 1209
1695000 1209
1695010 1207
1695020 1206
1695030 1206
1695040 1204
1695050 1202
1695060 1202
1695070 1200
1695080 1199
1695090 1199
1695100 1198
1695110 1197
1695120 1197
1695130 1195
1695140 1192
1695150 1192
1695160 1188
1695170 1183
1695180 1183
1695190 1179
1695200 1175
1695210 1175
1695220 1174
1695230 1169
1695240 1169
1695250 1165
1695260 1160
1695270 1155
1695280 1155
1695290 1150
1695300 1146
1695310 1146
1695320 1142
1695330 1137
1695340 1137
1695350 1132
1695360 1129
1695370 1129
1695380 1125
1695390 1123
1695400 1123
1695410 1122
1695420 1121
1695430 1121
1695440 1120
1695450 1120
1695460 1120
1695470 1120
1695480 1119
1695490 1119
1695500 1118
1695510 1117
1695520 1117
1695530 1117
1695540 1118
1695550 1118
1695560 1117
1695570 1116
1695580 1116
1695590 1114
1695600 1111
1695610 1111
1695620 1110
1695630 1108
1695640 1108
1695650 1106
1695660 1105
1695670 1105
1695680 1103
1695690 1101
1695700 1101
1695710 1100
1695720 1099
1695730 1099
1695740 1099
1695750 1099
1695760 1099
1695770 1100
1695780 1100
1695790 1100
1695800 1101
1695810 1098
1695820 1096
1695830 1096
1695840 1092
1695850 1089
1695860 1089
1695870 1088
1695880 1086
1695890 1086
1695900 1084
1695910 1082
1695920 1082
1695930 1079
1695940 1076
1695950 1076
1695960 1073
1695970 1070
1695980 1070
1695990 1066
1696000 1063
1696010 1063
1696020 1059
1696030 1055
1696040 1055
1696050 1051
1696060 1048
1696070 1048
1696080 1045
1696090 1042
1696100 1042
1696110 1038
1696120 1034
1696130 1034
1696140 1029
1696150 1028
1696160 1028
1696170 1025
1696180 1023
1696190 1023
1696200 1021
1696210 1020
1696220 1020
1696230 1019
1696240 1014
1696250 1014
1696260 1010
1696270 1014
1696280 1014
1696290 1014
1696300 1015
1696310 1015
1696320 1015
1696330 1014
1696340 1014
1696350 1015
1696360 1016
1696370 1017
1696380 1017
1696390 1019
1696400 1021
1696410 1021
1696420 1023
1696430 1024
1696440 1024
1696450 1027
1696460 1030
1696470 1030
1696480 1032
1696490 1035
1696500 1035
1696510 1038
1696520 1041
1696530 1041
1696540 1045
1696550 1048
1696560 1048
1696570 1052
1696580 1055
1696590 1055
1696600 1058
1696610 1061
1696620 1061
1696630 1061
1696640 1057
1696650 1057
1696660 1050
1696670 1044
1696680 1044
1696690 1037
1696700 1031
1696710 1031
1696720 1026
1696730 1021
1696740 1021
1696750 1015
1696760 1004
1696770 1004
1696780 996
1696790 989
1696800 989
1696810 983
1696820 978
1696830 978
1696840 973
1696850 968
1696860 968
1696870 963
1696880 958
1696890 955
1696900 955
1696910 951
1696920 946
1696930 946
1696940 942
1696950 939
1696960 939
1696970 936
1696980 931
1696990 931
1697000 927
1697010 924
1697020 924
1697030 921
1697040 919
1697050 919
1697060 917
1697070 915
1697080 915
1697090 912
1697100 909
1697110 909
1697120 904
1697130 900
1697140 900
1697150 895
1697160 891
1697170 891
1697180 891
1697190 889
1697200 889
1697210 887
1697220 886
1697230 886
1697240 885
1697250 881
1697260 881
1697270 879
1697280 878
1697290 878
1697300 878
1697310 877
1697320 877
1697330 876
1697340 876
1697350 876
1697360 876
1697370 876
1697380 876
1697390 875
1697400 875
1697410 875
1697420 875
1697430 875
1697440 875
1697450 875
1697460 874
1697470 874
1697480 874
1697490 874
1697500 873
1697510 873
1697520 872
1697530 872
1697540 872
1697550 870
1697560 868
1697570 868
1697580 867
1697590 865
1697600 865
1697610 864
1697620 862
1697630 862
1697640 861
1697650 859
1697660 859
1697670 857
1697680 853
1697690 853
1697700 848
1697710 846
1697720 846
1697730 846
1697740 845
1697750 845
1697760 844
1697770 843
1697780 843
1697790 845
1697800 845
1697810 845
1697820 845
1697830 847
1697840 847
1697850 849
1697860 851
1697870 851
1697880 857
1697890 860
1697900 860
1697910 863
1697920 865
1697930 865
1697940 867
1697950 868
1697960 868
1697970 867
1697980 866
1697990 862
1698000 862
1698010 858
1698020 856
1698030 856
1698040 857
1698050 858
1698060 858
1698070 860
1698080 860
1698090 860
1698100 859
1698110 858
1698120 858
1698130 857
1698140 856
1698150 856
1698160 854
1698170 850
1698180 850
1698190 847
1698200 845
1698210 845
1698220 842
1698230 840
1698240 840
1698250 839
1698260 837
1698270 837
1698280 836
1698290 835
1698300 835
1698310 835
1698320 835
1698330 835
1698340 834
1698350 834
1698360 834
1698370 834
1698380 834
1698390 834
1698400 834
1698410 835
1698420 835
1698430 835
1698440 835
1698450 835
1698460 835
1698470 835
1698480 835
1698490 835
1698500 835
1698510 835
1698520 835
1698530 835
1698540 834
1698550 834
1698560 834
1698570 834
1698580 834
1698590 834
1698600 833
1698610 833
1698620 833
1698630 832
1698640 832
1698650 832
1698660 832
1698670 832
1698680 831
1698690 831
1698700 831
1698710 830
1698720 830
1698730 830
1698740 830
1698750 830
1698760 830
1698770 829
1698780 829
1698790 829
1698800 829
1698810 829
1698820 829
1698830 829
1698840 828
1698850 828
1698860 828
1698870 828
1698880 829
1698890 828
1698900 828
1698910 828
1698920 828
1698930 828
1698940 828
1698950 828
1698960 828
1698970 828
1698980 828
1698990 828
1699000 828
1699010 827
1699020 827
1699030 827
1699040 827
1699050 827
1699060 827
1699070 827
1699080 827
1699090 827
1699100 827
1699110 827
1699120 827
1699130 827
1699140 827
1699150 827
1699160 827
1699170 827
1699180 827
1699190 827
1699200 827
1699210 827
1699220 827
1699230 827
1699240 827
1699250 827
1699260 827
1699270 827
1699280 827
1699290 827
1699300 827
1699310 827
1699320 827
1699330 827
1699340 827
1699350 827
1699360 827
1699370 827
1699380 827
1699390 827
1699400 827
1699410 827
1699420 827
1699430 827
1699440 827
1699450 827
1699460 827
1699470 827
1699480 827
1699490 827
1699500 827
1699510 827
1699520 827
1699530 827
1699540 827
1699550 827
1699560 827
1699570 827
1699580 827
1699590 827
1699600 827
1699610 827
1699620 827
1699630 827
1699640 827
1699650 827
1699660 827
1699670 827
1699680 827
1699690 827
1699700 827
1699710 827
1699720 827
1699730 827
1699740 827
1699750 827
1699760 827
1699770 827
1699780 827
1699790 827
1699800 827
1699810 827
1699820 827
1699830 827
1699840 827
1699850 827
1699860 827
1699870 827
1699880 827
1699890 827
1699900 827
1699910 827
1699920 827
1699930 827
1699940 827
1699950 827
1699960 827
1699970 827
1699980 827
1699990 827
1680000 1499
1680010 1501
1680020 1503
1680030 1505
1680040 1507
1680050 1509
1680060 1511
1680070 1513
1680080 1515
1680090 1517
1680100 1518
1680110 1520
1680120 1521
1680130 1523
1680140 1525
1680150 1527
1680160 1528
1680170 1530
1680180 1531
1680190 1532
1680200 1533
1680210 1534
1680220 1535
1680230 1536
1680240 1537
1680250 1538
1680260 1538
1680270 1539
1680280 1539
1680290 1540
1680300 1540
1680310 1539
1680320 1539
1680330 1539
1680340 1539
1680350 1538
1680360 1537
1680370 1536
1680380 1534
1680390 1532
1680400 1529
1680410 1526
1680420 1523
1680430 1518
1680440 1513
1680450 1509
1680460 1505
1680470 1502
1680480 1498
1680490 1493
1680500 1488
1680510 1484
1680520 1479
1680530 1473
1680540 1468
1680550 1462
1680560 1456
1680570 1450
1680580 1442
1680590 1436
1680600 1430
1680610 1424
1680620 1417
1680630 1408
1680640 1398
1680650 1390
1680660 1383
1680670 1380
1680680 1376
1680690 1372
1680700 1368
1680710 1364
1680720 1361
1680730 1357
1680740 1352
1680750 1348
1680760 1344
1680770 1340
1680780 1336
1680790 1333
1680800 1330
1680810 1327
1680820 1325
1680830 1322
1680840 1321
1680850 1319
1680860 1317
1680870 1314
1680880 1311
1680890 1309
1680900 1306
1680910 1305
1680920 1304
1680930 1303
1680940 1303
1680950 1302
1680960 1300
1680970 1298
1680980 1296
1680990 1294
1681000 1292
1681010 1287
1681020 1283
1681030 1279
1681040 1274
1681050 1269
1681060 1264
1681070 1259
1681080 1255
1681090 1250
1681100 1247
1681110 1244
1681120 1242
1681130 1239
1681140 1237
1681150 1235
1681160 1234
1681170 1232
1681180 1230
1681190 1228
1681200 1226
1681210 1224
1681220 1223
1681230 1224
1681240 1224
1681250 1225
1681260 1225
1681270 1225
1681280 1225
1681290 1225
1681300 1225
1681310 1225
1681320 1224
1681330 1223
1681340 1222
1681350 1221
1681360 1221
1681370 1220
1681380 1218
1681390 1216
1681400 1213
1681410 1212
1681420 1213
1681430 1215
1681440 1216
1681450 1217
1681460 1218
1681470 1219
1681480 1221
1681490 1223
1681500 1225
1681510 1227
1681520 1229
1681530 1232
1681540 1235
1681550 1237
1681560 1238
1681570 1239
1681580 1240
1681590 1244
1681600 1247
1681610 1250
1681620 1253
1681630 1256
1681640 1259
1681650 1261
1681660 1264
1681670 1267
1681680 1270
1681690 1274
1681700 1277
1681710 1280
1681720 1284
1681730 1288
1681740 1292
1681750 1295
1681760 1299
1681770 1304
1681780 1311
1681790 1319
1681800 1325
1681810 1329
1681820 1332
1681830 1338
1681840 1349
1681850 1361
1681860 1370
1681870 1379
1681880 1387
1681890 1391
1681900 1395
1681910 1398
1681920 1401
1681930 1405
1681940 1408
1681950 1411
1681960 1414
1681970 1417
1681980 1422
1681990 1424
1682000 1426
1682010 1427
1682020 1429
1682030 1430
1682040 1432
1682050 1433
1682060 1433
1682070 1433
1682080 1433
1682090 1432
1682100 1432
1682110 1432
1682120 1431
1682130 1431
1682140 1430
1682150 1429
1682160 1429
1682170 1429
1682180 1428
1682190 1427
1682200 1426
1682210 1425
1682220 1424
1682230 1422
1682240 1420
1682250 1419
1682260 1418
1682270 1419
1682280 1419
1682290 1419
1682300 1418
1682310 1418
1682320 1417
1682330 1417
1682340 1417
1682350 1417
1682360 1416
1682370 1416
1682380 1417
1682390 1417
1682400 1418
1682410 1420
1682420 1421
1682430 1422
1682440 1422
1682450 1423
1682460 1423
1682470 1423
1682480 1422
1682490 1421
1682500 1421
1682510 1420
1682520 1420
1682530 1419
1682540 1418
1682550 1416
1682560 1414
1682570 1413
1682580 1412
1682590 1412
1682600 1411
1682610 1411
1682620 1412
1682630 1411
1682640 1410
1682650 1409
1682660 1407
1682670 1405
1682680 1404
1682690 1403
1682700 1403
1682710 1403
1682720 1403
1682730 1402
1682740 1401
1682750 1400
1682760 1398
1682770 1398
1682780 1397
1682790 1398
1682800 1398
1682810 1398
1682820 1398
1682830 1397
1682840 1396
1682850 1395
1682860 1394
1682870 1392
1682880 1390
1682890 1387
1682900 1385
1682910 1383
1682920 1380
1682930 1378
1682940 1374
1682950 1371
1682960 1368
1682970 1366
1682980 1364
1682990 1362
1683000 1361
1683010 1361
1683020 1360
1683030 1360
1683040 1360
1683050 1360
1683060 1360
1683070 1360
1683080 1359
1683090 1356
1683100 1353
1683110 1351
1683120 1348
1683130 1344
1683140 1338
1683150 1335
1683160 1331
1683170 1328
1683180 1325
1683190 1323
1683200 1320
1683210 1318
1683220 1316
1683230 1314
1683240 1311
1683250 1309
1683260 1306
1683270 1303
1683280 1301
1683290 1298
1683300 1296
1683310 1294
1683320 1292
1683330 1289
1683340 1287
1683350 1284
1683360 1281
1683370 1278
1683380 1274
1683390 1271
1683400 1268
1683410 1265
1683420 1263
1683430 1260
1683440 1258
1683450 1257
1683460 1256
1683470 1255
1683480 1254
1683490 1253
1683500 1252
1683510 1251
1683520 1250
1683530 1249
1683540 1249
1683550 1249
1683560 1250
1683570 1251
1683580 1252
1683590 1254
1683600 1254
1683610 1253
1683620 1252
1683630 1250
1683640 1247
1683650 1242
1683660 1238
1683670 1234
1683680 1231
1683690 1229
1683700 1228
1683710 1227
1683720 1224
1683730 1223
1683740 1221
1683750 1220
1683760 1218
1683770 1216
1683780 1214
1683790 1211
1683800 1209
1683810 1207
1683820 1204
1683830 1202
1683840 1201
1683850 1199
1683860 1198
1683870 1196
1683880 1195
1683890 1192
1683900 1189
1683910 1185
1683920 1181
1683930 1177
1683940 1175
1683950 1172
1683960 1170
1683970 1168
1683980 1165
1683990 1164
1684000 1162
1684010 1161
1684020 1160
1684030 1160
1684040 1161
1684050 1162
1684060 1163
1684070 1164
1684080 1164
1684090 1165
1684100 1164
1684110 1162
1684120 1161
1684130 1160
1684140 1158
1684150 1157
1684160 1155
1684170 1152
1684180 1148
1684190 1145
1684200 1142
1684210 1141
1684220 1139
1684230 1138
1684240 1136
1684250 1134
1684260 1132
1684270 1130
1684280 1127
1684290 1125
1684300 1122
1684310 1120
1684320 1118
1684330 1115
1684340 1113
1684350 1110
1684360 1107
1684370 1104
1684380 1101
1684390 1098
1684400 1093
1684410 1090
1684420 1087
1684430 1085
1684440 1083
1684450 1080
1684460 1079
1684470 1077
1684480 1076
1684490 1074
1684500 1073
1684510 1071
1684520 1068
1684530 1065
1684540 1062
1684550 1060
1684560 1057
1684570 1054
1684580 1050
1684590 1046
1684600 1042
1684610 1040
1684620 1036
1684630 1032
1684640 1029
1684650 1025
1684660 1020
1684670 1016
1684680 1012
1684690 1008
1684700 1005
1684710 1001
1684720 997
1684730 993
1684740 989
1684750 984
1684760 978
1684770 972
1684780 967
1684790 963
1684800 959
1684810 954
1684820 949
1684830 945
1684840 940
1684850 937
1684860 933
1684870 929
1684880 926
1684890 922
1684900 919
1684910 915
1684920 912
1684930 909
1684940 906
1684950 902
1684960 898
1684970 895
1684980 893
1684990 893
1685000 894
1685010 898
1685020 904
1685030 910
1685040 916
1685050 922
1685060 927
1685070 933
1685080 938
1685090 943
1685100 949
1685110 955
1685120 961
1685130 967
1685140 974
1685150 982
1685160 989
1685170 996
1685180 1002
1685190 1008
1685200 1014
1685210 1020
1685220 1026
1685230 1031
1685240 1036
1685250 1041
1685260 1045
1685270 1049
1685280 1054
1685290 1059
1685300 1063
1685310 1068
1685320 1073
1685330 1078
1685340 1083
1685350 1088
1685360 1093
1685370 1100
1685380 1105
1685390 1110
1685400 1114
1685410 1118
1685420 1122
1685430 1126
1685440 1130
1685450 1135
1685460 1140
1685470 1145
1685480 1149
1685490 1152
1685500 1155
1685510 1158
1685520 1161
1685530 1162
1685540 1163
1685550 1162
1685560 1163
1685570 1166
1685580 1169
1685590 1172
1685600 1175
1685610 1179
1685620 1182
1685630 1184
1685640 1187
1685650 1189
1685660 1191
1685670 1192
1685680 1194
1685690 1195
1685700 1197
1685710 1198
1685720 1199
1685730 1201
1685740 1203
1685750 1205
1685760 1207
1685770 1209
1685780 1210
1685790 1211
1685800 1212
1685810 1212
1685820 1212
1685830 1213
1685840 1215
1685850 1217
1685860 1219
1685870 1221
1685880 1224
1685890 1226
1685900 1229
1685910 1231
1685920 1234
1685930 1238
1685940 1241
1685950 1244
1685960 1248
1685970 1252
1685980 1255
1685990 1259
1686000 1262
1686010 1266
1686020 1270
1686030 1273
1686040 1277
1686050 1281
1686060 1285
1686070 1289
1686080 1293
1686090 1297
1686100 1301
1686110 1304
1686120 1308
1686130 1312
1686140 1316
1686150 1320
1686160 1324
1686170 1328
1686180 1332
1686190 1336
1686200 1340
1686210 1344
1686220 1347
1686230 1352
1686240 1356
1686250 1360
1686260 1364
1686270 1369
1686280 1374
1686290 1379
1686300 1383
1686310 1388
1686320 1392
1686330 1397
1686340 1401
1686350 1406
1686360 1410
1686370 1414
1686380 1418
1686390 1422
1686400 1426
1686410 1429
1686420 1432
1686430 1434
1686440 1436
1686450 1436
1686460 1437
1686470 1437
1686480 1437
1686490 1437
1686500 1437
1686510 1436
1686520 1436
1686530 1436
1686540 1436
1686550 1435
1686560 1435
1686570 1434
1686580 1434
1686590 1433
1686600 1433
1686610 1432
1686620 1432
1686630 1431
1686640 1431
1686650 1431
1686660 1430
1686670 1430
1686680 1429
1686690 1428
1686700 1427
1686710 1426
1686720 1423
1686730 1420
1686740 1416
1686750 1411
1686760 1407
1686770 1402
1686780 1398
1686790 1394
1686800 1390
1686810 1387
1686820 1384
1686830 1381
1686840 1379
1686850 1376
1686860 1374
1686870 1371
1686880 1369
1686890 1367
1686900 1365
1686910 1363
1686920 1361
1686930 1359
1686940 1358
1686950 1357
1686960 1356
1686970 1355
1686980 1353
1686990 1351
1687000 1348
1687010 1346
1687020 1344
1687030 1341
1687040 1338
1687050 1336
1687060 1334
1687070 1332
1687080 1330
1687090 1327
1687100 1325
1687110 1322
1687120 1320
1687130 1318
1687140 1315
1687150 1313
1687160 1311
1687170 1309
1687180 1307
1687190 1304
1687200 1302
1687210 1300
1687220 1297
1687230 1294
1687240 1292
1687250 1289
1687260 1286
1687270 1284
1687280 1281
1687290 1278
1687300 1274
1687310 1272
1687320 1269
1687330 1266
1687340 1264
1687350 1262
1687360 1261
1687370 1259
1687380 1258
1687390 1257
1687400 1256
1687410 1255
1687420 1254
1687430 1254
1687440 1255
1687450 1256
1687460 1256
1687470 1254
1687480 1252
1687490 1249
1687500 1245
1687510 1239
1687520 1234
1687530 1230
1687540 1228
1687550 1225
1687560 1223
1687570 1220
1687580 1218
1687590 1216
1687600 1214
1687610 1211
1687620 1207
1687630 1202
1687640 1197
1687650 1191
1687660 1184
1687670 1178
1687680 1173
1687690 1168
1687700 1163
1687710 1158
1687720 1153
1687730 1149
1687740 1146
1687750 1145
1687760 1144
1687770 1143
1687780 1141
1687790 1140
1687800 1139
1687810 1137
1687820 1135
1687830 1133
1687840 1131
1687850 1129
1687860 1128
1687870 1127
1687880 1126
1687890 1124
1687900 1122
1687910 1120
1687920 1119
1687930 1118
1687940 1116
1687950 1114
1687960 1112
1687970 1112
1687980 1111
1687990 1110
1688000 1108
1688010 1106
1688020 1104
1688030 1102
1688040 1100
1688050 1097
1688060 1093
1688070 1088
1688080 1084
1688090 1080
1688100 1077
1688110 1073
1688120 1070
1688130 1067
1688140 1064
1688150 1061
1688160 1059
1688170 1056
1688180 1054
1688190 1051
1688200 1048
1688210 1046
1688220 1043
1688230 1040
1688240 1036
1688250 1032
1688260 1028
1688270 1024
1688280 1020
1688290 1015
1688300 1011
1688310 1006
1688320 1002
1688330 998
1688340 993
1688350 989
1688360 985
1688370 980
1688380 976
1688390 972
1688400 968
1688410 964
1688420 960
1688430 957
1688440 954
1688450 952
1688460 950
1688470 947
1688480 945
1688490 942
1688500 939
1688510 937
1688520 936
1688530 935
1688540 934
1688550 934
1688560 934
1688570 933
1688580 932
1688590 932
1688600 931
1688610 931
1688620 930
1688630 930
1688640 929
1688650 929
1688660 929
1688670 929
1688680 930
1688690 931
1688700 931
1688710 931
1688720 930
1688730 929
1688740 928
1688750 928
1688760 928
1688770 927
1688780 926
1688790 925
1688800 926
1688810 926
1688820 926
1688830 926
1688840 926
1688850 926
1688860 926
1688870 926
1688880 926
1688890 927
1688900 927
1688910 927
1688920 927
1688930 927
1688940 927
1688950 927
1688960 927
1688970 927
1688980 928
1688990 929
1689000 929
1689010 930
1689020 932
1689030 935
1689040 937
1689050 939
1689060 942
1689070 947
1689080 952
1689090 957
1689100 962
1689110 966
1689120 971
1689130 975
1689140 980
1689150 985
1689160 989
1689170 993
1689180 998
1689190 1003
1689200 1007
1689210 1012
1689220 1017
1689230 1021
1689240 1025
1689250 1029
1689260 1031
1689270 1032
1689280 1030
1689290 1028
1689300 1027
1689310 1027
1689320 1031
1689330 1035
1689340 1041
1689350 1046
1689360 1050
1689370 1055
1689380 1060
1689390 1066
1689400 1071
1689410 1080
1689420 1093
1689430 1108
1689440 1118
1689450 1125
1689460 1130
1689470 1135
1689480 1139
1689490 1143
1689500 1144
1689510 1145
1689520 1147
1689530 1147
1689540 1147
1689550 1147
1689560 1146
1689570 1146
1689580 1146
1689590 1145
1689600 1144
1689610 1143
1689620 1143
1689630 1142
1689640 1142
1689650 1141
1689660 1141
1689670 1142
1689680 1142
1689690 1142
1689700 1141
1689710 1141
1689720 1140
1689730 1140
1689740 1140
1689750 1141
1689760 1141
1689770 1141
1689780 1141
1689790 1140
1689800 1140
1689810 1138
1689820 1136
1689830 1134
1689840 1132
1689850 1130
1689860 1128
1689870 1126
1689880 1124
1689890 1123
1689900 1122
1689910 1120
1689920 1119
1689930 1117
1689940 1116
1689950 1115
1689960 1114
1689970 1113
1689980 1112
1689990 1112
1690000 1112
1690010 1114
1690020 1117
1690030 1120
1690040 1124
1690050 1127
1690060 1130
1690070 1132
1690080 1135
1690090 1138
1690100 1141
1690110 1143
1690120 1146
1690130 1149
1690140 1151
1690150 1154
1690160 1156
1690170 1158
1690180 1160
1690190 1162
1690200 1163
1690210 1165
1690220 1166
1690230 1167
1690240 1168
1690250 1169
1690260 1168
1690270 1168
1690280 1169
1690290 1169
1690300 1169
1690310 1169
1690320 1169
1690330 1169
1690340 1169
1690350 1168
1690360 1168
1690370 1167
1690380 1167
1690390 1166
1690400 1166
1690410 1165
1690420 1164
1690430 1164
1690440 1163
1690450 1162
1690460 1161
1690470 1159
1690480 1158
1690490 1155
1690500 1153
1690510 1150
1690520 1148
1690530 1146
1690540 1144
1690550 1142
1690560 1140
1690570 1137
1690580 1134
1690590 1131
1690600 1128
1690610 1125
1690620 1122
1690630 1118
1690640 1115
1690650 1113
1690660 1111
1690670 1110
1690680 1109
1690690 1108
1690700 1108
1690710 1108
1690720 1109
1690730 1108
1690740 1107
1690750 1106
1690760 1105
1690770 1104
1690780 1105
1690790 1106
1690800 1107
1690810 1107
1690820 1107
1690830 1106
1690840 1106
1690850 1104
1690860 1103
1690870 1102
1690880 1101
1690890 1100
1690900 1099
1690910 1098
1690920 1097
1690930 1097
1690940 1098
1690950 1098
1690960 1098
1690970 1098
1690980 1097
1690990 1097
1691000 1097
1691010 1098
1691020 1098
1691030 1098
1691040 1099
1691050 1099
1691060 1099
1691070 1098
1691080 1098
1691090 1097
1691100 1097
1691110 1096
1691120 1096
1691130 1095
1691140 1094
1691150 1094
1691160 1093
1691170 1093
1691180 1092
1691190 1091
1691200 1090
1691210 1088
1691220 1087
1691230 1085
1691240 1084
1691250 1083
1691260 1083
1691270 1083
1691280 1083
1691290 1082
1691300 1081
1691310 1080
1691320 1079
1691330 1079
1691340 1078
1691350 1078
1691360 1077
1691370 1077
1691380 1076
1691390 1076
1691400 1076
1691410 1076
1691420 1076
1691430 1076
1691440 1075
1691450 1075
1691460 1074
1691470 1073
1691480 1072
1691490 1072
1691500 1071
1691510 1070
1691520 1070
1691530 1069
1691540 1069
1691550 1069
1691560 1069
1691570 1068
1691580 1068
1691590 1067
1691600 1067
1691610 1066
1691620 1066
1691630 1065
1691640 1064
1691650 1063
1691660 1062
1691670 1062
1691680 1061
1691690 1061
1691700 1060
1691710 1058
1691720 1057
1691730 1054
1691740 1051
1691750 1047
1691760 1044
1691770 1042
1691780 1040
1691790 1040
1691800 1040
1691810 1041
1691820 1041
1691830 1041
1691840 1042
1691850 1042
1691860 1043
1691870 1044
1691880 1046
1691890 1048
1691900 1050
1691910 1052
1691920 1053
1691930 1054
1691940 1054
1691950 1055
1691960 1055
1691970 1055
1691980 1055
1691990 1055
1692000 1055
1692010 1056
1692020 1056
1692030 1057
1692040 1059
1692050 1060
1692060 1061
1692070 1061
1692080 1062
1692090 1063
1692100 1063
1692110 1063
1692120 1063
1692130 1063
1692140 1064
1692150 1064
1692160 1065
1692170 1065
1692180 1067
1692190 1068
1692200 1070
1692210 1071
1692220 1073
1692230 1075
1692240 1077
1692250 1078
1692260 1080
1692270 1082
1692280 1084
1692290 1085
1692300 1087
1692310 1089
1692320 1090
1692330 1091
1692340 1092
1692350 1093
1692360 1094
1692370 1094
1692380 1095
1692390 1096
1692400 1097
1692410 1098
1692420 1099
1692430 1101
1692440 1103
1692450 1105
1692460 1106
1692470 1106
1692480 1105
1692490 1103
1692500 1102
1692510 1100
1692520 1098
1692530 1097
1692540 1095
1692550 1094
1692560 1093
1692570 1092
1692580 1091
1692590 1090
1692600 1089
1692610 1088
1692620 1087
1692630 1086
1692640 1085
1692650 1084
1692660 1082
1692670 1080
1692680 1079
1692690 1078
1692700 1077
1692710 1075
1692720 1074
1692730 1073
1692740 1072
1692750 1071
1692760 1071
1692770 1069
1692780 1069
1692790 1068
1692800 1068
1692810 1069
1692820 1069
1692830 1069
1692840 1069
1692850 1069
1692860 1069
1692870 1069
1692880 1069
1692890 1069
1692900 1069
1692910 1068
1692920 1068
1692930 1067
1692940 1067
1692950 1067
1692960 1067
1692970 1067
1692980 1066
1692990 1066
1693000 1066
1693010 1066
1693020 1066
1693030 1066
1693040 1067
1693050 1067
1693060 1067
1693070 1067
1693080 1067
1693090 1067
1693100 1067
1693110 1067
1693120 1067
1693130 1067
1693140 1067
1693150 1068
1693160 1068
1693170 1068
1693180 1069
1693190 1070
1693200 1072
1693210 1074
1693220 1076
1693230 1079
1693240 1081
1693250 1083
1693260 1084
1693270 1086
1693280 1090
1693290 1093
1693300 1096
1693310 1099
1693320 1102
1693330 1105
1693340 1107
1693350 1110
1693360 1113
1693370 1116
1693380 1120
1693390 1123
1693400 1126
1693410 1129
1693420 1132
1693430 1135
1693440 1138
1693450 1141
1693460 1144
1693470 1147
1693480 1150
1693490 1153
1693500 1156
1693510 1158
1693520 1161
1693530 1164
1693540 1167
1693550 1170
1693560 1172
1693570 1175
1693580 1177
1693590 1179
1693600 1182
1693610 1184
1693620 1185
1693630 1187
1693640 1189
1693650 1191
1693660 1193
1693670 1194
1693680 1196
1693690 1198
1693700 1200
1693710 1202
1693720 1204
1693730 1206
1693740 1208
1693750 1209
1693760 1210
1693770 1212
1693780 1213
1693790 1214
1693800 1215
1693810 1215
1693820 1215
1693830 1215
1693840 1214
1693850 1213
1697750 844
1697760 845
1697770 845
1697780 845
1697790 845
1697800 846
1697810 847
1697820 848
1697830 849
1697840 851
1697850 853
1697860 856
1697870 859
1697880 861
1697890 862
1697900 864
1697910 865
1697920 866
1697930 867
1697940 868
1697950 868
1697960 867
1697970 867
1697980 865
1697990 863
1698000 861
1698010 860
1698020 859
1698030 859
1698040 860
1698050 860
1698060 860
1698070 861
1698080 860
1698090 860
1698100 859
1698110 858
1698120 858
1698130 857
1698140 855
1698150 854
1698160 853
1698170 851
1698180 849
1698190 848
1698200 846
1698210 845
1698220 843
1698230 842
1698240 841
1698250 839
1698260 838
1698270 837
1698280 836
1698290 836
1698300 835
1698310 835
1698320 835
1698330 834
1698340 834
1698350 834
1698360 834
1698370 834
1698380 834
1698390 834
1698400 835
1698410 835
1698420 835
1698430 835
1698440 835
1698450 835
1698460 835
1698470 835
1698480 835
1698490 835
1698500 835
1698510 835
1698520 835
1698530 835
1698540 835
1698550 834
1698560 834
1698570 834
1698580 834
1698590 834
1698600 834
1698610 833
1698620 833
1698630 833
1698640 833
1698650 832
1698660 832
1698670 832
1698680 831
1698690 831
1698700 830
1698710 830
1698720 830
1698730 830
1698740 830
1698750 830
1698760 829
1698770 829
1698780 829
1698790 829
1698800 829
1698810 829
1698820 829
1698830 828
1698840 828
1698850 828
1698860 829
1698870 828
1698880 828
1698890 828
1698900 828
1698910 828
1698920 828
1698930 828
1698940 828
1698950 828
1698960 828
1698970 828
1698980 828
1698990 828
1699000 827
1699010 827
1699020 827
1699030 827
1699040 827
1699050 827
1699060 827
1699070 827
1699080 827
1699090 827
1699100 827
1699110 827
1699120 827
1699130 827
1699140 827
1699150 827
1699160 827
1699170 827
1699180 827
1699190 827
1699200 827
1699210 827
1699220 827
1699230 827
1699240 827
1699250 827
1699260 827
1699270 827
1699280 827
1699290 827
1699300 827
1699310 827
1699320 827
1699330 827
1699340 827
1699350 827
1699360 827
1699370 827
1699380 827
1699390 827
1699400 827
1699410 827
1699420 827
1699430 827
1699440 827
1699450 827
1699460 827
1699470 827
1699480 827
1699490 827
1699500 827
1699510 827
1699520 827
1699530 827
1699540 827
1699550 827
1699560 827
1699570 827
1699580 827
1699590 827
1699600 827
1699610 827
1699620 827
1699630 827
1699640 827
1699650 827
1699660 827
1699670 827
1699680 827
1699690 827
1699700 827
1699710 827
1699720 827
1699730 827
1699740 827
1699750 827
1699760 827
1699770 827
1699780 827
1699790 827
1699800 827
1699810 827
1699820 827
1699830 827
1699840 827
1699850 827
1699860 827
1699870 827
1699880 827
1699890 827
1699900 827
1699910 827
1699920 827
1699930 827
1699940 827
1699950 827
1699960 827
1699970 827
1699980 827
1699990 827
