1680000 1402
1680010 1403
1680020 1404
1680030 1404
1680040 1405
1680050 1406
1680060 1407
1680070 1408
1680080 1409
1680090 1410
1680100 1411
1680110 1412
1680120 1414
1680130 1415
1680140 1417
1680150 1418
1680160 1419
1680170 1420
1680180 1421
1680190 1422
1680200 1424
1680210 1425
1680220 1426
1680230 1427
1680240 1428
1680250 1429
1680260 1430
1680270 1430
1680280 1430
1680290 1431
1680300 1431
1680310 1431
1680320 1430
1680330 1430
1680340 1428
1680350 1428
1680360 1427
1680370 1424
1680380 1420
1680390 1416
1680400 1411
1680410 1406
1680420 1401
1680430 1397
1680440 1392
1680450 1386
1680460 1380
1680470 1374
1680480 1369
1680490 1364
1680500 1359
1680510 1355
1680520 1350
1680530 1346
1680540 1342
1680550 1338
1680560 1333
1680570 1329
1680580 1325
1680590 1321
1680600 1317
1680610 1313
1680620 1309
1680630 1305
1680640 1301
1680650 1296
1680660 1291
1680670 1286
1680680 1282
1680690 1278
1680700 1273
1680710 1269
1680720 1266
1680730 1262
1680740 1259
1680750 1256
1680760 1252
1680770 1248
1680780 1244
1680790 1241
1680800 1238
1680810 1235
1680820 1232
1680830 1229
1680840 1226
1680850 1223
1680860 1220
1680870 1218
1680880 1215
1680890 1212
1680900 1209
1680910 1206
1680920 1203
1680930 1201
1680940 1198
1680950 1196
1680960 1194
1680970 1191
1680980 1189
1680990 1188
1681000 1186
1681010 1184
1681020 1182
1681030 1180
1681040 1178
1681050 1176
1681060 1173
1681070 1171
1681080 1168
1681090 1165
1681100 1163
1681110 1160
1681120 1156
1681130 1153
1681140 1149
1681150 1146
1681160 1143
1681170 1139
1681180 1136
1681190 1132
1681200 1129
1681210 1125
1681220 1122
1681230 1118
1681240 1114
1681250 1110
1681260 1106
1681270 1102
1681280 1098
1681290 1095
1681300 1091
1681310 1087
1681320 1083
1681330 1080
1681340 1076
1681350 1073
1681360 1070
1681370 1067
1681380 1065
1681390 1062
1681400 1060
1681410 1057
1681420 1054
1681430 1051
1681440 1047
1681450 1043
1681460 1039
1681470 1034
1681480 1030
1681490 1026
1681500 1023
1681510 1019
1681520 1016
1681530 1013
1681540 1010
1681550 1007
1681560 1004
1681570 1001
1681580 998
1681590 995
1681600 991
1681610 988
1681620 985
1681630 981
1681640 978
1681650 974
1681660 971
1681670 967
1681680 964
1681690 960
1681700 957
1681710 954
1681720 950
1681730 947
1681740 943
1681750 940
1681760 936
1681770 933
1681780 929
1681790 926
1681800 922
1681810 919
1681820 916
1681830 913
1681840 910
1681850 906
1681860 903
1681870 900
1681880 897
1681890 895
1681900 893
1681910 891
1681920 889
1681930 887
1681940 885
1681950 884
1681960 882
1681970 880
1681980 878
1681990 876
1682000 874
1682010 872
1682020 870
1682030 867
1682040 864
1682050 860
1682060 855
1682070 850
1682080 846
1682090 843
1682100 840
1682110 837
1682120 834
1682130 830
1682140 831
1682150 834
1682160 838
1682170 841
1682180 843
1682190 846
1682200 849
1682210 850
1682220 851
1682230 851
1682240 851
1682250 851
1682260 851
1682270 850
1682280 848
1682290 845
1682300 846
1682310 847
1682320 849
1682330 852
1682340 854
1682350 857
1682360 859
1682370 861
1682380 863
1682390 865
1682400 866
1682410 868
1682420 869
1682430 870
1682440 871
1682450 873
1682460 874
1682470 876
1682480 877
1682490 879
1682500 880
1682510 882
1682520 884
1682530 886
1682540 887
1682550 889
1682560 891
1682570 893
1682580 895
1682590 897
1682600 898
1682610 900
1682620 902
1682630 903
1682640 906
1682650 908
1682660 911
1682670 913
1682680 916
1682690 919
1682700 921
1682710 924
1682720 927
1682730 929
1682740 932
1682750 935
1682760 938
1682770 941
1682780 944
1682790 946
1682800 949
1682810 952
1682820 954
1682830 957
1682840 960
1682850 963
1682860 966
1682870 969
1682880 972
1682890 974
1682900 977
1682910 979
1682920 981
1682930 984
1682940 987
1682950 990
1682960 994
1682970 998
1682980 1002
1682990 1006
1683000 1011
1683010 1016
1683020 1020
1683030 1025
1683040 1029
1683050 1034
1683060 1038
1683070 1042
1683080 1047
1683090 1051
1683100 1055
1683110 1060
1683120 1064
1683130 1067
1683140 1071
1683150 1075
1683160 1079
1683170 1083
1683180 1087
1683190 1090
1683200 1094
1683210 1098
1683220 1101
1683230 1105
1683240 1108
1683250 1112
1683260 1115
1683270 1118
1683280 1120
1683290 1121
1683300 1123
1683310 1123
1683320 1124
1683330 1124
1683340 1124
1683350 1123
1683360 1121
1683370 1119
1683380 1118
1683390 1116
1683400 1112
1683410 1107
1683420 1102
1683430 1098
1683440 1094
1683450 1089
1683460 1085
1683470 1081
1683480 1077
1683490 1073
1683500 1069
1683510 1065
1683520 1061
1683530 1057
1683540 1053
1683550 1049
1683560 1045
1683570 1041
1683580 1036
1683590 1031
1683600 1026
1683610 1021
1683620 1015
1683630 1010
1683640 1005
1683650 1000
1683660 995
1683670 990
1683680 985
1683690 981
1683700 976
1683710 972
1683720 968
1683730 963
1683740 959
1683750 954
1683760 950
1683770 946
1683780 942
1683790 937
1683800 933
1683810 928
1683820 924
1683830 919
1683840 914
1683850 909
1683860 905
1683870 901
1683880 900
1683890 897
1683900 895
1683910 890
1683920 885
1683930 882
1683940 883
1683950 883
1683960 884
1683970 885
1683980 890
1683990 895
1684000 897
1684010 900
1684020 902
1684030 905
1684040 908
1684050 910
1684060 913
1684070 915
1684080 917
1684090 920
1684100 923
1684110 926
1684120 930
1684130 933
1684140 937
1684150 941
1684160 945
1684170 949
1684180 953
1684190 956
1684200 959
1684210 963
1684220 966
1684230 970
1684240 973
1684250 976
1684260 980
1684270 983
1684280 986
1684290 989
1684300 992
1684310 994
1684320 996
1684330 997
1684340 998
1684350 1000
1684360 1001
1684370 1002
1684380 1003
1684390 1003
1684400 1004
1684410 1004
1684420 1004
1684430 1004
1684440 1004
1684450 1004
1684460 1003
1684470 1001
1684480 998
1684490 995
1684500 992
1684510 991
1684520 992
1684530 991
1684540 990
1684550 990
1684560 991
1684570 992
1684580 992
1684590 993
1684600 993
1684610 994
1684620 994
1684630 995
1684640 996
1684650 997
1684660 998
1684670 1000
1684680 1002
1684690 1003
1684700 1005
1684710 1007
1684720 1010
1684730 1012
1684740 1015
1684750 1017
1684760 1020
1684770 1022
1684780 1025
1684790 1027
1684800 1030
1684810 1032
1684820 1036
1684830 1038
1684840 1042
1684850 1045
1684860 1048
1684870 1051
1684880 1053
1684890 1055
1684900 1056
1684910 1056
1684920 1056
1684930 1054
1684940 1053
1684950 1051
1684960 1049
1684970 1047
1684980 1045
1684990 1043
1685000 1041
1685010 1039
1685020 1037
1685030 1034
1685040 1032
1685050 1028
1685060 1023
1685070 1020
1685080 1016
1685090 1012
1685100 1009
1685110 1004
1685120 999
1685130 994
1685140 989
1685150 985
1685160 982
1685170 980
1685180 978
1685190 977
1685200 975
1685210 972
1685220 969
1685230 966
1685240 964
1685250 962
1685260 958
1685270 954
1685280 950
1685290 947
1685300 944
1685310 940
1685320 936
1685330 932
1685340 930
1685350 928
1685360 927
1685370 927
1685380 927
1685390 927
1685400 928
1685410 928
1685420 928
1685430 928
1685440 928
1685450 928
1685460 927
1685470 927
1685480 926
1685490 925
1685500 925
1685510 924
1685520 923
1685530 923
1685540 922
1685550 921
1685560 919
1685570 919
1685580 918
1685590 917
1685600 916
1685610 914
1685620 912
1685630 910
1685640 908
1685650 905
1685660 902
1685670 900
1685680 898
1685690 895
1685700 892
1685710 889
1685720 887
1685730 884
1685740 881
1685750 877
1685760 873
1685770 869
1685780 865
1685790 861
1685800 857
1685810 854
1685820 850
1685830 846
1685840 843
1685850 839
1685860 836
1685870 832
1685880 829
1685890 825
1685900 821
1685910 816
1685920 811
1685930 807
1685940 802
1685950 798
1685960 794
1685970 790
1685980 786
1685990 782
1686000 778
1686010 774
1686020 770
1686030 764
1686040 758
1686050 752
1686060 747
1686070 745
1686080 747
1686090 748
1686100 749
1686110 748
1686120 749
1686130 749
1686140 749
1686150 750
1686160 750
1686170 750
1686180 751
1686190 751
1686200 752
1686210 752
1686220 753
1686230 753
1686240 754
1686250 755
1686260 756
1686270 757
1686280 758
1686290 759
1686300 760
1686310 762
1686320 763
1686330 765
1686340 766
1686350 767
1686360 768
1686370 769
1686380 771
1686390 772
1686400 774
1686410 776
1686420 779
1686430 781
1686440 784
1686450 787
1686460 791
1686470 795
1686480 799
1686490 801
1686500 801
1686510 803
1686520 805
1686530 808
1686540 811
1686550 814
1686560 817
1686570 821
1686580 825
1686590 828
1686600 833
1686610 838
1686620 843
1686630 849
1686640 856
1686650 864
1686660 871
1686670 875
1686680 878
1686690 879
1686700 882
1686710 886
1686720 891
1686730 896
1686740 900
1686750 905
1686760 910
1686770 915
1686780 919
1686790 924
1686800 930
1686810 935
1686820 941
1686830 946
1686840 951
1686850 956
1686860 961
1686870 967
1686880 972
1686890 977
1686900 982
1686910 986
1686920 990
1686930 994
1686940 998
1686950 1001
1686960 1003
1686970 1004
1686980 1005
1686990 1005
1687000 1006
1687010 1007
1687020 1008
1687030 1009
1687040 1010
1687050 1013
1687060 1016
1687070 1019
1687080 1021
1687090 1024
1687100 1026
1687110 1028
1687120 1031
1687130 1034
1687140 1037
1687150 1040
1687160 1043
1687170 1046
1687180 1049
1687190 1052
1687200 1055
1687210 1058
1687220 1061
1687230 1064
1687240 1068
1687250 1071
1687260 1074
1687270 1078
1687280 1081
1687290 1084
1687300 1087
1687310 1091
1687320 1094
1687330 1098
1687340 1101
1687350 1105
1687360 1108
1687370 1112
1687380 1115
1687390 1119
1687400 1123
1687410 1127
1687420 1131
1687430 1135
1687440 1139
1687450 1143
1687460 1147
1687470 1151
1687480 1155
1687490 1159
1687500 1163
1687510 1167
1687520 1171
1687530 1175
1687540 1180
1687550 1184
1687560 1188
1687570 1193
1687580 1197
1687590 1201
1687600 1206
1687610 1210
1687620 1215
1687630 1219
1687640 1223
1687650 1228
1687660 1232
1687670 1237
1687680 1242
1687690 1246
1687700 1250
1687710 1255
1687720 1260
1687730 1264
1687740 1269
1687750 1274
1687760 1278
1687770 1283
1687780 1287
1687790 1292
1687800 1297
1687810 1301
1687820 1306
1687830 1311
1687840 1316
1687850 1321
1687860 1326
1687870 1331
1687880 1337
1687890 1342
1687900 1348
1687910 1353
1687920 1359
1687930 1368
1687940 1391
1687950 1406
1687960 1416
1687970 1422
1687980 1426
1687990 1428
1688000 1426
1688010 1424
1688020 1422
1688030 1420
1688040 1418
1688050 1416
1688060 1415
1688070 1414
1688080 1412
1688090 1411
1688100 1411
1688110 1411
1688120 1411
1688130 1411
1688140 1410
1688150 1410
1688160 1410
1688170 1409
1688180 1407
1688190 1405
1688200 1402
1688210 1400
1688220 1398
1688230 1396
1688240 1394
1688250 1392
1688260 1390
1688270 1386
1688280 1383
1688290 1379
1688300 1375
1688310 1370
1688320 1365
1688330 1360
1688340 1356
1688350 1354
1688360 1352
1688370 1351
1688380 1350
1688390 1348
1688400 1347
1688410 1346
1688420 1345
1688430 1346
1688440 1347
1688450 1348
1688460 1349
1688470 1351
1688480 1353
1688490 1354
1688500 1355
1688510 1355
1688520 1355
1688530 1354
1688540 1354
1688550 1354
1688560 1354
1688570 1354
1688580 1355
1688590 1355
1688600 1355
1688610 1356
1688620 1357
1688630 1359
1688640 1360
1688650 1362
1688660 1364
1688670 1366
1688680 1367
1688690 1369
1688700 1371
1688710 1372
1688720 1374
1688730 1375
1688740 1376
1688750 1377
1688760 1377
1688770 1378
1688780 1378
1688790 1379
1688800 1379
1688810 1380
1688820 1381
1688830 1382
1688840 1382
1688850 1384
1688860 1385
1688870 1386
1688880 1387
1688890 1389
1688900 1391
1688910 1393
1688920 1396
1688930 1398
1688940 1400
1688950 1402
1688960 1403
1688970 1405
1688980 1407
1688990 1408
1689000 1410
1689010 1411
1689020 1412
1689030 1414
1689040 1415
1689050 1415
1689060 1416
1689070 1416
1689080 1416
1689090 1416
1689100 1416
1689110 1416
1689120 1415
1689130 1415
1689140 1415
1689150 1415
1689160 1415
1689170 1415
1689180 1415
1689190 1416
1689200 1415
1689210 1415
1689220 1414
1689230 1413
1689240 1412
1689250 1411
1689260 1411
1689270 1411
1689280 1410
1689290 1410
1689300 1409
1689310 1409
1689320 1408
1689330 1407
1689340 1407
1689350 1406
1689360 1404
1689370 1402
1689380 1400
1689390 1397
1689400 1395
1689410 1394
1689420 1395
1689430 1395
1689440 1395
1689450 1395
1689460 1395
1689470 1394
1689480 1394
1689490 1394
1689500 1394
1689510 1393
1689520 1393
1689530 1393
1689540 1393
1689550 1392
1689560 1392
1689570 1392
1689580 1392
1689590 1391
1689600 1391
1689610 1391
1689620 1391
1689630 1391
1689640 1391
1689650 1391
1689660 1390
1689670 1390
1689680 1390
1689690 1389
1689700 1389
1689710 1388
1689720 1388
1689730 1387
1689740 1386
1689750 1386
1689760 1385
1689770 1384
1689780 1383
1689790 1382
1689800 1381
1689810 1380
1689820 1379
1689830 1378
1689840 1377
1689850 1376
1689860 1375
1689870 1374
1689880 1373
1689890 1371
1689900 1370
1689910 1369
1689920 1367
1689930 1365
1689940 1363
1689950 1361
1689960 1359
1689970 1357
1689980 1355
1689990 1353
1690000 1350
1690010 1348
1690020 1345
1690030 1342
1690040 1339
1690050 1336
1690060 1334
1690070 1332
1690080 1330
1690090 1328
1690100 1326
1690110 1325
1690120 1323
1690130 1322
1690140 1320
1690150 1318
1690160 1316
1690170 1315
1690180 1313
1690190 1312
1690200 1311
1690210 1311
1690220 1310
1690230 1310
1690240 1310
1690250 1309
1690260 1309
1690270 1308
1690280 1308
1690290 1308
1690300 1307
1690310 1306
1690320 1306
1690330 1305
1690340 1305
1690350 1304
1690360 1303
1690370 1303
1690380 1302
1690390 1302
1690400 1302
1690410 1302
1690420 1302
1690430 1302
1690440 1302
1690450 1302
1690460 1301
1690470 1301
1690480 1301
1690490 1301
1690500 1300
1690510 1300
1690520 1300
1690530 1299
1690540 1299
1690550 1299
1690560 1298
1690570 1299
1690580 1300
1690590 1300
1690600 1300
1690610 1300
1690620 1300
1690630 1300
1690640 1300
1690650 1300
1690660 1300
1690670 1299
1690680 1299
1690690 1299
1690700 1299
1690710 1298
1690720 1298
1690730 1298
1690740 1298
1690750 1297
1690760 1297
1690770 1296
1690780 1296
1690790 1296
1690800 1295
1690810 1295
1690820 1294
1690830 1294
1690840 1293
1690850 1293
1690860 1293
1690870 1293
1690880 1293
1690890 1292
1690900 1292
1690910 1292
1690920 1292
1690930 1293
1690940 1293
1690950 1293
1690960 1293
1690970 1293
1690980 1294
1690990 1295
1691000 1295
1691010 1296
1691020 1297
1691030 1298
1691040 1298
1691050 1299
1691060 1300
1691070 1301
1691080 1302
1691090 1303
1691100 1305
1691110 1306
1691120 1307
1691130 1309
1691140 1310
1691150 1311
1691160 1312
1691170 1314
1691180 1316
1691190 1317
1691200 1318
1691210 1320
1691220 1321
1691230 1323
1691240 1325
1691250 1326
1691260 1327
1691270 1329
1691280 1330
1691290 1331
1691300 1333
1691310 1334
1691320 1336
1691330 1338
1691340 1339
1691350 1341
1691360 1344
1691370 1346
1691380 1348
1691390 1351
1691400 1354
1691410 1357
1691420 1361
1691430 1365
1691440 1370
1691450 1373
1691460 1376
1691470 1379
1691480 1381
1691490 1382
1691500 1383
1691510 1384
1691520 1386
1691530 1387
1691540 1387
1691550 1387
1691560 1387
1691570 1387
1691580 1387
1691590 1387
1691600 1387
1691610 1387
1691620 1387
1691630 1387
1691640 1387
1691650 1388
1691660 1389
1691670 1389
1691680 1390
1691690 1390
1691700 1391
1691710 1391
1691720 1393
1691730 1394
1691740 1394
1691750 1394
1691760 1394
1691770 1394
1691780 1394
1691790 1393
1691800 1393
1691810 1392
1691820 1392
1691830 1391
1691840 1390
1691850 1388
1691860 1386
1691870 1384
1691880 1382
1691890 1381
1691900 1381
1691910 1380
1691920 1380
1691930 1380
1691940 1380
1691950 1380
1691960 1380
1691970 1380
1691980 1381
1691990 1381
1692000 1380
1692010 1379
1692020 1379
1692030 1379
1692040 1380
1692050 1380
1692060 1381
1692070 1381
1692080 1381
1692090 1380
1692100 1381
1692110 1381
1692120 1381
1692130 1381
1692140 1380
1692150 1380
1692160 1380
1692170 1380
1692180 1380
1692190 1380
1692200 1380
1692210 1379
1692220 1378
1692230 1377
1692240 1376
1692250 1375
1692260 1374
1692270 1374
1692280 1373
1692290 1372
1692300 1371
1692310 1369
1692320 1368
1692330 1367
1692340 1366
1692350 1365
1692360 1364
1692370 1363
1692380 1362
1692390 1360
1692400 1358
1692410 1357
1692420 1355
1692430 1354
1692440 1354
1692450 1353
1692460 1353
1692470 1353
1692480 1354
1692490 1353
1692500 1354
1692510 1354
1692520 1355
1692530 1356
1692540 1356
1692550 1357
1692560 1358
1692570 1359
1692580 1359
1692590 1360
1692600 1361
1692610 1363
1692620 1364
1692630 1366
1692640 1368
1692650 1370
1692660 1371
1692670 1372
1692680 1373
1692690 1374
1692700 1376
1692710 1377
1692720 1379
1692730 1381
1692740 1383
1692750 1384
1692760 1385
1692770 1386
1692780 1387
1692790 1388
1692800 1389
1692810 1391
1692820 1392
1692830 1393
1692840 1394
1692850 1395
1692860 1396
1692870 1397
1692880 1398
1692890 1399
1692900 1400
1692910 1401
1692920 1402
1692930 1402
1692940 1402
1692950 1403
1692960 1404
1692970 1405
1692980 1405
1692990 1406
1693000 1408
1693010 1410
1693020 1412
1693030 1415
1693040 1417
1693050 1418
1693060 1420
1693070 1421
1693080 1422
1693090 1423
1693100 1425
1693110 1426
1693120 1428
1693130 1430
1693140 1432
1693150 1433
1693160 1435
1693170 1437
1693180 1439
1693190 1440
1693200 1442
1693210 1444
1693220 1447
1693230 1449
1693240 1451
1693250 1453
1693260 1454
1693270 1455
1693280 1456
1693290 1457
1693300 1457
1693310 1457
1693320 1457
1693330 1457
1693340 1457
1693350 1456
1693360 1456
1693370 1456
1693380 1456
1693390 1457
1693400 1457
1693410 1457
1693420 1457
1693430 1457
1693440 1458
1693450 1458
1693460 1458
1693470 1459
1693480 1459
1693490 1459
1693500 1460
1693510 1460
1693520 1460
1693530 1460
1693540 1460
1693550 1460
1693560 1460
1693570 1460
1693580 1460
1693590 1460
1693600 1460
1693610 1460
1693620 1461
1693630 1461
1693640 1461
1693650 1461
1693660 1462
1693670 1462
1693680 1463
1693690 1463
1693700 1464
1693710 1464
1693720 1465
1693730 1465
1693740 1466
1693750 1466
1693760 1467
1693770 1468
1693780 1468
1693790 1469
1693800 1470
1693810 1470
1693820 1470
1693830 1471
1693840 1471
1693850 1472
1693860 1472
1693870 1472
1693870 1470
1693880 1465
1693890 1453
1693900 1440
1693910 1434
1693920 1430
1693930 1427
1693940 1424
1693950 1422
1693960 1420
1693970 1418
1693980 1416
1693990 1414
1694000 1411
1694010 1409
1694020 1407
1694030 1405
1694040 1405
1694050 1405
1694060 1405
1694070 1405
1694080 1405
1694090 1404
1694100 1402
1694110 1401
1694120 1399
1694130 1396
1694140 1394
1694150 1393
1694160 1393
1694170 1393
1694180 1394
1694190 1393
1694200 1393
1694210 1393
1694220 1393
1694230 1394
1694240 1395
1694250 1400
1694260 1404
1694270 1407
1694280 1408
1694290 1408
1694300 1407
1694310 1404
1694320 1402
1694330 1401
1694340 1399
1694350 1398
1694360 1397
1694370 1395
1694380 1394
1694390 1392
1694400 1391
1694410 1390
1694420 1388
1694430 1386
1694440 1383
1694450 1381
1694460 1379
1694470 1377
1694480 1375
1694490 1373
1694500 1372
1694510 1371
1694520 1370
1694530 1369
1694540 1368
1694550 1366
1694560 1365
1694570 1364
1694580 1364
1694590 1364
1694600 1363
1694610 1363
1694620 1363
1694630 1363
1694640 1363
1694650 1364
1694660 1365
1694670 1366
1694680 1365
1694690 1364
1694700 1361
1694710 1358
1694720 1356
1694730 1354
1694740 1353
1694750 1352
1694760 1352
1694770 1352
1694780 1352
1694790 1352
1694800 1351
1694810 1350
1694820 1349
1694830 1352
1694840 1354
1694850 1355
1694860 1356
1694870 1357
1694880 1357
1694890 1358
1694900 1358
1694910 1358
1694920 1357
1694930 1355
1694940 1352
1694950 1348
1694960 1345
1694970 1342
1694980 1340
1694990 1338
1695000 1336
1695010 1334
1695020 1333
1695030 1332
1695040 1332
1695050 1334
1695060 1337
1695070 1341
1695080 1346
1695090 1349
1695100 1353
1695110 1357
1695120 1360
1695130 1363
1695140 1366
1695150 1368
1695160 1370
1695170 1372
1695180 1373
1695190 1372
1695200 1368
1695210 1363
1695220 1358
1695230 1352
1695240 1346
1695250 1340
1695260 1334
1695270 1328
1695280 1323
1695290 1318
1695300 1312
1695310 1308
1695320 1303
1695330 1298
1695340 1294
1695350 1289
1695360 1285
1695370 1280
1695380 1276
1695390 1272
1695400 1269
1695410 1270
1695420 1270
1695430 1271
1695440 1272
1695450 1272
1695460 1271
1695470 1271
1695480 1272
1695490 1272
1695500 1272
1695510 1272
1695520 1273
1695530 1273
1695540 1273
1695550 1273
1695560 1273
1695570 1272
1695580 1269
1695590 1264
1695600 1259
1695610 1254
1695620 1249
1695630 1244
1695640 1239
1695650 1234
1695660 1229
1695670 1224
1695680 1220
1695690 1217
1695700 1214
1695710 1212
1695720 1211
1695730 1210
1695740 1208
1695750 1206
1695760 1203
1695770 1200
1695780 1197
1695790 1194
1695800 1190
1695810 1185
1695820 1181
1695830 1178
1695840 1175
1695850 1173
1695860 1170
1695870 1168
1695880 1165
1695890 1163
1695900 1160
1695910 1158
1695920 1155
1695930 1152
1695940 1148
1695950 1144
1695960 1141
1695970 1137
1695980 1131
1695990 1128
1696000 1127
1696010 1129
1696020 1129
1696030 1128
1696040 1127
1696050 1125
1696060 1124
1696070 1122
1696080 1121
1696090 1119
1696100 1117
1696110 1114
1696120 1114
1696130 1117
1696140 1121
1696150 1125
1696160 1128
1696170 1132
1696180 1135
1696190 1138
1696200 1142
1696210 1145
1696220 1149
1696230 1152
1696240 1156
1696250 1159
1696260 1163
1696270 1167
1696280 1171
1696290 1175
1696300 1179
1696310 1182
1696320 1187
1696330 1191
1696340 1195
1696350 1200
1696360 1204
1696370 1208
1696380 1212
1696390 1216
1696400 1220
1696410 1224
1696420 1228
1696430 1232
1696440 1237
1696450 1241
1696460 1245
1696470 1249
1696480 1254
1696490 1258
1696500 1264
1696510 1268
1696520 1272
1696530 1276
1696540 1279
1696550 1283
1696560 1286
1696570 1290
1696580 1293
1696590 1296
1696600 1300
1696610 1303
1696620 1306
1696630 1308
1696640 1310
1696650 1312
1696660 1313
1696670 1313
1696680 1313
1696690 1313
1696700 1312
1696710 1312
1696720 1310
1696730 1309
1696740 1308
1696750 1306
1696760 1304
1696770 1302
1696780 1298
1696790 1293
1696800 1288
1696810 1284
1696820 1281
1696830 1279
1696840 1279
1696850 1280
1696860 1282
1696870 1282
1696880 1281
1696890 1279
1696900 1277
1696910 1275
1696920 1273
1696930 1271
1696940 1269
1696950 1267
1696960 1265
1696970 1265
1696980 1264
1696990 1263
1697000 1263
1697010 1262
1697020 1262
1697030 1261
1697040 1260
1697050 1260
1697060 1259
1697070 1258
1697080 1258
1697090 1261
1697100 1265
1697110 1270
1697120 1274
1697130 1279
1697140 1283
1697150 1288
1697160 1293
1697170 1297
1697180 1301
1697190 1305
1697200 1308
1697210 1312
1697220 1315
1697230 1317
1697240 1320
1697250 1322
1697260 1324
1697270 1326
1697280 1328
1697290 1331
1697300 1335
1697310 1339
1697320 1343
1697330 1348
1697340 1353
1697350 1357
1697360 1362
1697370 1367
1697380 1372
1697390 1377
1697400 1382
1697410 1388
1697420 1393
1697430 1398
1697440 1403
1697450 1408
1697460 1413
1697470 1418
1697480 1423
1697490 1428
1697500 1432
1697510 1437
1697520 1441
1697530 1445
1697540 1449
1697550 1454
1697560 1458
1697570 1460
1697580 1460
1697590 1459
1697600 1457
1697610 1455
1697620 1453
1697630 1451
1697640 1449
1697650 1447
1697660 1445
1697670 1443
1697680 1441
1697690 1439
1697700 1437
1697710 1435
1697720 1433
1697730 1432
1697740 1430
1697750 1428
1697760 1427
1697770 1425
1697780 1424
1697790 1422
1697800 1421
1697810 1421
1697820 1421
1697830 1421
1697840 1422
1697850 1422
1697860 1423
1697870 1424
1697880 1425
1697890 1426
1697900 1427
1697910 1428
1697920 1428
1697930 1429
1697940 1430
1697950 1430
1697960 1432
1697970 1433
1697980 1434
1697990 1436
1698000 1438
1698010 1440
1698020 1442
1698030 1446
1698040 1449
1698050 1451
1698060 1448
1698070 1444
1698080 1440
1698090 1436
1698100 1432
1698110 1429
1698120 1426
1698130 1422
1698140 1419
1698150 1415
1698160 1411
1698170 1408
1698180 1404
1698190 1401
1698200 1397
1698210 1394
1698220 1390
1698230 1387
1698240 1383
1698250 1379
1698260 1375
1698270 1371
1698280 1366
1698290 1362
1698300 1357
1698310 1353
1698320 1348
1698330 1344
1698340 1339
1698350 1335
1698360 1330
1698370 1325
1698380 1320
1698390 1316
1698400 1311
1698410 1306
1698420 1302
1698430 1297
1698440 1293
1698450 1288
1698460 1283
1698470 1279
1698480 1275
1698490 1270
1698500 1266
1698510 1261
1698520 1256
1698530 1252
1698540 1248
1698550 1245
1698560 1241
1698570 1238
1698580 1234
1698590 1230
1698600 1226
1698610 1220
1698620 1213
1698630 1207
1698640 1201
1698650 1196
1698660 1191
1698670 1186
1698680 1181
1698690 1176
1698700 1172
1698710 1168
1698720 1164
1698730 1159
1698740 1156
1698750 1153
1698760 1151
1698770 1150
1698780 1148
1698790 1146
1698800 1144
1698810 1142
1698820 1140
1698830 1136
1698840 1132
1698850 1125
1698860 1117
1698870 1110
1698880 1105
1698890 1102
1698900 1098
1698910 1095
1698920 1092
1698930 1090
1698940 1087
1698950 1085
1698960 1083
1698970 1082
1698980 1081
1698990 1079
1699000 1077
1699010 1074
1699020 1071
1699030 1068
1699040 1064
1699050 1061
1699060 1057
1699070 1054
1699080 1051
1699090 1049
1699100 1047
1699110 1044
1699120 1042
1699130 1039
1699140 1036
1699150 1034
1699160 1031
1699170 1030
1699180 1028
1699190 1028
1699200 1024
1699210 1020
1699220 1016
1699230 1013
1699240 1011
1699250 1007
1699260 1004
1699270 1001
1699280 999
1699290 998
1699300 997
1699310 996
1699320 994
1699330 993
1699340 992
1699350 990
1699360 989
1699370 988
1699380 987
1699390 986
1699400 985
1699410 985
1699420 984
1699430 983
1699440 984
1699450 984
1699460 985
1699470 984
1699480 983
1699490 982
1699500 982
1699510 983
1699520 984
1699530 984
1699540 985
1699550 986
1699560 987
1699570 987
1699580 986
1699590 985
1699600 983
1699610 981
1699620 978
1699630 975
1699640 973
1699650 970
1699660 968
1699670 966
1699680 964
1699690 962
1699700 962
1699710 961
1699720 961
1699730 962
1699740 963
1699750 965
1699760 967
1699770 969
1699780 971
1699790 972
1699800 971
1699810 970
1699820 967
1699830 965
1699840 963
1699850 960
1699860 957
1699870 954
1699880 951
1699890 947
1699900 944
1699910 940
1699920 937
1699930 934
1699940 930
1699950 926
1699960 922
1699970 918
1699980 914
1699990 911
