1680000 1368
1680010 1369
1680020 1369
1680030 1370
1680040 1370
1680050 1371
1680060 1371
1680070 1372
1680080 1373
1680090 1374
1680100 1375
1680110 1376
1680120 1377
1680130 1378
1680140 1379
1680150 1380
1680160 1381
1680170 1382
1680180 1383
1680190 1384
1680200 1385
1680210 1386
1680220 1387
1680230 1388
1680240 1388
1680250 1389
1680260 1389
1680270 1390
1680280 1390
1680290 1390
1680300 1390
1680310 1391
1680320 1391
1680330 1392
1680340 1393
1680350 1393
1680360 1394
1680370 1395
1680380 1396
1680390 1396
1680400 1397
1680410 1397
1680420 1398
1680430 1398
1680440 1398
1680450 1399
1680460 1399
1680470 1399
1680480 1399
1680490 1398
1680500 1397
1680510 1395
1680520 1391
1680530 1386
1680540 1380
1680550 1373
1680560 1367
1680570 1361
1680580 1356
1680590 1350
1680600 1345
1680610 1340
1680620 1335
1680630 1330
1680640 1325
1680650 1321
1680660 1317
1680670 1312
1680680 1308
1680690 1304
1680700 1300
1680710 1296
1680720 1291
1680730 1287
1680740 1283
1680750 1279
1680760 1274
1680770 1270
1680780 1266
1680790 1261
1680800 1257
1680810 1253
1680820 1249
1680830 1245
1680840 1242
1680850 1238
1680860 1234
1680870 1231
1680880 1227
1680890 1223
1680900 1219
1680910 1215
1680920 1212
1680930 1208
1680940 1205
1680950 1202
1680960 1199
1680970 1196
1680980 1192
1680990 1189
1681000 1185
1681010 1182
1681020 1178
1681030 1174
1681040 1170
1681050 1166
1681060 1162
1681070 1158
1681080 1154
1681090 1150
1681100 1146
1681110 1143
1681120 1140
1681130 1136
1681140 1133
1681150 1129
1681160 1126
1681170 1123
1681180 1120
1681190 1116
1681200 1113
1681210 1110
1681220 1107
1681230 1103
1681240 1100
1681250 1097
1681260 1094
1681270 1090
1681280 1087
1681290 1084
1681300 1081
1681310 1077
1681320 1074
1681330 1070
1681340 1067
1681350 1063
1681360 1060
1681370 1056
1681380 1052
1681390 1048
1681400 1045
1681410 1042
1681420 1039
1681430 1036
1681440 1033
1681450 1029
1681460 1026
1681470 1022
1681480 1019
1681490 1015
1681500 1011
1681510 1008
1681520 1004
1681530 1000
1681540 997
1681550 993
1681560 991
1681570 989
1681580 988
1681590 987
1681600 986
1681610 985
1681620 983
1681630 982
1681640 980
1681650 978
1681660 976
1681670 974
1681680 972
1681690 970
1681700 968
1681710 965
1681720 963
1681730 961
1681740 959
1681750 956
1681760 952
1681770 949
1681780 945
1681790 941
1681800 937
1681810 933
1681820 930
1681830 927
1681840 924
1681850 921
1681860 918
1681870 915
1681880 912
1681890 910
1681900 907
1681910 904
1681920 902
1681930 899
1681940 897
1681950 894
1681960 890
1681970 887
1681980 884
1681990 881
1682000 877
1682010 874
1682020 872
1682030 870
1682040 868
1682050 867
1682060 865
1682070 863
1682080 861
1682090 860
1682100 858
1682110 857
1682120 856
1682130 854
1682140 853
1682150 851
1682160 849
1682170 846
1682180 842
1682190 839
1682200 835
1682210 832
1682220 829
1682230 826
1682240 827
1682250 830
1682260 832
1682270 833
1682280 834
1682290 836
1682300 838
1682310 840
1682320 843
1682330 845
1682340 847
1682350 849
1682360 851
1682370 853
1682380 856
1682390 858
1682400 860
1682410 861
1682420 863
1682430 864
1682440 866
1682450 867
1682460 868
1682470 869
1682480 870
1682490 872
1682500 873
1682510 875
1682520 877
1682530 879
1682540 881
1682550 882
1682560 884
1682570 885
1682580 886
1682590 886
1682600 886
1682610 887
1682620 887
1682630 889
1682640 892
1682650 895
1682660 898
1682670 901
1682680 904
1682690 906
1682700 908
1682710 910
1682720 912
1682730 914
1682740 916
1682750 918
1682760 919
1682770 922
1682780 925
1682790 928
1682800 931
1682810 934
1682820 937
1682830 940
1682840 943
1682850 946
1682860 950
1682870 954
1682880 958
1682890 962
1682900 966
1682910 969
1682920 973
1682930 977
1682940 981
1682950 984
1682960 988
1682970 992
1682980 996
1682990 1000
1683000 1004
1683010 1008
1683020 1012
1683030 1016
1683040 1020
1683050 1024
1683060 1028
1683070 1031
1683080 1035
1683090 1040
1683100 1044
1683110 1049
1683120 1053
1683130 1056
1683140 1060
1683150 1063
1683160 1067
1683170 1071
1683180 1075
1683190 1079
1683200 1084
1683210 1088
1683220 1092
1683230 1096
1683240 1101
1683250 1105
1683260 1110
1683270 1112
1683280 1113
1683290 1116
1683300 1117
1683310 1119
1683320 1119
1683330 1118
1683340 1117
1683350 1116
1683360 1114
1683370 1112
1683380 1110
1683390 1107
1683400 1104
1683410 1100
1683420 1096
1683430 1092
1683440 1088
1683450 1083
1683460 1078
1683470 1074
1683480 1069
1683490 1064
1683500 1060
1683510 1055
1683520 1051
1683530 1047
1683540 1042
1683550 1037
1683560 1033
1683570 1028
1683580 1023
1683590 1018
1683600 1014
1683610 1009
1683620 1004
1683630 999
1683640 994
1683650 989
1683660 984
1683670 979
1683680 974
1683690 969
1683700 964
1683710 959
1683720 954
1683730 949
1683740 945
1683750 940
1683760 936
1683770 931
1683780 927
1683790 922
1683800 918
1683810 913
1683820 909
1683830 904
1683840 901
1683850 897
1683860 894
1683870 890
1683880 887
1683890 884
1683900 880
1683910 877
1683920 874
1683930 870
1683940 864
1683950 858
1683960 851
1683970 848
1683980 847
1683990 848
1684000 849
1684010 851
1684020 853
1684030 857
1684040 861
1684050 866
1684060 869
1684070 873
1684080 877
1684090 882
1684100 886
1684110 889
1684120 893
1684130 897
1684140 901
1684150 904
1684160 908
1684170 912
1684180 916
1684190 920
1684200 924
1684210 928
1684220 932
1684230 935
1684240 939
1684250 942
1684260 944
1684270 947
1684280 948
1684290 950
1684300 950
1684310 951
1684320 950
1684330 950
1684340 948
1684350 946
1684360 943
1684370 940
1684380 937
1684390 935
1684400 931
1684410 927
1684420 924
1684430 922
1684440 921
1684450 921
1684460 919
1684470 917
1684480 915
1684490 913
1684500 912
1684510 912
1684520 913
1684530 914
1684540 917
1684550 923
1684560 928
1684570 933
1684580 937
1684590 941
1684600 945
1684610 949
1684620 953
1684630 958
1684640 961
1684650 964
1684660 967
1684670 968
1684680 969
1684690 969
1684700 969
1684710 970
1684720 971
1684730 972
1684740 974
1684750 975
1684760 976
1684770 976
1684780 977
1684790 977
1684800 977
1684810 976
1684820 977
1684830 978
1684840 979
1684850 980
1684860 981
1684870 981
1684880 982
1684890 982
1684900 982
1684910 981
1684920 981
1684930 980
1684940 979
1684950 978
1684960 977
1684970 976
1684980 975
1684990 973
1685000 970
1685010 968
1685020 966
1685030 964
1685040 963
1685050 961
1685060 959
1685070 957
1685080 955
1685090 953
1685100 951
1685110 949
1685120 947
1685130 946
1685140 944
1685150 942
1685160 941
1685170 939
1685180 938
1685190 936
1685200 934
1685210 931
1685220 928
1685230 925
1685240 922
1685250 918
1685260 915
1685270 911
1685280 907
1685290 904
1685300 900
1685310 896
1685320 892
1685330 888
1685340 883
1685350 879
1685360 875
1685370 870
1685380 865
1685390 860
1685400 856
1685410 853
1685420 850
1685430 852
1685440 853
1685450 854
1685460 853
1685470 852
1685480 851
1685490 850
1685500 848
1685510 846
1685520 845
1685530 844
1685540 843
1685550 842
1685560 840
1685570 839
1685580 839
1685590 839
1685600 838
1685610 837
1685620 836
1685630 835
1685640 834
1685650 834
1685660 833
1685670 833
1685680 833
1685690 833
1685700 832
1685710 832
1685720 831
1685730 831
1685740 830
1685750 830
1685760 829
1685770 829
1685780 829
1685790 829
1685800 828
1685810 828
1685820 828
1685830 828
1685840 827
1685850 827
1685860 825
1685870 823
1685880 819
1685890 813
1685900 808
1685910 803
1685920 798
1685930 793
1685940 788
1685950 783
1685960 778
1685970 773
1685980 766
1685990 759
1686000 753
1686010 747
1686020 745
1686030 744
1686040 745
1686050 746
1686060 747
1686070 746
1686080 746
1686090 746
1686100 746
1686110 746
1686120 746
1686130 746
1686140 747
1686150 747
1686160 748
1686170 748
1686180 749
1686190 750
1686200 750
1686210 751
1686220 751
1686230 751
1686240 752
1686250 752
1686260 753
1686270 754
1686280 755
1686290 755
1686300 756
1686310 757
1686320 757
1686330 758
1686340 760
1686350 761
1686360 764
1686370 766
1686380 769
1686390 773
1686400 778
1686410 782
1686420 787
1686430 792
1686440 796
1686450 800
1686460 805
1686470 808
1686480 811
1686490 815
1686500 819
1686510 824
1686520 829
1686530 833
1686540 837
1686550 842
1686560 846
1686570 850
1686580 854
1686590 857
1686600 861
1686610 864
1686620 868
1686630 871
1686640 874
1686650 878
1686660 882
1686670 885
1686680 889
1686690 893
1686700 898
1686710 902
1686720 905
1686730 909
1686740 913
1686750 918
1686760 922
1686770 927
1686780 932
1686790 936
1686800 941
1686810 946
1686820 951
1686830 955
1686840 960
1686850 965
1686860 969
1686870 974
1686880 978
1686890 983
1686900 988
1686910 992
1686920 995
1686930 1000
1686940 1004
1686950 1008
1686960 1012
1686970 1016
1686980 1020
1686990 1024
1687000 1028
1687010 1031
1687020 1035
1687030 1039
1687040 1042
1687050 1046
1687060 1050
1687070 1053
1687080 1056
1687090 1060
1687100 1063
1687110 1066
1687120 1070
1687130 1073
1687140 1076
1687150 1079
1687160 1082
1687170 1085
1687180 1088
1687190 1091
1687200 1094
1687210 1098
1687220 1101
1687230 1104
1687240 1107
1687250 1110
1687260 1113
1687270 1116
1687280 1119
1687290 1122
1687300 1125
1687310 1129
1687320 1132
1687330 1135
1687340 1138
1687350 1141
1687360 1144
1687370 1148
1687380 1151
1687390 1155
1687400 1158
1687410 1162
1687420 1166
1687430 1169
1687440 1172
1687450 1176
1687460 1180
1687470 1183
1687480 1187
1687490 1191
1687500 1194
1687510 1198
1687520 1202
1687530 1206
1687540 1209
1687550 1212
1687560 1216
1687570 1220
1687580 1224
1687590 1228
1687600 1232
1687610 1236
1687620 1240
1687630 1244
1687640 1248
1687650 1252
1687660 1256
1687670 1259
1687680 1263
1687690 1267
1687700 1271
1687710 1275
1687720 1279
1687730 1283
1687740 1286
1687750 1290
1687760 1294
1687770 1298
1687780 1303
1687790 1307
1687800 1311
1687810 1314
1687820 1318
1687830 1322
1687840 1326
1687850 1331
1687860 1336
1687870 1341
1687880 1347
1687890 1352
1687900 1357
1687910 1363
1687920 1369
1687930 1374
1687940 1382
1687950 1391
1687960 1401
1687970 1407
1687980 1411
1687990 1413
1688000 1413
1688010 1414
1688020 1414
1688030 1414
1688040 1414
1688050 1414
1688060 1414
1688070 1414
1688080 1414
1688090 1413
1688100 1412
1688110 1410
1688120 1408
1688130 1406
1688140 1405
1688150 1404
1688160 1403
1688170 1402
1688180 1402
1688190 1401
1688200 1401
1688210 1400
1688220 1400
1688230 1399
1688240 1397
1688250 1396
1688260 1395
1688270 1394
1688280 1392
1688290 1390
1688300 1388
1688310 1387
1688320 1386
1688330 1385
1688340 1384
1688350 1383
1688360 1383
1688370 1382
1688380 1381
1688390 1381
1688400 1381
1688410 1381
1688420 1381
1688430 1381
1688440 1382
1688450 1383
1688460 1383
1688470 1383
1688480 1382
1688490 1381
1688500 1381
1688510 1381
1688520 1381
1688530 1381
1688540 1382
1688550 1382
1688560 1382
1688570 1382
1688580 1383
1688590 1383
1688600 1384
1688610 1384
1688620 1384
1688630 1384
1688640 1385
1688650 1386
1688660 1386
1688670 1388
1688680 1389
1688690 1390
1688700 1391
1688710 1393
1688720 1394
1688730 1396
1688740 1397
1688750 1399
1688760 1400
1688770 1402
1688780 1403
1688790 1404
1688800 1405
1688810 1406
1688820 1406
1688830 1407
1688840 1407
1688850 1406
1688860 1406
1688870 1405
1688880 1405
1688890 1405
1688900 1406
1688910 1406
1688920 1407
1688930 1407
1688940 1408
1688950 1408
1688960 1409
1688970 1410
1688980 1410
1688990 1411
1689000 1411
1689010 1411
1689020 1411
1689030 1411
1689040 1410
1689050 1409
1689060 1408
1689070 1408
1689080 1408
1689090 1407
1689100 1407
1689110 1408
1689120 1408
1689130 1408
1689140 1408
1689150 1409
1689160 1410
1689170 1410
1689180 1411
1689190 1411
1689200 1411
1689210 1410
1689220 1409
1689230 1409
1689240 1408
1689250 1407
1689260 1406
1689270 1406
1689280 1406
1689290 1405
1689300 1405
1689310 1405
1689320 1404
1689330 1404
1689340 1403
1689350 1403
1689360 1403
1689370 1402
1689380 1402
1689390 1401
1689400 1401
1689410 1400
1689420 1400
1689430 1399
1689440 1398
1689450 1397
1689460 1397
1689470 1397
1689480 1397
1689490 1397
1689500 1397
1689510 1397
1689520 1397
1689530 1397
1689540 1398
1689550 1398
1689560 1398
1689570 1398
1689580 1399
1689590 1399
1689600 1399
1689610 1399
1689620 1399
1689630 1399
1689640 1400
1689650 1400
1689660 1400
1689670 1400
1689680 1400
1689690 1400
1689700 1399
1689710 1398
1689720 1397
1689730 1396
1689740 1394
1689750 1392
1689760 1390
1689770 1388
1689780 1385
1689790 1381
1689800 1378
1689810 1375
1689820 1372
1689830 1370
1689840 1367
1689850 1364
1689860 1361
1689870 1359
1689880 1358
1689890 1357
1689900 1355
1689910 1353
1689920 1350
1689930 1347
1689940 1344
1689950 1342
1689960 1339
1689970 1338
1689980 1337
1689990 1335
1690000 1333
1690010 1330
1690020 1327
1690030 1325
1690040 1325
1690050 1323
1690060 1321
1690070 1320
1690080 1318
1690090 1316
1690100 1313
1690110 1311
1690120 1309
1690130 1306
1690140 1303
1690150 1301
1690160 1298
1690170 1295
1690180 1294
1690190 1293
1690200 1292
1690210 1291
1690220 1290
1690230 1290
1690240 1290
1690250 1290
1690260 1290
1690270 1291
1690280 1291
1690290 1291
1690300 1291
1690310 1291
1690320 1291
1690330 1291
1690340 1291
1690350 1291
1690360 1291
1690370 1291
1690380 1291
1690390 1290
1690400 1290
1690410 1290
1690420 1289
1690430 1289
1690440 1289
1690450 1289
1690460 1289
1690470 1289
1690480 1288
1690490 1288
1690500 1288
1690510 1288
1690520 1288
1690530 1288
1690540 1288
1690550 1288
1690560 1288
1690570 1288
1690580 1289
1690590 1289
1690600 1289
1690610 1289
1690620 1289
1690630 1290
1690640 1290
1690650 1290
1690660 1290
1690670 1290
1690680 1290
1690690 1290
1690700 1290
1690710 1290
1690720 1290
1690730 1290
1690740 1290
1690750 1289
1690760 1289
1690770 1289
1690780 1289
1690790 1289
1690800 1290
1690810 1290
1690820 1290
1690830 1289
1690840 1290
1690850 1290
1690860 1290
1690870 1290
1690880 1290
1690890 1290
1690900 1290
1690910 1290
1690920 1291
1690930 1291
1690940 1291
1690950 1290
1690960 1290
1690970 1291
1690980 1291
1690990 1291
1691000 1291
1691010 1291
1691020 1292
1691030 1292
1691040 1293
1691050 1294
1691060 1294
1691070 1295
1691080 1296
1691090 1297
1691100 1298
1691110 1300
1691120 1301
1691130 1301
1691140 1303
1691150 1304
1691160 1305
1691170 1306
1691180 1307
1691190 1309
1691200 1310
1691210 1311
1691220 1313
1691230 1315
1691240 1317
1691250 1319
1691260 1321
1691270 1323
1691280 1326
1691290 1329
1691300 1333
1691310 1336
1691320 1340
1691330 1344
1691340 1347
1691350 1350
1691360 1352
1691370 1353
1691380 1354
1691390 1356
1691400 1358
1691410 1360
1691420 1362
1691430 1363
1691440 1365
1691450 1366
1691460 1366
1691470 1366
1691480 1366
1691490 1366
1691500 1366
1691510 1365
1691520 1364
1691530 1365
1691540 1365
1691550 1364
1691560 1364
1691570 1365
1691580 1365
1691590 1364
1691600 1364
1691610 1363
1691620 1364
1691630 1365
1691640 1365
1691650 1366
1691660 1365
1691670 1365
1691680 1364
1691690 1363
1691700 1362
1691710 1360
1691720 1359
1691730 1359
1691740 1359
1691750 1358
1691760 1358
1691770 1357
1691780 1356
1691790 1355
1691800 1354
1691810 1352
1691820 1351
1691830 1351
1691840 1350
1691850 1350
1691860 1349
1691870 1349
1691880 1348
1691890 1348
1691900 1347
1691910 1346
1691920 1345
1691930 1344
1691940 1344
1691950 1345
1691960 1345
1691970 1345
1691980 1345
1691990 1345
1692000 1345
1692010 1346
1692020 1346
1692030 1346
1692040 1346
1692050 1346
1692060 1346
1692070 1346
1692080 1346
1692090 1346
1692100 1346
1692110 1346
1692120 1346
1692130 1346
1692140 1347
1692150 1347
1692160 1347
1692170 1347
1692180 1347
1692190 1347
1692200 1347
1692210 1347
1692220 1347
1692230 1347
1692240 1347
1692250 1347
1692260 1347
1692270 1347
1692280 1348
1692290 1348
1692300 1349
1692310 1350
1692320 1351
1692330 1351
1692340 1352
1692350 1353
1692360 1353
1692370 1354
1692380 1355
1692390 1356
1692400 1356
1692410 1357
1692420 1357
1692430 1358
1692440 1359
1692450 1360
1692460 1360
1692470 1361
1692480 1361
1692490 1362
1692500 1363
1692510 1363
1692520 1364
1692530 1365
1692540 1366
1692550 1367
1692560 1368
1692570 1370
1692580 1371
1692590 1372
1692600 1372
1692610 1374
1692620 1375
1692630 1377
1692640 1378
1692650 1379
1692660 1379
1692670 1380
1692680 1382
1692690 1383
1692700 1385
1692710 1386
1692720 1388
1692730 1390
1692740 1392
1692750 1394
1692760 1396
1692770 1397
1692780 1399
1692790 1401
1692800 1402
1692810 1404
1692820 1405
1692830 1406
1692840 1407
1692850 1409
1692860 1411
1692870 1412
1692880 1414
1692890 1415
1692900 1417
1692910 1419
1692920 1421
1692930 1423
1692940 1424
1692950 1425
1692960 1426
1692970 1427
1692980 1428
1692990 1429
1693000 1430
1693010 1430
1693020 1431
1693030 1433
1693040 1435
1693050 1437
1693060 1439
1693070 1441
1693080 1443
1693090 1445
1693100 1447
1693110 1449
1693120 1451
1693130 1453
1693140 1454
1693150 1456
1693160 1458
1693170 1460
1693180 1462
1693190 1462
1693200 1463
1693210 1462
1693220 1461
1693230 1461
1693240 1463
1693260 1473
1693270 1477
1693280 1478
1693290 1480
1693300 1481
1693310 1482
1693320 1483
1693330 1484
1693340 1485
1693350 1485
1693360 1485
1693370 1485
1693380 1484
1693390 1484
1693400 1483
1693410 1482
1693420 1481
