1680000 1537
1680010 1540
1680020 1542
1680030 1544
1680040 1546
1680050 1549
1680060 1552
1680070 1554
1680080 1556
1680090 1558
1680100 1560
1680110 1561
1680120 1563
1680130 1563
1680140 1564
1680150 1565
1680160 1567
1680170 1568
1680180 1569
1680190 1570
1680200 1572
1680210 1573
1680220 1574
1680230 1575
1680240 1575
1680250 1576
1680260 1575
1680270 1574
1680280 1573
1680290 1571
1680300 1570
1680310 1569
1680320 1570
1680330 1571
1680340 1571
1680350 1570
1680360 1570
1680370 1569
1680380 1568
1680390 1567
1680400 1566
1680410 1566
1680420 1565
1680430 1565
1680440 1564
1680450 1564
1680460 1563
1680470 1562
1680480 1561
1680490 1560
1680500 1560
1680510 1560
1680520 1561
1680530 1562
1680540 1563
1680550 1563
1680560 1564
1680570 1564
1680580 1564
1680590 1564
1680600 1564
1680610 1563
1680620 1562
1680630 1560
1680640 1554
1680650 1545
1680660 1538
1680670 1529
1680680 1520
1680690 1512
1680700 1506
1680710 1501
1680720 1496
1680730 1490
1680740 1484
1680750 1479
1680760 1474
1680770 1469
1680780 1462
1680790 1456
1680800 1449
1680810 1443
1680820 1437
1680830 1432
1680840 1425
1680850 1419
1680860 1413
1680870 1409
1680880 1406
1680890 1403
1680900 1400
1680910 1397
1680920 1395
1680930 1392
1680940 1389
1680950 1385
1680960 1380
1680970 1373
1680980 1366
1680990 1361
1681000 1357
1681010 1353
1681020 1349
1681030 1344
1681040 1339
1681050 1333
1681060 1328
1681070 1324
1681080 1320
1681090 1315
1681100 1311
1681110 1307
1681120 1303
1681130 1299
1681140 1294
1681150 1290
1681160 1285
1681170 1281
1681180 1277
1681190 1273
1681200 1270
1681210 1266
1681220 1262
1681230 1259
1681240 1255
1681250 1251
1681260 1246
1681270 1242
1681280 1238
1681290 1233
1681300 1230
1681310 1226
1681320 1222
1681330 1218
1681340 1214
1681350 1210
1681360 1206
1681370 1202
1681380 1199
1681390 1197
1681400 1194
1681410 1190
1681420 1187
1681430 1183
1681440 1179
1681450 1175
1681460 1171
1681470 1167
1681480 1164
1681490 1160
1681500 1156
1681510 1151
1681520 1147
1681530 1142
1681540 1138
1681550 1135
1681560 1131
1681570 1127
1681580 1123
1681590 1119
1681600 1114
1681610 1110
1681620 1106
1681630 1103
1681640 1100
1681650 1097
1681660 1093
1681670 1089
1681680 1085
1681690 1081
1681700 1077
1681710 1072
1681720 1067
1681730 1063
1681740 1059
1681750 1056
1681760 1053
1681770 1049
1681780 1046
1681790 1043
1681800 1038
1681810 1032
1681820 1029
1681830 1026
1681840 1025
1681850 1021
1681860 1017
1681870 1014
1681880 1009
1681890 1004
1681900 1000
1681910 996
1681920 992
1681930 989
1681940 987
1681950 985
1681960 984
1681970 983
1681980 981
1681990 980
1682000 978
1682010 976
1682020 974
1682030 971
1682040 969
1682050 967
1682060 963
1682070 960
1682080 957
1682090 955
1682100 952
1682110 949
1682120 946
1682130 942
1682140 939
1682150 936
1682160 933
1682170 932
1682180 930
1682190 929
1682200 928
1682210 926
1682220 921
1682230 913
1682240 904
1682250 896
1682260 889
1682270 885
1682280 881
1682290 879
1682300 880
1682310 880
1682320 877
1682330 870
1682340 863
1682350 856
1682360 848
1682370 839
1682380 831
1682390 822
1682400 816
1682410 810
1682420 805
1682430 800
1682440 796
1682450 792
1682460 789
1682470 786
1682480 783
1682490 779
1682500 775
1682510 771
1682520 766
1682530 762
1682540 758
1682550 753
1682560 748
1682570 741
1682580 736
1682590 733
1682600 731
1682610 733
1682620 733
1682630 733
1682640 734
1682650 735
1682660 736
1682670 735
1682680 735
1682690 734
1682700 735
1682710 735
1682720 736
1682730 737
1682740 737
1682750 738
1682760 737
1682770 736
1682780 735
1682790 732
1682800 731
1682810 731
1682820 731
1682830 731
1682840 731
1682850 732
1682860 733
1682870 734
1682880 735
1682890 737
1682900 738
1682910 738
1682920 739
1682930 740
1682940 741
1682950 741
1682960 742
1682970 742
1682980 742
1682990 743
1683000 744
1683010 745
1683020 746
1683030 746
1683040 747
1683050 748
1683060 748
1683070 747
1683080 747
1683090 747
1683100 747
1683110 747
1683120 748
1683130 749
1683140 749
1683150 749
1683160 750
1683170 751
1683180 751
1683190 751
1683200 751
1683210 750
1683220 749
1683230 749
1683240 748
1683250 747
1683260 747
1683270 746
1683280 745
1683290 745
1683300 744
1683310 746
1683320 746
1683330 747
1683340 747
1683350 749
1683360 750
1683370 752
1683380 752
1683390 752
1683400 752
1683410 752
1683420 752
1683430 751
1683440 750
1683450 749
1683460 748
1683470 747
1683480 745
1683490 743
1683500 740
1683510 738
1683520 736
1683530 733
1683540 730
1683550 727
1683560 725
1683570 722
1683580 720
1683590 716
1683600 713
1683610 710
1683620 709
1683630 708
1683640 708
1683650 708
1683660 708
1683670 708
1683680 708
1683690 707
1683700 707
1683710 707
1683720 706
1683730 705
1683740 705
1683750 704
1683760 702
1683770 701
1683780 700
1683790 699
1683800 698
1683810 698
1683820 698
1683830 698
1683840 698
1683850 698
1683860 698
1683870 698
1683880 698
1683890 697
1683900 697
1683910 698
1683920 698
1683930 698
1683940 698
1683950 698
1683960 698
1683970 698
1683980 698
1683990 698
1684000 698
1684010 698
1684020 700
1684030 703
1684040 708
1684050 714
1684060 718
1684070 722
1684080 728
1684090 734
1684100 739
1684110 744
1684120 749
1684130 754
1684140 758
1684150 762
1684160 767
1684170 771
1684180 775
1684190 779
1684200 784
1684210 788
1684220 793
1684230 797
1684240 802
1684250 806
1684260 810
1684270 814
1684280 819
1684290 822
1684300 825
1684310 828
1684320 832
1684330 835
1684340 839
1684350 843
1684360 846
1684370 850
1684380 854
1684390 858
1684400 862
1684410 866
1684420 869
1684430 873
1684440 877
1684450 881
1684460 885
1684470 889
1684480 893
1684490 897
1684500 902
1684510 906
1684520 910
1684530 914
1684540 918
1684550 922
1684560 926
1684570 930
1684580 934
1684590 939
1684600 943
1684610 948
1684620 952
1684630 957
1684640 961
1684650 966
1684660 970
1684670 975
1684680 979
1684690 983
1684700 987
1684710 990
1684720 994
1684730 997
1684740 1000
1684750 1003
1684760 1006
1684770 1009
1684780 1012
1684790 1015
1684800 1018
1684810 1022
1684820 1025
1684830 1029
1684840 1032
1684850 1036
1684860 1039
1684870 1043
1684880 1046
1684890 1049
1684900 1052
1684910 1055
1684920 1057
1684930 1059
1684940 1061
1684950 1062
1684960 1064
1684970 1066
1684980 1068
1684990 1071
1685000 1073
1685010 1075
1685020 1077
1685030 1079
1685040 1081
1685050 1082
1685060 1083
1685070 1084
1685080 1085
1685090 1086
1685100 1087
1685110 1088
1685120 1089
1685130 1091
1685140 1093
1685150 1094
1685160 1096
1685170 1097
1685180 1099
1685190 1101
1685200 1102
1685210 1104
1685220 1106
1685230 1107
1685240 1109
1685250 1111
1685260 1113
1685270 1115
1685280 1118
1685290 1120
1685300 1123
1685310 1126
1685320 1128
1685330 1131
1685340 1134
1685350 1137
1685360 1140
1685370 1143
1685380 1147
1685390 1151
1685400 1155
1685410 1159
1685420 1164
1685430 1170
1685440 1178
1685450 1192
1685460 1199
1685470 1200
1685480 1202
1685490 1206
1685500 1210
1685510 1215
1685520 1220
1685530 1224
1685540 1227
1685550 1230
1685560 1235
1685570 1240
1685580 1245
1685590 1250
1685600 1254
1685610 1259
1685620 1264
1685630 1270
1685640 1275
1685650 1280
1685660 1285
1685670 1291
1685680 1296
1685690 1302
1685700 1308
1685710 1314
1685720 1319
1685730 1324
1685740 1328
1685750 1332
1685760 1336
1685770 1339
1685780 1340
1685790 1342
1685800 1342
1685810 1341
1685820 1339
1685830 1338
1685840 1337
1685850 1335
1685860 1334
1685870 1332
1685880 1330
1685890 1328
1685900 1325
1685910 1322
1685920 1320
1685930 1318
1685940 1316
1685950 1314
1685960 1311
1685970 1309
1685980 1308
1685990 1306
1686000 1305
1686010 1304
1686020 1303
1686030 1302
1686040 1301
1686050 1300
1686060 1299
1686070 1298
1686080 1297
1686090 1296
1686100 1295
1686110 1294
1686120 1292
1686130 1290
1686140 1288
1686150 1285
1686160 1283
1686170 1280
1686180 1278
1686190 1276
1686200 1273
1686210 1270
1686220 1267
1686230 1264
1686240 1260
1686250 1256
1686260 1252
1686270 1248
1686280 1245
1686290 1242
1686300 1238
1686310 1234
1686320 1229
1686330 1225
1686340 1218
1686350 1212
1686360 1207
1686370 1202
1686380 1198
1686390 1194
1686400 1189
1686410 1183
1686420 1178
1686430 1173
1686440 1168
1686450 1164
1686460 1162
1686470 1159
1686480 1157
1686490 1155
1686500 1153
1686510 1152
1686520 1150
1686530 1148
1686540 1146
1686550 1144
1686560 1142
1686570 1140
1686580 1138
1686590 1137
1686600 1136
1686610 1135
1686620 1135
1686630 1135
1686640 1135
1686650 1135
1686660 1135
1686670 1135
1686680 1136
1686690 1136
1686700 1137
1686710 1138
1686720 1138
1686730 1139
1686740 1141
1686750 1143
1686760 1145
1686770 1146
1686780 1148
1686790 1150
1686800 1151
1686810 1153
1686820 1154
1686830 1155
1686840 1155
1686850 1155
1686860 1154
1686870 1153
1686880 1152
1686890 1151
1686900 1150
1686910 1149
1686920 1147
1686930 1145
1686940 1144
1686950 1142
1686960 1140
1686970 1138
1686980 1136
1686990 1134
1687000 1132
1687010 1130
1687020 1127
1687030 1124
1687040 1121
1687050 1118
1687060 1115
1687070 1112
1687080 1109
1687090 1106
1687100 1103
1687110 1099
1687120 1096
1687130 1092
1687140 1089
1687150 1086
1687160 1083
1687170 1081
1687180 1079
1687190 1078
1687200 1078
1687210 1079
1687220 1080
1687230 1082
1687240 1083
1687250 1085
1687260 1086
1687270 1087
1687280 1089
1687290 1090
1687300 1092
1687310 1093
1687320 1094
1687330 1094
1687340 1095
1687350 1095
1687360 1097
1687370 1100
1687380 1103
1687390 1106
1687400 1108
1687410 1111
1687420 1113
1687430 1114
1687440 1116
1687450 1117
1687460 1119
1687470 1120
1687480 1122
1687490 1123
1687500 1124
1687510 1124
1687520 1125
1687530 1125
1687540 1125
1687550 1125
1687560 1126
1687570 1126
1687580 1126
1687590 1126
1687600 1126
1687610 1126
1687620 1125
1687630 1125
1687640 1124
1687650 1124
1687660 1123
1687670 1122
1687680 1121
1687690 1121
1687700 1120
1687710 1118
1687720 1117
1687730 1115
1687740 1114
1687750 1112
1687760 1110
1687770 1108
1687780 1106
1687790 1105
1687800 1103
1687810 1101
1687820 1100
1687830 1098
1687840 1096
1687850 1094
1687860 1092
1687870 1090
1687880 1088
1687890 1087
1687900 1085
1687910 1084
1687920 1082
1687930 1081
1687940 1079
1687950 1078
1687960 1076
1687970 1075
1687980 1072
1687990 1070
1688000 1068
1688010 1066
1688020 1064
1688030 1062
1688040 1060
1688050 1057
1688060 1055
1688070 1052
1688080 1050
1688090 1048
1688100 1045
1688110 1043
1688120 1041
1688130 1039
1688140 1038
1688150 1037
1688160 1039
1688170 1043
1688180 1047
1688190 1051
1688200 1054
1688210 1058
1688220 1061
1688230 1063
1688240 1066
1688250 1069
1688260 1071
1688270 1074
1688280 1077
1688290 1079
1688300 1082
1688310 1085
1688320 1088
1688330 1091
1688340 1093
1688350 1096
1688360 1099
1688370 1102
1688380 1105
1688390 1107
1688400 1110
1688410 1112
1688420 1115
1688430 1117
1688440 1119
1688450 1121
1688460 1123
1688470 1125
1688480 1126
1688490 1128
1688500 1129
1688510 1131
1688520 1132
1688530 1133
1688540 1135
1688550 1136
1688560 1136
1688570 1137
1688580 1138
1688590 1139
1688600 1139
1688610 1139
1688620 1139
1688630 1138
1688640 1135
1688650 1132
1688660 1128
1688670 1125
1688680 1122
1688690 1121
1688700 1120
1688710 1119
1688720 1118
1688730 1117
1688740 1116
1688750 1115
1688760 1114
1688770 1113
1688780 1113
1688790 1112
1688800 1111
1688810 1110
1688820 1108
1688830 1107
1688840 1108
1688850 1110
1688860 1113
1688870 1116
1688880 1120
1688890 1123
1688900 1126
1688910 1128
1688920 1131
1688930 1134
1688940 1137
1688950 1140
1688960 1143
1688970 1146
1688980 1150
1688990 1153
1689000 1156
1689010 1159
1689020 1162
1689030 1165
1689040 1168
1689050 1171
1689060 1174
1689070 1177
1689080 1180
1689090 1183
1689100 1186
1689110 1189
1689120 1192
1689130 1194
1689140 1197
1689150 1200
1689160 1202
1689170 1205
1689180 1208
1689190 1211
1689200 1213
1689210 1216
1689220 1218
1689230 1221
1689240 1223
1689250 1226
1689260 1229
1689270 1231
1689280 1234
1689290 1237
1689300 1239
1689310 1241
1689320 1243
1689330 1245
1689340 1247
1689350 1249
1689360 1251
1689370 1253
1689380 1254
1689390 1256
1689400 1257
1689410 1258
1689420 1260
1689430 1261
1689440 1262
1689450 1263
1689460 1264
1689470 1265
1689480 1266
1689490 1267
1689500 1268
1689510 1269
1689520 1270
1689530 1270
1689540 1271
1689550 1271
1689560 1272
1689570 1273
1689580 1273
1689590 1274
1689600 1275
1689610 1275
1689620 1276
1689630 1277
1689630 1278
1689640 1279
1689650 1279
1689660 1280
1689670 1281
1689680 1283
1689690 1284
1689700 1286
1689710 1287
1689720 1288
1689730 1287
1689740 1285
1689750 1282
1689760 1278
1689770 1274
1689780 1270
1689790 1265
1689800 1262
1689810 1259
1689820 1255
1689830 1252
1689840 1249
1689850 1246
1689860 1243
1689870 1240
1689880 1237
1689890 1234
1689900 1231
1689910 1228
1689920 1225
1689930 1222
1689940 1219
1689950 1216
1689960 1212
1689970 1209
1689980 1205
1689990 1202
1690000 1199
1690010 1196
1690020 1193
1690030 1189
1690040 1185
1690050 1182
1690060 1178
1690070 1175
1690080 1171
1690090 1168
1690100 1165
1690110 1162
1690120 1158
1690130 1154
1690140 1150
1690150 1147
1690160 1143
1690170 1138
1690180 1134
1690190 1130
1690200 1125
1690210 1121
1690220 1117
1690230 1113
1690240 1110
1690250 1106
1690260 1104
1690270 1101
1690280 1098
1690290 1097
1690300 1096
1690310 1094
1690320 1092
1690330 1089
1690340 1086
1690350 1083
1690360 1080
1690370 1077
1690380 1075
1690390 1072
1690400 1070
1690410 1068
1690420 1067
1690430 1065
1690440 1064
1690450 1063
1690460 1062
1690470 1060
1690480 1059
1690490 1057
1690500 1054
1690510 1051
1690520 1047
1690530 1044
1690540 1042
1690550 1039
1690560 1038
1690570 1036
1690580 1035
1690590 1034
1690600 1033
1690610 1032
1690620 1031
1690630 1029
1690640 1026
1690650 1022
1690660 1017
1690670 1013
1690680 1011
1690690 1013
1690700 1016
1690710 1019
1690720 1021
1690730 1022
1690740 1022
1690750 1021
1690760 1020
1690770 1019
1690780 1018
1690790 1017
1690800 1016
1690810 1015
1690820 1014
1690830 1013
1690840 1009
1690850 1005
1690860 999
1690870 996
1690880 998
1690890 1004
1690900 1006
1690910 1007
1690920 1005
1690930 1003
1690940 1001
1690950 999
1690960 995
1690970 991
1690980 986
1690990 982
1691000 978
1691010 974
1691020 969
1691030 964
1691040 960
1691050 957
1691060 954
1691070 952
1691080 950
1691090 949
1691100 948
1691110 948
1691120 947
1691130 948
1691140 953
1691150 958
1691160 963
1691170 967
1691180 971
1691190 974
1691200 975
1691210 978
1691220 982
1691230 987
1691240 990
1691250 991
1691260 993
1691270 995
1691280 998
1691290 999
1691300 1001
1691310 1003
1691320 1005
1691330 1009
1691340 1012
1691350 1016
1691360 1019
1691370 1022
1691380 1026
1691390 1029
1691400 1033
1691410 1036
1691420 1038
1691430 1041
1691440 1045
1691450 1047
1691460 1047
1691470 1044
1691480 1042
1691490 1041
1691500 1042
1691510 1045
1691520 1047
1691530 1048
1691540 1046
1691550 1044
1691560 1041
1691570 1038
1691580 1036
1691590 1034
1691600 1032
1691610 1029
1691620 1027
1691630 1025
1691640 1023
1691650 1022
1691660 1020
1691670 1020
1691680 1019
1691690 1019
1691700 1019
1691710 1020
1691720 1021
1691730 1021
1691740 1020
1691750 1019
1691760 1018
1691770 1016
1691780 1015
1691790 1015
1691800 1016
1691810 1015
1691820 1015
1691830 1015
1691840 1016
1691850 1016
1691860 1015
1691870 1015
1691880 1015
1691890 1014
1691900 1013
1691910 1012
1691920 1011
1691930 1010
1691940 1009
1691950 1007
1691960 1006
1691970 1005
1691980 1003
1691990 1002
1692000 1000
1692010 999
1692020 998
1692030 995
1692040 994
1692050 993
1692060 992
1692070 991
1692080 989
1692090 988
1692100 987
1692110 986
1692120 986
1692130 985
1692140 985
1692150 985
1692160 986
1692170 986
1692180 987
1692190 988
1692200 989
1692210 989
1692220 989
1692230 988
1692240 986
1692250 984
1692260 982
1692270 980
1692280 977
1692290 974
1692300 972
1692310 971
1692320 970
1692330 969
1692340 970
1692350 972
1692360 976
1692370 979
1692380 983
1692390 987
1692400 991
1692410 995
1692420 999
1692430 1003
1692440 1007
1692450 1011
1692460 1015
1692470 1019
1692480 1023
1692490 1027
1692500 1030
1692510 1034
1692520 1037
1692530 1041
1692540 1044
1692550 1046
1692560 1049
1692570 1051
1692580 1053
1692590 1053
1692600 1053
1692610 1053
1692620 1051
1692630 1050
1692640 1048
1692650 1046
1692660 1044
1692670 1042
1692680 1040
1692690 1038
1692700 1035
1692710 1032
1692720 1029
1692730 1026
1692740 1023
1692750 1020
1692760 1017
1692770 1014
1692780 1011
1692790 1007
1692800 1004
1692810 1001
1692820 998
1692830 994
1692840 991
1692850 988
1692860 984
1692870 981
1692880 977
1692890 973
1692900 968
1692910 962
1692920 957
1692930 952
1692940 947
1692950 942
1692960 937
1692970 933
1692980 929
1692990 925
1693000 921
1693010 917
1693020 913
1693030 910
1693040 907
1693050 904
1693060 901
1693070 900
1693080 898
1693090 896
1693100 894
1693110 891
1693120 889
1693130 887
1693140 886
1693150 885
1693160 883
1693170 882
1693180 881
1693190 880
1693200 879
1693210 879
1693220 877
1693230 877
1693240 876
1693250 874
1693260 872
1693270 870
1693280 871
1693290 873
1693300 876
1693310 877
1693320 879
1693330 882
1693340 884
1693350 887
1693360 889
1693370 891
1693380 893
1693390 895
1693400 897
1693410 900
1693420 903
1693430 906
1693440 909
1693450 912
1693460 915
1693470 918
1693480 922
1693490 925
1693500 928
1693510 933
1693520 937
1693530 941
1693540 945
1693550 949
1693560 953
1693570 956
1693580 960
1693590 963
1693600 966
1693610 969
1693620 972
1693630 975
1693640 978
1693650 980
1693660 983
1693670 986
1693680 988
1693690 991
1693700 993
1693710 994
1693720 995
1693730 997
1693740 998
1693750 999
1693760 1000
1693770 1000
1693780 1001
1693790 1001
1693800 1002
1693810 1002
1693820 1003
1693830 1003
1693840 1004
1693850 1004
1693860 1004
1693870 1004
1693880 1004
1693890 1002
1693900 1001
1693910 999
1693920 997
1693930 996
1693940 994
1693950 993
1693960 992
1693970 991
1693980 991
1693990 990
1694000 989
1694010 987
1694020 986
1694030 984
1694040 983
1694050 982
1694060 980
1694070 978
1694080 974
1694090 971
1694100 969
1694110 966
1694120 964
1694130 963
1694140 961
1694150 960
1694160 958
1694170 957
1694180 956
1694190 956
1694200 955
1694210 953
1694220 951
1694230 949
1694240 947
1694250 944
1694260 941
1694270 939
1694280 936
1694290 934
1694300 931
1694310 929
1694320 926
1694330 924
1694340 923
1694350 922
1694360 921
1694370 920
1694380 920
1694390 920
1694400 919
1694410 918
1694420 917
1694430 916
1694440 914
1694450 913
1694460 912
1694470 910
1694480 909
1694490 907
1694500 905
1694510 905
1694520 905
1694530 905
1694540 905
1694550 905
1694560 905
1694570 905
1694580 905
1694590 905
1694600 905
1694610 904
1694620 903
1694630 902
1694640 901
1694650 900
1694660 898
1694670 897
1694680 896
1694690 895
1694700 894
1694710 892
1694720 891
1694730 890
1694740 889
1694750 888
1694760 887
1694770 886
1694780 885
1694790 884
1694800 883
1694810 882
1694820 881
1694830 880
1694840 880
1694850 879
1694860 879
1694870 879
1694880 880
1694890 882
1694900 884
1694910 886
1694920 887
1694930 887
1694940 885
1694950 883
1694960 878
1694970 874
1694980 868
1694990 863
1695000 859
1695010 856
1695020 856
1695030 857
1695040 860
1695050 863
1695060 867
1695070 871
1695080 873
1695090 876
1695100 879
1695110 882
1695120 885
1695130 888
1695140 891
1695150 893
1695160 895
1695170 896
1695180 898
1695190 899
1695200 900
1695210 901
1695220 902
1695230 902
1695240 903
1695250 904
1695260 905
1695270 905
1695280 906
1695290 907
1695300 908
1695310 909
1695320 909
1695330 910
1695340 910
1695350 910
1695360 910
1695370 910
1695380 910
1695390 910
1695400 909
1695410 909
1695420 909
1695430 908
1695440 908
1695450 907
1695460 906
1695470 904
1695480 903
1695490 901
1695500 898
1695510 896
1695520 893
1695530 890
1695540 886
1695550 884
1695560 883
1695570 884
1695580 884
1695590 885
1695600 885
1695610 886
1695620 886
1695630 888
1695640 889
1695650 891
1695660 892
1695670 893
1695680 893
1695690 894
1695700 894
1695710 895
1695720 896
1695730 897
1695740 898
1695750 899
1695760 899
1695770 900
1695780 900
1695790 899
1695800 899
1695810 898
1695820 897
1695830 896
1695840 894
1695850 893
1695860 892
1695870 891
1695880 889
1695890 887
1695900 885
1695910 883
1695920 880
1695930 878
1695940 876
1695950 875
1695960 874
1695970 873
1695980 873
1695990 873
1696000 872
1696010 872
1696020 872
1696030 874
1696040 876
1696050 879
1696060 882
1696070 885
1696080 887
1696090 890
1696100 892
1696110 895
1696120 897
1696130 899
1696140 902
1696150 904
1696160 907
1696170 910
1696180 911
1696190 910
1696200 906
1696210 902
1696220 898
1696230 894
1696240 891
1696250 889
1696260 886
1696270 883
1696280 878
1696290 873
1696300 873
1696310 874
1696320 879
1696330 883
1696340 888
1696350 892
1696360 896
1696370 900
1696380 903
1696390 907
1696400 909
1696410 912
1696420 915
1696430 918
1696440 920
1696450 922
1696460 923
1696470 924
1696480 925
1696490 924
1696500 924
1696510 923
1696520 922
1696530 920
1696540 919
1696550 917
1696560 915
1696570 913
1696580 910
1696590 907
1696600 904
1696610 902
1696620 900
1696630 897
1696640 894
1696650 891
1696660 888
1696670 886
1696680 883
1696690 879
1696700 875
1696710 872
1696720 871
1696730 867
1696740 864
1696750 862
1696760 860
1696770 860
1696780 859
1696790 859
1696800 860
1696810 861
1696820 864
1696830 867
1696840 869
1696850 871
1696860 873
1696870 875
1696880 878
1696890 880
1696900 882
1696910 885
1696920 886
1696930 888
1696940 889
1696950 890
1696960 891
1696970 892
1696980 892
1696990 893
1697000 893
1697010 893
1697020 892
1697030 891
1697040 891
1697050 893
1697060 895
1697070 897
1697080 899
1697090 900
1697100 902
1697110 903
1697120 904
1697130 905
1697140 905
1697150 906
1697160 906
1697170 906
1697180 905
1697190 903
1697200 901
1697210 895
1697220 889
1697230 884
1697240 879
1697250 874
1697260 870
1697270 866
1697280 862
1697290 858
1697300 855
1697310 852
1697320 848
1697330 846
1697340 844
1697350 842
1697360 842
1697370 841
1697380 842
1697390 844
1697400 846
1697410 848
1697420 851
1697430 853
1697440 855
1697450 859
1697460 861
1697470 864
1697480 866
1697490 868
1697500 870
1697510 872
1697520 875
1697530 879
1697540 882
1697550 886
1697560 889
1697570 893
1697580 895
1697590 896
1697600 896
1697610 898
1697620 900
1697630 903
1697640 905
1697650 907
1697660 909
1697670 911
1697680 912
1697690 912
1697700 912
1697710 911
1697720 911
1697730 909
1697740 908
1697750 907
1697760 906
1697770 905
1697780 905
1697790 904
1697800 903
1697810 901
1697820 897
1697830 893
1697840 888
1697850 883
1697860 878
1697870 873
1697880 868
1697890 864
1697900 859
1697910 853
1697920 849
1697930 847
1697940 848
1697950 851
1697960 854
1697970 858
1697980 861
1697990 866
1698000 870
1698010 876
1698020 881
1698030 885
1698040 890
1698050 894
1698060 897
1698070 899
1698080 902
1698090 903
1698100 905
1698110 907
1698120 908
1698130 908
1698140 906
1698150 902
1698160 896
1698170 890
1698180 885
1698190 879
1698200 874
1698210 870
1698220 865
1698230 861
1698240 857
1698250 852
1698260 849
1698270 849
1698280 851
1698290 853
1698300 854
1698310 855
1698320 855
1698330 855
1698340 858
1698350 859
1698360 861
1698370 862
1698380 861
1698390 861
1698400 860
1698410 859
1698420 858
1698430 856
1698440 855
1698450 853
1698460 852
1698470 852
1698480 853
1698490 855
1698500 857
1698510 860
1698520 862
1698530 864
1698540 866
1698550 868
1698560 868
1698570 869
1698580 867
1698590 868
1698600 869
1698610 871
1698620 873
1698630 874
1698640 876
1698650 876
1698660 876
1698670 875
1698680 873
1698690 871
1698700 869
1698710 868
1698720 869
1698730 871
1698740 872
1698750 873
1698760 873
1698770 872
1698780 871
1698790 869
1698800 865
1698810 862
1698820 858
1698830 856
1698840 855
1698850 855
1698860 855
1698870 854
1698880 854
1698890 854
1698900 854
1698910 854
1698920 854
1698930 855
1698940 856
1698950 857
1698960 859
1698970 862
1698980 864
1698990 867
1699000 870
1699010 875
1699020 879
1699030 882
1699040 885
1699050 884
1699060 882
1699070 880
1699080 876
1699090 872
1699100 869
1699110 865
1699120 861
1699130 857
1699140 853
1699150 848
1699160 843
1699170 839
1699180 836
1699190 837
1699200 839
1699210 842
1699220 844
1699230 845
1699240 847
1699250 849
1699260 851
1699270 853
1699280 856
1699290 860
1699300 862
1699310 864
1699320 864
1699330 864
1699340 864
1699350 866
1699360 869
1699370 873
1699380 876
1699390 879
1699400 881
1699410 883
1699420 886
1699430 888
1699440 890
1699450 892
1699460 894
1699470 897
1699480 899
1699490 901
1699500 903
1699510 906
1699520 908
1699530 910
1699540 912
1699550 915
1699560 917
1699570 919
1699580 921
1699590 923
1699600 926
1699610 928
1699620 932
1699630 934
1699640 936
1699650 934
1699660 931
1699670 927
1699680 924
1699690 921
1699700 917
1699710 913
1699720 909
1699730 905
1699740 902
1699750 898
1699760 894
1699770 887
1699780 881
1699790 875
1699800 869
1699810 865
1699820 862
1699830 858
1699840 852
1699850 847
1699860 843
1699870 840
1699880 838
1699890 835
1699900 833
1699910 831
1699920 829
1699930 826
1699940 823
1699950 821
1699960 823
1699970 826
1699980 830
1699990 833
