1680000 1099
1680010 1103
1680020 1107
1680030 1111
1680040 1115
1680050 1119
1680060 1123
1680070 1127
1680080 1131
1680090 1135
1680100 1139
1680110 1142
1680120 1146
1680130 1150
1680140 1153
1680150 1156
1680160 1160
1680170 1163
1680180 1168
1680190 1173
1680200 1178
1680210 1182
1680220 1185
1680230 1189
1680240 1191
1680250 1193
1680260 1195
1680270 1196
1680280 1195
1680290 1195
1680300 1195
1680310 1197
1680320 1198
1680330 1200
1680340 1201
1680350 1202
1680360 1204
1680370 1206
1680380 1207
1680390 1208
1680400 1205
1680410 1203
1680420 1201
1680430 1198
1680440 1197
1680450 1196
1680460 1194
1680470 1194
1680480 1193
1680490 1192
1680500 1190
1680510 1188
1680520 1185
1680530 1183
1680540 1183
1680550 1187
1680560 1191
1680570 1195
1680580 1199
1680590 1204
1680600 1208
1680610 1211
1680620 1215
1680630 1217
1680640 1220
1680650 1222
1680660 1224
1680670 1226
1680680 1230
1680690 1235
1680700 1239
1680710 1244
1680720 1249
1680730 1254
1680740 1259
1680750 1264
1680760 1268
1680770 1273
1680780 1277
1680790 1281
1680800 1285
1680810 1289
1680820 1292
1680830 1294
1680840 1297
1680850 1300
1680860 1302
1680870 1305
1680880 1307
1680890 1308
1680900 1310
1680910 1311
1680920 1311
1680930 1313
1680940 1315
1680950 1316
1680960 1317
1680970 1318
1680980 1318
1680990 1318
1681000 1317
1681010 1315
1681020 1314
1681030 1312
1681040 1311
1681050 1309
1681060 1308
1681070 1307
1681080 1306
1681090 1304
1681100 1303
1681110 1302
1681120 1301
1681130 1299
1681140 1298
1681150 1296
1681160 1294
1681170 1292
1681180 1290
1681190 1288
1681200 1287
1681210 1287
1681220 1288
1681230 1288
1681240 1289
1681250 1291
1681260 1292
1681270 1293
1681280 1294
1681290 1295
1681300 1297
1681310 1299
1681320 1300
1681330 1301
1681340 1302
1681350 1303
1681360 1303
1681370 1304
1681380 1304
1681390 1304
1681400 1304
1681410 1303
1681420 1303
1681430 1303
1681440 1304
1681450 1305
1681460 1308
1681470 1310
1681480 1312
1681490 1315
1681500 1318
1681510 1320
1681520 1323
1681530 1325
1681540 1327
1681550 1329
1681560 1331
1681570 1333
1681580 1334
1681590 1334
1681600 1333
1681610 1331
1681620 1327
1681630 1323
1681640 1319
1681650 1315
1681660 1310
1681670 1306
1681680 1300
1681690 1295
1681700 1289
1681710 1283
1681720 1278
1681730 1273
1681740 1269
1681750 1266
1681760 1263
1681770 1260
1681780 1256
1681790 1251
1681800 1244
1681810 1238
1681820 1232
1681830 1227
1681840 1222
1681850 1217
1681860 1213
1681870 1209
1681880 1205
1681890 1202
1681900 1199
1681910 1196
1681920 1193
1681930 1192
1681940 1191
1681950 1190
1681960 1189
1681970 1189
1681980 1188
1681990 1187
1682000 1187
1682010 1187
1682020 1187
1682030 1187
1682040 1187
1682050 1187
1682060 1186
1682070 1187
1682080 1185
1682090 1183
1682100 1179
1682110 1175
1682120 1172
1682130 1170
1682140 1165
1682150 1159
1682160 1154
1682170 1151
1682180 1148
1682190 1144
1682200 1141
1682210 1138
1682220 1136
1682230 1133
1682240 1131
1682250 1130
1682260 1129
1682270 1128
1682280 1128
1682290 1128
1682300 1128
1682310 1128
1682320 1128
1682330 1128
1682340 1127
1682350 1127
1682360 1127
1682370 1127
1682380 1126
1682390 1125
1682400 1123
1682410 1121
1682420 1119
1682430 1116
1682440 1113
1682450 1110
1682460 1107
1682470 1103
1682480 1100
1682490 1096
1682500 1093
1682510 1089
1682520 1085
1682530 1081
1682540 1077
1682550 1073
1682560 1070
1682570 1066
1682580 1062
1682590 1059
1682600 1055
1682610 1051
1682620 1047
1682630 1044
1682640 1040
1682650 1036
1682660 1033
1682670 1029
1682680 1026
1682690 1023
1682700 1019
1682710 1016
1682720 1014
1682730 1011
1682740 1008
1682750 1005
1682760 1002
1682770 999
1682780 995
1682790 992
1682800 989
1682810 987
1682820 985
1682830 983
1682840 982
1682850 981
1682860 980
1682870 979
1682880 977
1682890 975
1682900 972
1682910 970
1682920 968
1682930 966
1682940 963
1682950 961
1682960 959
1682970 957
1682980 955
1682990 953
1683000 950
1683010 948
1683020 946
1683030 944
1683040 943
1683050 942
1683060 942
1683070 942
1683080 942
1683090 942
1683100 942
1683110 941
1683120 940
1683130 938
1683140 936
1683150 934
1683160 931
1683170 928
1683180 925
1683190 923
1683200 920
1683210 918
1683220 915
1683230 913
1683240 910
1683250 908
1683260 906
1683270 904
1683280 903
1683290 903
1683300 903
1683310 902
1683320 901
1683330 898
1683340 895
1683350 893
1683360 890
1683370 888
1683380 885
1683390 882
1683400 879
1683410 876
1683420 873
1683430 872
1683440 870
1683450 869
1683460 868
1683470 867
1683480 865
1683490 862
1683500 860
1683510 857
1683520 854
1683530 852
1683540 850
1683550 849
1683560 848
1683570 849
1683580 849
1683590 849
1683600 849
1683610 848
1683620 847
1683630 845
1683640 843
1683650 841
1683660 839
1683670 838
1683680 836
1683690 835
1683700 834
1683710 832
1683720 829
1683730 826
1683740 824
1683750 822
1683760 819
1683770 817
1683780 815
1683790 812
1683800 810
1683810 806
1683820 802
1683830 797
1683840 791
1683850 784
1683860 777
1683870 772
1683880 768
1683890 763
1683900 758
1683910 752
1683920 747
1683930 741
1683940 736
1683950 732
1683960 727
1683970 722
1683980 718
1683990 713
1684000 709
1684010 704
1684020 700
1684030 696
1684040 692
1684050 688
1684060 685
1684070 683
1684080 681
1684090 680
1684100 680
1684110 680
1684120 680
1684130 680
1684140 680
1684150 679
1684160 679
1684170 680
1684180 679
1684190 679
1684200 679
1684210 679
1684220 679
1684230 679
1684240 679
1684250 679
1684260 679
1684270 679
1684280 679
1684290 679
1684300 679
1684310 679
1684320 678
1684330 678
1684340 678
1684350 678
1684360 678
1684370 678
1684380 678
1684390 678
1684400 678
1684410 678
1684420 677
1684430 677
1684440 676
1684450 676
1684460 675
1684470 674
1684480 673
1684490 673
1684500 673
1684510 673
1684520 673
1684530 673
1684540 673
1684550 673
1684560 674
1684570 675
1684580 675
1684590 676
1684600 680
1684610 686
1684620 693
1684630 699
1684640 706
1684650 712
1684660 718
1684670 723
1684680 726
1684690 727
1684700 729
1684710 732
1684720 735
1684730 737
1684740 739
1684750 741
1684760 742
1684770 743
1684780 745
1684790 746
1684800 745
1684810 743
1684820 741
1684830 740
1684840 738
1684850 737
1684860 736
1684870 737
1684880 739
1684890 744
1684900 750
1684910 757
1684920 763
1684930 768
1684940 773
1684950 776
1684960 780
1684970 783
1684980 786
1684990 789
1685000 791
1685010 794
1685020 796
1685030 799
1685040 801
1685050 804
1685060 808
1685070 812
1685080 817
1685090 820
1685100 823
1685110 826
1685120 829
1685130 832
1685140 835
1685150 838
1685160 842
1685170 847
1685180 851
1685190 854
1685200 858
1685210 862
1685220 865
1685230 869
1685240 872
1685250 876
1685260 879
1685270 883
1685280 888
1685290 892
1685300 897
1685310 902
1685320 906
1685330 908
1685340 913
1685350 917
1685360 922
1685370 926
1685380 930
1685390 933
1685400 937
1685410 940
1685420 944
1685430 947
1685440 951
1685450 954
1685460 958
1685470 961
1685480 965
1685490 968
1685500 972
1685510 975
1685520 978
1685530 981
1685540 984
1685550 987
1685560 990
1685570 993
1685580 996
1685590 998
1685600 1001
1685610 1003
1685620 1006
1685630 1008
1685640 1010
1685650 1011
1685660 1013
1685670 1014
1685680 1016
1685690 1017
1685700 1018
1685710 1019
1685720 1020
1685730 1021
1685740 1021
1685750 1021
1685760 1021
1685770 1021
1685780 1021
1685790 1020
1685800 1019
1685810 1018
1685820 1016
1685830 1014
1685840 1011
1685850 1009
1685860 1008
1685870 1007
1685880 1007
1685890 1008
1685900 1008
1685910 1009
1685920 1009
1685930 1008
1685940 1008
1685950 1008
1685960 1008
1685970 1009
1685980 1010
1685990 1011
1686000 1013
1686010 1013
1686020 1013
1686030 1014
1686040 1016
1686050 1017
1686060 1019
1686070 1021
1686080 1022
1686090 1023
1686100 1024
1686110 1025
1686120 1025
1686130 1023
1686140 1021
1686150 1017
1686160 1014
1686170 1010
1686180 1008
1686190 1007
1686200 1007
1686210 1007
1686220 1007
1686230 1005
1686240 1003
1686250 1004
1686260 1007
1686270 1011
1686280 1015
1686290 1018
1686300 1020
1686310 1023
1686320 1025
1686330 1028
1686340 1030
1686350 1034
1686360 1037
1686370 1041
1686380 1045
1686390 1048
1686400 1051
1686410 1054
1686420 1056
1686430 1058
1686440 1059
1686450 1061
1686460 1062
1686470 1063
1686480 1065
1686490 1067
1686500 1070
1686510 1074
1686520 1078
1686530 1081
1686540 1084
1686550 1088
1686560 1090
1686570 1093
1686580 1096
1686590 1098
1686600 1100
1686610 1101
1686620 1103
1686630 1104
1686640 1105
1686650 1105
1686660 1105
1686670 1106
1686680 1106
1686690 1106
1686700 1106
1686710 1106
1686720 1106
1686730 1106
1686740 1105
1686750 1105
1686760 1104
1686770 1104
1686780 1105
1686790 1106
1686800 1108
1686810 1110
1686820 1112
1686830 1114
1686840 1115
1686850 1115
1686860 1115
1686870 1115
1686880 1115
1686890 1116
1686900 1117
1686910 1118
1686920 1121
1686930 1125
1686940 1129
1686950 1134
1686960 1139
1686970 1145
1686980 1150
1686990 1155
1687000 1161
1687010 1166
1687020 1171
1687030 1176
1687040 1181
1687050 1186
1687060 1191
1687070 1196
1687080 1201
1687090 1206
1687100 1210
1687110 1215
1687120 1220
1687130 1225
1687140 1229
1687150 1233
1687160 1236
1687170 1238
1687180 1239
1687190 1239
1687200 1237
1687210 1236
1687220 1234
1687230 1233
1687240 1231
1687250 1230
1687260 1229
1687270 1228
1687280 1227
1687290 1226
1687300 1225
1687310 1224
1687320 1223
1687330 1222
1687340 1221
1687350 1221
1687360 1220
1687370 1220
1687380 1220
1687390 1220
1687400 1220
1687410 1222
1687420 1224
1687430 1227
1687440 1229
1687450 1233
1687460 1236
1687470 1240
1687480 1244
1687490 1248
1687500 1252
1687510 1255
1687520 1259
1687530 1263
1687540 1267
1687550 1271
1687560 1275
1687570 1279
1687580 1282
1687590 1286
1687600 1289
1687610 1293
1687620 1296
1687630 1299
1687640 1302
1687650 1304
1687660 1306
1687670 1308
1687680 1309
1687690 1310
1687700 1310
1687710 1308
1687720 1307
1687730 1306
1687740 1304
1687750 1303
1687760 1302
1687770 1300
1687780 1299
1687790 1297
1687800 1296
1687810 1295
1687820 1295
1687830 1296
1687840 1300
1687850 1304
1687860 1309
1687870 1314
1687880 1318
1687890 1323
1687900 1326
1687910 1329
1687920 1332
1687930 1335
1687940 1337
1687950 1339
1687950 1338
1687960 1337
1687970 1335
1687980 1332
1687990 1330
1688000 1327
1688010 1324
1688020 1322
1688030 1319
1688040 1316
1688050 1313
1688060 1310
1688070 1308
1688080 1305
1688090 1303
1688100 1300
1688110 1297
1688120 1295
1688130 1292
1688140 1289
1688150 1286
1688160 1283
1688170 1282
1688180 1281
1688190 1280
1688200 1278
1688210 1277
1688220 1274
1688230 1272
1688240 1271
1688250 1269
1688260 1267
1688270 1266
1688280 1264
1688290 1263
1688300 1263
1688310 1262
1688320 1258
1688330 1253
1688340 1248
1688350 1243
1688360 1237
1688370 1230
1688380 1224
1688390 1218
1688400 1211
1688410 1204
1688420 1196
1688430 1189
1688440 1183
1688450 1178
1688460 1173
1688470 1168
1688480 1163
1688490 1159
1688500 1154
1688510 1148
1688520 1143
1688530 1137
1688540 1132
1688550 1128
1688560 1124
1688570 1120
1688580 1117
1688590 1113
1688600 1110
1688610 1106
1688620 1102
1688630 1099
1688640 1095
1688650 1091
1688660 1087
1688670 1083
1688680 1077
1688690 1072
1688700 1068
1688710 1063
1688720 1059
1688730 1056
1688740 1054
1688750 1054
1688760 1055
1688770 1053
1688780 1050
1688790 1046
1688800 1042
1688810 1043
1688820 1045
1688830 1047
1688840 1047
1688850 1046
1688860 1043
1688870 1041
1688880 1038
1688890 1036
1688900 1034
1688910 1032
1688920 1030
1688930 1029
1688940 1029
1688950 1028
1688960 1028
1688970 1028
1688980 1028
1688990 1027
1689000 1027
1689010 1026
1689020 1026
1689030 1025
1689040 1022
1689050 1020
1689060 1019
1689070 1019
1689080 1019
1689090 1020
1689100 1023
1689110 1026
1689120 1028
1689130 1029
1689140 1029
1689150 1028
1689160 1028
1689170 1027
1689180 1026
1689190 1026
1689200 1026
1689210 1025
1689220 1024
1689230 1024
1689240 1023
1689250 1023
1689260 1022
1689270 1022
1689280 1021
1689290 1020
1689300 1019
1689310 1018
1689320 1015
1689330 1013
1689340 1011
1689350 1008
1689360 1007
1689370 1007
1689380 1006
1689390 1006
1689400 1006
1689410 1005
1689420 1005
1689430 1005
1689440 1004
1689450 1004
1689460 1003
1689470 1004
1689480 1005
1689490 1006
1689500 1007
1689510 1007
1689520 1006
1689530 1006
1689540 1006
1689550 1005
1689560 1005
1689570 1004
1689580 1003
1689590 1003
1689600 1002
1689610 1001
1689620 1000
1689630 1000
1689640 999
1689650 1000
1689660 1000
1689670 999
1689680 999
1689690 999
1689700 999
1689710 997
1689720 996
1689730 995
1689740 994
1689750 994
1689760 993
1689770 993
1689780 992
1689790 991
1689800 991
1689810 990
1689820 989
1689830 988
1689840 987
1689850 987
1689860 986
1689870 985
1689880 985
1689890 984
1689900 984
1689910 984
1689920 984
1689930 984
1689940 983
1689950 983
1689960 983
1689970 983
1689980 982
1689990 981
1690000 981
1690010 980
1690020 979
1690030 978
1690040 977
1690050 976
1690060 975
1690070 975
1690080 974
1690090 973
1690100 972
1690110 971
1690120 971
1690130 970
1690140 970
1690150 970
1690160 969
1690170 969
1690180 969
1690190 970
1690200 970
1690210 970
1690220 970
1690230 969
1690240 970
1690250 970
1690260 971
1690270 971
1690280 971
1690290 971
1690300 971
1690310 972
1690320 972
1690330 973
1690340 973
1690350 974
1690360 975
1690370 975
1690380 976
1690390 977
1690400 977
1690410 977
1690420 978
1690430 978
1690440 978
1690450 979
1690460 979
1690470 978
1690480 979
1690490 981
1690500 982
1690510 983
1690520 983
1690530 984
1690540 984
1690550 984
1690560 984
1690570 984
1690580 983
1690590 983
1690600 982
1690610 981
1690620 980
1690630 980
1690640 979
1690650 979
1690660 979
1690670 979
1690680 979
1690690 979
1690700 979
1690710 979
1690720 980
1690730 980
1690740 981
1690750 982
1690760 982
1690770 983
1690780 983
1690790 984
1690800 984
1690810 986
1690820 987
1690830 987
1690840 987
1690850 987
1690860 988
1690870 988
1690880 988
1690890 988
1690900 988
1690910 987
1690920 987
1690930 986
1690940 986
1690950 985
1690960 983
1690970 982
1690980 980
1690990 978
1691000 978
1691010 978
1691020 977
1691030 976
1691040 975
1691050 974
1691060 973
1691070 972
1691080 972
1691090 972
1691100 972
1691110 972
1691120 971
1691130 972
1691140 972
1691150 973
1691160 974
1691170 974
1691180 975
1691190 975
1691200 975
1691210 976
1691220 976
1691230 976
1691240 976
1691250 976
1691260 976
1691270 976
1691280 976
1691290 976
1691300 976
1691310 976
1691320 976
1691330 976
1691340 976
1691350 976
1691360 976
1691370 977
1691380 977
1691390 977
1691400 978
1691410 978
1691420 978
1691430 979
1691440 979
1691450 979
1691460 979
1691470 979
1691480 978
1691490 978
1691500 979
1691510 979
1691520 979
1691530 980
1691540 980
1691550 980
1691560 980
1691570 980
1691580 980
1691590 980
1691600 980
1691610 980
1691620 980
1691630 980
1691640 980
1691650 979
1691660 979
1691670 979
1691680 979
1691690 979
1691700 978
1691710 976
1691720 973
1691730 971
1691740 969
1691750 967
1691760 966
1691770 966
1691780 966
1691790 968
1691800 970
1691810 973
1691820 977
1691830 980
1691840 984
1691850 987
1691860 990
1691870 993
1691880 995
1691890 997
1691900 999
1691910 1001
1691920 1003
1691930 1004
1691940 1005
1691950 1007
1691960 1008
1691970 1008
1691980 1009
1691990 1010
1692000 1011
1692010 1011
1692020 1012
1692030 1012
1692040 1013
1692050 1013
1692060 1014
1692070 1014
1692080 1014
1692090 1014
1692100 1013
1692110 1013
1692120 1013
1692130 1013
1692140 1012
1692150 1011
1692160 1011
1692170 1010
1692180 1009
1692190 1009
1692200 1008
1692210 1007
1692220 1005
1692230 1003
1692240 1001
1692250 1000
1692260 998
1692270 998
1692280 998
1692290 997
1692300 997
1692310 996
1692320 995
1692330 995
1692340 994
1692350 994
1692360 993
1692370 992
1692380 991
1692390 991
1692400 990
1692410 989
1692420 988
1692430 987
1692440 986
1692450 985
1692460 983
1692470 981
1692480 978
1692490 975
1692500 973
1692510 971
1692520 970
1692530 969
1692540 968
1692550 967
1692560 967
1692570 967
1692580 966
1692590 966
1692600 965
1692610 964
1692620 963
1692630 963
1692640 962
1692650 961
1692660 960
1692670 959
1692680 958
1692690 956
1692700 954
1692710 952
1692720 950
1692730 948
1692740 947
1692750 946
1692760 946
1692770 946
1692780 946
1692790 947
1692800 947
1692810 946
1692820 945
1692830 944
1692840 943
1692850 943
1692860 942
1692870 942
1692880 941
1692890 941
1692900 940
1692910 939
1692920 937
1692930 935
1692940 933
1692950 931
1692960 929
1692970 926
1692980 926
1692990 925
1693000 926
1693010 925
1693020 925
1693030 924
1693040 922
1693050 921
1693060 920
1693070 921
1693080 921
1693090 921
1693100 920
1693110 921
1693120 921
1693130 921
1693140 921
1693150 920
1693160 920
1693170 919
1693180 919
1693190 919
1693200 919
1693210 919
1693220 918
1693230 915
1693240 910
1693250 906
1693260 904
1693270 904
1693280 906
1693290 910
1693300 913
1693310 915
1693320 914
1693330 913
1693340 910
1693350 909
1693360 909
1693370 911
1693380 912
1693390 914
1693400 914
1693410 915
1693420 916
1693430 916
1693440 917
1693450 917
1693460 918
1693470 918
1693480 918
1693490 918
1693500 918
1693510 917
1693520 917
1693530 915
1693540 913
1693550 911
1693560 910
1693570 908
1693580 906
1693590 904
1693600 901
1693610 899
1693620 897
1693630 895
1693640 894
1693650 892
1693660 891
1693670 890
1693680 888
1693690 887
1693700 886
1693710 884
1693720 883
1693730 882
1693740 882
1693750 881
1693760 879
1693770 877
1693780 875
1693790 872
1693800 869
1693810 869
1693820 871
1693830 870
1693840 869
1693850 869
1693860 869
1693870 869
1693880 868
1693890 868
1693900 866
1693910 863
1693920 862
1693930 863
1693940 865
1693950 868
1693960 871
1693970 873
1693980 875
1693990 876
1694000 877
1694010 878
1694020 878
1694030 879
1694040 879
1694050 880
1694060 881
1694070 883
1694080 884
1694090 885
1694100 886
1694110 887
1694120 888
1694130 888
1694140 888
1694150 889
1694160 890
1694170 892
1694180 894
1694190 895
1694200 897
1694210 899
1694220 901
1694230 903
1694240 905
1694250 907
1694260 909
1694270 910
1694280 912
1694290 914
1694300 915
1694310 917
1694320 919
1694330 920
1694340 921
1694350 921
1694360 921
1694370 921
1694380 921
1694390 921
1694400 922
1694410 922
1694420 922
1694430 921
1694440 921
1694450 920
1694460 919
1694470 918
1694480 917
1694490 915
1694500 912
1694510 908
1694520 903
1694530 899
1694540 896
1694550 892
1694560 889
1694570 886
1694580 883
1694590 880
1694600 875
1694610 871
1694620 866
1694630 863
1694640 859
1694650 856
1694660 851
1694670 846
1694680 841
1694690 838
1694700 836
1694710 834
1694720 828
1694730 825
1694740 825
1694750 830
1694760 836
1694770 842
1694780 847
1694790 850
1694800 851
1694810 852
1694820 853
1694830 855
1694840 857
1694850 859
1694860 860
1694870 861
1694880 862
1694890 863
1694900 865
1694910 867
1694920 867
1694930 868
1694940 868
1694950 869
1694960 870
1694970 870
1694980 871
1694990 871
1695000 872
1695010 872
1695020 872
1695030 872
1695040 872
1695050 872
1695060 872
1695070 872
1695080 873
1695090 873
1695100 873
1695110 874
1695120 874
1695130 874
1695140 873
1695150 873
1695160 872
1695170 871
1695180 871
1695190 871
1695200 871
1695210 870
1695220 870
1695230 870
1695240 870
1695250 870
1695260 870
1695270 870
1695280 869
1695290 869
1695300 869
1695310 868
1695320 868
1695330 868
1695340 868
1695350 867
1695360 867
1695370 866
1695380 866
1695390 866
1695400 865
1695410 865
1695420 863
1695430 862
1695440 861
1695450 859
1695460 857
1695470 855
1695480 854
1695490 853
1695500 851
1695510 850
1695520 849
1695530 847
1695540 846
1695550 845
1695560 843
1695570 842
1695580 841
1695590 840
1695600 839
1695610 838
1695620 838
1695630 839
1695640 840
1695650 842
1695660 844
1695670 845
1695680 846
1695690 847
1695700 848
1695710 849
1695720 849
1695730 849
1695740 849
1695750 849
1695760 851
1695770 852
1695780 853
1695790 853
1695800 854
1695810 854
1695820 854
1695830 854
1695840 854
1695850 854
1695860 854
1695870 854
1695880 854
1695890 854
1695900 854
1695910 854
1695920 854
1695930 854
1695940 854
1695950 854
1695960 854
1695970 854
1695980 854
1695990 854
1696000 854
1696010 854
1696020 854
1696030 853
1696040 853
1696050 853
1696060 853
1696070 852
1696080 852
1696090 851
1696100 849
1696110 848
1696120 846
1696130 844
1696140 842
1696150 841
1696160 840
1696170 839
1696180 835
1696190 830
1696200 825
1696210 818
1696220 811
1696230 805
1696240 801
1696250 795
1696260 788
1696270 782
1696280 776
1696290 771
1696300 769
1696310 769
1696320 771
1696330 776
1696340 782
1696350 788
1696360 797
1696370 804
1696380 810
1696390 814
1696400 821
1696410 827
1696420 829
1696430 831
1696440 833
1696450 832
1696460 833
1696470 835
1696480 839
1696490 844
1696500 847
1696510 849
1696520 850
1696530 851
1696540 852
1696550 850
1696560 848
1696570 845
1696580 848
1696590 851
1696600 852
1696610 852
1696620 851
1696630 851
1696640 850
1696650 850
1696660 850
1696670 850
1696680 849
1696690 849
1696700 848
1696710 847
1696720 845
1696730 844
1696740 843
1696750 844
1696760 845
1696770 846
1696780 846
1696790 846
1696800 846
1696810 845
1696820 845
1696830 845
1696840 845
1696850 845
1696860 845
1696870 844
1696880 844
1696890 843
1696900 842
1696910 842
1696920 842
1696930 842
1696940 842
1696950 842
1696960 842
1696970 842
1696980 842
1696990 842
1697000 842
1697010 842
1697020 842
1697030 841
1697040 841
1697050 841
1697060 841
1697070 840
1697080 839
1697090 838
1697100 837
1697110 835
1697120 834
1697130 832
1697140 828
1697150 823
1697160 819
1697170 816
1697180 812
1697190 810
1697200 809
1697210 809
1697220 809
1697230 811
1697240 813
1697250 816
1697260 818
1697270 819
1697280 821
1697290 823
1697300 825
1697310 827
1697320 828
1697330 829
1697340 829
1697350 829
1697360 829
1697370 829
1697380 828
1697390 828
1697400 828
1697410 828
1697420 827
1697430 827
1697440 827
1697450 827
1697460 827
1697470 827
1697480 828
1697490 828
1697500 828
1697510 828
1697520 828
1697530 828
1697540 827
1697550 827
1697560 825
1697570 822
1697580 815
1697590 805
1697600 794
1697610 783
1697620 776
1697630 772
1697640 769
1697650 765
1697660 762
1697670 760
1697680 759
1697690 759
1697700 763
1697710 766
1697720 768
1697730 768
1697740 769
1697750 770
1697760 773
1697770 776
1697780 781
1697790 787
1697800 793
1697810 799
1697820 803
1697830 802
1697840 798
1697850 792
1697860 786
1697870 781
1697880 777
1697890 779
1697900 781
1697910 784
1697920 787
1697930 791
1697940 793
1697950 791
1697960 788
1697970 785
1697980 779
1697990 774
1698000 768
1698010 761
1698020 755
1698030 750
1698040 751
1698050 753
1698060 756
1698070 760
1698080 765
1698090 771
1698100 774
1698110 776
1698120 778
1698130 781
1698140 784
1698150 787
1698160 792
1698170 798
1698180 803
1698190 807
1698200 805
1698210 801
1698220 796
1698230 791
1698240 788
1698250 785
1698260 783
1698270 781
1698280 774
1698290 768
1698300 765
1698310 768
1698320 773
1698330 777
1698340 780
1698350 778
1698360 771
1698370 759
1698380 749
1698390 742
1698400 738
1698410 734
1698420 731
1698430 728
1698440 730
1698450 734
1698460 739
1698470 740
1698480 739
1698490 735
1698500 724
1698510 713
1698520 705
1698530 699
1698540 693
1698550 688
1698560 689
1698570 690
1698580 694
1698590 698
1698600 703
1698610 709
1698620 714
1698630 720
1698640 725
1698650 730
1698660 735
1698670 740
1698680 745
1698690 750
1698700 755
1698710 760
1698720 767
1698730 775
1698740 780
1698750 791
1698760 806
1698770 822
1698780 834
1698790 843
1698800 849
1698810 847
1698820 843
1698830 847
1698840 849
1698850 851
1698860 862
1698870 868
1698880 871
1698890 869
1698900 866
1698910 865
1698920 865
1698930 862
1698940 860
1698950 858
1698960 855
1698970 848
1698980 834
1698990 818
1699000 802
1699010 789
1699020 783
1699030 783
1699040 791
1699050 797
1699060 803
1699070 809
1699080 815
1699090 820
1699100 825
1699110 829
1699120 832
1699130 834
1699140 833
1699150 833
1699160 834
1699170 835
1699180 835
1699190 833
1699200 831
1699210 828
1699220 825
1699230 819
1699240 809
1699250 794
1699260 785
1699270 778
1699280 773
1699290 770
1699300 769
1699310 769
1699320 769
1699330 770
1699340 773
1699350 776
1699360 779
1699370 782
1699380 781
1699390 780
1699400 779
1699410 773
1699420 772
1699430 774
1699440 771
1699450 765
1699460 760
1699470 758
1699480 758
1699490 759
1699500 757
1699510 752
1699520 746
1699530 741
1699540 738
1699550 736
1699560 733
1699570 728
1699580 723
1699590 724
1699600 722
1699610 718
1699620 715
1699630 714
1699640 712
1699650 709
1699660 705
1699670 701
1699680 699
1699690 696
1699700 693
1699710 692
1699720 691
1699730 691
1699740 691
1699750 688
1699760 685
1699770 681
1699780 681
1699790 679
1699800 676
1699810 672
1699820 668
1699830 665
1699840 662
1699850 660
1699860 659
1699870 659
1699880 659
1699890 659
1699900 659
1699910 659
1699920 659
1699930 660
1699940 661
1699950 662
1699960 665
1699970 669
1699980 673
1699990 674
