1680000 674
1680010 675
1680020 675
1680030 677
1680040 678
1680050 680
1680060 683
1680070 685
1680080 687
1680090 688
1680100 690
1680110 690
1680120 691
1680130 691
1680140 691
1680150 691
1680160 690
1680170 690
1680180 690
1680190 692
1680200 694
1680210 698
1680220 703
1680230 707
1680240 711
1680250 713
1680260 715
1680270 716
1680280 717
1680290 717
1680300 717
1680310 717
1680320 717
1680330 717
1680340 717
1680350 717
1680360 717
1680370 717
1680380 717
1680390 716
1680400 714
1680410 712
1680420 709
1680430 706
1680440 703
1680450 701
1680460 698
1680470 697
1680480 694
1680490 692
1680500 689
1680510 688
1680520 689
1680530 689
1680540 688
1680550 686
1680560 685
1680570 682
1680580 676
1680590 670
1680600 663
1680610 657
1680620 654
1680630 655
1680640 659
1680650 660
1680660 660
1680670 659
1680680 660
1680690 662
1680700 664
1680710 665
1680720 665
1680730 666
1680740 666
1680750 665
1680760 664
1680770 663
1680780 661
1680790 660
1680800 659
1680810 658
1680820 658
1680830 657
1680840 657
1680850 657
1680860 656
1680870 655
1680880 654
1680890 653
1680900 651
1680910 650
1680920 649
1680930 648
1680940 648
1680950 647
1680960 647
1680970 646
1680980 646
1680990 646
1681000 646
1681010 646
1681020 645
1681030 645
1681040 645
1681050 645
1681060 645
1681070 645
1681080 644
1681090 644
1681100 644
1681110 644
1681120 644
1681130 645
1681140 645
1681150 645
1681160 645
1681170 645
1681180 645
1681190 645
1681200 645
1681210 645
1681220 645
1681230 646
1681240 646
1681250 646
1681260 646
1681270 647
1681280 647
1681290 646
1681300 646
1681310 646
1681320 646
1681330 646
1681340 646
1681350 646
1681360 646
1681370 646
1681380 646
1681390 646
1681400 646
1681410 646
1681420 645
1681430 645
1681440 645
1681450 645
1681460 645
1681470 645
1681480 645
1681490 646
1681500 646
1681510 646
1681520 646
1681530 646
1681540 646
1681550 646
1681560 646
1681570 647
1681580 647
1681590 646
1681600 646
1681610 646
1681620 646
1681630 646
1681640 646
1681650 646
1681660 646
1681670 646
1681680 646
1681690 646
1681700 646
1681710 646
1681720 647
1681730 647
1681740 647
1681750 647
1681760 647
1681770 647
1681780 647
1681790 647
1681800 646
1681810 646
1681820 646
1681830 646
1681840 646
1681850 646
1681860 646
1681870 646
1681880 646
1681890 646
1681900 646
1681910 646
1681920 646
1681930 647
1681940 648
1681950 649
1681960 649
1681970 650
1681980 650
1681990 650
1682000 650
1682010 650
1682020 651
1682030 651
1682040 651
1682050 652
1682060 654
1682070 656
1682080 658
1682090 658
1682100 657
1682110 655
1682120 653
1682130 653
1682140 653
1682150 653
1682160 652
1682170 652
1682180 651
1682190 651
1682200 653
1682210 654
1682220 655
1682230 656
1682240 658
1682250 659
1682260 659
1682270 659
1682280 659
1682290 659
1682300 659
1682310 659
1682320 659
1682330 659
1682340 659
1682350 659
1682360 659
1682370 659
1682380 658
1682390 658
1682400 659
1682410 659
1682420 659
1682430 659
1682440 659
1682450 659
1682460 659
1682470 659
1682480 659
1682490 659
1682500 659
1682510 659
1682520 659
1682530 660
1682540 660
1682550 661
1682560 662
1682570 662
1682580 663
1682590 664
1682600 665
1682610 666
1682620 667
1682630 669
1682640 671
1682650 673
1682660 675
1682670 677
1682680 680
1682690 682
1682700 684
1682710 687
1682720 689
1682730 692
1682740 694
1682750 697
1682760 700
1682770 704
1682780 707
1682790 709
1682800 712
1682810 715
1682820 718
1682830 721
1682840 723
1682850 725
1682860 728
1682870 730
1682880 732
1682890 734
1682900 737
1682910 739
1682920 741
1682930 743
1682940 745
1682950 747
1682960 749
1682970 751
1682980 754
1682990 756
1683000 759
1683010 761
1683020 764
1683030 767
1683040 770
1683050 773
1683060 775
1683070 778
1683080 781
1683090 783
1683100 786
1683110 788
1683120 791
1683130 794
1683140 798
1683150 802
1683160 805
1683170 809
1683180 812
1683190 816
1683200 819
1683210 822
1683220 825
1683230 829
1683240 832
1683250 835
1683260 838
1683270 841
1683280 843
1683290 846
1683300 849
1683310 852
1683320 855
1683330 858
1683340 861
1683350 864
1683360 867
1683370 869
1683380 872
1683390 875
1683400 878
1683410 881
1683420 884
1683430 887
1683440 891
1683450 894
1683460 897
1683470 899
1683480 902
1683490 905
1683500 907
1683510 910
1683520 913
1683530 916
1683540 919
1683550 923
1683560 926
1683570 929
1683580 932
1683590 935
1683600 938
1683610 940
1683620 942
1683630 942
1683640 943
1683650 944
1683660 946
1683670 948
1683680 950
1683690 953
1683700 955
1683710 958
1683720 959
1683730 961
1683740 962
1683750 963
1683760 963
1683770 963
1683780 964
1683790 964
1683800 964
1683810 964
1683820 965
1683830 965
1683840 967
1683850 968
1683860 970
1683870 971
1683880 973
1683890 974
1683900 976
1683910 977
1683920 978
1683930 978
1683940 977
1683950 976
1683960 976
1683970 977
1683980 977
1683990 977
1684000 978
1684010 979
1684020 981
1684030 982
1684040 984
1684050 986
1684060 987
1684070 989
1684080 991
1684090 993
1684100 994
1684110 996
1684120 997
1684130 999
1684140 1001
1684150 1003
1684160 1005
1684170 1007
1684180 1010
1684190 1012
1684200 1014
1684210 1017
1684220 1019
1684230 1022
1684240 1024
1684250 1028
1684260 1032
1684270 1035
1684280 1038
1684290 1040
1684300 1041
1684310 1043
1684320 1046
1684330 1048
1684340 1050
1684350 1052
1684360 1054
1684370 1056
1684380 1059
1684390 1060
1684400 1062
1684410 1064
1684420 1066
1684430 1069
1684440 1072
1684450 1075
1684460 1078
1684470 1081
1684480 1084
1684490 1088
1684500 1091
1684510 1095
1684520 1099
1684530 1102
1684540 1105
1684550 1108
1684560 1110
1684570 1113
1684580 1114
1684590 1115
1684600 1117
1684610 1118
1684620 1119
1684630 1121
1684640 1122
1684650 1124
1684660 1126
1684670 1128
1684680 1130
1684690 1132
1684700 1134
1684710 1136
1684720 1138
1684730 1139
1684740 1140
1684750 1141
1684760 1142
1684770 1143
1684780 1143
1684790 1143
1684800 1143
1684810 1143
1684820 1143
1684830 1144
1684840 1145
1684850 1146
1684860 1147
1684870 1148
1684880 1148
1684890 1149
1684900 1150
1684910 1151
1684920 1151
1684930 1152
1684940 1153
1684950 1154
1684960 1154
1684970 1155
1684980 1156
1684990 1157
1685000 1158
1685010 1159
1685020 1159
1685030 1160
1685040 1161
1685050 1161
1685060 1162
1685070 1162
1685080 1163
1685090 1163
1685100 1164
1685110 1164
1685120 1164
1685130 1164
1685140 1164
1685150 1164
1685160 1164
1685170 1163
1685180 1162
1685190 1161
1685200 1159
1685210 1158
1685220 1157
1685230 1155
1685240 1153
1685250 1151
1685260 1149
1685270 1147
1685280 1144
1685290 1141
1685300 1138
1685310 1135
1685320 1131
1685330 1128
1685340 1124
1685350 1120
1685360 1117
1685370 1114
1685380 1111
1685390 1109
1685400 1107
1685410 1105
1685420 1103
1685430 1102
1685440 1101
1685450 1099
1685460 1096
1685470 1093
1685480 1090
1685490 1088
1685500 1084
1685510 1081
1685520 1078
1685530 1075
1685540 1072
1685550 1069
1685560 1067
1685570 1065
1685580 1063
1685590 1061
1685600 1060
1685610 1058
1685620 1057
1685630 1056
1685640 1055
1685650 1054
1685660 1053
1685670 1052
1685680 1051
1685690 1051
1685700 1050
1685710 1049
1685720 1048
1685730 1047
1685740 1046
1685750 1044
1685760 1043
1685770 1041
1685780 1040
1685790 1038
1685800 1037
1685810 1036
1685820 1035
1685830 1034
1685840 1033
1685850 1032
1685860 1031
1685870 1029
1685880 1028
1685890 1027
1685900 1027
1685910 1027
1685920 1027
1685930 1026
1685940 1025
1685950 1025
1685960 1024
1685970 1024
1685980 1022
1685990 1021
1686000 1021
1686010 1020
1686020 1019
1686030 1018
1686040 1018
1686050 1018
1686060 1018
1686070 1017
1686080 1017
1686090 1017
1686100 1016
1686110 1015
1686120 1013
1686130 1012
1686140 1012
1686150 1011
1686160 1009
1686170 1008
1686180 1007
1686190 1007
1686200 1008
1686210 1011
1686220 1014
1686230 1015
1686240 1015
1686250 1016
1686260 1016
1686270 1016
1686280 1014
1686290 1015
1686300 1014
1686310 1014
1686320 1013
1686330 1011
1686340 1010
1686350 1009
1686360 1008
1686370 1008
1686380 1008
1686390 1008
1686400 1007
1686410 1007
1686420 1006
1686430 1006
1686440 1006
1686450 1006
1686460 1006
1686470 1006
1686480 1006
1686490 1005
1686500 1005
1686510 1005
1686520 1005
1686530 1005
1686540 1005
1686550 1006
1686560 1006
1686570 1006
1686580 1006
1686590 1005
1686600 1003
1686610 1001
1686620 999
1686630 998
1686640 996
1686650 996
1686660 996
1686670 997
1686680 998
1686690 999
1686700 999
1686710 1001
1686720 1001
1686730 1001
1686740 1001
1686750 1001
1686760 1001
1686770 1002
1686780 1002
1686790 1004
1686800 1005
1686810 1007
1686820 1010
1686830 1011
1686840 1012
1686850 1013
1686860 1014
1686870 1016
1686880 1019
1686890 1022
1686900 1024
1686910 1025
1686920 1025
1686930 1026
1686940 1026
1686950 1027
1686960 1027
1686970 1028
1686980 1029
1686990 1030
1687000 1030
1687010 1030
1687020 1029
1687030 1030
1687040 1031
1687050 1031
1687060 1031
1687070 1031
1687080 1031
1687090 1030
1687100 1030
1687110 1030
1687120 1030
1687130 1030
1687140 1030
1687150 1030
1687160 1030
1687170 1030
1687180 1030
1687190 1030
1687200 1030
1687210 1030
1687220 1030
1687230 1030
1687240 1030
1687250 1030
1687260 1030
1687270 1031
1687280 1032
1687290 1032
1687300 1032
1687310 1032
1687320 1031
1687330 1031
1687340 1031
1687350 1031
1687360 1031
1687370 1030
1687380 1030
1687390 1030
1687400 1030
1687410 1030
1687420 1029
1687430 1029
1687440 1028
1687450 1027
1687460 1026
1687470 1024
1687480 1022
1687490 1020
1687500 1018
1687510 1016
1687520 1013
1687530 1010
1687540 1005
1687550 1001
1687560 996
1687570 992
1687580 989
1687590 986
1687600 984
1687610 982
1687620 980
1687630 981
1687640 982
1687650 984
1687660 985
1687670 986
1687680 985
1687690 985
1687700 985
1687710 985
1687720 983
1687730 981
1687740 980
1687750 978
1687760 976
1687770 974
1687780 973
1687790 971
1687800 970
1687810 968
1687820 967
1687830 966
1687840 965
1687850 963
1687860 962
1687870 962
1687880 962
1687890 963
1687900 965
1687910 968
1687920 970
1687930 972
1687940 974
1687950 975
1687960 976
1687970 975
1687980 974
1687990 974
1688000 973
1688010 971
1688020 970
1688030 969
1688040 969
1688050 969
1688060 968
1688070 968
1688080 967
1688090 967
1688100 966
1688110 965
1688120 963
1688130 961
1688140 959
1688150 957
1688160 956
1688170 954
1688180 952
1688190 950
1688200 947
1688210 943
1688220 940
1688230 937
1688240 935
1688250 934
1688260 933
1688270 933
1688280 933
1688290 933
1688300 934
1688310 935
1688320 936
1688330 936
1688340 937
1688350 938
1688360 939
1688370 940
1688380 942
1688390 944
1688400 947
1688410 950
1688420 953
1688430 957
1688440 961
1688450 965
1688460 969
1688470 973
1688480 978
1688490 983
1688500 988
1688510 992
1688520 997
1688530 1002
1688540 1007
1688550 1013
1688560 1019
1688570 1025
1688580 1031
1688590 1037
1688600 1042
1688610 1047
1688620 1050
1688630 1054
1688640 1057
1688650 1060
1688660 1062
1688670 1065
1688680 1068
1688690 1071
1688700 1074
1688710 1076
1688720 1078
1688730 1080
1688740 1081
1688750 1082
1688760 1084
1688770 1085
1688780 1087
1688790 1088
1688800 1088
1688810 1088
1688820 1089
1688830 1089
1688840 1091
1688850 1092
1688860 1094
1688870 1094
1688880 1095
1688890 1095
1688900 1096
1688910 1098
1688920 1099
1688930 1101
1688940 1103
1688950 1105
1688960 1107
1688970 1108
1688980 1110
1688990 1112
1689000 1113
1689010 1114
1689020 1115
1689030 1116
1689040 1117
1689050 1117
1689060 1116
1689070 1115
1689080 1113
1689090 1108
1689100 1104
1689110 1100
1689120 1097
1689130 1094
1689140 1091
1689150 1088
1689160 1086
1689170 1085
1689180 1084
1689190 1083
1689200 1083
1689210 1083
1689220 1083
1689230 1084
1689240 1087
1689250 1089
1689260 1092
1689270 1094
1689280 1096
1689290 1097
1689300 1098
1689310 1098
1689320 1098
1689330 1100
1689340 1107
1689350 1113
1689360 1117
1689370 1118
1689380 1118
1689390 1119
1689400 1118
1689410 1118
1689420 1119
1689430 1122
1689440 1124
1689450 1127
1689460 1130
1689470 1133
1689480 1137
1689490 1139
1689500 1142
1689510 1145
1689520 1148
1689530 1151
1689540 1154
1689550 1156
1689560 1159
1689570 1161
1689580 1164
1689590 1166
1689600 1169
1689610 1171
1689620 1173
1689630 1174
1689640 1176
1689650 1177
1689660 1178
1689670 1179
1689680 1180
1689690 1183
1689700 1191
1689710 1200
1689720 1210
1689730 1216
1689740 1220
1689750 1222
1689760 1227
1689770 1232
1689780 1237
1689790 1238
1689800 1242
1689810 1248
1689820 1254
1689830 1259
1689840 1263
1689850 1267
1689860 1271
1689870 1275
1689880 1279
1689890 1284
1689900 1288
1689910 1291
1689920 1293
1689930 1295
1689940 1297
1689950 1300
1689960 1304
1689970 1308
1689980 1313
1689990 1317
1690000 1321
1690010 1326
1690020 1331
1690030 1335
1690040 1339
1690050 1342
1690060 1346
1690070 1350
1690080 1353
1690090 1356
1690100 1359
1690110 1362
1690120 1365
1690130 1368
1690140 1372
1690150 1375
1690160 1379
1690170 1383
1690180 1386
1690190 1389
1690200 1391
1690210 1393
1690220 1394
1690230 1395
1690240 1397
1690250 1397
1690260 1397
1690270 1397
1690280 1397
1690290 1399
1690300 1401
1690310 1401
1690320 1402
1690330 1403
1690340 1403
1690350 1404
1690360 1404
1690370 1406
1690380 1409
1690390 1411
1690400 1413
1690410 1416
1690420 1418
1690430 1422
1690440 1424
1690450 1427
1690460 1429
1690470 1430
1690480 1432
1690490 1432
1690500 1432
1690510 1432
1690520 1433
1690530 1434
1690540 1435
1690550 1436
1690560 1436
1690570 1436
1690580 1437
1690590 1439
1690600 1441
1690610 1445
1690620 1449
1690630 1453
1690640 1457
1690650 1461
1690660 1465
1690670 1469
1690680 1473
1690690 1477
1690700 1481
1690710 1484
1690720 1487
1690730 1490
1690740 1492
1690750 1493
1690760 1493
1690770 1493
1690780 1493
1690790 1494
1690800 1494
1690810 1495
1690820 1495
1690830 1496
1690840 1498
1690850 1502
1690860 1506
1690870 1510
1690880 1515
1690890 1519
1690900 1521
1690910 1523
1690920 1524
1690930 1525
1690940 1527
1690950 1528
1690960 1529
1690970 1529
1690980 1531
1690990 1534
1691000 1536
1691010 1538
1691020 1539
1691030 1540
1691040 1541
1691050 1541
1691060 1542
1691070 1543
1691080 1543
1691090 1544
1691100 1545
1691110 1547
1691120 1550
1691130 1554
1691140 1557
1691150 1561
1691160 1565
1691170 1569
1691180 1573
1691190 1577
1691200 1581
1691210 1585
1691220 1589
1691230 1594
1691240 1598
1691250 1602
1691260 1607
1691270 1612
1691280 1616
1691290 1620
1691300 1625
1691310 1629
1691320 1634
1691330 1638
1691340 1642
1691350 1646
1691360 1651
1691370 1655
1691380 1660
1691390 1665
1691400 1670
1691410 1675
1691420 1680
1691430 1686
1691440 1692
1691450 1698
1691460 1703
1691470 1709
1691480 1714
1691490 1719
1691500 1724
1691510 1728
1691520 1731
1691530 1735
1691540 1739
1691550 1742
1691560 1746
1691570 1749
1691580 1753
1691590 1756
1691600 1760
1691610 1762
1691620 1765
1691630 1767
1691640 1770
1691650 1772
1691660 1774
1691670 1776
1691680 1778
1691690 1780
1691700 1782
1691710 1784
1691720 1787
1691730 1789
1691740 1790
1691750 1792
1691760 1794
1691770 1796
1691780 1798
1691790 1800
1691800 1802
1691810 1803
1691820 1805
1691830 1807
1691840 1808
1691850 1810
1691860 1812
1691870 1814
1691880 1815
1691890 1817
1691900 1819
1691910 1821
1691920 1823
1691930 1824
1691940 1826
1691950 1828
1691960 1829
1691970 1830
1691980 1826
1691990 1821
1691990 1815
1692000 1812
1692010 1809
1692020 1806
1692030 1801
1692040 1799
1692050 1797
1692060 1793
1692070 1792
1692080 1791
1692090 1789
1692100 1781
1692110 1773
1692120 1763
1692130 1761
1692140 1760
1692150 1761
1692160 1762
1692170 1761
1692180 1757
1692190 1751
1692200 1745
1692210 1743
1692220 1745
1692230 1747
1692240 1746
1692250 1742
1692260 1737
1692270 1732
1692280 1731
1692290 1731
1692300 1733
1692310 1734
1692320 1736
1692330 1739
1692340 1737
1692350 1737
1692360 1738
1692370 1742
1692380 1745
1692390 1747
1692400 1751
1692410 1755
1692420 1760
1692430 1766
1692440 1772
1692450 1779
1692460 1787
1692470 1793
1692480 1799
1692490 1804
1692500 1808
1692510 1810
1692520 1812
1692530 1814
1692540 1816
1692550 1817
1692560 1818
1692570 1818
1692580 1817
1692590 1817
1692600 1817
1692610 1817
1692620 1816
1692630 1816
1692640 1816
1692650 1816
1692660 1816
1692670 1815
1692680 1815
1692690 1815
1692700 1815
1692710 1816
1692720 1816
1692730 1817
1692740 1817
1692750 1818
1692760 1818
1692770 1818
1692780 1818
1692790 1819
1692800 1818
1692810 1817
1692820 1816
1692830 1808
1692840 1799
1692850 1792
1692860 1784
1692870 1778
1692880 1773
1692890 1768
1692900 1763
1692910 1758
1692920 1753
1692930 1746
1692940 1737
1692950 1724
1692960 1713
1692970 1703
1692980 1695
1692990 1689
1693000 1685
1693010 1679
1693020 1669
1693030 1653
1693040 1638
1693050 1628
1693060 1620
1693070 1616
1693080 1611
1693090 1608
1693100 1605
1693110 1603
1693120 1600
1693130 1597
1693140 1594
1693150 1591
1693160 1588
1693170 1584
1693180 1581
1693190 1577
1693200 1574
1693210 1571
1693220 1568
1693230 1565
1693240 1563
1693250 1562
1693260 1560
1693270 1558
1693280 1554
1693290 1551
1693300 1549
1693310 1548
1693320 1545
1693330 1542
1693340 1540
1693350 1540
1693360 1540
1693370 1540
1693380 1538
1693390 1536
1693400 1534
1693410 1532
1693420 1531
1693430 1531
1693440 1530
1693450 1529
1693460 1526
1693470 1521
1693480 1517
1693490 1516
1693500 1509
1693510 1504
1693520 1500
1693530 1499
1693540 1497
1693550 1494
1693560 1492
1693570 1489
1693580 1488
1693590 1485
1693600 1482
1693610 1480
1693620 1478
1693630 1474
1693640 1469
1693650 1462
1693660 1456
1693670 1450
1693680 1446
1693690 1446
1693700 1449
1693710 1445
1693720 1441
1693730 1437
1693740 1433
1693750 1430
1693760 1427
1693770 1426
1693780 1424
1693790 1422
1693800 1422
1693810 1421
1693820 1421
1693830 1420
1693840 1420
1693850 1419
1693860 1417
1693870 1416
1693880 1414
1693890 1413
1693900 1413
1693910 1412
1693920 1411
1693930 1410
1693940 1408
1693950 1406
1693960 1404
1693970 1402
1693980 1399
1693990 1396
1694000 1394
1694010 1391
1694020 1388
1694030 1385
1694040 1382
1694050 1379
1694060 1376
1694070 1373
1694080 1370
1694090 1367
1694100 1363
1694110 1360
1694120 1356
1694130 1353
1694140 1349
1694150 1344
1694160 1339
1694170 1335
1694180 1330
1694190 1324
1694200 1319
1694210 1314
1694220 1309
1694230 1303
1694240 1297
1694250 1290
1694260 1284
1694270 1279
1694280 1273
1694290 1268
1694300 1263
1694310 1258
1694320 1255
1694330 1251
1694340 1248
1694350 1245
1694360 1242
1694370 1240
1694380 1237
1694390 1234
1694400 1231
1694410 1227
1694420 1223
1694430 1218
1694440 1215
1694450 1211
1694460 1207
1694470 1203
1694480 1199
1694490 1195
1694500 1191
1694510 1187
1694520 1184
1694530 1180
1694540 1175
1694550 1171
1694560 1167
1694570 1163
1694580 1158
1694590 1153
1694600 1149
1694610 1144
1694620 1140
1694630 1136
1694640 1132
1694650 1127
1694660 1121
1694670 1115
1694680 1110
1694690 1104
1694700 1098
1694710 1091
1694720 1085
1694730 1081
1694740 1079
1694750 1078
1694760 1078
1694770 1081
1694780 1081
1694790 1081
1694800 1080
1694810 1079
1694820 1078
1694830 1077
1694840 1073
1694850 1070
1694860 1067
1694870 1065
1694880 1063
1694890 1061
1694900 1059
1694910 1057
1694920 1055
1694930 1052
1694940 1050
1694950 1048
1694960 1045
1694970 1043
1694980 1042
1694990 1041
1695000 1041
1695010 1040
1695020 1037
1695030 1035
1695040 1032
1695050 1033
1695060 1035
1695070 1038
1695080 1039
1695090 1040
1695100 1041
1695110 1042
1695120 1043
1695130 1045
1695140 1047
1695150 1049
1695160 1051
1695170 1054
1695180 1056
1695190 1058
1695200 1060
1695210 1062
1695220 1063
1695230 1064
1695240 1067
1695250 1070
1695260 1074
1695270 1078
1695280 1082
1695290 1085
1695300 1089
1695310 1092
1695320 1094
1695330 1095
1695340 1095
1695350 1094
1695360 1092
1695370 1090
1695380 1088
1695390 1085
1695400 1082
1695410 1080
1695420 1077
1695430 1075
1695440 1072
1695450 1068
1695460 1064
1695470 1060
1695480 1056
1695490 1053
1695500 1049
1695510 1045
1695520 1041
1695530 1037
1695540 1033
1695550 1029
1695560 1025
1695570 1021
1695580 1017
1695590 1012
1695600 1008
1695610 1004
1695620 1002
1695630 1001
1695640 999
1695650 997
1695660 996
1695670 996
1695680 997
1695690 997
1695700 996
1695710 996
1695720 995
1695730 993
1695740 991
1695750 990
1695760 988
1695770 987
1695780 986
1695790 985
1695800 985
1695810 984
1695820 983
1695830 983
1695840 983
1695850 982
1695860 982
1695870 981
1695880 980
1695890 979
1695900 978
1695910 976
1695920 975
1695930 972
1695940 970
1695950 967
1695960 964
1695970 961
1695980 959
1695990 958
1696000 956
1696010 955
1696020 955
1696030 952
1696040 950
1696050 946
1696060 943
1696070 939
1696080 936
1696090 933
1696100 930
1696110 928
1696120 926
1696130 924
1696140 923
1696150 922
1696160 921
1696170 921
1696180 921
1696190 921
1696200 920
1696210 919
1696220 918
1696230 916
1696240 914
1696250 913
1696260 913
1696270 913
1696280 913
1696290 913
1696300 914
1696310 915
1696320 916
1696330 917
1696340 917
1696350 917
1696360 916
1696370 915
1696380 912
1696390 908
1696400 903
1696410 899
1696420 896
1696430 895
1696440 893
1696450 893
1696460 893
1696470 893
1696480 892
1696490 892
1696500 891
1696510 891
1696520 891
1696530 890
1696540 890
1696550 890
1696560 890
1696570 890
1696580 890
1696590 890
1696600 889
1696610 889
1696620 889
1696630 889
1696640 889
1696650 889
1696660 889
1696670 889
1696680 889
1696690 889
1696700 888
1696710 888
1696720 888
1696730 888
1696740 888
1696750 888
1696760 888
1696770 888
1696780 888
1696790 887
1696800 887
1696810 887
1696820 887
1696830 887
1696840 887
1696850 886
1696860 886
1696870 886
1696880 886
1696890 886
1696900 886
1696910 886
1696920 885
1696930 885
1696940 885
1696950 885
1696960 886
1696970 887
1696980 888
1696990 889
1697000 890
1697010 890
1697020 890
1697030 891
1697040 891
1697050 892
1697060 893
1697070 893
1697080 894
1697090 895
1697100 896
1697110 897
1697120 898
1697130 899
1697140 901
1697150 902
1697160 904
1697170 906
1697180 908
1697190 910
1697200 911
1697210 912
1697220 914
1697230 915
1697240 917
1697250 919
1697260 921
1697270 923
1697280 925
1697290 927
1697300 928
1697310 929
1697320 928
1697330 927
1697340 926
1697350 924
1697360 922
1697370 919
1697380 917
1697390 915
1697400 914
1697410 912
1697420 910
1697430 909
1697440 907
1697450 906
1697460 906
1697470 906
1697480 907
1697490 909
1697500 910
1697510 911
1697520 912
1697530 913
1697540 913
1697550 913
1697560 912
1697570 912
1697580 911
1697590 911
1697600 911
1697610 911
1697620 911
1697630 911
1697640 910
1697650 909
1697660 907
1697670 907
1697680 907
1697690 907
1697700 907
1697710 908
1697720 908
1697730 909
1697740 909
1697750 909
1697760 910
1697770 910
1697780 910
1697790 910
1697800 910
1697810 910
1697820 912
1697830 913
1697840 913
1697850 914
1697860 915
1697870 916
1697880 917
1697890 918
1697900 919
1697910 920
1697920 922
1697930 923
1697940 924
1697950 925
1697960 926
1697970 926
1697980 927
1697990 928
1698000 928
1698010 930
1698020 931
1698030 932
1698040 933
1698050 935
1698060 936
1698070 938
1698080 940
1698090 942
1698100 944
1698110 946
1698120 948
1698130 949
1698140 948
1698150 947
1698160 945
1698170 943
1698180 940
1698190 937
1698200 935
1698210 933
1698220 931
1698230 930
1698240 930
1698250 930
1698260 930
1698270 930
1698280 930
1698290 930
1698300 930
1698310 930
1698320 929
1698330 928
1698340 928
1698350 927
1698360 926
1698370 925
1698380 924
1698390 923
1698400 922
1698410 921
1698420 920
1698430 918
1698440 915
1698450 912
1698460 909
1698470 906
1698480 903
1698490 901
1698500 899
1698510 898
1698520 896
1698530 895
1698540 894
1698550 893
1698560 892
1698570 892
1698580 893
1698590 896
1698600 898
1698610 900
1698620 903
1698630 905
1698640 908
1698650 911
1698660 913
1698670 915
1698680 918
1698690 919
1698700 921
1698710 921
1698720 921
1698730 920
1698740 918
1698750 916
1698760 914
1698770 911
1698780 909
1698790 906
1698800 905
1698810 905
1698820 906
1698830 906
1698840 905
1698850 904
1698860 901
1698870 899
1698880 897
1698890 895
1698900 893
1698910 890
1698920 888
1698930 885
1698940 882
1698950 880
1698960 877
1698970 874
1698980 871
1698990 868
1699000 864
1699010 862
1699020 859
1699030 856
1699040 853
1699050 851
1699060 848
1699070 846
1699080 844
1699090 843
1699100 843
1699110 842
1699120 842
1699130 842
1699140 843
1699150 844
1699160 845
1699170 846
1699180 847
1699190 848
1699200 849
1699210 850
1699220 850
1699230 851
1699240 852
1699250 853
1699260 854
1699270 854
1699280 855
1699290 856
1699300 857
1699310 857
1699320 858
1699330 859
1699340 859
1699350 860
1699360 860
1699370 861
1699380 861
1699390 861
1699400 862
1699410 863
1699420 863
1699430 864
1699440 864
1699450 864
1699460 865
1699470 866
1699480 867
1699490 867
1699500 868
1699510 869
1699520 869
1699530 870
1699540 871
1699550 871
1699560 871
1699570 872
1699580 872
1699590 872
1699600 873
1699610 873
1699620 873
1699630 873
1699640 873
1699650 873
1699660 873
1699670 873
1699680 873
1699690 873
1699700 873
1699710 873
1699720 872
1699730 871
1699740 868
1699750 863
1699760 856
1699770 849
1699780 842
1699790 835
1699800 828
1699810 816
1699820 805
1699830 796
1699840 790
1699850 784
1699860 778
1699870 772
1699880 766
1699890 761
1699900 757
1699910 752
1699920 747
1699930 743
1699940 739
1699950 737
1699960 734
1699970 732
1699980 730
1699990 728
