1680000 778
1680010 780
1680020 782
1680030 784
1680040 785
1680050 787
1680060 788
1680070 788
1680080 788
1680090 788
1680100 788
1680110 789
1680120 789
1680130 789
1680140 789
1680150 790
1680160 790
1680170 790
1680180 790
1680190 791
1680200 791
1680210 791
1680220 790
1680230 790
1680240 791
1680250 791
1680260 791
1680270 792
1680280 793
1680290 793
1680300 794
1680310 795
1680320 796
1680330 797
1680340 798
1680350 800
1680360 801
1680370 801
1680380 801
1680390 799
1680400 799
1680410 798
1680420 798
1680430 797
1680440 797
1680450 796
1680460 795
1680470 793
1680480 791
1680490 791
1680500 789
1680510 787
1680520 784
1680530 781
1680540 779
1680550 777
1680560 775
1680570 773
1680580 771
1680590 770
1680600 770
1680610 770
1680620 770
1680630 770
1680640 769
1680650 767
1680660 764
1680670 762
1680680 761
1680690 761
1680700 760
1680710 759
1680720 758
1680730 757
1680740 754
1680750 752
1680760 750
1680770 748
1680780 746
1680790 744
1680800 743
1680810 741
1680820 738
1680830 735
1680840 732
1680850 730
1680860 727
1680870 724
1680880 721
1680890 719
1680900 716
1680910 714
1680920 712
1680930 710
1680940 708
1680950 705
1680960 703
1680970 700
1680980 698
1680990 695
1681000 691
1681010 686
1681020 683
1681030 682
1681040 684
1681050 685
1681060 686
1681070 686
1681080 687
1681090 686
1681100 685
1681110 684
1681120 682
1681130 681
1681140 679
1681150 678
1681160 676
1681170 675
1681180 673
1681190 672
1681200 671
1681210 671
1681220 670
1681230 670
1681240 669
1681250 668
1681260 667
1681270 667
1681280 667
1681290 667
1681300 668
1681310 668
1681320 669
1681330 669
1681340 670
1681350 670
1681360 671
1681370 672
1681380 672
1681390 672
1681400 671
1681410 672
1681420 672
1681430 673
1681440 674
1681450 674
1681460 674
1681470 674
1681480 674
1681490 674
1681500 675
1681510 676
1681520 678
1681530 679
1681540 680
1681550 681
1681560 682
1681570 683
1681580 684
1681590 684
1681600 684
1681610 685
1681620 685
1681630 685
1681640 684
1681650 684
1681660 684
1681670 684
1681680 684
1681690 685
1681700 685
1681710 683
1681720 682
1681730 680
1681740 679
1681750 678
1681760 677
1681770 677
1681780 677
1681790 677
1681800 677
1681810 677
1681820 677
1681830 678
1681840 678
1681850 678
1681860 679
1681870 679
1681880 681
1681890 682
1681900 683
1681910 685
1681920 687
1681930 688
1681940 690
1681950 691
1681960 693
1681970 694
1681980 695
1681990 696
1682000 696
1682010 696
1682020 696
1682030 696
1682040 697
1682050 697
1682060 697
1682070 695
1682080 693
1682090 690
1682100 689
1682110 687
1682120 686
1682130 684
1682140 684
1682150 683
1682160 683
1682170 683
1682180 683
1682190 683
1682200 682
1682210 681
1682220 680
1682230 680
1682240 680
1682250 680
1682260 680
1682270 680
1682280 680
1682290 680
1682300 679
1682310 679
1682320 677
1682330 676
1682340 675
1682350 674
1682360 673
1682370 673
1682380 673
1682390 673
1682400 672
1682410 672
1682420 672
1682430 672
1682440 673
1682450 674
1682460 677
1682470 681
1682480 684
1682490 688
1682500 693
1682510 698
1682520 703
1682530 708
1682540 714
1682550 719
1682560 723
1682570 726
1682580 729
1682590 731
1682600 733
1682610 735
1682620 737
1682630 740
1682640 743
1682650 745
1682660 747
1682670 748
1682680 750
1682690 752
1682700 753
1682710 755
1682720 756
1682730 758
1682740 759
1682750 761
1682760 763
1682770 765
1682780 769
1682790 772
1682800 775
1682810 779
1682820 783
1682830 787
1682840 791
1682850 795
1682860 798
1682870 802
1682880 807
1682890 811
1682900 815
1682910 820
1682920 824
1682930 829
1682940 834
1682950 838
1682960 842
1682970 846
1682980 849
1682990 852
1683000 855
1683010 858
1683020 861
1683030 864
1683040 868
1683050 871
1683060 874
1683070 877
1683080 881
1683090 884
1683100 888
1683110 891
1683120 894
1683130 898
1683140 902
1683150 906
1683160 909
1683170 912
1683180 915
1683190 917
1683200 919
1683210 922
1683220 924
1683230 926
1683240 928
1683250 931
1683260 933
1683270 935
1683280 937
1683290 939
1683300 941
1683310 943
1683320 946
1683330 949
1683340 952
1683350 954
1683360 957
1683370 961
1683380 964
1683390 967
1683400 970
1683410 972
1683420 975
1683430 978
1683440 980
1683450 983
1683460 984
1683470 985
1683480 988
1683490 991
1683500 994
1683510 997
1683520 998
1683530 998
1683540 999
1683550 1001
1683560 1003
1683570 1005
1683580 1006
1683590 1007
1683600 1008
1683610 1009
1683620 1010
1683630 1011
1683640 1011
1683650 1010
1683660 1009
1683670 1008
1683680 1007
1683690 1008
1683700 1007
1683710 1005
1683720 1005
1683730 1005
1683740 1005
1683750 1003
1683760 1002
1683770 1000
1683780 1003
1683790 1005
1683800 1007
1683810 1009
1683820 1012
1683830 1013
1683840 1011
1683850 1008
1683860 1005
1683870 1003
1683880 1002
1683890 1002
1683900 1003
1683910 1003
1683920 1004
1683930 1005
1683940 1006
1683950 1007
1683960 1007
1683970 1008
1683980 1009
1683990 1010
1684000 1011
1684010 1012
1684020 1014
1684030 1015
1684040 1016
1684050 1016
1684060 1017
1684070 1018
1684080 1019
1684090 1020
1684100 1021
1684110 1022
1684120 1024
1684130 1026
1684140 1027
1684150 1028
1684160 1029
1684170 1030
1684180 1030
1684190 1030
1684200 1031
1684210 1031
1684220 1031
1684230 1031
1684240 1031
1684250 1030
1684260 1029
1684270 1028
1684280 1027
1684290 1027
1684300 1026
1684310 1025
1684320 1025
1684330 1024
1684340 1024
1684350 1023
1684360 1023
1684370 1023
1684380 1023
1684390 1024
1684400 1025
1684410 1026
1684420 1028
1684430 1029
1684440 1030
1684450 1031
1684460 1032
1684470 1032
1684480 1032
1684490 1033
1684500 1033
1684510 1034
1684520 1035
1684530 1036
1684540 1037
1684550 1038
1684560 1039
1684570 1040
1684580 1041
1684590 1043
1684600 1043
1684610 1044
1684620 1045
1684630 1046
1684640 1047
1684650 1048
1684660 1049
1684670 1049
1684680 1051
1684690 1053
1684700 1056
1684710 1058
1684720 1061
1684730 1063
1684740 1065
1684750 1067
1684760 1070
1684770 1072
1684780 1075
1684790 1077
1684800 1080
1684810 1081
1684820 1083
1684830 1085
1684840 1087
1684850 1089
1684860 1090
1684870 1092
1684880 1094
1684890 1096
1684900 1098
1684910 1099
1684920 1100
1684930 1100
1684940 1100
1684950 1100
1684960 1100
1684970 1100
1684980 1100
1684990 1100
1685000 1100
1685010 1101
1685020 1102
1685030 1102
1685040 1103
1685050 1105
1685060 1108
1685070 1110
1685080 1112
1685090 1114
1685100 1115
1685110 1117
1685120 1118
1685130 1119
1685140 1119
1685150 1119
1685160 1120
1685170 1120
1685180 1121
1685190 1122
1685200 1123
1685210 1123
1685220 1123
1685230 1124
1685240 1123
1685250 1122
1685260 1120
1685270 1118
1685280 1118
1685290 1117
1685300 1116
1685310 1115
1685320 1114
1685330 1113
1685340 1113
1685350 1113
1685360 1113
1685370 1113
1685380 1112
1685390 1112
1685400 1112
1685410 1113
1685420 1113
1685430 1114
1685440 1114
1685450 1114
1685460 1113
1685470 1112
1685480 1110
1685490 1109
1685500 1108
1685510 1107
1685520 1106
1685530 1105
1685540 1105
1685550 1104
1685560 1103
1685570 1102
1685580 1101
1685590 1099
1685600 1098
1685610 1097
1685620 1096
1685630 1095
1685640 1092
1685650 1089
1685660 1087
1685670 1085
1685680 1084
1685690 1082
1685700 1080
1685710 1077
1685720 1073
1685730 1070
1685740 1066
1685750 1063
1685760 1060
1685770 1055
1685780 1051
1685790 1046
1685800 1041
1685810 1036
1685820 1030
1685830 1024
1685840 1017
1685850 1010
1685860 1004
1685870 997
1685880 991
1685890 986
1685900 981
1685910 974
1685920 966
1685930 960
1685940 956
1685950 952
1685960 948
1685970 945
1685980 942
1685990 940
1686000 938
1686010 936
1686020 935
1686030 933
1686040 932
1686050 930
1686060 929
1686070 928
1686080 927
1686090 925
1686100 922
1686110 919
1686120 916
1686130 914
1686140 912
1686150 910
1686160 908
1686170 906
1686180 904
1686190 903
1686200 902
1686210 901
1686220 900
1686230 898
1686240 896
1686250 894
1686260 893
1686270 891
1686280 890
1686290 889
1686300 888
1686310 887
1686320 885
1686330 882
1686340 881
1686350 879
1686360 877
1686370 874
1686380 872
1686390 870
1686400 868
1686410 866
1686420 865
1686430 863
1686440 862
1686450 860
1686460 859
1686470 858
1686480 857
1686490 856
1686500 855
1686510 855
1686520 855
1686530 855
1686540 855
1686550 855
1686560 855
1686570 855
1686580 854
1686590 854
1686600 854
1686610 855
1686620 855
1686630 855
1686640 856
1686650 856
1686660 856
1686670 857
1686680 857
1686690 858
1686700 859
1686710 861
1686720 863
1686730 865
1686740 867
1686750 869
1686760 871
1686770 873
1686780 876
1686790 878
1686800 879
1686810 881
1686820 882
1686830 883
1686840 884
1686850 885
1686860 887
1686870 888
1686880 890
1686890 891
1686900 893
1686910 895
1686920 898
1686930 900
1686940 902
1686950 904
1686960 905
1686970 906
1686980 907
1686990 908
1687000 908
1687010 908
1687020 908
1687030 908
1687040 908
1687050 908
1687060 909
1687070 909
1687080 909
1687090 909
1687100 909
1687110 909
1687120 910
1687130 910
1687140 910
1687150 911
1687160 911
1687170 911
1687180 911
1687190 910
1687200 909
1687210 908
1687220 907
1687230 907
1687240 906
1687250 906
1687260 906
1687270 906
1687280 905
1687290 905
1687300 904
1687310 903
1687320 903
1687330 902
1687340 901
1687350 900
1687360 899
1687370 898
1687380 897
1687390 897
1687400 897
1687410 897
1687420 896
1687430 896
1687440 896
1687450 896
1687460 895
1687470 895
1687480 894
1687490 893
1687500 891
1687510 890
1687520 889
1687530 889
1687540 888
1687550 886
1687560 886
1687570 886
1687580 886
1687590 885
1687600 884
1687610 883
1687620 883
1687630 884
1687640 885
1687650 883
1687660 882
1687670 881
1687680 880
1687690 879
1687700 878
1687710 877
1687720 876
1687730 875
1687740 874
1687750 873
1687760 873
1687770 873
1687780 872
1687790 872
1687800 871
1687810 871
1687820 870
1687830 870
1687840 869
1687850 868
1687860 867
1687870 866
1687880 865
1687890 863
1687900 862
1687910 861
1687920 859
1687930 858
1687940 856
1687950 854
1687960 853
1687970 851
1687980 850
1687990 849
1688000 847
1688010 846
1688020 845
1688030 845
1688040 845
1688050 845
1688060 845
1688070 845
1688080 845
1688090 845
1688100 845
1688110 846
1688120 847
1688130 848
1688140 849
1688150 850
1688160 851
1688170 851
1688180 852
1688190 853
1688200 854
1688210 855
1688220 856
1688230 858
1688240 859
1688250 860
1688260 861
1688270 861
1688280 862
1688290 864
1688300 865
1688310 867
1688320 869
1688330 871
1688340 874
1688350 876
1688360 879
1688370 882
1688380 885
1688390 888
1688400 891
1688410 894
1688420 897
1688430 900
1688440 902
1688450 905
1688460 907
1688470 910
1688480 913
1688490 916
1688500 918
1688510 920
1688520 922
1688530 924
1688540 926
1688550 928
1688560 929
1688570 931
1688580 932
1688590 933
1688600 934
1688610 935
1688620 936
1688630 937
1688640 939
1688650 941
1688660 943
1688670 945
1688680 947
1688690 951
1688700 954
1688710 957
1688720 959
1688730 961
1688740 964
1688750 967
1688760 970
1688770 972
1688780 975
1688790 978
1688800 981
1688810 983
1688820 985
1688830 987
1688840 989
1688850 991
1688860 993
1688870 995
1688880 997
1688890 999
1688900 1002
1688910 1004
1688920 1005
1688930 1006
1688940 1007
1688950 1007
1688960 1006
1688970 1006
1688980 1006
1688990 1006
1689000 1006
1689010 1007
1689020 1007
1689030 1008
1689040 1008
1689050 1009
1689060 1009
1689070 1010
1689080 1010
1689090 1011
1689100 1012
1689110 1013
1689120 1014
1689130 1015
1689140 1017
1689150 1019
1689160 1021
1689170 1022
1689180 1024
1689190 1026
1689200 1028
1689210 1030
1689220 1032
1689230 1034
1689240 1036
1689250 1037
1689260 1038
1689270 1039
1689280 1041
1689290 1042
1689300 1043
1689310 1044
1689320 1044
1689330 1045
1689340 1045
1689350 1045
1689360 1045
1689370 1045
1689380 1045
1689390 1045
1689400 1045
1689410 1045
1689420 1044
1689430 1044
1689440 1043
1689450 1043
1689460 1042
1689470 1042
1689480 1042
1689490 1042
1689500 1042
1689510 1041
1689520 1041
1689530 1041
1689540 1042
1689550 1043
1689560 1044
1689570 1046
1689580 1048
1689590 1050
1689600 1053
1689610 1055
1689620 1058
1689630 1060
1689640 1062
1689650 1063
1689660 1064
1689670 1065
1689680 1066
1689690 1067
1689700 1068
1689710 1069
1689720 1070
1689730 1070
1689740 1070
1689750 1070
1689760 1069
1689770 1068
1689780 1065
1689790 1062
1689800 1061
1689810 1061
1689820 1061
1689830 1062
1689840 1062
1689850 1063
1689860 1063
1689870 1065
1689880 1067
1689890 1069
1689900 1073
1689910 1076
1689920 1079
1689930 1082
1689940 1084
1689950 1087
1689960 1088
1689970 1090
1689980 1091
1689990 1093
1690000 1095
1690010 1097
1690020 1099
1690030 1100
1690040 1102
1690050 1104
1690060 1106
1690070 1108
1690080 1110
1690090 1113
1690100 1115
1690110 1118
1690120 1120
1690130 1122
1690140 1124
1690150 1125
1690160 1126
1690170 1127
1690180 1128
1690190 1129
1690200 1128
1690210 1127
1690220 1125
1690230 1124
1690240 1125
1690250 1128
1690260 1131
1690270 1132
1690280 1134
1690290 1134
1690300 1134
1690310 1134
1690320 1135
1690330 1136
1690340 1136
1690350 1136
1690360 1138
1690370 1140
1690380 1143
1690390 1146
1690400 1150
1690410 1155
1690420 1159
1690430 1163
1690440 1167
1690450 1171
1690460 1175
1690470 1179
1690480 1183
1690490 1187
1690500 1191
1690510 1195
1690520 1198
1690530 1202
1690540 1205
1690550 1209
1690560 1212
1690570 1215
1690580 1219
1690590 1222
1690600 1226
1690610 1229
1690620 1233
1690630 1236
1690640 1239
1690650 1243
1690660 1246
1690670 1249
1690680 1253
1690690 1256
1690700 1259
1690710 1262
1690720 1264
1690730 1267
1690740 1270
1690750 1272
1690760 1276
1690770 1281
1690780 1287
1690790 1292
1690800 1297
1690810 1302
1690820 1306
1690830 1310
1690840 1314
1690850 1318
1690860 1322
1690870 1326
1690880 1329
1690890 1333
1690900 1337
1690910 1341
1690920 1345
1690930 1349
1690940 1353
1690950 1357
1690960 1361
1690970 1364
1690980 1368
1690990 1372
1691000 1376
1691010 1379
1691020 1382
1691030 1385
1691040 1389
1691050 1393
1691060 1398
1691070 1403
1691080 1409
1691090 1413
1691100 1417
1691110 1421
1691120 1425
1691130 1429
1691140 1434
1691150 1439
1691160 1443
1691170 1448
1691180 1452
1691190 1456
1691200 1460
1691210 1464
1691220 1468
1691230 1472
1691240 1476
1691250 1480
1691260 1484
1691270 1489
1691280 1494
1691290 1498
1691300 1503
1691310 1507
1691320 1510
1691330 1513
1691340 1516
1691350 1517
1691360 1518
1691370 1516
1691380 1514
1691390 1512
1691400 1511
1691410 1510
1691420 1509
1691430 1508
1691440 1507
1691450 1506
1691460 1508
1691470 1511
1691480 1517
1691490 1521
1691500 1526
1691510 1530
1691520 1535
1691530 1540
1691540 1545
1691550 1550
1691560 1555
1691570 1560
1691580 1564
1691590 1569
1691600 1573
1691610 1578
1691620 1583
1691630 1587
1691640 1591
1691650 1595
1691660 1599
1691670 1603
1691680 1607
1691690 1610
1691700 1614
1691710 1618
1691720 1621
1691730 1624
1691740 1627
1691750 1629
1691760 1631
1691770 1633
1691780 1634
1691790 1635
1691800 1636
1691810 1637
1691820 1639
1691830 1641
1691840 1643
1691850 1644
1691860 1646
1691870 1646
1691880 1646
1691890 1646
1691900 1647
1691910 1649
1691920 1650
1691930 1651
1691940 1649
1691950 1646
1691960 1641
1691970 1637
1691980 1634
1691990 1634
1692000 1636
1692010 1639
1692020 1643
1692030 1647
1692040 1652
1692050 1656
1692060 1659
1692070 1662
1692080 1664
1692090 1667
1692100 1669
1692110 1671
1692120 1672
1692130 1673
1692140 1674
1692150 1676
1692160 1677
1692170 1678
1692180 1679
1692190 1682
1692200 1684
1692210 1687
1692220 1688
1692230 1690
1692240 1692
1692250 1696
1692260 1701
1692270 1706
1692280 1709
1692290 1713
1692300 1716
1692310 1719
1692320 1722
1692330 1725
1692340 1727
1692350 1729
1692360 1732
1692370 1734
1692380 1737
1692390 1740
1692400 1738
1692410 1736
1692420 1734
1692430 1733
1692440 1732
1692450 1730
1692460 1731
1692470 1732
1692480 1734
1692490 1733
1692500 1732
1692510 1730
1692520 1730
1692530 1729
1692540 1730
1692550 1733
1692560 1736
1692570 1739
1692580 1740
1692590 1741
1692600 1742
1692610 1742
1692620 1742
1692630 1742
1692640 1742
1692650 1740
1692660 1738
1692670 1737
1692680 1736
1692690 1735
1692700 1733
1692710 1732
1692720 1731
1692730 1731
1692740 1731
1692750 1730
1692760 1728
1692770 1727
1692780 1727
1692790 1729
1692800 1732
1692810 1734
1692820 1736
1692830 1738
1692840 1738
1692850 1738
1692860 1730
1692870 1722
1692880 1715
1692890 1710
1692900 1705
1692910 1702
1692920 1698
1692930 1693
1692940 1686
1692950 1680
1692960 1676
1692970 1673
1692980 1669
1692990 1661
1693000 1649
1693010 1641
1693020 1632
1693030 1622
1693040 1613
1693050 1607
1693060 1605
1693070 1607
1693080 1603
1693090 1595
1693100 1588
1693110 1585
1693120 1584
1693130 1583
1693140 1578
1693150 1571
1693160 1568
1693170 1566
1693180 1564
1693190 1561
1693200 1563
1693210 1567
1693220 1572
1693230 1574
1693240 1575
1693250 1574
1693260 1571
1693270 1568
1693280 1569
1693290 1571
1693300 1574
1693310 1574
1693320 1568
1693330 1561
1693340 1554
1693350 1552
1693360 1552
1693370 1556
1693380 1560
1693390 1564
1693400 1566
1693410 1564
1693420 1561
1693430 1556
1693440 1552
1693450 1551
1693460 1552
1693470 1555
1693480 1557
1693490 1556
1693500 1556
1693510 1557
1693520 1559
1693530 1561
1693540 1563
1693550 1565
1693560 1569
1693570 1573
1693580 1578
1693590 1581
1693600 1583
1693610 1586
1693620 1589
1693630 1593
1693640 1597
1693650 1603
1693660 1605
1693670 1603
1693680 1598
1693690 1596
1693700 1595
1693710 1594
1693720 1594
1693730 1595
1693740 1598
1693750 1600
1693760 1602
1693770 1603
1693780 1604
1693790 1606
1693800 1609
1693810 1614
1693820 1619
1693830 1624
1693840 1628
1693850 1632
1693860 1637
1693870 1643
1693880 1649
1693890 1654
1693900 1659
1693900 1664
1693910 1669
1693920 1669
1693930 1666
1693940 1656
1693950 1646
1693960 1638
1693970 1630
1693980 1622
1693990 1613
1694000 1603
1694010 1597
1694020 1590
1694030 1579
1694040 1569
1694050 1560
1694060 1553
1694070 1551
1694080 1549
1694090 1547
1694100 1545
1694110 1542
1694120 1535
1694130 1515
1694140 1496
1694150 1478
1694160 1468
1694170 1462
1694180 1458
1694190 1456
1694200 1453
1694210 1450
1694220 1447
1694230 1443
1694240 1440
1694250 1436
1694260 1432
1694270 1429
1694280 1425
1694290 1422
1694300 1418
1694310 1415
1694320 1413
1694330 1410
1694340 1408
1694350 1406
1694360 1403
1694370 1400
1694380 1397
1694390 1395
1694400 1392
1694410 1389
1694420 1386
1694430 1384
1694440 1382
1694450 1380
1694460 1379
1694470 1379
1694480 1378
1694490 1377
1694500 1376
1694510 1374
1694520 1372
1694530 1370
1694540 1369
1694550 1366
1694560 1363
1694570 1359
1694580 1354
1694590 1350
1694600 1346
1694610 1343
1694620 1340
1694630 1338
1694640 1335
1694650 1332
1694660 1329
1694670 1326
1694680 1323
1694690 1320
1694700 1317
1694710 1315
1694720 1312
1694730 1308
1694740 1304
1694750 1300
1694760 1297
1694770 1295
1694780 1293
1694790 1291
1694800 1287
1694810 1283
1694820 1280
1694830 1276
1694840 1273
1694850 1269
1694860 1265
1694870 1262
1694880 1258
1694890 1255
1694900 1251
1694910 1247
1694920 1244
1694930 1240
1694940 1237
1694950 1233
1694960 1230
1694970 1226
1694980 1223
1694990 1219
1695000 1215
1695010 1212
1695020 1208
1695030 1204
1695040 1200
1695050 1196
1695060 1193
1695070 1189
1695080 1185
1695090 1181
1695100 1176
1695110 1171
1695120 1166
1695130 1162
1695140 1157
1695150 1153
1695160 1150
1695170 1146
1695180 1143
1695190 1140
1695200 1136
1695210 1132
1695220 1128
1695230 1123
1695240 1118
1695250 1114
1695260 1110
1695270 1107
1695280 1104
1695290 1101
1695300 1098
1695310 1095
1695320 1092
1695330 1089
1695340 1088
1695350 1086
1695360 1084
1695370 1082
1695380 1080
1695390 1079
1695400 1077
1695410 1076
1695420 1074
1695430 1072
1695440 1070
1695450 1069
1695460 1068
1695470 1066
1695480 1064
1695490 1062
1695500 1060
1695510 1058
1695520 1056
1695530 1055
1695540 1053
1695550 1052
1695560 1050
1695570 1048
1695580 1046
1695590 1044
1695600 1042
1695610 1040
1695620 1038
1695630 1035
1695640 1033
1695650 1031
1695660 1028
1695670 1026
1695680 1024
1695690 1022
1695700 1020
1695710 1020
1695720 1020
1695730 1020
1695740 1020
1695750 1019
1695760 1018
1695770 1015
1695780 1013
1695790 1010
1695800 1005
1695810 1001
1695820 998
1695830 996
1695840 994
1695850 992
1695860 990
1695870 990
1695880 990
1695890 989
1695900 990
1695910 990
1695920 991
1695930 990
1695940 990
1695950 989
1695960 990
1695970 991
1695980 991
1695990 992
1696000 993
1696010 994
1696020 995
1696030 996
1696040 997
1696050 998
1696060 999
1696070 1000
1696080 1000
1696090 1001
1696100 1001
1696110 1002
1696120 1004
1696130 1005
1696140 1007
1696150 1008
1696160 1010
1696170 1011
1696180 1012
1696190 1014
1696200 1016
1696210 1018
1696220 1020
1696230 1021
1696240 1023
1696250 1024
1696260 1025
1696270 1026
1696280 1027
1696290 1028
1696300 1029
1696310 1031
1696320 1032
1696330 1033
1696340 1034
1696350 1034
1696360 1033
1696370 1032
1696380 1031
1696390 1030
1696400 1029
1696410 1029
1696420 1028
1696430 1026
1696440 1023
1696450 1020
1696460 1017
1696470 1016
1696480 1015
1696490 1015
1696500 1014
1696510 1013
1696520 1012
1696530 1011
1696540 1009
1696550 1007
1696560 1005
1696570 1004
1696580 1003
1696590 1003
1696600 1002
1696610 1001
1696620 1000
1696630 999
1696640 999
1696650 998
1696660 998
1696670 998
1696680 998
1696690 997
1696700 997
1696710 996
1696720 996
1696730 995
1696740 994
1696750 994
1696760 992
1696770 991
1696780 990
1696790 988
1696800 986
1696810 985
1696820 983
1696830 982
1696840 979
1696850 977
1696860 974
1696870 972
1696880 969
1696890 967
1696900 965
1696910 962
1696920 960
1696930 957
1696940 956
1696950 956
1696960 957
1696970 957
1696980 958
1696990 960
1697000 961
1697010 962
1697020 963
1697030 965
1697040 966
1697050 967
1697060 969
1697070 970
1697080 972
1697090 974
1697100 976
1697110 977
1697120 978
1697130 978
1697140 981
1697150 983
1697160 985
1697170 987
1697180 989
1697190 992
1697200 994
1697210 996
1697220 998
1697230 999
1697240 1001
1697250 1003
1697260 1005
1697270 1007
1697280 1009
1697290 1010
1697300 1011
1697310 1013
1697320 1014
1697330 1015
1697340 1016
1697350 1017
1697360 1019
1697370 1020
1697380 1021
1697390 1022
1697400 1022
1697410 1023
1697420 1023
1697430 1023
1697440 1023
1697450 1023
1697460 1023
1697470 1022
1697480 1022
1697490 1021
1697500 1018
1697510 1016
1697520 1013
1697530 1010
1697540 1005
1697550 1000
1697560 994
1697570 988
1697580 983
1697590 979
1697600 975
1697610 971
1697620 968
1697630 965
1697640 962
1697650 960
1697660 959
1697670 957
1697680 956
1697690 954
1697700 952
1697710 949
1697720 948
1697730 947
1697740 946
1697750 946
1697760 945
1697770 944
1697780 943
1697790 941
1697800 940
1697810 939
1697820 938
1697830 936
1697840 933
1697850 931
1697860 930
1697870 931
1697880 932
1697890 932
1697900 933
1697910 934
1697920 934
1697930 935
1697940 934
1697950 934
1697960 933
1697970 930
1697980 928
1697990 925
1698000 924
1698010 923
1698020 922
1698030 922
1698040 923
1698050 924
1698060 925
1698070 926
1698080 928
1698090 929
1698100 930
1698110 932
1698120 933
1698130 934
1698140 935
1698150 935
1698160 935
1698170 935
1698180 935
1698190 934
1698200 934
1698210 933
1698220 932
1698230 931
1698240 930
1698250 928
1698260 925
1698270 921
1698280 917
1698290 913
1698300 910
1698310 907
1698320 905
1698330 903
1698340 901
1698350 899
1698360 897
1698370 896
1698380 894
1698390 891
1698400 889
1698410 886
1698420 883
1698430 880
1698440 877
1698450 875
1698460 872
1698470 870
1698480 868
1698490 865
1698500 863
1698510 861
1698520 859
1698530 857
1698540 855
1698550 854
1698560 852
1698570 851
1698580 850
1698590 850
1698600 849
1698610 849
1698620 848
1698630 848
1698640 848
1698650 848
1698660 848
1698670 847
1698680 847
1698690 848
1698700 847
1698710 846
1698720 846
1698730 846
1698740 845
1698750 846
1698760 846
1698770 848
1698780 851
1698790 853
1698800 855
1698810 857
1698820 858
1698830 860
1698840 862
1698850 864
1698860 866
1698870 868
1698880 870
1698890 872
1698900 873
1698910 875
1698920 876
1698930 877
1698940 877
1698950 878
1698960 878
1698970 877
1698980 876
1698990 875
1699000 874
1699010 872
1699020 870
1699030 870
1699040 869
1699050 869
1699060 867
1699070 866
1699080 864
1699090 865
1699100 865
1699110 863
1699120 858
1699130 853
1699140 849
1699150 850
1699160 850
1699170 850
1699180 848
1699190 842
1699200 833
1699210 821
1699220 812
1699230 805
1699240 799
1699250 796
1699260 793
1699270 791
1699280 790
1699290 789
1699300 787
1699310 785
1699320 782
1699330 778
1699340 769
1699350 759
1699360 748
1699370 731
1699380 711
1699390 686
1699400 677
1699410 672
1699420 671
1699430 668
1699440 660
1699450 644
1699460 635
1699470 630
1699480 627
1699490 626
1699500 625
1699510 626
1699520 629
1699530 635
1699540 646
1699550 655
1699560 657
1699570 653
1699580 647
1699590 646
1699600 650
1699610 656
1699620 658
1699630 658
1699640 664
1699650 669
1699660 674
1699670 680
1699680 680
1699690 676
1699700 670
1699710 668
1699720 668
1699730 665
1699740 660
1699750 655
1699760 650
1699770 648
1699780 648
1699790 649
1699800 648
1699810 646
1699820 638
1699830 628
1699840 617
1699850 605
1699860 599
1699870 595
1699880 591
1699890 586
1699900 581
1699910 577
1699920 575
1699930 575
1699940 577
1699950 580
1699960 583
1699970 586
1699980 588
1699990 590
