1680000 767
1680010 765
1680020 764
1680030 763
1680040 762
1680050 760
1680060 759
1680070 757
1680080 754
1680090 752
1680100 750
1680110 750
1680120 751
1680130 751
1680140 754
1680150 756
1680160 759
1680170 762
1680180 765
1680190 767
1680200 770
1680210 772
1680220 773
1680230 775
1680240 777
1680250 778
1680260 780
1680270 781
1680280 782
1680290 783
1680300 785
1680310 787
1680320 788
1680330 789
1680340 790
1680350 791
1680360 792
1680370 793
1680380 795
1680390 797
1680400 800
1680410 802
1680420 804
1680430 806
1680440 808
1680450 809
1680460 810
1680470 811
1680480 812
1680490 813
1680500 813
1680510 814
1680520 814
1680530 815
1680540 815
1680550 815
1680560 815
1680570 815
1680580 814
1680590 813
1680600 812
1680610 810
1680620 808
1680630 805
1680640 802
1680650 798
1680660 795
1680670 792
1680680 790
1680690 786
1680700 783
1680710 780
1680720 777
1680730 773
1680740 770
1680750 767
1680760 765
1680770 762
1680780 760
1680790 758
1680800 754
1680810 751
1680820 746
1680830 742
1680840 740
1680850 741
1680860 744
1680870 747
1680880 749
1680890 751
1680900 753
1680910 755
1680920 757
1680930 760
1680940 762
1680950 764
1680960 766
1680970 768
1680980 770
1680990 772
1681000 774
1681010 775
1681020 776
1681030 777
1681040 778
1681050 779
1681060 780
1681070 780
1681080 781
1681090 781
1681100 781
1681110 781
1681120 780
1681130 780
1681140 779
1681150 778
1681160 778
1681170 777
1681180 777
1681190 777
1681200 776
1681210 777
1681220 777
1681230 778
1681240 778
1681250 779
1681260 779
1681270 779
1681280 780
1681290 780
1681300 780
1681310 780
1681320 781
1681330 781
1681340 782
1681350 782
1681360 783
1681370 783
1681380 784
1681390 784
1681400 784
1681410 785
1681420 785
1681430 785
1681440 786
1681450 786
1681460 786
1681470 787
1681480 787
1681490 788
1681500 788
1681510 789
1681520 789
1681530 789
1681540 790
1681550 790
1681560 791
1681570 791
1681580 792
1681590 792
1681600 793
1681610 793
1681620 794
1681630 795
1681640 796
1681650 796
1681660 797
1681670 798
1681680 799
1681690 800
1681700 800
1681710 801
1681720 802
1681730 803
1681740 803
1681750 804
1681760 805
1681770 805
1681780 806
1681790 806
1681800 806
1681810 806
1681820 807
1681830 807
1681840 808
1681850 808
1681860 809
1681870 809
1681880 809
1681890 809
1681900 809
1681910 810
1681920 810
1681930 811
1681940 812
1681950 813
1681960 813
1681970 812
1681980 810
1681990 809
1682000 809
1682010 808
1682020 807
1682030 804
1682040 800
1682050 795
1682060 792
1682070 789
1682080 787
1682090 784
1682100 781
1682110 779
1682120 775
1682130 771
1682140 768
1682150 764
1682160 761
1682170 758
1682180 755
1682190 753
1682200 751
1682210 748
1682220 745
1682230 742
1682240 740
1682250 738
1682260 736
1682270 734
1682280 732
1682290 730
1682300 728
1682310 726
1682320 725
1682330 724
1682340 724
1682350 724
1682360 725
1682370 724
1682380 722
1682390 718
1682400 714
1682410 709
1682420 705
1682430 702
1682440 698
1682450 695
1682460 692
1682470 689
1682480 686
1682490 683
1682500 681
1682510 679
1682520 678
1682530 678
1682540 678
1682550 678
1682560 678
1682570 677
1682580 679
1682590 683
1682600 688
1682610 692
1682620 695
1682630 697
1682640 700
1682650 702
1682660 705
1682670 708
1682680 710
1682690 713
1682700 715
1682710 717
1682720 719
1682730 721
1682740 723
1682750 726
1682760 728
1682770 731
1682780 733
1682790 736
1682800 739
1682810 741
1682820 744
1682830 746
1682840 748
1682850 750
1682860 752
1682870 755
1682880 757
1682890 759
1682900 761
1682910 763
1682920 765
1682930 768
1682940 771
1682950 774
1682960 776
1682970 779
1682980 781
1682990 783
1683000 784
1683010 784
1683020 785
1683030 786
1683040 787
1683050 789
1683060 790
1683070 792
1683080 794
1683090 796
1683100 798
1683110 801
1683120 803
1683130 805
1683140 807
1683150 809
1683160 811
1683170 813
1683180 815
1683190 817
1683200 819
1683210 821
1683220 822
1683230 824
1683240 826
1683250 828
1683260 830
1683270 831
1683280 833
1683290 835
1683300 836
1683310 838
1683320 839
1683330 841
1683340 842
1683350 843
1683360 844
1683370 846
1683380 848
1683390 850
1683400 851
1683410 853
1683420 854
1683430 855
1683440 856
1683450 857
1683460 859
1683470 860
1683480 861
1683490 862
1683500 863
1683510 864
1683520 865
1683530 866
1683540 867
1683550 868
1683560 868
1683570 869
1683580 870
1683590 870
1683600 871
1683610 872
1683620 872
1683630 873
1683640 874
1683650 874
1683660 875
1683670 876
1683680 876
1683690 877
1683700 878
1683710 878
1683720 879
1683730 880
1683740 880
1683750 881
1683760 881
1683770 882
1683780 882
1683790 882
1683800 882
1683810 883
1683820 883
1683830 884
1683840 885
1683850 886
1683860 887
1683870 888
1683880 890
1683890 890
1683900 891
1683910 891
1683920 891
1683930 891
1683940 891
1683950 892
1683960 892
1683970 893
1683980 893
1683990 894
1684000 895
1684010 895
1684020 896
1684030 896
1684040 897
1684050 897
1684060 898
1684070 898
1684080 898
1684090 899
1684100 900
1684110 901
1684120 901
1684130 902
1684140 902
1684150 903
1684160 903
1684170 904
1684180 904
1684190 904
1684200 904
1684210 905
1684220 905
1684230 905
1684240 905
1684250 905
1684260 906
1684270 906
1684280 906
1684290 907
1684300 907
1684310 908
1684320 910
1684330 911
1684340 912
1684350 912
1684360 912
1684370 913
1684380 914
1684390 915
1684400 915
1684410 916
1684420 917
1684430 918
1684440 919
1684450 920
1684460 920
1684470 921
1684480 921
1684490 922
1684500 922
1684510 923
1684520 923
1684530 923
1684540 923
1684550 923
1684560 923
1684570 924
1684580 925
1684590 927
1684600 929
1684610 930
1684620 932
1684630 933
1684640 934
1684650 935
1684660 936
1684670 937
1684680 938
1684690 939
1684700 940
1684710 941
1684720 943
1684730 944
1684740 945
1684750 946
1684760 947
1684770 948
1684780 949
1684790 949
1684800 949
1684810 949
1684820 950
1684830 950
1684840 951
1684850 953
1684860 954
1684870 955
1684880 956
1684890 958
1684900 959
1684910 960
1684920 961
1684930 962
1684940 963
1684950 964
1684960 965
1684970 966
1684980 967
1684990 969
1685000 970
1685010 971
1685020 972
1685030 974
1685040 975
1685050 976
1685060 978
1685070 980
1685080 981
1685090 982
1685100 982
1685110 983
1685120 984
1685130 985
1685140 986
1685150 987
1685160 987
1685170 988
1685180 988
1685190 989
1685200 989
1685210 990
1685220 990
1685230 990
1685240 990
1685250 990
1685260 990
1685270 990
1685280 989
1685290 989
1685300 988
1685310 988
1685320 987
1685330 986
1685340 984
1685350 984
1685360 983
1685370 982
1685380 982
1685390 982
1685400 982
1685410 981
1685420 980
1685430 979
1685440 978
1685450 978
1685460 978
1685470 978
1685480 978
1685490 978
1685500 977
1685510 977
1685520 976
1685530 975
1685540 974
1685550 973
1685560 973
1685570 972
1685580 970
1685590 970
1685600 969
1685610 968
1685620 967
1685630 967
1685640 966
1685650 966
1685660 965
1685670 964
1685680 964
1685690 963
1685700 963
1685710 962
1685720 960
1685730 959
1685740 958
1685750 958
1685760 957
1685770 957
1685780 956
1685790 954
1685800 951
1685810 949
1685820 947
1685830 945
1685840 943
1685850 941
1685860 939
1685870 937
1685880 934
1685890 932
1685900 930
1685910 927
1685920 925
1685930 923
1685940 921
1685950 919
1685960 916
1685970 913
1685980 909
1685990 905
1686000 900
1686010 896
1686020 893
1686030 891
1686040 889
1686050 888
1686060 886
1686070 884
1686080 882
1686090 880
1686100 878
1686110 876
1686120 874
1686130 872
1686140 871
1686150 869
1686160 868
1686170 867
1686180 867
1686190 865
1686200 864
1686210 862
1686220 861
1686230 861
1686240 861
1686250 860
1686260 859
1686270 857
1686280 856
1686290 854
1686300 852
1686310 850
1686320 848
1686330 848
1686340 848
1686350 848
1686360 847
1686370 847
1686380 847
1686390 847
1686400 846
1686410 846
1686420 846
1686430 845
1686440 845
1686450 844
1686460 844
1686470 844
1686480 844
1686490 844
1686500 843
1686510 843
1686520 843
1686530 843
1686540 842
1686550 842
1686560 842
1686570 843
1686580 843
1686590 844
1686600 845
1686610 845
1686620 847
1686630 848
1686640 850
1686650 852
1686660 853
1686670 855
1686680 858
1686690 859
1686700 861
1686710 861
1686720 861
1686730 861
1686740 862
1686750 862
1686760 862
1686770 862
1686780 862
1686790 863
1686800 863
1686810 864
1686820 864
1686830 865
1686840 865
1686850 865
1686860 864
1686870 864
1686880 864
1686890 864
1686900 865
1686910 866
1686920 867
1686930 867
1686940 867
1686950 868
1686960 869
1686970 872
1686980 874
1686990 876
1687000 878
1687010 879
1687020 880
1687030 881
1687040 881
1687050 882
1687060 882
1687070 882
1687080 882
1687090 883
1687100 884
1687110 884
1687120 885
1687130 885
1687140 885
1687150 886
1687160 886
1687170 887
1687180 887
1687190 886
1687200 886
1687210 884
1687220 883
1687230 882
1687240 882
1687250 882
1687260 881
1687270 881
1687280 881
1687290 881
1687300 881
1687310 881
1687320 882
1687330 882
1687340 882
1687350 881
1687360 882
1687370 883
1687380 885
1687390 886
1687400 885
1687410 885
1687420 884
1687430 884
1687440 885
1687450 885
1687460 885
1687470 885
1687480 884
1687490 884
1687500 883
1687510 882
1687520 882
1687530 881
1687540 879
1687550 878
1687560 877
1687570 876
1687580 875
1687590 875
1687600 874
1687610 874
1687620 873
1687630 871
1687640 868
1687650 866
1687660 863
1687670 861
1687680 858
1687690 856
1687700 855
1687710 854
1687720 853
1687730 852
1687740 850
1687750 849
1687760 847
1687770 845
1687780 843
1687790 842
1687800 841
1687810 839
1687820 838
1687830 837
1687840 836
1687850 836
1687860 835
1687870 835
1687880 835
1687890 835
1687900 836
1687910 836
1687920 837
1687930 837
1687940 838
1687950 838
1687960 839
1687970 840
1687980 840
1687990 841
1688000 842
1688010 843
1688020 844
1688030 845
1688040 846
1688050 847
1688060 849
1688070 850
1688080 852
1688090 854
1688100 856
1688110 858
1688120 859
1688130 861
1688140 863
1688150 865
1688160 867
1688170 869
1688180 871
1688190 873
1688200 876
1688210 878
1688220 880
1688230 882
1688240 883
1688250 885
1688260 886
1688270 888
1688280 889
1688290 891
1688300 892
1688310 894
1688320 895
1688330 896
1688340 898
1688350 899
1688360 900
1688370 901
1688380 902
1688390 903
1688400 904
1688410 905
1688420 905
1688430 906
1688440 906
1688450 906
1688460 907
1688470 907
1688480 908
1688490 908
1688500 909
1688510 910
1688520 911
1688530 911
1688540 912
1688550 913
1688560 915
1688570 916
1688580 918
1688590 921
1688600 923
1688610 925
1688620 928
1688630 930
1688640 931
1688650 932
1688660 933
1688670 934
1688680 936
1688690 938
1688700 941
1688710 943
1688720 945
1688730 947
1688740 949
1688750 951
1688760 953
1688770 955
1688780 957
1688790 958
1688800 960
1688810 962
1688820 965
1688830 967
1688840 969
1688850 972
1688860 974
1688870 976
1688880 978
1688890 981
1688900 983
1688910 985
1688920 987
1688930 989
1688940 991
1688950 993
1688960 995
1688970 996
1688980 998
1688990 1000
1689000 1002
1689010 1005
1689020 1007
1689030 1010
1689040 1012
1689050 1015
1689060 1017
1689070 1019
1689080 1021
1689090 1024
1689100 1026
1689110 1029
1689120 1032
1689130 1034
1689140 1037
1689150 1039
1689160 1042
1689170 1044
1689180 1047
1689190 1049
1689200 1052
1689210 1054
1689220 1057
1689230 1059
1689240 1061
1689250 1063
1689260 1065
1689270 1068
1689280 1069
1689290 1071
1689300 1073
1689310 1075
1689320 1077
1689330 1079
1689340 1080
1689350 1082
1689360 1083
1689370 1084
1689380 1084
1689390 1084
1689400 1083
1689410 1080
1689420 1078
1689430 1074
1689440 1072
1689450 1069
1689460 1066
1689470 1063
1689480 1060
1689490 1058
1689500 1055
1689510 1052
1689520 1050
1689530 1047
1689540 1045
1689550 1043
1689560 1040
1689570 1038
1689580 1036
1689590 1034
1689600 1031
1689610 1029
1689620 1027
1689630 1025
1689640 1023
1689650 1022
1689660 1020
1689670 1020
1689680 1020
1689690 1021
1689700 1021
1689710 1023
1689720 1025
1689730 1028
1689740 1030
1689750 1032
1689760 1033
1689770 1034
1689780 1034
1689790 1034
1689800 1035
1689810 1036
1689820 1038
1689830 1040
1689840 1042
1689850 1043
1689860 1045
1689870 1046
1689880 1047
1689890 1048
1689900 1050
1689910 1051
1689920 1052
1689930 1053
1689940 1054
1689950 1056
1689960 1057
1689970 1059
1689980 1060
1689990 1061
1690000 1062
1690010 1063
1690020 1064
1690030 1065
1690040 1066
1690050 1067
1690060 1069
1690070 1070
1690080 1072
1690090 1072
1690100 1072
1690110 1071
1690120 1070
1690130 1069
1690140 1068
1690150 1066
1690160 1065
1690170 1064
1690180 1063
1690190 1064
1690200 1065
1690210 1066
1690220 1067
1690230 1069
1690240 1071
1690250 1073
1690260 1076
1690270 1079
1690280 1082
1690290 1084
1690300 1087
1690310 1090
1690320 1093
1690330 1097
1690340 1101
1690350 1105
1690360 1109
1690370 1112
1690380 1115
1690390 1119
1690400 1122
1690410 1126
1690420 1129
1690430 1132
1690440 1135
1690450 1139
1690460 1142
1690470 1145
1690480 1148
1690490 1151
1690500 1155
1690510 1159
1690520 1163
1690530 1167
1690540 1170
1690550 1174
1690560 1177
1690570 1180
1690580 1183
1690590 1186
1690600 1189
1690610 1192
1690620 1194
1690630 1197
1690640 1199
1690650 1201
1690660 1203
1690670 1204
1690680 1206
1690690 1208
1690700 1210
1690710 1211
1690720 1213
1690730 1214
1690740 1216
1690750 1217
1690760 1218
1690770 1219
1690780 1220
1690790 1220
1690800 1220
1690810 1221
1690820 1221
1690830 1222
1690840 1223
1690850 1225
1690860 1227
1690870 1230
1690880 1234
1690890 1238
1690900 1241
1690910 1245
1690920 1249
1690930 1252
1690940 1257
1690950 1263
1690960 1269
1690970 1275
1690980 1280
1690990 1285
1691000 1291
1691010 1296
1691020 1300
1691030 1304
1691040 1307
1691050 1311
1691060 1315
1691070 1318
1691080 1322
1691090 1325
1691100 1329
1691110 1333
1691120 1336
1691130 1339
1691140 1343
1691150 1346
1691160 1349
1691170 1352
1691180 1355
1691190 1357
1691200 1360
1691210 1362
1691220 1365
1691230 1367
1691240 1369
1691250 1371
1691260 1372
1691270 1371
1691280 1371
1691290 1375
1691300 1379
1691310 1383
1691320 1387
1691330 1390
1691340 1394
1691350 1398
1691360 1401
1691370 1405
1691380 1409
1691390 1412
1691400 1416
1691410 1420
1691420 1424
1691430 1428
1691440 1433
1691450 1436
1691460 1440
1691470 1444
1691480 1448
1691490 1452
1691500 1455
1691510 1458
1691520 1461
1691530 1463
1691540 1464
1691550 1465
1691560 1465
1691570 1465
1691580 1465
1691590 1464
1691600 1464
1691610 1464
1691620 1464
1691630 1464
1691640 1465
1691650 1465
1691660 1466
1691670 1467
1691680 1468
1691690 1469
1691700 1469
1691710 1469
1691720 1469
1691730 1469
1691740 1469
1691750 1469
1691760 1468
1691770 1468
1691780 1469
1691790 1471
1691800 1472
1691810 1473
1691820 1475
1691830 1476
1691840 1478
1691850 1479
1691860 1480
1691870 1482
1691880 1482
1691890 1481
1691900 1477
1691910 1475
1691920 1474
1691930 1475
1691940 1479
1691950 1483
1691960 1487
1691970 1491
1691980 1496
1691990 1499
1692000 1501
1692010 1502
1692020 1503
1692030 1506
1692040 1509
1692050 1512
1692060 1516
1692070 1520
1692080 1523
1692090 1527
1692100 1530
1692110 1534
1692120 1538
1692130 1542
1692140 1546
1692150 1550
1692160 1554
1692170 1559
1692180 1563
1692190 1565
1692200 1563
1692210 1562
1692220 1562
1692230 1563
1692240 1565
1692250 1566
1692260 1562
1692270 1559
1692280 1556
1692290 1555
1692300 1555
1692310 1554
1692320 1554
1692330 1555
1692340 1555
1692350 1555
1692360 1554
1692370 1554
1692380 1553
1692390 1552
1692400 1551
1692410 1549
1692420 1548
1692430 1549
1692440 1551
1692450 1554
1692460 1556
1692470 1557
1692480 1560
1692490 1562
1692500 1563
1692510 1561
1692520 1561
1692530 1562
1692540 1565
1692550 1568
1692560 1571
1692570 1575
1692580 1578
1692590 1581
1692600 1583
1692610 1585
1692620 1585
1692630 1584
1692640 1583
1692650 1583
1692660 1581
1692670 1580
1692680 1578
1692690 1575
1692700 1573
1692710 1572
1692720 1573
1692730 1573
1692740 1573
1692750 1574
1692760 1575
1692770 1576
1692780 1576
1692790 1576
1692800 1576
1692810 1575
1692820 1575
1692830 1574
1692840 1570
1692850 1562
1692860 1553
1692870 1544
1692880 1538
1692890 1532
1692900 1523
1692910 1512
1692920 1499
1692930 1487
1692940 1480
1692950 1474
1692960 1471
1692970 1469
1692980 1467
1692990 1464
1693000 1461
1693010 1458
1693020 1454
1693030 1450
1693040 1447
1693050 1443
1693060 1439
1693070 1435
1693080 1431
1693090 1427
1693100 1424
1693110 1422
1693120 1420
1693130 1418
1693140 1417
1693150 1416
1693160 1414
1693170 1412
1693180 1410
1693190 1408
1693200 1407
1693210 1405
1693220 1404
1693230 1403
1693240 1402
1693250 1401
1693260 1400
1693270 1400
1693280 1400
1693290 1401
1693300 1403
1693310 1404
1693320 1406
1693330 1407
1693340 1408
1693350 1409
1693360 1410
1693370 1412
1693380 1413
1693390 1415
1693400 1416
1693410 1417
1693420 1420
1693430 1422
1693440 1424
1693450 1427
1693460 1430
1693470 1432
1693480 1435
1693490 1437
1693500 1439
1693510 1441
1693520 1443
1693530 1444
1693540 1446
1693550 1447
1693560 1448
1693570 1447
1693580 1446
1693590 1445
1693600 1444
1693610 1443
1693620 1442
1693630 1443
1693640 1445
1693650 1447
1693660 1450
1693670 1455
1693680 1459
1693690 1462
1693700 1465
1693710 1468
1693720 1471
1693730 1474
1693740 1477
1693750 1479
1693760 1481
1693770 1483
1693780 1484
1693790 1487
1693800 1489
1693810 1491
1693820 1493
1693830 1495
1693840 1498
1693850 1501
1693860 1504
1693870 1507
1693880 1510
1693890 1513
1693900 1516
1693910 1518
1693920 1521
1693930 1523
1693940 1526
1693950 1529
1693960 1533
1693970 1538
1693980 1542
1693990 1547
1694000 1551
1694010 1556
1694020 1560
1694030 1565
1694040 1570
1694050 1575
1694060 1583
1694070 1590
1694080 1598
1694090 1603
1694100 1609
1694110 1615
1694120 1621
1694130 1627
1694140 1633
1694150 1637
