1680000 886
1680010 886
1680020 885
1680030 884
1680040 882
1680050 880
1680060 878
1680070 876
1680080 874
1680090 871
1680100 869
1680110 866
1680120 864
1680130 862
1680140 861
1680150 859
1680160 858
1680170 856
1680180 854
1680190 851
1680200 849
1680210 847
1680220 844
1680230 842
1680240 840
1680250 838
1680260 836
1680270 834
1680280 832
1680290 829
1680300 827
1680310 825
1680320 822
1680330 819
1680340 816
1680350 813
1680360 811
1680370 810
1680380 809
1680390 810
1680400 811
1680410 812
1680420 814
1680430 814
1680440 815
1680450 816
1680460 817
1680470 818
1680480 818
1680490 819
1680500 820
1680510 821
1680520 821
1680530 821
1680540 822
1680550 822
1680560 821
1680570 821
1680580 821
1680590 821
1680600 820
1680610 820
1680620 820
1680630 820
1680640 820
1680650 820
1680660 819
1680670 818
1680680 817
1680690 816
1680700 814
1680710 812
1680720 810
1680730 808
1680740 805
1680750 804
1680760 802
1680770 802
1680780 801
1680790 801
1680800 801
1680810 801
1680820 802
1680830 803
1680840 803
1680850 803
1680860 803
1680870 802
1680880 803
1680890 803
1680900 803
1680910 803
1680920 804
1680930 804
1680940 805
1680950 805
1680960 805
1680970 806
1680980 806
1680990 806
1681000 806
1681010 807
1681020 808
1681030 809
1681040 809
1681050 809
1681060 810
1681070 810
1681080 810
1681090 810
1681100 811
1681110 811
1681120 811
1681130 812
1681140 812
1681150 812
1681160 812
1681170 813
1681180 813
1681190 814
1681200 814
1681210 816
1681220 816
1681230 817
1681240 818
1681250 819
1681260 820
1681270 821
1681280 821
1681290 822
1681300 822
1681310 822
1681320 823
1681330 823
1681340 824
1681350 824
1681360 824
1681370 825
1681380 825
1681390 825
1681400 826
1681410 826
1681420 827
1681430 827
1681440 828
1681450 828
1681460 828
1681470 828
1681480 828
1681490 829
1681500 829
1681510 829
1681520 830
1681530 830
1681540 830
1681550 831
1681560 831
1681570 832
1681580 832
1681590 832
1681600 832
1681610 832
1681620 832
1681630 833
1681640 833
1681650 833
1681660 833
1681670 833
1681680 833
1681690 833
1681700 833
1681710 834
1681720 834
1681730 833
1681740 833
1681750 832
1681760 830
1681770 827
1681780 824
1681790 821
1681800 819
1681810 818
1681820 816
1681830 814
1681840 811
1681850 809
1681860 808
1681870 807
1681880 806
1681890 804
1681900 803
1681910 803
1681920 802
1681930 801
1681940 799
1681950 798
1681960 795
1681970 793
1681980 791
1681990 788
1682000 786
1682010 784
1682020 782
1682030 781
1682040 779
1682050 778
1682060 777
1682070 775
1682080 773
1682090 772
1682100 771
1682110 769
1682120 767
1682130 766
1682140 765
1682150 764
1682160 763
1682170 763
1682180 762
1682190 761
1682200 760
1682210 760
1682220 759
1682230 758
1682240 757
1682250 756
1682260 755
1682270 753
1682280 751
1682290 748
1682300 745
1682310 743
1682320 740
1682330 737
1682340 732
1682350 728
1682360 725
1682370 721
1682380 719
1682390 717
1682400 717
1682410 717
1682420 719
1682430 721
1682440 722
1682450 724
1682460 725
1682470 726
1682480 727
1682490 728
1682500 730
1682510 731
1682520 733
1682530 734
1682540 737
1682550 739
1682560 742
1682570 744
1682580 747
1682590 749
1682600 750
1682610 752
1682620 755
1682630 755
1682640 754
1682650 753
1682660 752
1682670 750
1682680 749
1682690 747
1682700 746
1682710 744
1682720 742
1682730 739
1682740 735
1682750 732
1682760 728
1682770 725
1682780 722
1682790 719
1682800 717
1682810 717
1682820 717
1682830 717
1682840 717
1682850 717
1682860 716
1682870 714
1682880 712
1682890 709
1682900 706
1682910 704
1682920 701
1682930 698
1682940 695
1682950 692
1682960 691
1682970 690
1682980 690
1682990 690
1683000 690
1683010 691
1683020 691
1683030 693
1683040 695
1683050 700
1683060 705
1683070 707
1683080 708
1683090 709
1683100 711
1683110 711
1683120 711
1683130 712
1683140 712
1683150 712
1683160 712
1683170 712
1683180 713
1683190 713
1683200 713
1683210 713
1683220 714
1683230 714
1683240 715
1683250 715
1683260 715
1683270 716
1683280 716
1683290 718
1683300 720
1683310 722
1683320 723
1683330 723
1683340 723
1683350 723
1683360 722
1683370 721
1683380 723
1683390 725
1683400 727
1683410 728
1683420 730
1683430 731
1683440 731
1683450 731
1683460 732
1683470 735
1683480 737
1683490 739
1683500 738
1683510 737
1683520 737
1683530 739
1683540 742
1683550 745
1683560 747
1683570 749
1683580 751
1683590 753
1683600 754
1683610 754
1683620 754
1683630 752
1683640 752
1683650 752
1683660 754
1683670 757
1683680 760
1683690 761
1683700 762
1683710 762
1683720 762
1683730 762
1683740 764
1683750 766
1683760 767
1683770 767
1683780 767
1683790 765
1683800 762
1683810 760
1683820 759
1683830 758
1683840 758
1683850 757
1683860 756
1683870 756
1683880 756
1683890 755
1683900 758
1683910 761
1683920 764
1683930 766
1683940 766
1683950 766
1683960 767
1683970 767
1683980 768
1683990 768
1684000 769
1684010 769
1684020 769
1684030 769
1684040 769
1684050 770
1684060 771
1684070 771
1684080 772
1684090 772
1684100 772
1684110 773
1684120 775
1684130 777
1684140 778
1684150 779
1684160 781
1684170 782
1684180 783
1684190 784
1684200 785
1684210 786
1684220 787
1684230 787
1684240 787
1684250 786
1684260 786
1684270 786
1684280 786
1684290 787
1684300 789
1684310 790
1684320 791
1684330 791
1684340 791
1684350 791
1684360 791
1684370 792
1684380 791
1684390 791
1684400 792
1684410 793
1684420 793
1684430 793
1684440 792
1684450 793
1684460 792
1684470 789
1684480 789
1684490 790
1684500 792
1684510 794
1684520 795
1684530 796
1684540 797
1684550 798
1684560 799
1684570 799
1684580 799
1684590 798
1684600 799
1684610 800
1684620 802
1684630 803
1684640 804
1684650 804
1684660 805
1684670 805
1684680 804
1684690 804
1684700 803
1684710 802
1684720 802
1684730 803
1684740 804
1684750 805
1684760 805
1684770 806
1684780 807
1684790 808
1684800 810
1684810 811
1684820 811
1684830 812
1684840 812
1684850 813
1684860 813
1684870 813
1684880 813
1684890 813
1684900 813
1684910 813
1684920 813
1684930 813
1684940 813
1684950 813
1684960 812
1684970 813
1684980 814
1684990 815
1685000 816
1685010 816
1685020 816
1685030 817
1685040 817
1685050 818
1685060 818
1685070 819
1685080 819
1685090 819
1685100 819
1685110 818
1685120 818
1685130 817
1685140 818
1685150 818
1685160 818
1685170 817
1685180 817
1685190 816
1685200 816
1685210 817
1685220 817
1685230 817
1685240 817
1685250 818
1685260 819
1685270 819
1685280 819
1685290 820
1685300 820
1685310 820
1685320 820
1685330 820
1685340 820
1685350 820
1685360 820
1685370 820
1685380 821
1685390 821
1685400 821
1685410 821
1685420 821
1685430 821
1685440 821
1685450 821
1685460 821
1685470 821
1685480 821
1685490 821
1685500 821
1685510 821
1685520 821
1685530 822
1685540 822
1685550 823
1685560 823
1685570 823
1685580 822
1685590 822
1685600 822
1685610 823
1685620 823
1685630 824
1685640 825
1685650 825
1685660 826
1685670 826
1685680 826
1685690 826
1685700 826
1685710 826
1685720 825
1685730 825
1685740 825
1685750 824
1685760 824
1685770 824
1685780 824
1685790 824
1685800 824
1685810 824
1685820 824
1685830 823
1685840 823
1685850 823
1685860 822
1685870 822
1685880 820
1685890 819
1685900 818
1685910 818
1685920 818
1685930 819
1685940 819
1685950 820
1685960 820
1685970 820
1685980 820
1685990 821
1686000 821
1686010 822
1686020 823
1686030 823
1686040 824
1686050 825
1686060 826
1686070 826
1686080 827
1686090 828
1686100 829
1686110 830
1686120 831
1686130 831
1686140 831
1686150 831
1686160 831
1686170 831
1686180 830
1686190 830
1686200 830
1686210 830
1686220 830
1686230 830
1686240 829
1686250 827
1686260 825
1686270 823
1686280 821
1686290 819
1686300 817
1686310 815
1686320 813
1686330 811
1686340 809
1686350 808
1686360 807
1686370 806
1686380 806
1686390 806
1686400 805
1686410 804
1686420 804
1686430 803
1686440 803
1686450 803
1686460 803
1686470 802
1686480 801
1686490 800
1686500 799
1686510 799
1686520 799
1686530 800
1686540 800
1686550 800
1686560 800
1686570 800
1686580 799
1686590 799
1686600 799
1686610 798
1686620 798
1686630 798
1686640 798
1686650 798
1686660 799
1686670 799
1686680 800
1686690 801
1686700 801
1686710 802
1686720 802
1686730 803
1686740 803
1686750 804
1686760 805
1686770 806
1686780 807
1686790 807
1686800 808
1686810 808
1686820 807
1686830 807
1686840 807
1686850 808
1686860 809
1686870 810
1686880 811
1686890 811
1686900 811
1686910 811
1686920 811
1686930 811
1686940 811
1686950 811
1686960 811
1686970 811
1686980 811
1686990 811
1687000 811
1687010 812
1687020 812
1687030 812
1687040 812
1687050 813
1687060 813
1687070 813
1687080 814
1687090 815
1687100 817
1687110 817
1687120 817
1687130 816
1687140 816
1687150 816
1687160 817
1687170 817
1687180 817
1687190 817
1687200 818
1687210 819
1687220 819
1687230 819
1687240 820
1687250 821
1687260 822
1687270 822
1687280 823
1687290 824
1687300 825
1687310 825
1687320 826
1687330 827
1687340 827
1687350 827
1687360 827
1687370 826
1687380 826
1687390 827
1687400 827
1687410 826
1687420 826
1687430 826
1687440 826
1687450 826
1687460 826
1687470 827
1687480 827
1687490 827
1687500 828
1687510 828
1687520 828
1687530 828
1687540 828
1687550 827
1687560 827
1687570 826
1687580 825
1687590 824
1687600 823
1687610 823
1687620 823
1687630 823
1687640 823
1687650 823
1687660 823
1687670 824
1687680 824
1687690 825
1687700 826
1687710 827
1687720 828
1687730 828
1687740 829
1687750 830
1687760 831
1687770 832
1687780 833
1687790 834
1687800 834
1687810 834
1687820 834
1687830 835
1687840 835
1687850 835
1687860 835
1687870 835
1687880 836
1687890 836
1687900 837
1687910 837
1687920 838
1687930 838
1687940 838
1687950 839
1687960 839
1687970 840
1687980 839
1687990 839
1688000 839
1688010 839
1688020 839
1688030 839
1688040 840
1688050 842
1688060 843
1688070 846
1688080 847
1688090 849
1688100 850
1688110 851
1688120 852
1688130 853
1688140 853
1688150 854
1688160 855
1688170 857
1688180 858
1688190 859
1688200 860
1688210 861
1688220 862
1688230 863
1688240 864
1688250 864
1688260 864
1688270 863
1688280 863
1688290 863
1688300 864
1688310 866
1688320 869
1688330 872
1688340 874
1688350 876
1688360 879
1688370 880
1688380 882
1688390 884
1688400 886
1688410 888
1688420 889
1688430 891
1688440 892
1688450 893
1688460 895
1688470 897
1688480 898
1688490 899
1688500 900
1688510 900
1688520 900
1688530 901
1688540 901
1688550 901
1688560 902
1688570 902
1688580 902
1688590 902
1688600 901
1688610 900
1688620 900
1688630 899
1688640 899
1688650 900
1688660 900
1688670 901
1688680 901
1688690 901
1688700 901
1688710 900
1688720 900
1688730 901
1688740 902
1688750 904
1688760 905
1688770 906
1688780 908
1688790 909
1688800 910
1688810 911
1688820 912
1688830 914
1688840 915
1688850 916
1688860 917
1688870 918
1688880 918
1688890 919
1688900 921
1688910 922
1688920 923
1688930 924
1688940 926
1688950 928
1688960 929
1688970 931
1688980 932
1688990 933
1689000 935
1689010 937
1689020 939
1689030 941
1689040 942
1689050 944
1689060 945
1689070 947
1689080 949
1689090 951
1689100 953
1689110 955
1689120 957
1689130 959
1689140 961
1689150 963
1689160 965
1689170 968
1689180 970
1689190 973
1689200 975
1689210 978
1689220 980
1689230 983
1689240 985
1689250 987
1689260 988
1689270 990
1689280 991
1689290 993
1689300 993
1689310 994
1689320 994
1689330 993
1689340 993
1689350 991
1689360 990
1689370 987
1689380 985
1689390 982
1689400 979
1689410 976
1689420 974
1689430 971
1689440 970
1689450 969
1689460 967
1689470 966
1689480 966
1689490 966
1689500 966
1689510 966
1689520 965
1689530 965
1689540 965
1689550 964
1689560 964
1689570 963
1689580 963
1689590 962
1689600 961
1689610 960
1689620 960
1689630 960
1689640 960
1689650 961
1689660 963
1689670 967
1689680 971
1689690 975
1689700 979
1689710 983
1689720 986
1689730 989
1689740 991
1689750 993
1689760 995
1689770 997
1689780 997
1689790 995
1689800 993
1689810 990
1689820 986
1689830 983
1689840 980
1689850 977
1689860 975
1689870 974
1689880 974
1689890 973
1689900 975
1689910 976
1689920 977
1689930 980
1689940 983
1689950 986
1689960 990
1689970 993
1689980 997
1689990 1000
1690000 1003
1690010 1006
1690020 1008
1690030 1011
1690040 1014
1690050 1018
1690060 1021
1690070 1023
1690080 1026
1690090 1028
1690100 1031
1690110 1034
1690120 1036
1690130 1038
1690140 1041
1690150 1043
1690160 1046
1690170 1049
1690180 1052
1690190 1055
1690200 1057
1690210 1059
1690220 1061
1690230 1062
1690240 1063
1690250 1064
1690260 1065
1690270 1064
1690280 1062
1690290 1060
1690300 1059
1690310 1060
1690320 1062
1690330 1064
1690340 1066
1690350 1067
1690360 1068
1690370 1068
1690380 1069
1690390 1069
1690400 1070
1690410 1072
1690420 1073
1690430 1075
1690440 1076
1690450 1078
1690460 1079
1690470 1080
1690480 1081
1690490 1081
1690500 1082
1690510 1084
1690520 1085
1690530 1087
1690540 1089
1690550 1091
1690560 1093
1690570 1095
1690580 1097
1690590 1100
1690600 1103
1690610 1106
1690620 1109
1690630 1111
1690640 1114
1690650 1116
1690660 1118
1690670 1120
1690680 1122
1690690 1123
1690700 1124
1690710 1124
1690720 1125
1690730 1126
1690740 1127
1690750 1129
1690760 1131
1690770 1133
1690780 1135
1690790 1136
1690800 1138
1690810 1139
1690820 1141
1690830 1142
1690840 1144
1690850 1145
1690860 1146
1690870 1148
1690880 1149
1690890 1150
1690900 1151
1690910 1150
1690920 1150
1690930 1150
1690940 1152
1690950 1154
1690960 1157
1690970 1160
1690980 1162
1690990 1165
1691000 1168
1691010 1171
1691020 1174
1691030 1177
1691040 1180
1691050 1183
1691060 1186
1691070 1189
1691080 1193
1691090 1196
1691100 1199
1691110 1202
1691120 1205
1691130 1207
1691140 1210
1691150 1213
1691160 1216
1691170 1218
1691180 1220
1691190 1222
1691200 1224
1691210 1225
1691220 1227
1691230 1229
1691240 1230
1691250 1232
1691260 1234
1691270 1236
1691280 1238
1691290 1239
1691300 1241
1691310 1243
1691320 1246
1691330 1248
1691340 1251
1691350 1253
1691360 1257
1691370 1260
1691380 1261
1691390 1262
1691400 1263
1691410 1264
1691420 1266
1691430 1266
1691440 1266
1691450 1267
1691460 1267
1691470 1267
1691480 1267
1691490 1267
1691500 1267
1691510 1267
1691520 1266
1691530 1266
1691540 1267
1691550 1267
1691560 1268
1691570 1269
1691580 1270
1691590 1271
1691600 1272
1691610 1274
1691620 1275
1691630 1277
1691640 1279
1691650 1282
1691660 1284
1691670 1282
1691680 1279
1691690 1274
1691700 1273
1691710 1274
1691720 1277
1691730 1278
1691740 1277
1691750 1276
1691760 1278
1691770 1280
1691780 1285
1691790 1288
1691800 1291
1691810 1293
1691820 1296
1691830 1299
1691840 1301
1691850 1302
1691860 1305
1691870 1308
1691880 1312
1691890 1315
1691900 1317
1691910 1320
1691920 1323
1691930 1325
1691940 1327
1691950 1329
1691960 1331
1691970 1333
1691980 1335
1691990 1336
1692000 1336
1692010 1337
1692020 1338
1692030 1340
1692040 1341
1692050 1342
1692060 1343
1692070 1342
1692080 1342
1692090 1345
1692100 1348
1692110 1350
1692120 1352
1692130 1353
1692140 1355
1692150 1356
1692160 1357
1692170 1357
1692180 1357
1692190 1356
1692200 1355
1692210 1355
1692220 1353
1692230 1352
1692240 1350
1692250 1349
1692260 1349
1692270 1350
1692280 1351
1692290 1353
1692300 1354
1692310 1355
1692320 1355
1692330 1356
1692340 1358
1692350 1360
1692360 1362
1692370 1364
1692380 1366
1692390 1369
1692400 1372
1692410 1375
1692420 1378
1692430 1381
1692440 1383
1692450 1386
1692460 1389
1692470 1392
1692480 1394
1692490 1397
1692500 1399
1692510 1401
1692520 1403
1692530 1405
1692540 1406
1692550 1406
1692560 1407
1692570 1406
1692580 1406
1692590 1405
1692600 1404
1692610 1403
1692620 1402
1692630 1400
1692640 1399
1692650 1397
1692660 1394
1692670 1392
1692680 1391
1692690 1389
1692700 1388
1692710 1387
1692720 1387
1692730 1387
1692740 1388
1692750 1389
1692760 1391
1692770 1393
1692780 1396
1692790 1399
1692800 1402
1692810 1404
1692820 1407
1692830 1410
1692840 1412
1692850 1415
1692860 1417
1692870 1418
1692880 1420
1692890 1420
1692900 1420
1692910 1417
1692920 1411
1692930 1404
1692940 1397
1692950 1391
1692960 1385
1692970 1378
1692980 1373
1692990 1367
1693000 1362
1693010 1357
1693020 1351
1693030 1346
1693040 1341
1693050 1335
1693060 1330
1693070 1325
1693080 1320
1693090 1315
1693100 1310
1693110 1306
1693120 1302
1693130 1298
1693140 1293
1693150 1289
1693160 1285
1693170 1281
1693180 1277
1693190 1273
1693200 1269
1693210 1266
1693220 1264
1693230 1262
1693240 1261
1693250 1260
1693260 1260
1693270 1260
1693280 1260
1693290 1260
1693300 1260
1693310 1259
1693320 1259
1693330 1258
1693340 1257
1693350 1256
1693360 1256
1693370 1257
1693380 1258
1693390 1260
1693400 1261
1693410 1263
1693420 1265
1693430 1267
1693440 1268
1693450 1270
1693460 1271
1693470 1272
1693480 1273
1693490 1274
1693500 1275
1693510 1276
1693520 1277
1693530 1278
1693540 1279
1693550 1280
1693560 1282
1693570 1283
1693580 1285
1693590 1286
1693600 1288
1693610 1290
1693620 1291
1693630 1293
1693640 1294
1693650 1296
1693660 1298
1693670 1301
1693680 1304
1693690 1308
1693700 1311
1693710 1315
1693720 1318
1693730 1322
1693740 1325
1693750 1328
1693760 1331
1693770 1335
1693780 1339
1693790 1342
1693800 1345
1693810 1348
1693820 1350
1693830 1352
1693840 1355
1693850 1359
1693860 1363
1693870 1368
1693880 1372
1693890 1376
1693900 1381
1693910 1385
1693920 1389
1693930 1393
1693940 1397
1693950 1401
1693960 1405
1693970 1408
1693980 1412
1693990 1415
1694000 1418
1694010 1421
1694020 1424
1694030 1427
1694040 1430
1694050 1434
1694060 1437
1694070 1441
1694080 1445
1694090 1449
1694100 1453
1694110 1457
1694120 1461
1694130 1465
1694140 1469
1694150 1474
1694160 1477
1694170 1479
1694180 1481
1694190 1483
1694200 1484
1694210 1485
1694220 1487
1694230 1488
1694240 1489
1694250 1490
1694260 1491
1694270 1493
1694280 1494
1694290 1495
1694300 1497
1694310 1498
1694320 1500
1694330 1502
1694340 1504
1694350 1506
1694360 1508
1694370 1510
1694380 1512
1694390 1513
1694400 1514
1697020 1204
1697030 1203
1697040 1200
1697050 1197
1697060 1194
1697070 1192
1697080 1190
1697090 1187
1697100 1185
1697110 1182
1697120 1179
1697130 1177
1697140 1174
1697150 1172
1697160 1169
1697170 1166
1697180 1164
1697190 1162
1697200 1161
1697210 1159
1697220 1157
1697230 1155
1697240 1154
1697250 1153
1697260 1152
1697270 1151
1697280 1150
1697290 1149
1697300 1148
1697310 1147
1697320 1147
1697330 1146
1697340 1145
1697350 1144
1697360 1143
1697370 1142
1697380 1141
1697390 1140
1697400 1138
1697410 1137
1697420 1136
1697430 1135
1697440 1134
1697450 1132
1697460 1131
1697470 1128
1697480 1126
1697490 1125
1697500 1125
1697510 1123
1697520 1122
1697530 1120
1697540 1118
1697550 1117
1697560 1115
1697570 1114
1697580 1112
1697590 1109
1697600 1104
1697610 1095
1697620 1086
1697630 1079
1697640 1074
1697650 1070
1697660 1068
1697670 1067
1697680 1067
1697690 1068
1697700 1068
1697710 1065
1697720 1057
1697730 1048
1697740 1042
1697750 1037
1697760 1037
1697770 1037
1697780 1036
1697790 1034
1697800 1033
1697810 1033
1697820 1032
1697830 1031
1697840 1031
1697850 1032
1697860 1033
1697870 1031
1697880 1032
1697890 1032
1697900 1033
1697910 1033
1697920 1032
1697930 1032
1697940 1031
1697950 1030
1697960 1029
1697970 1028
1697980 1028
1697990 1027
1698000 1025
1698010 1024
1698020 1022
1698030 1021
1698040 1020
1698050 1019
1698060 1020
1698070 1020
1698080 1020
1698090 1020
1698100 1020
1698110 1019
1698120 1019
1698130 1017
1698140 1016
1698150 1014
1698160 1012
1698170 1011
1698180 1010
1698190 1009
1698200 1009
1698210 1009
1698220 1009
1698230 1010
1698240 1010
1698250 1010
1698260 1009
1698270 1008
