1680000 885
1680010 883
1680020 882
1680030 880
1680040 879
1680050 877
1680060 875
1680070 872
1680080 870
1680090 868
1680100 866
1680110 863
1680120 861
1680130 859
1680140 857
1680150 855
1680160 854
1680170 852
1680180 851
1680190 850
1680200 849
1680210 847
1680220 846
1680230 844
1680240 842
1680250 842
1680260 843
1680270 844
1680280 844
1680290 843
1680300 841
1680310 839
1680320 839
1680330 839
1680340 839
1680350 840
1680360 843
1680370 846
1680380 849
1680390 850
1680400 851
1680410 853
1680420 854
1680430 855
1680440 856
1680450 857
1680460 858
1680470 859
1680480 860
1680490 861
1680500 862
1680510 862
1680520 863
1680530 863
1680540 863
1680550 864
1680560 863
1680570 863
1680580 863
1680590 862
1680600 861
1680610 860
1680620 859
1680630 857
1680640 855
1680650 854
1680660 851
1680670 849
1680680 847
1680690 845
1680700 845
1680710 845
1680720 844
1680730 843
1680740 842
1680750 842
1680760 841
1680770 841
1680780 840
1680790 840
1680800 841
1680810 840
1680820 840
1680830 841
1680840 841
1680850 842
1680860 842
1680870 842
1680880 842
1680890 842
1680900 843
1680910 843
1680920 843
1680930 844
1680940 844
1680950 844
1680960 844
1680970 844
1680980 844
1680990 844
1681000 844
1681010 844
1681020 844
1681030 845
1681040 846
1681050 846
1681060 847
1681070 848
1681080 848
1681090 849
1681100 850
1681110 851
1681120 852
1681130 853
1681140 853
1681150 854
1681160 854
1681170 854
1681180 854
1681190 855
1681200 855
1681210 856
1681220 857
1681230 857
1681240 858
1681250 859
1681260 859
1681270 859
1681280 860
1681290 860
1681300 861
1681310 861
1681320 862
1681330 862
1681340 862
1681350 862
1681360 862
1681370 862
1681380 862
1681390 861
1681400 861
1681410 860
1681420 860
1681430 860
1681440 861
1681450 861
1681460 861
1681470 861
1681480 861
1681490 862
1681500 862
1681510 862
1681520 863
1681530 863
1681540 863
1681550 863
1681560 863
1681570 863
1681580 863
1681590 862
1681600 862
1681610 861
1681620 861
1681630 860
1681640 859
1681650 858
1681660 857
1681670 855
1681680 854
1681690 853
1681700 852
1681710 850
1681720 848
1681730 845
1681740 842
1681750 838
1681760 834
1681770 831
1681780 828
1681790 825
1681800 824
1681810 822
1681820 821
1681830 819
1681840 817
1681850 815
1681860 813
1681870 810
1681880 808
1681890 806
1681900 804
1681910 802
1681920 800
1681930 799
1681940 797
1681950 796
1681960 795
1681970 793
1681980 792
1681990 790
1682000 787
1682010 785
1682020 782
1682030 780
1682040 778
1682050 775
1682060 773
1682070 771
1682080 769
1682090 767
1682100 766
1682110 764
1682120 763
1682130 761
1682140 759
1682150 758
1682160 757
1682170 758
1682180 759
1682190 760
1682200 761
1682210 761
1682220 760
1682230 758
1682240 756
1682250 753
1682260 750
1682270 747
1682280 746
1682290 747
1682300 749
1682310 752
1682320 755
1682330 757
1682340 758
1682350 759
1682360 760
1682370 761
1682380 761
1682390 762
1682400 763
1682410 763
1682420 764
1682430 764
1682440 765
1682450 766
1682460 766
1682470 766
1682480 766
1682490 766
1682500 767
1682510 767
1682520 767
1682530 768
1682540 768
1682550 768
1682560 768
1682570 768
1682580 768
1682590 768
1682600 767
1682610 767
1682620 766
1682630 765
1682640 764
1682650 763
1682660 762
1682670 761
1682680 759
1682690 758
1682700 756
1682710 754
1682720 752
1682730 751
1682740 750
1682750 749
1682760 748
1682770 748
1682780 747
1682790 746
1682800 746
1682810 745
1682820 745
1682830 744
1682840 743
1682850 741
1682860 740
1682870 738
1682880 737
1682890 735
1682900 733
1682910 732
1682920 730
1682930 727
1682940 724
1682950 722
1682960 719
1682970 716
1682980 714
1682990 712
1683000 710
1683010 708
1683020 706
1683030 704
1683040 703
1683050 702
1683060 702
1683070 701
1683080 700
1683090 698
1683100 696
1683110 695
1683120 695
1683130 696
1683140 696
1683150 696
1683160 696
1683170 696
1683180 696
1683190 696
1683200 697
1683210 697
1683220 698
1683230 699
1683240 700
1683250 700
1683260 701
1683270 702
1683280 703
1683290 704
1683300 705
1683310 707
1683320 710
1683330 713
1683340 715
1683350 717
1683360 719
1683370 720
1683380 721
1683390 721
1683400 721
1683410 719
1683420 716
1683430 712
1683440 710
1683450 708
1683460 706
1683470 705
1683480 704
1683490 703
1683500 703
1683510 703
1683520 702
1683530 703
1683540 703
1683550 703
1683560 704
1683570 705
1683580 706
1683590 706
1683600 707
1683610 708
1683620 708
1683630 708
1683640 709
1683650 710
1683660 710
1683670 711
1683680 711
1683690 711
1683700 711
1683710 712
1683720 713
1683730 713
1683740 712
1683750 712
1683760 711
1683770 710
1683780 710
1683790 710
1683800 710
1683810 710
1683820 710
1683830 710
1683840 711
1683850 711
1683860 712
1683870 713
1683880 713
1683890 715
1683900 717
1683910 719
1683920 719
1683930 718
1683940 718
1683950 720
1683960 721
1683970 723
1683980 726
1683990 728
1684000 730
1684010 730
1684020 730
1684030 731
1684040 732
1684050 734
1684060 736
1684070 738
1684080 740
1684090 740
1684100 739
1684110 738
1684120 737
1684130 737
1684140 738
1684150 740
1684160 743
1684170 744
1684180 744
1684190 743
1684200 743
1684210 744
1684220 745
1684230 746
1684240 747
1684250 749
1684260 750
1684270 750
1684280 750
1684290 750
1684300 750
1684310 749
1684320 751
1684330 753
1684340 755
1684350 756
1684360 757
1684370 757
1684380 757
1684390 757
1684400 757
1684410 757
1684420 756
1684430 754
1684440 754
1684450 753
1684460 754
1684470 756
1684480 758
1684490 760
1684500 761
1684510 762
1684520 762
1684530 763
1684540 763
1684550 763
1684560 763
1684570 764
1684580 765
1684590 766
1684600 766
1684610 766
1684620 766
1684630 766
1684640 767
1684650 767
1684660 767
1684670 767
1684680 766
1684690 765
1684700 764
1684710 763
1684720 763
1684730 763
1684740 764
1684750 764
1684760 765
1684770 765
1684780 766
1684790 766
1684800 766
1684810 766
1684820 766
1684830 767
1684840 767
1684850 768
1684860 768
1684870 769
1684880 770
1684890 770
1684900 770
1684910 770
1684920 770
1684930 769
1684940 770
1684950 771
1684960 771
1684970 770
1684980 770
1684990 771
1685000 771
1685010 770
1685020 771
1685030 772
1685040 772
1685050 772
1685060 772
1685070 773
1685080 772
1685090 772
1685100 772
1685110 772
1685120 772
1685130 772
1685140 773
1685150 774
1685160 774
1685170 774
1685180 775
1685190 775
1685200 775
1685210 775
1685220 774
1685230 775
1685240 777
1685250 779
1685260 779
1685270 780
1685280 781
1685290 781
1685300 781
1685310 781
1685320 779
1685330 780
1685340 781
1685350 783
1685360 784
1685370 785
1685380 785
1685390 785
1685400 785
1685410 785
1685420 785
1685430 785
1685440 786
1685450 786
1685460 785
1685470 785
1685480 784
1685490 783
1685500 783
1685510 783
1685520 784
1685530 783
1685540 783
1685550 783
1685560 783
1685570 783
1685580 783
1685590 783
1685600 782
1685610 782
1685620 781
1685630 780
1685640 780
1685650 779
1685660 778
1685670 777
1685680 776
1685690 775
1685700 775
1685710 774
1685720 774
1685730 774
1685740 774
1685750 774
1685760 774
1685770 774
1685780 773
1685790 773
1685800 773
1685810 773
1685820 773
1685830 774
1685840 775
1685850 776
1685860 778
1685870 779
1685880 780
1685890 780
1685900 781
1685910 781
1685920 781
1685930 781
1685940 782
1685950 783
1685960 784
1685970 784
1685980 785
1685990 786
1686000 786
1686010 787
1686020 788
1686030 789
1686040 790
1686050 791
1686060 792
1686070 792
1686080 793
1686090 793
1686100 794
1686110 795
1686120 795
1686130 796
1686140 795
1686150 796
1686160 796
1686170 797
1686180 798
1686190 799
1686200 800
1686210 802
1686220 803
1686230 804
1686240 805
1686250 806
1686260 808
1686270 809
1686280 810
1686290 811
1686300 811
1686310 811
1686320 810
1686330 810
1686340 810
1686350 810
1686360 810
1686370 810
1686380 810
1686390 810
1686400 810
1686410 810
1686420 810
1686430 811
1686440 810
1686450 810
1686460 809
1686470 809
1686480 808
1686490 807
1686500 806
1686510 804
1686520 802
1686530 799
1686540 795
1686550 793
1686560 792
1686570 792
1686580 794
1686590 796
1686600 798
1686610 799
1686620 801
1686630 804
1686640 807
1686650 808
1686660 809
1686670 809
1686680 810
1686690 811
1686700 812
1686710 813
1686720 813
1686730 813
1686740 813
1686750 813
1686760 813
1686770 813
1686780 813
1686790 814
1686800 814
1686810 815
1686820 815
1686830 816
1686840 816
1686850 815
1686860 814
1686870 814
1686880 813
1686890 814
1686900 814
1686910 814
1686920 814
1686930 814
1686940 814
1686950 815
1686960 815
1686970 815
1686980 815
1686990 816
1687000 816
1687010 816
1687020 817
1687030 817
1687040 817
1687050 817
1687060 818
1687070 818
1687080 818
1687090 818
1687100 819
1687110 819
1687120 820
1687130 821
1687140 822
1687150 823
1687160 824
1687170 825
1687180 825
1687190 826
1687200 826
1687210 827
1687220 828
1687230 829
1687240 830
1687250 830
1687260 830
1687270 830
1687280 830
1687290 829
1687300 829
1687310 829
1687320 828
1687330 828
1687340 828
1687350 828
1687360 829
1687370 829
1687380 830
1687390 830
1687400 831
1687410 831
1687420 832
1687430 832
1687440 833
1687450 832
1687460 833
1687470 833
1687480 833
1687490 833
1687500 834
1687510 834
1687520 835
1687530 835
1687540 835
1687550 835
1687560 835
1687570 835
1687580 835
1687590 835
1687600 835
1687610 835
1687620 835
1687630 835
1687640 835
1687650 835
1687660 835
1687670 836
1687680 836
1687690 837
1687700 837
1687710 838
1687720 839
1687730 840
1687740 840
1687750 841
1687760 841
1687770 842
1687780 842
1687790 843
1687800 844
1687810 846
1687820 846
1687830 846
1687840 847
1687850 847
1687860 847
1687870 849
1687880 851
1687890 853
1687900 855
1687910 857
1687920 859
1687930 860
1687940 861
1687950 862
1687960 863
1687970 863
1687980 864
1687990 865
1688000 865
1688010 866
1688020 866
1688030 866
1688040 866
1688050 866
1688060 866
1688070 866
1688080 865
1688090 864
1688100 864
1688110 863
1688120 863
1688130 862
1688140 861
1688150 860
1688160 859
1688170 858
1688180 856
1688190 855
1688200 854
1688210 853
1688220 853
1688230 854
1688240 855
1688250 857
1688260 859
1688270 861
1688280 861
1688290 862
1688300 862
1688310 863
1688320 865
1688330 867
1688340 868
1688350 870
1688360 871
1688370 872
1688380 873
1688390 874
1688400 877
1688410 879
1688420 881
1688430 884
1688440 886
1688450 889
1688460 891
1688470 892
1688480 894
1688490 895
1688500 896
1688510 896
1688520 897
1688530 898
1688540 898
1688550 898
1688560 898
1688570 898
1688580 897
1688590 896
1688600 895
1688610 894
1688620 893
1688630 891
1688640 890
1688650 890
1688660 890
1688670 891
1688680 891
1688690 891
1688700 889
1688710 889
1688720 888
1688730 888
1688740 889
1688750 890
1688760 891
1688770 893
1688780 894
1688790 896
1688800 898
1688810 899
1688820 901
1688830 902
1688840 904
1688850 906
1688860 907
1688870 909
1688880 911
1688890 912
1688900 914
1688910 916
1688920 918
1688930 919
1688940 921
1688950 923
1688960 925
1688970 926
1688980 928
1688990 930
1689000 931
1689010 933
1689020 935
1689030 937
1689040 938
1689050 940
1689060 941
1689070 942
1689080 944
1689090 945
1689100 946
1689110 947
1689120 948
1689130 949
1689140 950
1689150 951
1689160 951
1689170 952
1689180 953
1689190 953
1689200 954
1689210 954
1689220 955
1689230 957
1689240 959
1689250 960
1689260 962
1689270 963
1689280 964
1689290 964
1689300 964
1689310 964
1689320 963
1689330 962
1689340 961
1689350 961
1689360 960
1689370 960
1689380 960
1689390 959
1689400 957
1689410 956
1689420 955
1689430 954
1689440 953
1689450 951
1689460 950
1689470 947
1689480 944
1689490 941
1689500 941
1689510 940
1689520 941
1689530 941
1689540 943
1689550 945
1689560 948
1689570 952
1689580 956
1689590 960
1689600 964
1689610 968
1689620 971
1689630 974
1689640 977
1689650 979
1689660 982
1689670 984
1689680 985
1689690 986
1689700 987
1689710 987
1689720 986
1689730 984
1689740 982
1689750 978
1689760 974
1689770 970
1689780 967
1689790 963
1689800 960
1689810 958
1689820 957
1689830 957
1689840 957
1689850 957
1689860 958
1689870 960
1689880 963
1689890 965
1689900 966
1689910 968
1689920 970
1689930 973
1689940 975
1689950 977
1689960 979
1689970 982
1689980 984
1689990 986
1690000 989
1690010 991
1690020 994
1690030 996
1690040 998
1690050 998
1690060 999
1690070 999
1690080 1000
1690090 1001
1690100 1001
1690110 1002
1690120 1003
1690130 1004
1690140 1005
1690150 1006
1690160 1007
1690170 1007
1690180 1008
1690190 1010
1690200 1011
1690210 1012
1690220 1012
1690230 1013
1690240 1012
1690250 1011
1690260 1011
1690270 1012
1690280 1015
1690290 1018
1690300 1021
1690310 1024
1690320 1027
1690330 1029
1690340 1031
1690350 1034
1690360 1036
1690370 1038
1690380 1039
1690390 1041
1690400 1042
1690410 1043
1690420 1045
1690430 1046
1690440 1048
1690450 1050
1690460 1052
1690470 1055
1690480 1057
1690490 1059
1690500 1060
1690510 1062
1690520 1062
1690530 1064
1690540 1066
1690550 1068
1690560 1070
1690570 1071
1690580 1072
1690590 1074
1690600 1075
1690610 1076
1690620 1077
1690630 1078
1690640 1079
1690650 1080
1690660 1081
1690670 1083
1690680 1085
1690690 1087
1690700 1088
1690710 1090
1690720 1091
1690730 1093
1690740 1094
1690750 1095
1690760 1097
1690770 1098
1690780 1099
1690790 1100
1690800 1101
1690810 1102
1690820 1102
1690830 1102
1690840 1101
1690850 1099
1690860 1098
1690870 1098
1690880 1098
1690890 1099
1690900 1098
1690910 1097
1690920 1096
1690930 1097
1690940 1099
1690950 1101
1690960 1104
1690970 1106
1690980 1108
1690990 1109
1691000 1111
1691010 1111
1691020 1113
1691030 1114
1691040 1117
1691050 1120
1691060 1124
1691070 1128
1691080 1131
1691090 1133
1691100 1135
1691110 1136
1691120 1136
1691130 1136
1691140 1136
1691150 1136
1691160 1137
1691170 1138
1691180 1138
1691190 1139
1691200 1143
1691210 1144
1691220 1144
1691230 1147
1691240 1150
1691250 1153
1691260 1155
1691270 1159
1691280 1163
1691290 1167
1691300 1170
1691310 1172
1691320 1175
1691330 1177
1691340 1179
1691350 1181
1691360 1182
1691370 1184
1691380 1185
1691390 1186
1691400 1187
1691410 1188
1691420 1188
1691430 1189
1691440 1190
1691450 1190
1691460 1191
1691470 1191
1691480 1191
1691490 1191
1691500 1191
1691510 1192
1691520 1193
1691530 1194
1691540 1195
1691550 1196
1691560 1197
1691570 1198
1691580 1199
1691590 1201
1691600 1201
1691610 1202
1691620 1204
1691630 1206
1691640 1207
1691650 1207
1691660 1208
1691670 1205
1691680 1200
1691690 1202
1691700 1205
1691710 1210
1691720 1212
1691730 1213
1691740 1215
1691750 1216
1691760 1218
1691770 1219
1691780 1220
1691790 1221
1691800 1223
1691810 1225
1691820 1226
1691830 1228
1691840 1229
1691850 1230
1691860 1232
1691870 1233
1691880 1235
1691890 1236
1691900 1238
1691910 1240
1691920 1241
1691930 1243
1691940 1244
1691950 1246
1691960 1249
1691970 1251
1691980 1254
1691990 1256
1692000 1257
1692010 1258
1692020 1258
1692030 1260
1692040 1263
1692050 1266
1692060 1268
1692070 1271
1692080 1274
1692090 1276
1692100 1278
1692110 1278
1692120 1277
1692130 1277
1692140 1277
1692150 1277
1692160 1277
1692170 1277
1692180 1276
1692190 1276
1692200 1277
1692210 1278
1692220 1280
1692230 1281
1692240 1281
1692250 1282
1692260 1285
1692270 1288
1692280 1290
1692290 1293
1692300 1295
1692310 1297
1692320 1299
1692330 1302
1692340 1305
1692350 1307
1692360 1310
1692370 1312
1692380 1314
1692390 1317
1692400 1320
1692410 1323
1692420 1325
1692430 1327
1692440 1330
1692450 1332
1692460 1335
1692470 1337
1692480 1338
1692490 1339
1692500 1341
1692510 1342
1692520 1343
1692530 1343
1692540 1344
1692550 1345
1692560 1345
1692570 1344
1692580 1342
1692590 1340
1692600 1338
1692610 1337
1692620 1335
1692630 1333
1692640 1331
1692650 1328
1692660 1326
1692670 1325
1692680 1326
1692690 1327
1692700 1329
1692710 1329
1692720 1329
1692730 1330
1692740 1331
1692750 1333
1692760 1336
1692770 1338
1692780 1340
1692790 1342
1692800 1343
1692810 1344
1692820 1344
1692830 1345
1692840 1345
1692850 1346
1692860 1347
1692870 1348
1692880 1349
1692890 1349
1692900 1349
1692910 1348
1692920 1348
1692930 1348
1692940 1347
1692950 1347
1692960 1346
1692970 1345
1692980 1345
1692990 1344
1693000 1342
1693010 1339
1693020 1336
1693030 1333
1693040 1330
1693050 1327
1693060 1325
1693070 1322
1693080 1319
1693090 1314
1693100 1307
1693110 1300
1693120 1295
1693130 1290
1693140 1286
1693150 1278
1693160 1271
1693170 1264
1693180 1257
1693190 1250
1693200 1242
1693210 1235
1693220 1230
1693230 1225
1693240 1222
1693250 1220
1693260 1220
1693270 1220
1693280 1220
1693290 1219
1693300 1219
1693310 1219
1693320 1219
1693330 1219
1693340 1219
1693350 1218
1693360 1219
1693370 1220
1693380 1221
1693390 1222
1693400 1223
1693410 1224
1693420 1224
1693430 1224
1693440 1224
1693450 1225
1693460 1226
1693470 1227
1693480 1228
1693490 1228
1693500 1228
1693510 1228
1693520 1230
1693530 1232
1693540 1234
1693550 1236
1693560 1237
1693570 1238
1693580 1238
1693590 1238
1693600 1239
1693610 1239
1693620 1240
1693630 1241
1693640 1243
1693650 1245
1693660 1247
1693670 1248
1693680 1251
1693690 1255
1693700 1259
1693710 1264
1693720 1268
1693730 1272
1693740 1277
1693750 1281
1693760 1286
1693770 1290
1693780 1294
1693790 1297
1693800 1301
1693810 1305
1693820 1309
1693830 1313
1693840 1317
1693850 1321
1693860 1325
1693870 1330
1693880 1335
1693890 1339
1693900 1343
1693910 1348
1693920 1352
1693930 1356
1693940 1361
1693950 1365
1693960 1369
1693970 1373
1693980 1378
1693990 1382
1694000 1386
1694010 1390
1694020 1393
1694030 1397
1694040 1400
1694050 1401
1694060 1403
1694070 1404
1694080 1405
1694090 1406
1694100 1407
1694110 1408
1694120 1408
1694130 1409
1694140 1410
1694150 1410
1694160 1411
1694170 1412
1694180 1413
1694190 1413
1694200 1414
1694210 1414
1694220 1415
1694230 1416
1694240 1417
1694250 1418
1694260 1420
1694270 1421
1694280 1423
1694290 1426
1694300 1429
1694310 1432
1694320 1435
1694330 1438
1694340 1441
1694350 1445
1694360 1448
1694370 1450
1694380 1453
1694390 1456
1694400 1458
1694410 1459
1694420 1461
1694430 1461
1694440 1462
1694450 1462
1694460 1463
1694470 1463
1694480 1463
1694490 1463
1694500 1463
1694510 1463
1694520 1464
1694530 1464
1694540 1464
1694550 1465
1694560 1465
1694570 1465
1694580 1465
1694590 1466
1694600 1466
1694610 1466
1694620 1466
1694630 1466
1696840 1186
1696850 1186
1696860 1185
1696870 1184
1696880 1183
1696890 1181
1696900 1179
1696910 1177
1696920 1175
1696930 1172
1696940 1169
1696950 1166
1696960 1164
1696970 1161
1696980 1158
1696990 1156
1697000 1153
1697010 1151
1697020 1148
1697030 1145
1697040 1141
1697050 1137
1697060 1133
1697070 1129
1697080 1126
1697090 1123
1697100 1121
1697110 1118
1697120 1116
1697130 1113
1697140 1111
1697150 1108
1697160 1106
1697170 1104
1697180 1102
1697190 1100
1697200 1098
1697210 1095
1697220 1092
1697230 1088
1697240 1085
1697250 1083
1697260 1083
1697270 1082
1697280 1082
1697290 1081
1697300 1079
1697310 1078
1697320 1077
1697330 1075
1697340 1074
1697350 1072
1697360 1072
1697370 1071
1697380 1070
1697390 1068
1697400 1066
1697410 1063
1697420 1060
1697430 1058
1697440 1056
1697450 1054
1697460 1051
1697470 1045
1697480 1041
1697490 1040
1697500 1042
1697510 1042
1697520 1040
1697530 1034
1697540 1030
1697550 1028
1697560 1029
1697570 1024
1697580 1017
1697590 1011
1697600 1007
1697610 1007
1697620 1012
1697630 1020
1697640 1025
1697650 1022
1697660 1018
1697670 1014
1697680 1011
1697690 1009
1697700 1004
1697710 997
1697720 990
1697730 986
1697740 987
1697750 983
1697760 974
1697770 957
1697780 949
1697790 942
1697800 937
1697810 939
1697820 942
1697830 946
1697840 947
1697850 949
1697860 950
1697870 951
1697880 952
1697890 953
1697900 954
1697910 954
1697920 954
1697930 954
1697940 954
1697950 953
1697960 952
1697970 951
1697980 949
1697990 948
1698000 946
1698010 945
1698020 944
1698030 943
1698040 942
1698050 942
1698060 942
1698070 943
1698080 944
1698090 943
1698100 943
1698110 942
1698120 941
1698130 940
1698140 939
1698150 937
1698160 934
1698170 931
1698180 929
1698190 927
1698200 926
1698210 927
1698220 929
1698230 931
1698240 933
1698250 935
1698260 933
1698270 929
1698280 926
1698290 924
1698300 925
1698310 927
1698320 929
1698330 930
1698340 931
1698350 932
1698360 934
1698370 935
1698380 935
1698390 933
1698400 932
1698410 931
1698420 933
1698430 935
1698440 938
1698450 940
1698460 942
1698470 945
1698480 948
1698490 951
1698500 955
1698510 959
1698520 962
1698530 965
1698540 967
