1680000 833
1680010 833
1680020 832
1680030 831
1680040 830
1680050 829
1680060 829
1680070 828
1680080 828
1680090 828
1680100 828
1680110 828
1680120 828
1680130 829
1680140 829
1680150 829
1680160 829
1680170 830
1680180 829
1680190 828
1680200 827
1680210 825
1680220 825
1680230 824
1680240 826
1680250 827
1680260 829
1680270 830
1680280 832
1680290 833
1680300 834
1680310 836
1680320 837
1680330 838
1680340 840
1680350 841
1680360 842
1680370 844
1680380 845
1680390 846
1680400 848
1680410 850
1680420 852
1680430 854
1680440 857
1680450 859
1680460 862
1680470 865
1680480 867
1680490 870
1680500 873
1680510 875
1680520 877
1680530 880
1680540 882
1680550 885
1680560 887
1680570 890
1680580 892
1680590 894
1680600 897
1680610 899
1680620 901
1680630 903
1680640 905
1680650 907
1680660 909
1680670 911
1680680 912
1680690 914
1680700 916
1680710 918
1680720 919
1680730 921
1680740 923
1680750 924
1680760 925
1680770 926
1680780 928
1680790 929
1680800 930
1680810 930
1680820 931
1680830 931
1680840 932
1680850 932
1680860 931
1680870 931
1680880 931
1680890 930
1680900 930
1680910 930
1680920 930
1680930 930
1680940 931
1680950 931
1680960 932
1680970 932
1680980 933
1680990 933
1681000 934
1681010 935
1681020 935
1681030 936
1681040 937
1681050 938
1681060 938
1681070 938
1681080 939
1681090 939
1681100 939
1681110 939
1681120 938
1681130 937
1681140 936
1681150 934
1681160 932
1681170 930
1681180 926
1681190 923
1681200 921
1681210 918
1681220 916
1681230 914
1681240 912
1681250 909
1681260 907
1681270 904
1681280 902
1681290 899
1681300 897
1681310 893
1681320 890
1681330 886
1681340 882
1681350 879
1681360 875
1681370 872
1681380 870
1681390 868
1681400 866
1681410 865
1681420 864
1681430 863
1681440 863
1681450 862
1681460 862
1681470 861
1681480 861
1681490 860
1681500 860
1681510 860
1681520 859
1681530 858
1681540 857
1681550 857
1681560 858
1681570 860
1681580 861
1681590 862
1681600 863
1681610 863
1681620 864
1681630 865
1681640 866
1681650 868
1681660 869
1681670 871
1681680 872
1681690 873
1681700 875
1681710 876
1681720 876
1681730 877
1681740 878
1681750 879
1681760 880
1681770 881
1681780 882
1681790 883
1681800 884
1681810 884
1681820 885
1681830 886
1681840 886
1681850 887
1681860 887
1681870 888
1681880 888
1681890 889
1681900 889
1681910 889
1681920 888
1681930 888
1681940 887
1681950 886
1681960 885
1681970 884
1681980 883
1681990 881
1682000 879
1682010 876
1682020 873
1682030 871
1682040 869
1682050 867
1682060 864
1682070 862
1682080 860
1682090 858
1682100 855
1682110 853
1682120 851
1682130 850
1682140 849
1682150 847
1682160 846
1682170 845
1682180 844
1682190 842
1682200 841
1682210 839
1682220 838
1682230 837
1682240 836
1682250 835
1682260 835
1682270 834
1682280 833
1682290 832
1682300 831
1682310 831
1682320 831
1682330 830
1682340 830
1682350 829
1682360 828
1682370 828
1682380 827
1682390 826
1682400 825
1682410 824
1682420 822
1682430 821
1682440 819
1682450 817
1682460 815
1682470 813
1682480 812
1682490 810
1682500 809
1682510 808
1682520 806
1682530 804
1682540 802
1682550 799
1682560 797
1682570 795
1682580 793
1682590 792
1682600 791
1682610 790
1682620 788
1682630 787
1682640 786
1682650 786
1682660 786
1682670 786
1682680 787
1682690 787
1682700 788
1682710 789
1682720 790
1682730 790
1682740 791
1682750 792
1682760 793
1682770 793
1682780 794
1682790 795
1682800 796
1682810 797
1682820 798
1682830 799
1682840 800
1682850 800
1682860 801
1682870 802
1682880 803
1682890 804
1682900 805
1682910 806
1682920 807
1682930 808
1682940 809
1682950 810
1682960 811
1682970 812
1682980 813
1682990 814
1683000 815
1683010 816
1683020 817
1683030 818
1683040 819
1683050 820
1683060 821
1683070 823
1683080 824
1683090 826
1683100 827
1683110 828
1683120 829
1683130 831
1683140 832
1683150 834
1683160 834
1683170 835
1683180 837
1683190 838
1683200 839
1683210 840
1683220 841
1683230 842
1683240 844
1683250 845
1683260 846
1683270 848
1683280 849
1683290 851
1683300 852
1683310 854
1683320 856
1683330 858
1683340 859
1683350 861
1683360 863
1683370 866
1683380 868
1683390 870
1683400 872
1683410 873
1683420 875
1683430 878
1683440 882
1683450 885
1683460 887
1683470 889
1683480 891
1683490 893
1683500 896
1683510 898
1683520 900
1683530 902
1683540 904
1683550 906
1683560 908
1683570 910
1683580 912
1683590 914
1683600 916
1683610 919
1683620 921
1683630 923
1683640 925
1683650 927
1683660 929
1683670 932
1683680 934
1683690 935
1683700 937
1683710 939
1683720 940
1683730 941
1683740 942
1683750 943
1683760 943
1683770 943
1683780 943
1683790 943
1683800 943
1683810 942
1683820 942
1683830 942
1683840 941
1683850 941
1683860 940
1683870 939
1683880 939
1683890 938
1683900 937
1683910 936
1683920 936
1683930 935
1683940 934
1683950 933
1683960 933
1683970 932
1683980 931
1683990 930
1684000 929
1684010 928
1684020 927
1684030 926
1684040 925
1684050 924
1684060 923
1684070 922
1684080 921
1684090 920
1684100 919
1684110 918
1684120 917
1684130 915
1684140 913
1684150 911
1684160 908
1684170 906
1684180 903
1684190 901
1684200 898
1684210 897
1684220 895
1684230 893
1684240 891
1684250 890
1684260 888
1684270 887
1684280 885
1684290 884
1684300 882
1684310 881
1684320 879
1684330 878
1684340 876
1684350 874
1684360 872
1684370 870
1684380 868
1684390 866
1684400 864
1684410 861
1684420 857
1684430 853
1684440 848
1684450 844
1684460 840
1684470 834
1684480 829
1684490 823
1684500 818
1684510 815
1684520 812
1684530 813
1684540 816
1684550 819
1684560 822
1684570 824
1684580 826
1684590 828
1684600 831
1684610 833
1684620 836
1684630 839
1684640 841
1684650 845
1684660 849
1684670 852
1684680 856
1684690 860
1684700 863
1684710 866
1684720 869
1684730 872
1684740 874
1684750 876
1684760 878
1684770 880
1684780 881
1684790 882
1684800 883
1684810 883
1684820 884
1684830 884
1684840 884
1684850 884
1684860 885
1684870 885
1684880 885
1684890 885
1684900 886
1684910 886
1684920 886
1684930 886
1684940 886
1684950 886
1684960 885
1684970 884
1684980 882
1684990 880
1685000 877
1685010 875
1685020 873
1685030 871
1685040 870
1685050 871
1685060 873
1685070 876
1685080 879
1685090 883
1685100 886
1685110 890
1685120 893
1685130 896
1685140 899
1685150 902
1685160 905
1685170 908
1685180 910
1685190 912
1685200 914
1685210 916
1685220 918
1685230 919
1685240 921
1685250 922
1685260 923
1685270 924
1685280 925
1685290 925
1685300 926
1685310 926
1685320 926
1685330 926
1685340 926
1685350 926
1685360 926
1685370 926
1685380 926
1685390 926
1685400 926
1685410 925
1685420 925
1685430 925
1685440 924
1685450 924
1685460 924
1685470 923
1685480 923
1685490 923
1685500 923
1685510 923
1685520 922
1685530 922
1685540 922
1685550 921
1685560 921
1685570 920
1685580 919
1685590 919
1685600 918
1685610 917
1685620 915
1685630 914
1685640 913
1685650 912
1685660 911
1685670 910
1685680 909
1685690 908
1685700 907
1685710 906
1685720 905
1685730 904
1685740 903
1685750 901
1685760 900
1685770 899
1685780 899
1685790 898
1685800 898
1685810 897
1685820 897
1685830 896
1685840 895
1685850 894
1685860 893
1685870 893
1685880 892
1685890 891
1685900 889
1685910 886
1685920 883
1685930 881
1685940 879
1685950 879
1685960 879
1685970 880
1685980 881
1685990 883
1686000 883
1686010 884
1686020 885
1686030 885
1686040 886
1686050 887
1686060 888
1686070 890
1686080 891
1686090 892
1686100 893
1686110 894
1686120 895
1686130 896
1686140 897
1686150 897
1686160 898
1686170 899
1686180 900
1686190 901
1686200 902
1686210 903
1686220 904
1686230 904
1686240 905
1686250 906
1686260 907
1686270 908
1686280 908
1686290 909
1686300 910
1686310 910
1686320 911
1686330 911
1686340 911
1686350 912
1686360 912
1686370 912
1686380 912
1686390 912
1686400 911
1686410 910
1686420 910
1686430 909
1686440 908
1686450 906
1686460 905
1686470 903
1686480 900
1686490 898
1686500 895
1686510 893
1686520 892
1686530 890
1686540 888
1686550 887
1686560 887
1686570 888
1686580 889
1686590 891
1686600 893
1686610 895
1686620 897
1686630 899
1686640 901
1686650 903
1686660 904
1686670 906
1686680 908
1686690 910
1686700 911
1686710 913
1686720 915
1686730 916
1686740 918
1686750 919
1686760 920
1686770 920
1686780 919
1686790 917
1686800 914
1686810 910
1686820 906
1686830 902
1686840 898
1686850 894
1686860 890
1686870 886
1686880 883
1686890 879
1686900 876
1686910 873
1686920 870
1686930 867
1686940 864
1686950 861
1686960 858
1686970 855
1686980 852
1686990 850
1687000 848
1687010 846
1687020 845
1687030 844
1687040 843
1687050 842
1687060 842
1687070 841
1687080 841
1687090 839
1687100 838
1687110 837
1687120 837
1687130 837
1687140 838
1687150 839
1687160 840
1687170 842
1687180 846
1687190 849
1687200 853
1687210 858
1687220 862
1687230 867
1687240 871
1687250 876
1687260 880
1687270 885
1687280 888
1687290 892
1687300 894
1687310 897
1687320 899
1687330 902
1687340 904
1687350 906
1687360 907
1687370 909
1687380 910
1687390 911
1687400 913
1687410 914
1687420 916
1687430 917
1687440 919
1687450 920
1687460 921
1687470 922
1687480 923
1687490 925
1687500 927
1687510 928
1687520 930
1687530 931
1687540 933
1687550 934
1687560 936
1687570 937
1687580 937
1687590 938
1687600 939
1687610 940
1687620 941
1687630 942
1687640 944
1687650 945
1687660 947
1687670 948
1687680 949
1687690 950
1687700 951
1687710 952
1687720 953
1687730 955
1687740 956
1687750 958
1687760 960
1687770 961
1687780 962
1687790 963
1687800 964
1687810 965
1687820 966
1687830 967
1687840 968
1687850 969
1687860 970
1687870 970
1687880 970
1687890 971
1687900 971
1687910 971
1687920 970
1687930 970
1687940 969
1687950 967
1687960 965
1687970 963
1687980 961
1687990 958
1688000 956
1688010 954
1688020 952
1688030 950
1688040 948
1688050 946
1688060 944
1688070 943
1688080 941
1688090 939
1688100 937
1688110 935
1688120 933
1688130 930
1688140 928
1688150 927
1688160 926
1688170 925
1688180 924
1688190 924
1688200 925
1688210 925
1688220 925
1688230 925
1688240 925
1688250 924
1688260 924
1688270 924
1688280 923
1688290 923
1688300 923
1688310 922
1688320 921
1688330 920
1688340 918
1688350 916
1688360 915
1688370 913
1688380 911
1688390 910
1688400 909
1688410 908
1688420 907
1688430 907
1688440 907
1688450 907
1688460 907
1688470 907
1688480 908
1688490 908
1688500 909
1688510 910
1688520 911
1688530 912
1688540 913
1688550 914
1688560 915
1688570 915
1688580 916
1688590 917
1688600 918
1688610 919
1688620 920
1688630 921
1688640 922
1688650 923
1688660 923
1688670 924
1688680 925
1688690 927
1688700 928
1688710 930
1688720 931
1688730 932
1688740 933
1688750 934
1688760 935
1688770 937
1688780 938
1688790 939
1688800 940
1688810 941
1688820 942
1688830 943
1688840 944
1688850 945
1688860 946
1688870 948
1688880 949
1688890 949
1688900 950
1688910 951
1688920 952
1688930 952
1688940 953
1688950 953
1688960 953
1688970 953
1688980 954
1688990 954
1689000 953
1689010 953
1689020 953
1689030 952
1689040 952
1689050 951
1689060 951
1689070 950
1689080 948
1689090 947
1689100 945
1689110 943
1689120 941
1689130 940
1689140 939
1689150 939
1689160 938
1689170 937
1689180 936
1689190 935
1689200 934
1689210 934
1689220 933
1689230 933
1689240 932
1689250 932
1689260 932
1689270 932
1689280 932
1689290 933
1689300 933
1689310 933
1689320 934
1689330 934
1689340 935
1689350 935
1689360 936
1689370 936
1689380 937
1689390 937
1689400 937
1689410 937
1689420 936
1689430 936
1689440 935
1689450 933
1689460 932
1689470 929
1689480 927
1689490 924
1689500 921
1689510 918
1689520 916
1689530 913
1689540 911
1689550 909
1689560 907
1689570 906
1689580 906
1689590 907
1689600 908
1689610 910
1689620 912
1689630 913
1689640 915
1689650 917
1689660 919
1689670 920
1689680 922
1689690 924
1689700 926
1689710 927
1689720 929
1689730 930
1689740 932
1689750 934
1689760 935
1689770 937
1689780 938
1689790 939
1689800 940
1689810 941
1689820 942
1689830 943
1689840 943
1689850 944
1689860 944
1689870 944
1689880 945
1689890 945
1689900 945
1689910 946
1689920 946
1689930 947
1689940 948
1689950 950
1689960 951
1689970 952
1689980 951
1689990 951
1690000 951
1690010 952
1690020 952
1690030 953
1690040 952
1690050 951
1690060 951
1690070 950
1690080 949
1690090 949
1690100 949
1690110 949
1690120 950
1690130 950
1690140 950
1690150 950
1690160 951
1690170 951
1690180 951
1690190 951
1690200 952
1690210 952
1690220 953
1690230 954
1690240 955
1690250 956
1690260 957
1690270 958
1690280 959
1690290 961
1690300 962
1690310 963
1690320 964
1690330 966
1690340 967
1690350 969
1690360 971
1690370 973
1690380 974
1690390 976
1690400 977
1690410 979
1690420 981
1690430 982
1690440 984
1690450 986
1690460 987
1690470 989
1690480 991
1690490 993
1690500 994
1690510 996
1690520 998
1690530 999
1690540 1001
1690550 1002
1690560 1003
1690570 1004
1690580 1004
1690590 1002
1690600 999
1690610 995
1690620 989
1690630 983
1690640 978
1690650 973
1690660 969
1690670 964
1690680 960
1690690 957
1690700 954
1690710 950
1690720 946
1690730 943
1690740 939
1690750 935
1690760 932
1690770 929
1690780 927
1690790 925
1690800 924
1690810 922
1690820 920
1690830 918
1690840 916
1690850 914
1690860 912
1690870 910
1690880 908
1690890 905
1690900 903
1690910 900
1690920 897
1690930 895
1690940 892
1690950 889
1690960 887
1690970 885
1690980 882
1690990 879
1691000 877
1691010 876
1691020 874
1691030 873
1691040 872
1691050 875
1691060 877
1691070 878
1691080 878
1691090 877
1691100 874
1691110 870
1691120 866
1691130 862
1691140 859
1691150 856
1691160 855
1691170 856
1691180 857
1691190 859
1691200 860
1691210 862
1691220 864
1691230 866
1691240 868
1691250 870
1691260 872
1691270 873
1691280 874
1691290 876
1691300 877
1691310 878
1691320 880
1691330 882
1691340 884
1691350 886
1691360 887
1691370 887
1691380 885
1691390 884
1691400 883
1691410 881
1691420 879
1691430 878
1691440 876
1691450 873
1691460 871
1691470 869
1691480 868
1691490 868
1691500 870
1691510 871
1691520 872
1691530 872
1691540 870
1691550 867
1691560 864
1691570 863
1691580 863
1691590 863
1691600 864
1691610 865
1691620 864
1691630 863
1691640 862
1691650 862
1691660 860
1691670 858
1691680 857
1691690 856
1691700 855
1691710 855
1691720 855
1691730 855
1691740 855
1691750 856
1691760 856
1691770 856
1691780 856
1691790 857
1691800 858
1691810 859
1691820 860
1691830 860
1691840 861
1691850 862
1691860 863
1691870 863
1691880 863
1691890 863
1691900 866
1691910 869
1691920 871
1691930 873
1691940 874
1691950 875
1691960 876
1691970 877
1691980 879
1691990 881
1692000 884
1692010 887
1692020 891
1692030 896
1692040 901
1692050 907
1692060 911
1692070 914
1692080 917
1692090 921
1692100 926
1692110 930
1692120 934
1692130 938
1692140 942
1692150 946
1692160 950
1692170 955
1692180 960
1692190 965
1692200 970
1692210 975
1692220 980
1692230 985
1692240 991
1692250 997
1692260 1001
1692270 1003
1692280 1004
1692290 1006
1692300 1005
1692310 1003
1692320 999
1692330 995
1692340 990
1692350 983
1692360 976
1692370 970
1692380 965
1692390 961
1692400 957
1692410 952
1692420 948
1692430 944
1692440 940
1692450 936
1692460 931
1692470 927
1692480 922
1692490 918
1692500 913
1692510 909
1692520 905
1692530 902
1692540 899
1692550 898
1692560 897
1692570 896
1692580 894
1692590 893
1692600 891
1692610 888
1692620 885
1692630 883
1692640 881
1692650 878
1692660 875
1692670 873
1692680 871
1692690 870
1692700 868
1692710 867
1692720 865
1692730 861
1692740 858
1692750 855
1692760 852
1692770 850
1692780 847
1692790 845
1692800 842
1692810 840
1692820 839
1692830 838
1692840 836
1692850 834
1692860 831
1692870 827
1692880 823
1692890 819
1692900 815
1692910 812
1692920 809
1692930 806
1692940 803
1692950 802
1692960 802
1692970 801
1692980 801
1692990 803
1693000 804
1693010 806
1693020 806
1693030 808
1693040 809
1693050 812
1693060 814
1693070 817
1693080 819
1693090 821
1693100 823
1693110 824
1693120 825
1693130 826
1693140 828
1693150 830
1693160 832
1693170 835
1693180 837
1693190 839
1693200 842
1693210 845
1693220 847
1693230 849
1693240 851
1693250 853
1693260 855
1693270 858
1693280 862
1693290 866
1693300 871
1693310 875
1693320 879
1693330 882
1693340 884
1693350 886
1693360 888
1693370 891
1693380 893
1693390 895
1693400 898
1693410 900
1693420 902
1693430 903
1693440 904
1693450 905
1693460 908
1693470 911
1693480 914
1693490 918
1693500 922
1693510 926
1693520 930
1693530 934
1693540 938
1693550 943
1693560 947
1693570 949
1693580 953
1693590 958
1693600 961
1693610 965
1693620 968
1693630 971
1693640 973
1693650 974
1693660 975
1693670 975
1693680 976
1693690 978
1693700 979
1693710 980
1693720 981
1693730 982
1693740 982
1693750 981
1693760 981
1693770 980
1693780 980
1693790 979
1693800 978
1693810 978
1693820 977
1693830 976
1693840 976
1693850 976
1693860 975
1693870 975
1693880 974
1693890 973
1693900 972
1693910 971
1693920 972
1693930 972
1693940 973
1693950 974
1693960 975
1693970 976
1693980 976
1693990 977
1694000 978
1694010 978
1694020 978
1694030 979
1694040 979
1694050 979
1694060 979
1694070 979
1694080 979
1694090 979
1694100 979
1694110 979
1694120 978
1694130 978
1694140 977
1694150 976
1694160 975
1694170 973
1694180 971
1694190 969
1694200 967
1694210 964
1694220 960
1694230 957
1694240 952
1694250 949
1694260 945
1694270 943
1694280 939
1694290 936
1694300 934
1694310 931
1694320 928
1694330 925
1694340 923
1694350 923
1694360 924
1694370 925
1694380 926
1694390 926
1694400 926
1694410 927
1694420 927
1694430 927
1694440 928
1694450 929
1694460 929
1694470 930
1694480 931
1694490 931
1694500 931
1694510 931
1694520 931
1694530 931
1694540 930
1694550 929
1694560 928
1694570 927
1694580 926
1694590 925
1694600 924
1694610 923
1694620 920
1694630 916
1694640 913
1694650 913
1694660 914
1694670 915
1694680 915
1694690 915
1694700 915
1694710 914
1694720 914
1694730 913
1694740 912
1694750 912
1694760 911
1694770 910
1694780 908
1694790 905
1694800 902
1694810 898
1694820 895
1694830 892
1694840 889
1694850 886
1694860 883
1694870 880
1694880 877
1694890 875
1694900 872
1694910 869
1694920 866
1694930 862
1694940 858
1694950 853
1694960 848
1694970 842
1694980 838
1694990 834
1695000 830
1695010 827
1695020 825
1695030 824
1695040 823
1695050 822
1695060 821
1695070 821
1695080 821
1695090 821
1695100 820
1695110 820
1695120 821
1695130 820
1695140 819
1695150 817
1695160 815
1695170 814
1695180 814
1695190 815
1695200 816
1695210 817
1695220 817
1695230 816
1695240 815
1695250 815
1695260 815
1695270 816
1695280 815
1695290 816
1695300 817
1695310 819
1695320 821
1695330 824
1695340 826
1695350 829
1695360 832
1695370 835
1695380 837
1695390 839
1695400 842
1695410 845
1695420 847
1695430 850
1695440 852
1695450 853
1695460 856
1695470 859
1695480 863
1695490 865
1695500 869
1695510 873
1695520 876
1695530 879
1695540 881
1695550 883
1695560 885
1695570 886
1695580 888
1695590 890
1695600 892
1695610 894
1695620 895
1695630 896
1695640 896
1695650 895
1695660 895
1695670 893
1695680 892
1695690 892
1695700 892
1695710 891
1695720 891
1695730 892
1695740 892
1695750 892
1695760 893
1695770 894
1695780 895
1695790 894
1695800 894
1695810 893
1695820 892
1695830 891
1695840 891
1695850 892
1695860 893
1695870 894
1695880 895
1695890 896
1695900 896
1695910 895
1695920 894
1695930 893
1695940 891
1695950 890
1695960 890
1695970 890
1695980 891
1695990 891
1696000 892
1696010 893
1696020 894
1696030 895
1696040 895
1696050 895
1696060 894
1696070 893
1696080 891
1696090 890
1696100 890
1696110 890
1696120 890
1696130 889
1696140 889
1696150 888
1696160 886
1696170 885
1696180 884
1696190 884
1696200 884
1696210 884
1696220 882
1696230 881
1696240 880
1696250 880
1696260 881
1696270 882
1696280 884
1696290 885
1696300 885
1696310 886
1696320 887
1696330 888
1696340 889
1696350 890
1696360 891
1696370 892
1696380 892
1696390 892
1696400 892
1696410 892
1696420 893
1696430 894
1696440 895
1696450 897
1696460 898
1696470 899
1696480 899
1696490 899
1696500 899
1696510 899
1696520 898
1696530 896
1696540 894
1696550 892
1696560 891
1696570 889
1696580 888
1696590 886
1696600 885
1696610 884
1696620 883
1696630 883
1696640 882
1696650 881
1696660 881
1696670 880
1696680 878
1696690 876
1696700 874
1696710 873
1696720 871
1696730 869
1696740 866
1696750 863
1696760 859
1696770 855
1696780 852
1696790 849
1696800 847
1696810 844
1696820 840
1696830 837
1696840 834
1696850 833
1696860 831
1696870 829
1696880 827
1696890 824
1696900 821
1696910 818
1696920 816
1696930 815
1696940 814
1696950 813
1696960 813
1696970 812
1696980 811
1696990 809
1697000 808
1697010 809
1697020 809
1697030 810
1697040 810
1697050 811
1697060 813
1697070 814
1697080 814
1697090 815
1697100 815
1697110 814
1697120 813
1697130 812
1697140 810
1697150 808
1697160 806
1697170 805
1697180 804
1697190 804
1697200 802
1697210 800
1697220 797
1697230 794
1697240 790
1697250 786
1697260 782
1697270 778
1697280 774
1697290 770
1697300 767
1697310 763
1697320 761
1697330 758
1697340 755
1697350 753
1697360 750
1697370 745
1697380 739
1697390 734
1697400 729
1697410 725
1697420 720
1697430 715
1697440 711
1697450 707
1697460 704
1697470 701
1697480 698
1697490 695
1697500 692
1697510 689
1697520 687
1697530 685
1697540 683
1697550 682
1697560 680
1697570 679
1697580 678
1697590 676
1697600 675
1697610 674
1697620 672
1697630 671
1697640 670
1697650 672
1697660 675
1697670 678
1697680 681
1697690 684
1697700 687
1697710 689
1697720 692
1697730 694
1697740 695
1697750 694
1697760 693
1697770 691
1697780 691
1697790 690
1697800 689
1697810 688
1697820 687
1697830 687
1697840 686
1697850 685
1697860 683
1697870 680
1697880 679
1697890 677
1697900 676
1697910 675
1697920 674
1697930 673
1697940 671
1697950 668
1697960 665
1697970 662
1697980 660
1697990 657
1698000 655
1698010 652
1698020 650
1698030 647
1698040 644
1698050 641
1698060 637
1698070 634
1698080 632
1698090 630
1698100 629
1698110 629
1698120 629
1698130 629
1698140 628
1698150 627
1698160 625
1698170 623
1698180 621
1698190 619
1698200 617
1698210 615
1698220 614
1698230 612
1698240 611
1698250 611
1698260 610
1698270 609
1698280 608
1698290 607
1698300 606
1698310 604
1698320 601
1698330 596
1698340 592
1698350 587
1698360 583
1698370 580
1698380 578
1698390 577
1698400 576
1698410 576
1698420 579
1698430 583
1698440 588
1698450 590
1698460 592
1698470 593
1698480 594
1698490 595
1698500 595
1698510 596
1698520 597
1698530 599
1698540 601
1698550 604
1698560 608
1698570 610
1698580 612
1698590 613
1698600 614
1698610 615
1698620 615
1698630 614
1698640 613
1698650 612
1698660 614
1698670 616
1698680 618
1698690 619
1698700 622
1698710 625
1698720 629
1698730 634
1698740 640
1698750 648
1698760 655
1698770 661
1698780 668
1698790 676
1698800 684
1698810 691
1698820 698
1698830 705
1698840 710
1698850 715
1698860 720
1698870 727
1698880 732
1698890 736
1698900 739
1698910 743
1698920 747
1698930 751
1698940 755
1698950 760
1698960 764
1698970 766
1699800 536
1699810 536
1698970 766
1698980 760
1698990 756
1699000 751
1699010 747
1699020 742
1699030 737
1699040 732
1699050 727
1699060 721
1699070 715
1699080 710
1699090 704
1699100 698
1699110 691
1699120 684
1699130 676
1699140 670
1699150 664
1699160 658
1699170 652
1699180 646
1699190 640
1699200 634
1699210 628
1699220 622
1699230 617
1699240 612
1699250 607
1699260 602
1699270 598
1699280 595
1699290 590
1699300 586
1699310 582
1699320 578
1699330 574
1699340 571
1699350 568
1699360 565
1699370 562
1699380 559
1699390 556
1699400 553
1699410 549
1699420 545
1699430 541
1699440 539
1699450 537
1699460 537
1699470 536
1699480 536
1699490 536
1699500 536
1699510 537
1699520 537
1699530 537
1699540 537
1699550 537
1699560 537
1699570 537
1699580 537
1699590 537
1699600 537
1699610 537
1699620 537
1699630 537
1699640 537
1699650 538
1699660 538
1699670 538
1699680 538
1699690 538
1699700 538
1699710 538
1699720 538
1699730 538
1699740 538
1699750 537
1699760 537
1699770 536
1699780 536
1699810 536
1699820 537
1699830 537
1699840 538
1699850 540
1699860 540
1699870 541
1699880 541
1699890 541
1699900 543
1699910 544
1699920 546
1699930 548
1699940 550
1699950 551
1699960 552
1699970 554
1699980 555
1699990 557
