1680000 1032
1680010 1033
1680020 1034
1680030 1036
1680040 1037
1680050 1038
1680060 1038
1680070 1039
1680080 1040
1680090 1040
1680100 1041
1680110 1041
1680120 1042
1680130 1043
1680140 1044
1680150 1046
1680160 1047
1680170 1048
1680180 1049
1680190 1050
1680200 1050
1680210 1051
1680220 1051
1680230 1051
1680240 1051
1680250 1051
1680260 1051
1680270 1051
1680280 1050
1680290 1049
1680300 1048
1680310 1047
1680320 1046
1680330 1045
1680340 1044
1680350 1043
1680360 1041
1680370 1040
1680380 1039
1680390 1037
1680400 1035
1680410 1033
1680420 1031
1680430 1029
1680440 1027
1680450 1024
1680460 1022
1680470 1019
1680480 1016
1680490 1014
1680500 1011
1680510 1009
1680520 1008
1680530 1006
1680540 1005
1680550 1004
1680560 1002
1680570 1001
1680580 999
1680590 997
1680600 994
1680610 992
1680620 989
1680630 986
1680640 984
1680650 982
1680660 980
1680670 979
1680680 978
1680690 977
1680700 976
1680710 975
1680720 974
1680730 973
1680740 972
1680750 971
1680760 970
1680770 969
1680780 968
1680790 966
1680800 964
1680810 962
1680820 959
1680830 957
1680840 954
1680850 952
1680860 950
1680870 948
1680880 946
1680890 943
1680900 941
1680910 940
1680920 939
1680930 937
1680940 936
1680950 935
1680960 935
1680970 934
1680980 933
1680990 933
1681000 932
1681010 931
1681020 930
1681030 929
1681040 928
1681050 928
1681060 927
1681070 927
1681080 926
1681090 925
1681100 925
1681110 924
1681120 924
1681130 923
1681140 922
1681150 921
1681160 920
1681170 919
1681180 918
1681190 917
1681200 916
1681210 915
1681220 914
1681230 913
1681240 911
1681250 910
1681260 908
1681270 905
1681280 903
1681290 901
1681300 899
1681310 897
1681320 895
1681330 893
1681340 892
1681350 892
1681360 891
1681370 891
1681380 892
1681390 892
1681400 893
1681410 894
1681420 895
1681430 897
1681440 899
1681450 901
1681460 903
1681470 905
1681480 907
1681490 908
1681500 909
1681510 910
1681520 911
1681530 912
1681540 913
1681550 914
1681560 914
1681570 915
1681580 915
1681590 916
1681600 916
1681610 916
1681620 917
1681630 917
1681640 918
1681650 919
1681660 919
1681670 920
1681680 920
1681690 921
1681700 921
1681710 921
1681720 922
1681730 922
1681740 923
1681750 923
1681760 924
1681770 924
1681780 924
1681790 925
1681800 926
1681810 927
1681820 929
1681830 930
1681840 931
1681850 932
1681860 932
1681870 933
1681880 933
1681890 933
1681900 934
1681910 935
1681920 935
1681930 936
1681940 936
1681950 936
1681960 936
1681970 936
1681980 936
1681990 936
1682000 935
1682010 934
1682020 934
1682030 933
1682040 932
1682050 930
1682060 928
1682070 926
1682080 924
1682090 922
1682100 920
1682110 917
1682120 916
1682130 914
1682140 912
1682150 911
1682160 910
1682170 909
1682180 908
1682190 907
1682200 906
1682210 904
1682220 903
1682230 902
1682240 901
1682250 899
1682260 897
1682270 896
1682280 894
1682290 892
1682300 890
1682310 888
1682320 886
1682330 884
1682340 883
1682350 881
1682360 879
1682370 876
1682380 874
1682390 871
1682400 869
1682410 867
1682420 864
1682430 861
1682440 859
1682450 856
1682460 853
1682470 851
1682480 848
1682490 844
1682500 842
1682510 840
1682520 838
1682530 839
1682540 840
1682550 844
1682560 848
1682570 850
1682580 852
1682590 853
1682600 854
1682610 855
1682620 855
1682630 856
1682640 858
1682650 860
1682660 863
1682670 866
1682680 869
1682690 872
1682700 875
1682710 878
1682720 881
1682730 884
1682740 888
1682750 891
1682760 893
1682770 896
1682780 899
1682790 902
1682800 904
1682810 907
1682820 909
1682830 911
1682840 913
1682850 915
1682860 918
1682870 920
1682880 922
1682890 925
1682900 927
1682910 929
1682920 931
1682930 934
1682940 936
1682950 940
1682960 943
1682970 947
1682980 951
1682990 954
1683000 956
1683010 959
1683020 961
1683030 962
1683040 963
1683050 964
1683060 966
1683070 967
1683080 968
1683090 969
1683100 970
1683110 972
1683120 975
1683130 978
1683140 981
1683150 983
1683160 986
1683170 989
1683180 991
1683190 994
1683200 996
1683210 998
1683220 1001
1683230 1003
1683240 1005
1683250 1007
1683260 1009
1683270 1012
1683280 1014
1683290 1017
1683300 1020
1683310 1022
1683320 1025
1683330 1028
1683340 1030
1683350 1033
1683360 1035
1683370 1038
1683380 1040
1683390 1042
1683400 1044
1683410 1045
1683420 1046
1683430 1046
1683440 1046
1683450 1046
1683460 1045
1683470 1045
1683480 1044
1683490 1044
1683500 1043
1683510 1043
1683520 1042
1683530 1041
1683540 1041
1683550 1040
1683560 1039
1683570 1038
1683580 1038
1683590 1037
1683600 1036
1683610 1035
1683620 1035
1683630 1034
1683640 1033
1683650 1032
1683660 1032
1683670 1031
1683680 1030
1683690 1028
1683700 1027
1683710 1025
1683720 1023
1683730 1022
1683740 1021
1683750 1020
1683760 1019
1683770 1018
1683780 1017
1683790 1016
1683800 1015
1683810 1014
1683820 1013
1683830 1012
1683840 1011
1683850 1011
1683860 1010
1683870 1009
1683880 1008
1683890 1007
1683900 1007
1683910 1006
1683920 1005
1683930 1004
1683940 1003
1683950 1002
1683960 1000
1683970 999
1683980 996
1683990 994
1684000 992
1684010 992
1684020 992
1684030 992
1684040 991
1684050 990
1684060 988
1684070 987
1684080 986
1684090 985
1684100 983
1684110 981
1684120 978
1684130 974
1684140 968
1684150 963
1684160 958
1684170 954
1684180 950
1684190 947
1684200 944
1684210 941
1684220 939
1684230 936
1684240 934
1684250 931
1684260 928
1684270 926
1684280 923
1684290 920
1684300 917
1684310 913
1684320 910
1684330 907
1684340 905
1684350 903
1684360 901
1684370 898
1684380 897
1684390 896
1684400 895
1684410 898
1684420 899
1684430 900
1684440 901
1684450 903
1684460 905
1684470 907
1684480 909
1684490 911
1684500 913
1684510 914
1684520 916
1684530 918
1684540 920
1684550 922
1684560 924
1684570 926
1684580 927
1684590 928
1684600 929
1684610 930
1684620 930
1684630 929
1684640 928
1684650 927
1684660 926
1684670 925
1684680 925
1684690 926
1684700 928
1684710 931
1684720 934
1684730 937
1684740 941
1684750 944
1684760 946
1684770 949
1684780 952
1684790 955
1684800 957
1684810 960
1684820 962
1684830 964
1684840 966
1684850 968
1684860 970
1684870 972
1684880 974
1684890 976
1684900 978
1684910 980
1684920 981
1684930 983
1684940 984
1684950 986
1684960 987
1684970 988
1684980 989
1684990 991
1685000 992
1685010 993
1685020 993
1685030 994
1685040 995
1685050 995
1685060 996
1685070 997
1685080 998
1685090 999
1685100 1000
1685110 1001
1685120 1001
1685130 1002
1685140 1003
1685150 1003
1685160 1004
1685170 1004
1685180 1004
1685190 1005
1685200 1005
1685210 1005
1685220 1005
1685230 1005
1685240 1005
1685250 1005
1685260 1005
1685270 1005
1685280 1005
1685290 1005
1685300 1005
1685310 1004
1685320 1004
1685330 1004
1685340 1004
1685350 1004
1685360 1004
1685370 1004
1685380 1004
1685390 1004
1685400 1004
1685410 1004
1685420 1004
1685430 1004
1685440 1003
1685450 1003
1685460 1003
1685470 1002
1685480 1002
1685490 1002
1685500 1002
1685510 1001
1685520 1001
1685530 1000
1685540 998
1685550 996
1685560 994
1685570 992
1685580 990
1685590 987
1685600 985
1685610 983
1685620 982
1685630 982
1685640 983
1685650 984
1685660 984
1685670 984
1685680 984
1685690 984
1685700 983
1685710 983
1685720 982
1685730 982
1685740 982
1685750 982
1685760 982
1685770 981
1685780 980
1685790 979
1685800 978
1685810 977
1685820 977
1685830 978
1685840 979
1685850 980
1685860 981
1685870 981
1685880 982
1685890 982
1685900 982
1685910 983
1685920 983
1685930 983
1685940 983
1685950 983
1685960 983
1685970 983
1685980 983
1685990 983
1686000 982
1686010 982
1686020 982
1686030 981
1686040 981
1686050 980
1686060 979
1686070 979
1686080 978
1686090 977
1686100 976
1686110 976
1686120 976
1686130 976
1686140 976
1686150 976
1686160 976
1686170 976
1686180 976
1686190 976
1686200 976
1686210 976
1686220 976
1686230 977
1686240 978
1686250 978
1686260 979
1686270 979
1686280 979
1686290 980
1686300 980
1686310 980
1686320 981
1686330 981
1686340 981
1686350 981
1686360 981
1686370 981
1686380 981
1686390 981
1686400 980
1686410 980
1686420 980
1686430 980
1686440 980
1686450 980
1686460 980
1686470 980
1686480 981
1686490 982
1686500 983
1686510 984
1686520 984
1686530 985
1686540 985
1686550 985
1686560 984
1686570 984
1686580 984
1686590 983
1686600 981
1686610 978
1686620 976
1686630 974
1686640 974
1686650 973
1686660 971
1686670 968
1686680 965
1686690 961
1686700 956
1686710 951
1686720 946
1686730 939
1686740 931
1686750 922
1686760 915
1686770 909
1686780 904
1686790 900
1686800 897
1686810 894
1686820 891
1686830 888
1686840 885
1686850 883
1686860 881
1686870 878
1686880 876
1686890 875
1686900 874
1686910 873
1686920 874
1686930 875
1686940 878
1686950 882
1686960 887
1686970 891
1686980 898
1686990 905
1687000 910
1687010 915
1687020 920
1687030 926
1687040 930
1687050 935
1687060 939
1687070 942
1687080 946
1687090 950
1687100 954
1687110 958
1687120 961
1687130 964
1687140 966
1687150 964
1687160 954
1687170 938
1687180 927
1687190 918
1687200 913
1687210 908
1687220 903
1687230 898
1687240 894
1687250 890
1687260 887
1687270 885
1687280 882
1687290 880
1687300 878
1687310 876
1687320 874
1687330 871
1687340 869
1687350 867
1687360 866
1687370 867
1687380 867
1687390 870
1687400 874
1687410 879
1687420 883
1687430 887
1687440 891
1687450 895
1687460 899
1687470 903
1687480 906
1687490 910
1687500 914
1687510 917
1687520 921
1687530 925
1687540 928
1687550 931
1687560 935
1687570 938
1687580 941
1687590 944
1687600 948
1687610 951
1687620 954
1687630 957
1687640 960
1687650 963
1687660 966
1687670 969
1687680 971
1687690 974
1687700 976
1687710 978
1687720 980
1687730 982
1687740 983
1687750 985
1687760 986
1687770 987
1687780 988
1687790 989
1687800 990
1687810 990
1687820 991
1687830 991
1687840 992
1687850 993
1687860 994
1687870 995
1687880 996
1687890 997
1687900 998
1687910 999
1687920 1000
1687930 1001
1687940 1002
1687950 1004
1687960 1005
1687970 1006
1687980 1007
1687990 1008
1688000 1009
1688010 1009
1688020 1009
1688030 1009
1688040 1009
1688050 1009
1688060 1008
1688070 1008
1688080 1008
1688090 1007
1688100 1007
1688110 1007
1688120 1007
1688130 1006
1688140 1006
1688150 1006
1688160 1005
1688170 1005
1688180 1004
1688190 1004
1688200 1003
1688210 1003
1688220 1002
1688230 1001
1688240 1001
1688250 1000
1688260 1000
1688270 999
1688280 997
1688290 996
1688300 994
1688310 993
1688320 991
1688330 991
1688340 990
1688350 990
1688360 990
1688370 990
1688380 991
1688390 991
1688400 991
1688410 991
1688420 991
1688430 990
1688440 990
1688450 990
1688460 990
1688470 990
1688480 990
1688490 990
1688500 991
1688510 991
1688520 991
1688530 991
1688540 990
1688550 990
1688560 990
1688570 989
1688580 988
1688590 988
1688600 988
1688610 987
1688620 986
1688630 985
1688640 985
1688650 985
1688660 985
1688670 985
1688680 984
1688690 984
1688700 984
1688710 984
1688720 983
1688730 982
1688740 982
1688750 981
1688760 979
1688770 977
1688780 975
1688790 972
1688800 970
1688810 968
1688820 966
1688830 964
1688840 962
1688850 961
1688860 959
1688870 957
1688880 955
1688890 952
1688900 950
1688910 948
1688920 946
1688930 943
1688940 942
1688950 941
1688960 941
1688970 942
1688980 943
1688990 944
1689000 946
1689010 947
1689020 948
1689030 950
1689040 951
1689050 952
1689060 954
1689070 955
1689080 957
1689090 959
1689100 961
1689110 963
1689120 965
1689130 966
1689140 968
1689150 970
1689160 971
1689170 973
1689180 975
1689190 977
1689200 978
1689210 980
1689220 981
1689230 982
1689240 983
1689250 984
1689260 985
1689270 985
1689280 985
1689290 985
1689300 985
1689310 985
1689320 985
1689330 984
1689340 983
1689350 983
1689360 982
1689370 981
1689380 980
1689390 978
1689400 976
1689410 974
1689420 971
1689430 969
1689440 967
1689450 965
1689460 963
1689470 961
1689480 959
1689490 958
1689500 956
1689510 955
1689520 954
1689530 954
1689540 955
1689550 955
1689560 956
1689570 956
1689580 956
1689590 956
1689600 957
1689610 957
1689620 957
1689630 958
1689640 958
1689650 958
1689660 959
1689670 960
1689680 960
1689690 961
1689700 961
1689710 961
1689720 961
1689730 961
1689740 962
1689750 962
1689760 962
1689770 963
1689780 963
1689790 964
1689800 964
1689810 965
1689820 965
1689830 965
1689840 966
1689850 966
1689860 967
1689870 966
1689880 966
1689890 966
1689900 967
1689910 969
1689920 970
1689930 971
1689940 973
1689950 973
1689960 974
1689970 975
1689980 976
1689990 977
1690000 978
1690010 979
1690020 980
1690030 981
1690040 983
1690050 984
1690060 984
1690070 985
1690080 985
1690090 986
1690100 987
1690110 987
1690120 988
1690130 988
1690140 989
1690150 990
1690160 991
1690170 992
1690180 993
1690190 994
1690200 995
1690210 997
1690220 998
1690230 999
1690240 1000
1690250 1001
1690260 1002
1690270 1003
1690280 1004
1690290 1005
1690300 1007
1690310 1008
1690320 1010
1690330 1011
1690340 1013
1690350 1014
1690360 1015
1690370 1017
1690380 1018
1690390 1019
1690400 1021
1690410 1022
1690420 1024
1690430 1025
1690440 1027
1690450 1029
1690460 1030
1690470 1031
1690480 1033
1690490 1034
1690500 1036
1690510 1037
1690520 1038
1690530 1039
1690540 1040
1690550 1041
1690560 1042
1690570 1044
1690580 1046
1690590 1048
1690600 1049
1690610 1049
1690620 1047
1690630 1045
1690640 1043
1690650 1041
1690660 1039
1690670 1038
1690680 1037
1690690 1036
1690700 1035
1690710 1034
1690720 1033
1690730 1033
1690740 1032
1690750 1031
1690760 1029
1690770 1026
1690780 1023
1690790 1019
1690800 1015
1690810 1010
1690820 1005
1690830 999
1690840 993
1690850 988
1690860 983
1690870 977
1690880 972
1690890 967
1690900 963
1690910 957
1690920 952
1690930 946
1690940 940
1690950 934
1690960 929
1690970 923
1690980 918
1690990 913
1691000 909
1691010 905
1691020 901
1691030 897
1691040 893
1691050 890
1691060 886
1691070 882
1691080 878
1691090 874
1691100 870
1691110 866
1691120 860
1691130 853
1691140 847
1691150 843
1691160 838
1691170 835
1691180 831
1691190 826
1691200 820
1691210 815
1691220 810
1691230 805
1691240 799
1691250 794
1691260 789
1691270 784
1691280 780
1691290 776
1691300 772
1691310 768
1691320 764
1691330 760
1691340 756
1691350 753
1691360 749
1691370 746
1691380 741
1691390 736
1691400 730
1691410 724
1691420 719
1691430 714
1691440 714
1691450 716
1691460 721
1691470 727
1691480 730
1691490 732
1691500 734
1691510 735
1691520 736
1691530 736
1691540 736
1691550 735
1691560 735
1691570 735
1691580 735
1691590 735
1691600 734
1691610 734
1691620 738
1691630 743
1691640 748
1691650 752
1691660 755
1691670 757
1691680 759
1691690 763
1691700 767
1691710 772
1691720 777
1691730 782
1691740 787
1691750 792
1691760 797
1691770 802
1691780 806
1691790 811
1691800 816
1691810 820
1691820 825
1691830 829
1691840 834
1691850 839
1691860 843
1691870 848
1691880 852
1691890 857
1691900 862
1691910 867
1691920 872
1691930 877
1691940 882
1691950 887
1691960 891
1691970 896
1691980 901
1691990 906
1692000 911
1692010 915
1692020 920
1692030 925
1692040 929
1692050 934
1692060 939
1692070 943
1692080 947
1692090 949
1692100 951
1692110 951
1692120 950
1692130 948
1692140 946
1692150 943
1692160 940
1692170 936
1692180 931
1692190 926
1692200 921
1692210 916
1692220 912
1692230 908
1692240 904
1692250 901
1692260 898
1692270 895
1692280 892
1692290 889
1692300 885
1692310 882
1692320 879
1692330 875
1692340 872
1692350 868
1692360 865
1692370 862
1692380 859
1692390 856
1692400 853
1692410 850
1692420 848
1692430 845
1692440 842
1692450 840
1692460 838
1692470 836
1692480 833
1692490 830
1692500 827
1692510 824
1692520 822
1692530 819
1692540 817
1692550 814
1692560 811
1692570 809
1692580 807
1692590 805
1692600 802
1692610 799
1692620 796
1692630 792
1692640 788
1692650 784
1692660 779
1692670 775
1692680 771
1692690 765
1692700 760
1692710 755
1692720 751
1692730 748
1692740 746
1692750 744
1692760 742
1692770 741
1692780 742
1692790 743
1692800 744
1692810 746
1692820 748
1692830 749
1692840 751
1692850 752
1692860 753
1692870 755
1692880 756
1692890 757
1692900 758
1692910 760
1692920 761
1692930 763
1692940 764
1692950 766
1692960 767
1692970 770
1692980 772
1692990 775
1693000 779
1693010 782
1693020 785
1693030 787
1693040 790
1693050 793
1693060 797
1693070 800
1693080 803
1693090 806
1693100 810
1693110 813
1693120 817
1693130 821
1693140 824
1693150 828
1693160 832
1693170 835
1693180 838
1693190 841
1693200 844
1693210 845
1693220 846
1693230 847
1693240 847
1693250 848
1693260 848
1693270 849
1693280 851
1693290 852
1693300 854
1693310 856
1693320 859
1693330 861
1693340 864
1693350 866
1693360 869
1693370 871
1693380 874
1693390 877
1693400 879
1693410 882
1693420 884
1693430 887
1693440 889
1693450 891
1693460 893
1693470 895
1693480 898
1693490 900
1693500 902
1693510 905
1693520 907
1693530 909
1693540 911
1693550 914
1693560 916
1693570 917
1693580 919
1693590 921
1693600 923
1693610 925
1693620 927
1693630 929
1693640 932
1693650 935
1693660 937
1693670 940
1693680 942
1693690 945
1693700 948
1693710 950
1693720 953
1693730 956
1693740 959
1693750 961
1693760 964
1693770 966
1693780 969
1693790 971
1693800 974
1693810 976
1693820 979
1693830 982
1693840 984
1693850 986
1693860 989
1693870 991
1693880 993
1693890 995
1693900 997
1693910 1000
1693920 1002
1693930 1004
1693940 1006
1693950 1007
1693960 1008
1693970 1009
1693980 1010
1693990 1011
1694000 1009
1694010 1004
1694020 997
1694030 988
1694040 979
1694050 969
1694060 959
1694070 951
1694080 945
1694090 939
1694100 933
1694110 927
1694120 922
1694130 917
1694140 912
1694150 907
1694160 901
1694170 896
1694180 892
1694190 891
1694200 890
1694210 889
1694220 887
1694230 885
1694240 882
1694250 878
1694260 874
1694270 871
1694280 868
1694290 864
1694300 861
1694310 858
1694320 854
1694330 850
1694340 846
1694350 842
1694360 839
1694370 838
1694380 837
1694390 836
1694400 835
1694410 834
1694420 833
1694430 831
1694440 828
1694450 825
1694460 822
1694470 819
1694480 816
1694490 814
1694500 813
1694510 811
1694520 810
1694530 808
1694540 806
1694550 803
1694560 800
1694570 797
1694580 794
1694590 790
1694600 787
1694610 785
1694620 782
1694630 781
1694640 779
1694650 777
1694660 775
1694670 772
1694680 770
1694690 769
1694700 769
1694710 769
1694720 767
1694730 764
1694740 761
1694750 757
1694760 753
1694770 752
1694780 753
1694790 756
1694800 759
1694810 763
1694820 766
1694830 768
1694840 770
1694850 769
1694860 770
1694870 771
1694880 772
1694890 773
1694900 773
1694910 773
1694920 772
1694930 769
1694940 765
1694950 761
1694960 756
1694970 752
1694980 748
1694990 746
1695000 744
1695010 743
1695020 741
1695030 738
1695040 735
1695050 731
1695060 727
1695070 724
1695080 721
1695090 718
1695100 715
1695110 712
1695120 708
1695130 703
1695140 698
1695150 690
1695160 682
1695170 673
1695180 667
1695190 663
1695200 659
1695210 657
1695220 660
1695230 664
1695240 668
1695250 673
1695260 678
1695270 684
1695280 690
1695290 695
1695300 699
1695310 702
1695320 706
1695330 708
1695340 711
1695350 714
1695360 718
1695370 722
1695380 726
1695390 729
1695400 734
1695410 740
1695420 747
1695430 753
1695440 759
1695450 764
1695460 768
1695470 768
1695480 767
1695490 765
1695500 764
1695510 763
1695520 761
1695530 760
1695540 758
1695550 754
1695560 749
1695570 745
1695580 741
1695590 741
1695600 744
1695610 747
1695620 750
1695630 753
1695640 755
1695650 757
1695660 758
1695670 759
1695680 758
1695690 758
1695700 756
1695710 754
1695720 753
1695730 753
1695740 753
1695750 753
1695760 753
1695770 754
1695780 756
1695790 759
1695800 762
1695810 765
1695820 768
1695830 769
1695840 770
1695850 770
1695860 770
1695870 769
1695880 769
1695890 768
1695900 768
1695910 769
1695920 770
1695930 770
1695940 770
1695950 770
1695960 769
1695970 769
1695980 769
1695990 768
1696000 768
1696010 768
1696020 768
1696030 768
1696040 768
1696050 768
1696060 768
1696070 767
1696080 767
1696090 767
1696100 766
1696110 765
1696120 764
1696130 764
1696140 764
1696150 764
1696160 763
1696170 764
1696180 765
1696190 765
1696200 765
1696210 765
1696220 765
1696230 764
1696240 763
1696250 762
1696260 761
1696270 761
1696280 761
1696290 761
1696300 761
1696310 762
1696320 763
1696330 764
1696340 764
1696350 764
1696360 764
1696370 763
1696380 762
1696390 761
1696400 759
1696410 757
1696420 755
1696430 752
1696440 750
1696450 747
1696460 744
1696470 742
1696480 740
1696490 738
1696500 737
1696510 737
1696520 737
1696530 737
1696540 736
1696550 736
1696560 734
1696570 733
1696580 731
1696590 729
1696600 728
1696610 726
1696620 724
1696630 721
1696640 719
1696650 716
1696660 714
1696670 712
1696680 711
1696690 709
1696700 708
1696710 708
1696720 707
1696730 707
1696740 706
1696750 705
1696760 703
1696770 700
1696780 697
1696790 694
1696800 693
1696810 691
1696820 690
1696830 689
1696840 688
1696850 687
1696860 685
1696870 682
1696880 679
1696890 675
1696900 673
1696910 670
1696920 669
1696930 666
1696940 663
1696950 662
1696960 661
1696970 660
1696980 658
1696990 656
1697000 654
1697010 654
1697020 655
1697030 655
1697040 654
1697050 653
1697060 652
1697070 652
1697080 652
1697090 652
1697100 651
1697110 650
1697120 648
1697130 645
1697140 643
1697150 640
1697160 638
1697170 637
1697180 636
1697190 633
1697200 630
1697210 627
1697220 624
1697230 622
1697240 620
1697250 618
1697260 616
1697270 614
1697280 612
1697290 610
1697300 608
1697310 606
1697320 604
1697330 602
1697340 601
1697350 599
1697360 597
1697370 594
1697380 591
1697390 588
1697400 585
1697410 583
1697420 581
1697430 580
1697440 580
1697450 579
1697460 577
1697470 576
1697480 575
1697490 574
1697500 573
1697510 571
1697520 569
1697530 568
1697540 566
1697550 564
1697560 561
1697570 559
1697580 557
1697590 554
1697600 551
1697610 548
1697620 547
1697630 546
1697640 543
1697650 541
1697660 540
1697670 539
1697680 540
1697690 539
1697700 538
1697710 537
1697720 535
1697730 533
1697740 532
1697750 532
1697760 531
1697770 530
1697780 529
1697790 528
1697800 527
1697810 526
1697820 525
1697830 524
1697840 524
1697850 524
1697860 524
1697870 524
1697880 524
1697890 525
1697900 526
1697910 527
1697920 528
1697930 529
1697940 531
1697950 532
1697960 534
1697970 535
1697980 537
1697990 538
1698000 540
1698010 542
1698020 545
1698030 546
1698040 548
1698050 548
1698060 548
1698070 547
1698080 547
1698090 548
1698100 550
1698110 552
1698120 554
1698130 555
1698140 556
1698150 557
1698160 559
1698170 560
1698180 561
1698190 561
1698200 560
1698210 561
1698220 561
1698230 561
1698240 561
1698250 561
1698260 563
1698270 565
1698280 567
1698290 568
1698300 569
1698310 570
1698320 571
1698330 573
1698340 574
1698350 575
1698360 576
1698370 577
1698380 577
1698390 577
1698400 577
1698410 576
1698420 575
1698430 575
1698440 576
1698450 577
1698460 578
1698470 580
1698480 581
1698490 582
1698500 582
1698510 582
1698520 582
1698530 582
1698540 582
1698550 582
1698560 582
1698570 582
1698580 583
1698590 584
1698600 585
1698610 586
1698620 585
1698630 585
1698640 585
1698650 586
1698660 587
1698670 589
1698680 591
1698690 593
1698700 593
1698710 593
1698720 593
1698730 594
1698740 596
1698750 599
1698760 602
1698770 605
1698780 608
1698790 611
1698800 615
1698810 622
1698820 629
1698830 638
1698840 645
1698850 651
1698860 657
1698870 662
1698880 667
1698890 673
1698900 677
1698910 677
1698920 673
1698930 670
1698940 669
1698950 669
1698960 668
1698970 671
1698980 676
1698990 682
1699000 685
1699010 684
1699020 679
1699030 677
1699040 678
1699050 679
1699060 678
1699070 676
1699080 670
1699090 664
1699100 659
1699110 657
1699120 657
1699130 656
1699140 649
1699150 641
1699160 632
1699170 623
1699180 616
1699190 610
1699200 606
1699210 602
1699220 600
1699230 596
1699240 592
1699250 589
1699260 588
1699270 588
1699280 588
1699290 587
1699300 586
1699310 585
1699320 585
1699330 585
1699340 586
1699350 587
1699360 587
1699370 588
1699380 589
1699390 589
1699400 590
1699410 591
1699420 592
1699430 593
1699440 594
1699450 594
1699460 594
1699470 595
1699480 595
1699490 595
1699500 595
1699510 593
1699520 592
1699530 590
1699540 589
1699550 587
1699560 585
1699570 582
1699580 579
1699590 577
1699600 575
1699610 572
1699620 570
1699630 566
1699640 563
1699650 561
1699660 562
1699670 562
1699680 562
1699690 564
1699700 567
1699710 570
1699720 570
1699730 571
1699740 571
1699750 572
1699760 574
1699770 578
1699780 584
1699790 587
1699800 589
1699810 588
1699820 587
1699830 586
1699840 585
1699850 584
1699860 584
1699870 584
1699880 584
1699890 584
1699900 584
1699910 584
1699920 583
1699930 584
1699940 584
1699950 584
1699960 584
1699970 584
1699980 583
1699990 582
