1680000 1052
1680010 1052
1680020 1052
1680030 1051
1680040 1051
1680050 1051
1680060 1051
1680070 1050
1680080 1049
1680090 1049
1680100 1047
1680110 1045
1680120 1043
1680130 1040
1680140 1039
1680150 1037
1680160 1036
1680170 1035
1680180 1034
1680190 1033
1680200 1032
1680210 1031
1680220 1030
1680230 1030
1680240 1029
1680250 1029
1680260 1028
1680270 1028
1680280 1028
1680290 1027
1680300 1027
1680310 1027
1680320 1027
1680330 1028
1680340 1028
1680350 1028
1680360 1028
1680370 1027
1680380 1027
1680390 1027
1680400 1027
1680410 1027
1680420 1027
1680430 1027
1680440 1026
1680450 1025
1680460 1024
1680470 1023
1680480 1022
1680490 1020
1680500 1019
1680510 1017
1680520 1015
1680530 1013
1680540 1011
1680550 1009
1680560 1006
1680570 1004
1680580 1001
1680590 999
1680600 997
1680610 995
1680620 993
1680630 992
1680640 991
1680650 990
1680660 989
1680670 988
1680680 987
1680690 986
1680700 986
1680710 985
1680720 983
1680730 981
1680740 980
1680750 978
1680760 976
1680770 975
1680780 973
1680790 971
1680800 970
1680810 969
1680820 967
1680830 966
1680840 965
1680850 964
1680860 962
1680870 961
1680880 959
1680890 958
1680900 956
1680910 954
1680920 953
1680930 951
1680940 949
1680950 947
1680960 945
1680970 944
1680980 942
1680990 940
1681000 939
1681010 938
1681020 937
1681030 936
1681040 935
1681050 934
1681060 933
1681070 931
1681080 930
1681090 929
1681100 927
1681110 925
1681120 921
1681130 917
1681140 913
1681150 909
1681160 906
1681170 903
1681180 901
1681190 900
1681200 899
1681210 899
1681220 899
1681230 899
1681240 899
1681250 900
1681260 901
1681270 903
1681280 905
1681290 907
1681300 909
1681310 910
1681320 912
1681330 914
1681340 916
1681350 918
1681360 921
1681370 923
1681380 926
1681390 927
1681400 928
1681410 930
1681420 931
1681430 932
1681440 932
1681450 931
1681460 931
1681470 931
1681480 931
1681490 931
1681500 931
1681510 931
1681520 932
1681530 932
1681540 933
1681550 933
1681560 934
1681570 935
1681580 935
1681590 936
1681600 936
1681610 937
1681620 937
1681630 937
1681640 937
1681650 938
1681660 938
1681670 939
1681680 940
1681690 941
1681700 942
1681710 944
1681720 945
1681730 947
1681740 948
1681750 950
1681760 952
1681770 955
1681780 957
1681790 959
1681800 962
1681810 963
1681820 965
1681830 966
1681840 968
1681850 969
1681860 971
1681870 973
1681880 974
1681890 975
1681900 975
1681910 976
1681920 976
1681930 977
1681940 976
1681950 975
1681960 974
1681970 973
1681980 972
1681990 971
1682000 971
1682010 970
1682020 970
1682030 970
1682040 970
1682050 969
1682060 969
1682070 970
1682080 971
1682090 972
1682100 973
1682110 973
1682120 972
1682130 971
1682140 969
1682150 966
1682160 961
1682170 955
1682180 949
1682190 942
1682200 937
1682210 931
1682220 927
1682230 923
1682240 921
1682250 919
1682260 917
1682270 915
1682280 914
1682290 912
1682300 910
1682310 908
1682320 906
1682330 905
1682340 903
1682350 901
1682360 899
1682370 898
1682380 896
1682390 893
1682400 889
1682410 885
1682420 881
1682430 877
1682440 873
1682450 870
1682460 867
1682470 864
1682480 861
1682490 858
1682500 856
1682510 857
1682520 861
1682530 865
1682540 867
1682550 869
1682560 871
1682570 874
1682580 875
1682590 877
1682600 879
1682610 881
1682620 883
1682630 885
1682640 887
1682650 890
1682660 892
1682670 895
1682680 898
1682690 901
1682700 904
1682710 906
1682720 907
1682730 907
1682740 910
1682750 915
1682760 922
1682770 928
1682780 932
1682790 936
1682800 941
1682810 945
1682820 949
1682830 953
1682840 956
1682850 960
1682860 963
1682870 966
1682880 968
1682890 971
1682900 974
1682910 976
1682920 979
1682930 981
1682940 984
1682950 986
1682960 989
1682970 992
1682980 994
1682990 997
1683000 999
1683010 1001
1683020 1004
1683030 1006
1683040 1007
1683050 1009
1683060 1011
1683070 1013
1683080 1015
1683090 1017
1683100 1020
1683110 1023
1683120 1026
1683130 1028
1683140 1031
1683150 1033
1683160 1035
1683170 1037
1683180 1040
1683190 1042
1683200 1044
1683210 1046
1683220 1048
1683230 1050
1683240 1052
1683250 1054
1683260 1057
1683270 1059
1683280 1061
1683290 1063
1683300 1066
1683310 1068
1683320 1069
1683330 1071
1683340 1073
1683350 1074
1683360 1075
1683370 1076
1683380 1077
1683390 1077
1683400 1078
1683410 1078
1683420 1078
1683430 1079
1683440 1079
1683450 1079
1683460 1078
1683470 1078
1683480 1078
1683490 1077
1683500 1077
1683510 1076
1683520 1076
1683530 1075
1683540 1074
1683550 1074
1683560 1073
1683570 1073
1683580 1072
1683590 1071
1683600 1070
1683610 1069
1683620 1068
1683630 1067
1683640 1066
1683650 1066
1683660 1065
1683670 1064
1683680 1063
1683690 1063
1683700 1062
1683710 1061
1683720 1060
1683730 1060
1683740 1059
1683750 1057
1683760 1056
1683770 1055
1683780 1054
1683790 1053
1683800 1052
1683810 1050
1683820 1049
1683830 1048
1683840 1047
1683850 1046
1683860 1045
1683870 1044
1683880 1043
1683890 1041
1683900 1040
1683910 1038
1683920 1036
1683930 1034
1683940 1032
1683950 1030
1683960 1028
1683970 1026
1683980 1025
1683990 1023
1684000 1022
1684010 1020
1684020 1019
1684030 1018
1684040 1017
1684050 1015
1684060 1012
1684070 1007
1684080 1002
1684090 996
1684100 989
1684110 983
1684120 977
1684130 973
1684140 969
1684150 965
1684160 963
1684170 960
1684180 958
1684190 956
1684200 954
1684210 952
1684220 950
1684230 947
1684240 945
1684250 942
1684260 939
1684270 936
1684280 933
1684290 930
1684300 927
1684310 924
1684320 921
1684330 918
1684340 916
1684350 913
1684360 912
1684370 911
1684380 911
1684390 911
1684400 913
1684410 915
1684420 917
1684430 920
1684440 923
1684450 925
1684460 928
1684470 930
1684480 933
1684490 935
1684500 938
1684510 941
1684520 943
1684530 946
1684540 948
1684550 951
1684560 954
1684570 956
1684580 958
1684590 960
1684600 961
1684610 961
1684620 962
1684630 962
1684640 963
1684650 964
1684660 965
1684670 966
1684680 967
1684690 968
1684700 968
1684710 969
1684720 969
1684730 969
1684740 969
1684750 969
1684760 968
1684770 967
1684780 967
1684790 966
1684800 965
1684810 965
1684820 964
1684830 964
1684840 964
1684850 963
1684860 963
1684870 963
1684880 962
1684890 962
1684900 961
1684910 961
1684920 961
1684930 963
1684940 966
1684950 969
1684960 972
1684970 975
1684980 977
1684990 979
1685000 982
1685010 984
1685020 986
1685030 988
1685040 990
1685050 991
1685060 993
1685070 994
1685080 996
1685090 997
1685100 999
1685110 1000
1685120 1002
1685130 1003
1685140 1005
1685150 1006
1685160 1007
1685170 1008
1685180 1010
1685190 1011
1685200 1012
1685210 1013
1685220 1014
1685230 1015
1685240 1016
1685250 1017
1685260 1018
1685270 1019
1685280 1020
1685290 1021
1685300 1022
1685310 1022
1685320 1023
1685330 1024
1685340 1024
1685350 1025
1685360 1025
1685370 1026
1685380 1026
1685390 1026
1685400 1026
1685410 1026
1685420 1026
1685430 1026
1685440 1026
1685450 1026
1685460 1025
1685470 1025
1685480 1024
1685490 1023
1685500 1021
1685510 1019
1685520 1016
1685530 1014
1685540 1011
1685550 1008
1685560 1004
1685570 1002
1685580 1001
1685590 1003
1685600 1004
1685610 1005
1685620 1005
1685630 1004
1685640 1004
1685650 1004
1685660 1003
1685670 1003
1685680 1003
1685690 1003
1685700 1002
1685710 1002
1685720 1001
1685730 1001
1685740 1001
1685750 1001
1685760 1001
1685770 1001
1685780 1001
1685790 1001
1685800 1001
1685810 1001
1685820 1001
1685830 1001
1685840 1001
1685850 1001
1685860 1001
1685870 1002
1685880 1002
1685890 1003
1685900 1005
1685910 1006
1685920 1007
1685930 1007
1685940 1008
1685950 1008
1685960 1008
1685970 1007
1685980 1007
1685990 1007
1686000 1007
1686010 1007
1686020 1006
1686030 1006
1686040 1005
1686050 1004
1686060 1004
1686070 1003
1686080 1003
1686090 1003
1686100 1004
1686110 1004
1686120 1005
1686130 1005
1686140 1006
1686150 1006
1686160 1007
1686170 1007
1686180 1008
1686190 1008
1686200 1009
1686210 1009
1686220 1010
1686230 1010
1686240 1011
1686250 1012
1686260 1012
1686270 1013
1686280 1013
1686290 1014
1686300 1014
1686310 1015
1686320 1015
1686330 1015
1686340 1015
1686350 1015
1686360 1015
1686370 1015
1686380 1015
1686390 1015
1686400 1015
1686410 1015
1686420 1015
1686430 1014
1686440 1014
1686450 1014
1686460 1014
1686470 1013
1686480 1012
1686490 1011
1686500 1010
1686510 1008
1686520 1005
1686530 1002
1686540 999
1686550 995
1686560 992
1686570 989
1686580 986
1686590 983
1686600 980
1686610 978
1686620 975
1686630 972
1686640 969
1686650 966
1686660 962
1686670 959
1686680 957
1686690 954
1686700 952
1686710 948
1686720 943
1686730 938
1686740 931
1686750 926
1686760 921
1686770 916
1686780 912
1686790 909
1686800 905
1686810 902
1686820 899
1686830 897
1686840 894
1686850 892
1686860 889
1686870 887
1686880 885
1686890 884
1686900 885
1686910 885
1686920 886
1686930 888
1686940 891
1686950 894
1686960 897
1686970 901
1686980 904
1686990 908
1687000 912
1687010 916
1687020 921
1687030 925
1687040 929
1687050 934
1687060 938
1687070 942
1687080 946
1687090 951
1687100 955
1687110 958
1687120 962
1687130 965
1687140 968
1687150 970
1687160 971
1687170 972
1687180 971
1687190 969
1687200 962
1687210 954
1687220 946
1687230 941
1687240 936
1687250 931
1687260 927
1687270 924
1687280 920
1687290 917
1687300 914
1687310 912
1687320 910
1687330 908
1687340 906
1687350 904
1687360 902
1687370 901
1687380 900
1687390 900
1687400 899
1687410 896
1687420 893
1687430 891
1687440 889
1687450 888
1687460 886
1687470 884
1687480 881
1687490 879
1687500 877
1687510 878
1687520 880
1687530 883
1687540 887
1687550 891
1687560 894
1687570 898
1687580 901
1687590 904
1687600 907
1687610 910
1687620 913
1687630 916
1687640 919
1687650 922
1687660 925
1687670 928
1687680 932
1687690 935
1687700 937
1687710 940
1687720 943
1687730 947
1687740 950
1687750 953
1687760 955
1687770 958
1687780 960
1687790 962
1687800 964
1687810 966
1687820 968
1687830 970
1687840 972
1687850 973
1687860 975
1687870 977
1687880 979
1687890 981
1687900 983
1687910 985
1687920 987
1687930 989
1687940 990
1687950 992
1687960 992
1687970 993
1687980 994
1687990 994
1688000 995
1688010 995
1688020 995
1688030 994
1688040 994
1688050 994
1688060 994
1688070 995
1688080 996
1688090 998
1688100 999
1688110 1000
1688120 1001
1688130 1003
1688140 1004
1688150 1005
1688160 1007
1688170 1008
1688180 1009
1688190 1011
1688200 1012
1688210 1014
1688220 1015
1688230 1016
1688240 1017
1688250 1018
1688260 1019
1688270 1019
1688280 1019
1688290 1019
1688300 1019
1688310 1018
1688320 1018
1688330 1018
1688340 1017
1688350 1017
1688360 1016
1688370 1015
1688380 1015
1688390 1015
1688400 1016
1688410 1016
1688420 1016
1688430 1016
1688440 1016
1688450 1015
1688460 1015
1688470 1014
1688480 1013
1688490 1012
1688500 1011
1688510 1009
1688520 1007
1688530 1005
1688540 1004
1688550 1003
1688560 1002
1688570 1002
1688580 1001
1688590 1000
1688600 1000
1688610 1000
1688620 1000
1688630 999
1688640 999
1688650 999
1688660 999
1688670 998
1688680 998
1688690 998
1688700 998
1688710 997
1688720 996
1688730 995
1688740 994
1688750 992
1688760 990
1688770 988
1688780 986
1688790 983
1688800 981
1688810 979
1688820 977
1688830 975
1688840 972
1688850 970
1688860 967
1688870 965
1688880 964
1688890 963
1688900 961
1688910 958
1688920 956
1688930 954
1688940 953
1688950 951
1688960 950
1688970 948
1688980 947
1688990 946
1689000 946
1689010 946
1689020 946
1689030 946
1689040 947
1689050 947
1689060 948
1689070 949
1689080 950
1689090 952
1689100 953
1689110 954
1689120 956
1689130 957
1689140 959
1689150 960
1689160 962
1689170 963
1689180 965
1689190 966
1689200 968
1689210 969
1689220 970
1689230 971
1689240 971
1689250 972
1689260 972
1689270 973
1689280 973
1689290 973
1689300 974
1689310 974
1689320 975
1689330 976
1689340 977
1689350 977
1689360 978
1689370 979
1689380 979
1689390 979
1689400 980
1689410 980
1689420 980
1689430 981
1689440 981
1689450 981
1689460 981
1689470 981
1689480 981
1689490 981
1689500 981
1689510 981
1689520 981
1689530 981
1689540 981
1689550 981
1689560 982
1689570 982
1689580 982
1689590 983
1689600 984
1689610 985
1689620 986
1689630 986
1689640 987
1689650 988
1689660 988
1689670 989
1689680 990
1689690 991
1689700 991
1689710 992
1689720 992
1689730 993
1689740 993
1689750 994
1689760 994
1689770 994
1689780 994
1689790 994
1689800 994
1689810 995
1689820 995
1689830 995
1689840 996
1689850 995
1689860 995
1689870 995
1689880 995
1689890 994
1689900 994
1689910 994
1689920 994
1689930 993
1689940 993
1689950 993
1689960 994
1689970 996
1689980 997
1689990 999
1690000 1000
1690010 1002
1690020 1004
1690030 1005
1690040 1007
1690050 1008
1690060 1010
1690070 1012
1690080 1014
1690090 1015
1690100 1017
1690110 1018
1690120 1020
1690130 1022
1690140 1023
1690150 1024
1690160 1026
1690170 1027
1690180 1028
1690190 1030
1690200 1031
1690210 1032
1690220 1033
1690230 1034
1690240 1035
1690250 1036
1690260 1037
1690270 1038
1690280 1040
1690290 1041
1690300 1042
1690310 1043
1690320 1044
1690330 1045
1690340 1047
1690350 1048
1690360 1049
1690370 1050
1690380 1051
1690390 1052
1690400 1053
1690410 1054
1690420 1054
1690430 1055
1690440 1056
1690450 1056
1690460 1056
1690470 1056
1690480 1056
1690490 1056
1690500 1056
1690510 1057
1690520 1057
1690530 1057
1690540 1057
1690550 1055
1690560 1052
1690570 1049
1690580 1045
1690590 1043
1690600 1040
1690610 1036
1690620 1032
1690630 1029
1690640 1026
1690650 1023
1690660 1020
1690670 1017
1690680 1015
1690690 1013
1690700 1011
1690710 1010
1690720 1008
1690730 1007
1690740 1005
1690750 1005
1690760 1004
1690770 1002
1690780 1001
1690790 999
1690800 996
1690810 994
1690820 991
1690830 987
1690840 983
1690850 979
1690860 974
1690870 969
1690880 964
1690890 959
1690900 955
1690910 950
1690920 945
1690930 940
1690940 935
1690950 931
1690960 926
1690970 922
1690980 919
1690990 914
1691000 909
1691010 901
1691020 893
1691030 885
1691040 879
1691050 873
1691060 868
1691070 862
1691080 857
1691090 852
1691100 847
1691110 842
1691120 837
1691130 832
1691140 827
1691150 822
1691160 818
1691170 814
1691180 809
1691190 805
1691200 801
1691210 797
1691220 793
1691230 789
1691240 785
1691250 782
1691260 778
1691270 774
1691280 770
1691290 767
1691300 764
1691310 760
1691320 756
1691330 753
1691340 750
1691350 747
1691360 744
1691370 742
1691380 739
1691390 737
1691400 734
1691410 731
1691420 727
1691430 722
1691440 718
1691450 714
1691460 710
1691470 707
1691480 706
1691490 708
1691500 711
1691510 714
1691520 717
1691530 719
1691540 720
1691550 719
1691560 719
1691570 720
1691580 721
1691590 722
1691600 724
1691610 726
1691620 728
1691630 730
1691640 733
1691650 736
1691660 739
1691670 743
1691680 746
1691690 750
1691700 753
1691710 758
1691720 761
1691730 765
1691740 768
1691750 773
1691760 778
1691770 783
1691780 787
1691790 791
1691800 796
1691810 800
1691820 805
1691830 809
1691840 814
1691850 818
1691860 822
1691870 827
1691880 831
1691890 836
1691900 841
1691910 846
1691920 850
1691930 855
1691940 860
1691950 864
1691960 869
1691970 874
1691980 878
1691990 882
1692000 886
1692010 890
1692020 894
1692030 898
1692040 903
1692050 907
1692060 910
1692070 912
1692080 912
1692090 911
1692100 909
1692110 908
1692120 906
1692130 904
1692140 902
1692150 899
1692160 896
1692170 893
1692180 890
1692190 885
1692200 881
1692210 876
1692220 872
1692230 867
1692240 863
1692250 858
1692260 854
1692270 849
1692280 845
1692290 840
1692300 835
1692310 831
1692320 827
1692330 823
1692340 819
1692350 815
1692360 812
1692370 808
1692380 805
1692390 801
1692400 797
1692410 795
1692420 792
1692430 790
1692440 786
1692450 783
1692460 781
1692470 780
1692480 780
1692490 780
1692500 779
1692510 777
1692520 776
1692530 775
1692540 774
1692550 774
1692560 773
1692570 773
1692580 773
1692590 773
1692600 773
1692610 773
1692620 772
1692630 772
1692640 771
1692650 766
1692660 760
1692670 754
1692680 747
1692690 741
1692700 736
1692710 731
1692720 727
1692730 724
1692740 724
1692750 727
1692760 731
1692770 737
1692780 742
1692790 748
1692800 752
1692810 754
1692820 756
1692830 758
1692840 759
1692850 760
1692860 762
1692870 764
1692880 766
1692890 768
1692900 771
1692910 774
1692920 777
1692930 780
1692940 783
1692950 786
1692960 789
1692970 792
1692980 795
1692990 798
1693000 801
1693010 804
1693020 807
1693030 810
1693040 813
1693050 817
1693060 820
1693070 824
1693080 828
1693090 832
1693100 835
1693110 839
1693120 842
1693130 845
1693140 847
1693150 850
1693160 852
1693170 854
1693180 855
1693190 856
1693200 858
1693210 860
1693220 863
1693230 866
1693240 869
1693250 872
1693260 875
1693270 879
1693280 882
1693290 885
1693300 889
1693310 892
1693320 895
1693330 898
1693340 901
1693350 904
1693360 908
1693370 911
1693380 914
1693390 917
1693400 920
1693410 922
1693420 925
1693430 928
1693440 931
1693450 934
1693460 936
1693470 938
1693480 941
1693490 944
1693500 946
1693510 949
1693520 951
1693530 953
1693540 956
1693550 958
1693560 960
1693570 962
1693580 965
1693590 967
1693600 969
1693610 971
1693620 974
1693630 976
1693640 978
1693650 981
1693660 983
1693670 985
1693680 988
1693690 990
1693700 993
1693710 995
1693720 997
1693730 1000
1693740 1002
1693750 1005
1693760 1007
1693770 1010
1693780 1012
1693790 1014
1693800 1017
1693810 1019
1693820 1022
1693830 1024
1693840 1026
1693850 1029
1693860 1032
1693870 1034
1693880 1037
1693890 1039
1693900 1042
1693910 1044
1693920 1047
1693930 1049
1693940 1048
1693950 1043
1693960 1034
1693970 1025
1693980 1016
1693990 1013
1694000 1010
1694010 1005
1694020 997
1694030 990
1694040 984
1694050 977
1694060 971
1694070 965
1694080 959
1694090 954
1694100 949
1694110 945
1694120 941
1694130 936
1694140 929
1694150 922
1694160 915
1694170 909
1694180 904
1694190 899
1694200 894
1694210 891
1694220 888
1694230 885
1694240 883
1694250 881
1694260 879
1694270 876
1694280 874
1694290 871
1694300 867
1694310 862
1694320 858
1694330 855
1694340 851
1694350 848
1694360 845
1694370 842
1694380 838
1694390 835
1694400 831
1694410 828
1694420 825
1694430 821
1694440 819
1694450 816
1694460 814
1694470 812
1694480 808
1694490 805
1694500 800
1694510 796
1694520 793
1694530 789
1694540 787
1694550 784
1694560 782
1694570 780
1694580 778
1694590 777
1694600 775
1694610 773
1694620 771
1694630 770
1694640 768
1694650 767
1694660 766
1694670 765
1694680 764
1694690 763
1694700 763
1694710 763
1694720 763
1694730 762
1694740 762
1694750 762
1694760 761
1694770 759
1694780 757
1694790 753
1694800 749
1694810 744
1694820 739
1694830 734
1694840 728
1694850 724
1694860 722
1694870 724
1694880 728
1694890 731
1694900 735
1694910 736
1694920 737
1694930 737
1694940 737
1694950 736
1694960 734
1694970 732
1694980 729
1694990 726
1695000 723
1695010 719
1695020 716
1695030 712
1695040 706
1695050 701
1695060 697
1695070 693
1695080 689
1695090 684
1695100 680
1695110 676
1695120 672
1695130 667
1695140 663
1695150 658
1695160 653
1695170 649
1695180 646
1695190 644
1695200 642
1695210 639
1695220 640
1695230 644
1695240 651
1695250 656
1695260 661
1695270 663
1695280 666
1695290 668
1695300 672
1695310 676
1695320 679
1695330 682
1695340 685
1695350 690
1695360 694
1695370 700
1695380 706
1695390 712
1695400 719
1695410 725
1695420 730
1695430 732
1695440 734
1695450 736
1695460 736
1695470 735
1695480 733
1695490 732
1695500 730
1695510 728
1695520 725
1695530 723
1695540 721
1695550 719
1695560 717
1695570 716
1695580 713
1695590 709
1695600 706
1695610 702
1695620 700
1695630 700
1695640 703
1695650 706
1695660 707
1695670 707
1695680 707
1695690 706
1695700 708
1695710 710
1695720 713
1695730 715
1695740 717
1695750 721
1695760 724
1695770 726
1695780 730
1695790 733
1695800 735
1695810 737
1695820 738
1695830 738
1695840 737
1695850 736
1695860 734
1695870 734
1695880 733
1695890 732
1695900 732
1695910 731
1695920 731
1695930 731
1695940 732
1695950 733
1695960 734
1695970 734
1695980 735
1695990 736
1696000 737
1696010 737
1696020 738
1696030 738
1696040 739
1696050 740
1696060 741
1696070 741
1696080 741
1696090 741
1696100 740
1696110 740
1696120 740
1696130 740
1696140 739
1696150 738
1696160 737
1696170 737
1696180 738
1696190 738
1696200 738
1696210 738
1696220 737
1696230 736
1696240 735
1696250 734
1696260 733
1696270 733
1696280 732
1696290 732
1696300 730
1696310 730
1696320 730
1696330 730
1696340 729
1696350 729
1696360 728
1696370 728
1696380 727
1696390 727
1696400 726
1696410 725
1696420 724
1696430 723
1696440 722
1696450 720
1696460 719
1696470 717
1696480 714
1696490 710
1696500 706
1696510 702
1696520 701
1696530 701
1696540 702
1696550 704
1696560 705
1696570 705
1696580 704
1696590 702
1696600 700
1696610 699
1696620 698
1696630 696
1696640 693
1696650 690
1696660 686
1696670 682
1696680 679
1696690 677
1696700 675
1696710 673
1696720 670
1696730 666
1696740 661
1696750 656
1696760 656
1696770 657
1696780 658
1696790 658
1696800 657
1696810 656
1696820 655
1696830 654
1696840 652
1696850 651
1696860 650
1696870 649
1696880 648
1696890 648
1696900 647
1696910 645
1696920 644
1696930 643
1696940 642
1696950 641
1696960 639
1696970 638
1696980 637
1696990 635
1697000 634
1697010 632
1697020 629
1697030 625
1697040 621
1697050 618
1697060 615
1697070 613
1697080 610
1697090 609
1697100 607
1697110 606
1697120 605
1697130 605
1697140 605
1697150 605
1697160 603
1697170 600
1697180 597
1697190 595
1697200 593
1697210 591
1697220 589
1697230 586
1697240 583
1697250 581
1697260 580
1697270 579
1697280 577
1697290 575
1697300 571
1697310 570
1697320 569
1697330 568
1697340 566
1697350 564
1697360 562
1697370 560
1697380 559
1697390 558
1697400 556
1697410 554
1697420 553
1697430 550
1697440 549
1697450 548
1697460 546
1697470 545
1697480 543
1697490 543
1697500 543
1697510 543
1697520 542
1697530 542
1697540 541
1697550 539
1697560 536
1697570 533
1697580 529
1697590 525
1697600 523
1697610 522
1697620 523
1697630 523
1697640 523
1697650 524
1697660 524
1697670 524
1697680 524
1697690 525
1697700 525
1697710 524
1697720 524
1697730 524
1697740 524
1697750 524
1697760 524
1697770 524
1697780 525
1697790 525
1697800 526
1697810 526
1697820 527
1697830 529
1697840 532
1697850 538
1697860 542
1697870 544
1697880 543
1697890 543
1697900 544
1697910 545
1697920 546
1697930 547
1697940 548
1697950 549
1697960 550
1697970 551
1697980 551
1697990 552
1698000 553
1698010 554
1698020 554
1698030 555
1698040 556
1698050 556
1698060 557
1698070 558
1698080 559
1698090 560
1698100 562
1698110 564
1698120 565
1698130 567
1698140 569
1698150 571
1698160 572
1698170 573
1698180 574
1698190 574
1698200 574
1698210 574
1698220 574
1698230 575
1698240 577
1698250 580
1698260 585
1698270 589
1698280 593
1698290 596
1698300 598
1698310 601
1698320 602
1698330 603
1698340 604
1698350 604
1698360 604
1698370 603
1698380 603
1698390 603
1698400 604
1698410 605
1698420 605
1698430 606
1698440 608
1698450 608
1698460 609
1698470 610
1698480 611
1698490 611
1698500 612
1698510 612
1698520 613
1698530 614
1698540 615
1698550 616
1698560 617
1698570 618
1698580 618
1698590 618
1698600 619
1698610 620
1698620 620
1698630 621
1698640 622
1698650 624
1698660 625
1698670 626
1698680 627
1698690 629
1698700 631
1698710 632
1698720 634
1698730 636
1698740 639
1698750 643
1698760 648
1698770 653
1698780 659
1698790 665
1698800 672
1698810 679
1698820 685
1698830 692
1698840 698
1698850 704
1698860 711
1698870 720
1698880 729
1698890 731
1698900 733
1698910 736
1698920 740
1698930 743
1698940 747
1698950 751
1698960 755
1698970 759
1698980 763
1698990 766
1699000 769
1699010 772
1699020 774
1699030 775
1699040 776
1699050 776
1699060 775
1699070 770
1699080 763
1699090 756
1699100 748
1699110 741
1699120 734
1699130 727
1699140 719
1699150 712
1699160 705
1699170 697
1699180 689
1699190 681
1699200 674
1699210 666
1699220 657
1699230 650
1699240 644
1699250 642
1699260 640
1699270 638
1699280 637
1699290 636
1699300 636
1699310 635
1699320 635
1699330 636
1699340 636
1699350 637
1699360 637
1699370 637
1699380 637
1699390 637
1699400 637
1699410 636
1699420 634
1699430 633
1699440 632
1699450 631
1699460 630
1699470 629
1699480 627
1699490 624
1699500 622
1699510 620
1699520 619
1699530 619
1699540 619
1699550 618
1699560 615
1699570 612
1699580 610
1699590 608
1699600 605
1699610 601
1699620 597
1699630 596
1699640 596
1699650 598
1699660 600
1699670 601
1699680 604
1699690 605
1699700 606
1699710 606
1699720 605
1699730 603
1699740 602
1699750 604
1699760 605
1699770 607
1699780 609
1699790 610
1699800 612
1699810 612
1699820 612
1699830 610
1699840 607
1699850 605
1699860 602
1699870 600
1699880 599
1699890 599
1699900 599
1699910 598
1699920 597
1699930 596
1699940 596
1699950 596
1699960 596
1699970 595
1699980 593
1699990 591
