1680000 902
1680010 902
1680020 901
1680030 901
1680040 900
1680050 899
1680060 899
1680070 898
1680080 897
1680090 897
1680100 896
1680110 896
1680120 896
1680130 897
1680140 897
1680150 898
1680160 898
1680170 899
1680180 900
1680190 901
1680200 901
1680210 902
1680220 902
1680230 903
1680240 904
1680250 904
1680260 905
1680270 906
1680280 907
1680290 908
1680300 909
1680310 911
1680320 913
1680330 915
1680340 917
1680350 917
1680360 915
1680370 914
1680380 912
1680390 909
1680400 907
1680410 905
1680420 903
1680430 902
1680440 901
1680450 901
1680460 900
1680470 899
1680480 899
1680490 898
1680500 896
1680510 894
1680520 892
1680530 890
1680540 888
1680550 886
1680560 884
1680570 880
1680580 877
1680590 874
1680600 871
1680610 870
1680620 869
1680630 870
1680640 870
1680650 870
1680660 867
1680670 864
1680680 860
1680690 855
1680700 851
1680710 847
1680720 844
1680730 843
1680740 844
1680750 848
1680760 852
1680770 856
1680780 859
1680790 862
1680800 865
1680810 867
1680820 869
1680830 871
1680840 872
1680850 873
1680860 873
1680870 875
1680880 876
1680890 878
1680900 880
1680910 881
1680920 882
1680930 882
1680940 882
1680950 882
1680960 883
1680970 882
1680980 881
1680990 880
1681000 878
1681010 875
1681020 873
1681030 870
1681040 867
1681050 865
1681060 864
1681070 862
1681080 861
1681090 862
1681100 863
1681110 864
1681120 866
1681130 867
1681140 869
1681150 869
1681160 869
1681170 869
1681180 870
1681190 871
1681200 873
1681210 876
1681220 878
1681230 881
1681240 883
1681250 886
1681260 889
1681270 893
1681280 896
1681290 900
1681300 904
1681310 909
1681320 912
1681330 916
1681340 918
1681350 920
1681360 922
1681370 924
1681380 926
1681390 928
1681400 930
1681410 932
1681420 933
1681430 935
1681440 936
1681450 938
1681460 939
1681470 941
1681480 942
1681490 944
1681500 945
1681510 947
1681520 949
1681530 951
1681540 953
1681550 955
1681560 958
1681570 960
1681580 963
1681590 965
1681600 968
1681610 971
1681620 974
1681630 977
1681640 980
1681650 983
1681660 986
1681670 989
1681680 992
1681690 995
1681700 999
1681710 1002
1681720 1005
1681730 1008
1681740 1011
1681750 1014
1681760 1017
1681770 1021
1681780 1024
1681790 1027
1681800 1030
1681810 1033
1681820 1036
1681830 1039
1681840 1041
1681850 1044
1681860 1047
1681870 1050
1681880 1053
1681890 1055
1681900 1058
1681910 1060
1681920 1062
1681930 1065
1681940 1066
1681950 1068
1681960 1069
1681970 1071
1681980 1072
1681990 1073
1682000 1073
1682010 1075
1682020 1076
1682030 1077
1682040 1078
1682050 1079
1682060 1080
1682070 1081
1682080 1082
1682090 1083
1682100 1083
1682110 1084
1682120 1084
1682130 1085
1682140 1086
1682150 1086
1682160 1087
1682170 1088
1682180 1088
1682190 1089
1682200 1090
1682210 1091
1682220 1092
1682230 1092
1682240 1093
1682250 1094
1682260 1095
1682270 1096
1682280 1097
1682290 1098
1682300 1099
1682310 1099
1682320 1100
1682330 1101
1682340 1102
1682350 1103
1682360 1104
1682370 1105
1682380 1106
1682390 1106
1682400 1107
1682410 1108
1682420 1109
1682430 1110
1682440 1111
1682450 1112
1682460 1113
1682470 1114
1682480 1116
1682490 1117
1682500 1118
1682510 1119
1682520 1121
1682530 1122
1682540 1123
1682550 1124
1682560 1125
1682570 1127
1682580 1128
1682590 1129
1682600 1130
1682610 1131
1682620 1132
1682630 1133
1682640 1134
1682650 1134
1682660 1135
1682670 1136
1682680 1136
1682690 1137
1682700 1138
1682710 1139
1682720 1139
1682730 1140
1682740 1142
1682750 1143
1682760 1144
1682770 1144
1682780 1144
1682790 1144
1682800 1144
1682810 1144
1682820 1144
1682830 1145
1682840 1146
1682850 1147
1682860 1148
1682870 1150
1682880 1151
1682890 1153
1682900 1155
1682910 1157
1682920 1158
1682930 1160
1682940 1161
1682950 1162
1682960 1163
1682970 1162
1682980 1160
1682990 1159
1683000 1156
1683010 1155
1683020 1155
1683030 1154
1683040 1151
1683050 1147
1683060 1141
1683070 1136
1683080 1130
1683090 1124
1683100 1119
1683110 1114
1683120 1109
1683130 1104
1683140 1098
1683150 1092
1683160 1087
1683170 1083
1683180 1080
1683190 1078
1683200 1076
1683210 1074
1683220 1073
1683230 1072
1683240 1071
1683250 1071
1683260 1071
1683270 1071
1683280 1071
1683290 1072
1683300 1071
1683310 1071
1683320 1071
1683330 1071
1683340 1070
1683350 1069
1683360 1069
1683370 1070
1683380 1070
1683390 1071
1683400 1072
1683410 1073
1683420 1074
1683430 1077
1683440 1079
1683450 1082
1683460 1084
1683470 1087
1683480 1090
1683490 1092
1683500 1095
1683510 1098
1683520 1102
1683530 1106
1683540 1110
1683550 1114
1683560 1117
1683570 1118
1683580 1119
1683590 1119
1683600 1120
1683610 1122
1683620 1124
1683630 1126
1683640 1129
1683650 1132
1683660 1135
1683670 1138
1683680 1140
1683690 1142
1683700 1143
1683710 1145
1683720 1147
1683730 1150
1683740 1151
1683750 1153
1683760 1156
1683770 1158
1683780 1161
1683790 1164
1683800 1167
1683810 1171
1683820 1175
1683830 1179
1683840 1182
1683850 1185
1683860 1188
1683870 1191
1683880 1194
1683890 1197
1683900 1200
1683910 1204
1683920 1208
1683930 1210
1683940 1212
1683950 1212
1683960 1213
1683970 1214
1683980 1214
1683990 1214
1684000 1215
1684010 1214
1684020 1214
1684030 1213
1684040 1212
1684050 1211
1684060 1210
1684070 1209
1684080 1208
1684090 1207
1684100 1207
1684110 1206
1684120 1205
1684130 1205
1684140 1205
1684150 1205
1684160 1205
1684170 1205
1684180 1205
1684190 1205
1684200 1205
1684210 1205
1684220 1204
1684230 1204
1684240 1203
1684250 1203
1684260 1201
1684270 1200
1684280 1199
1684290 1197
1684300 1196
1684310 1193
1684320 1191
1684330 1190
1684340 1188
1684350 1187
1684360 1187
1684370 1187
1684380 1185
1684390 1184
1684400 1183
1684410 1183
1684420 1182
1684430 1182
1684440 1181
1684450 1181
1684460 1180
1684470 1179
1684480 1179
1684490 1178
1684500 1178
1684510 1177
1684520 1177
1684530 1177
1684540 1176
1684550 1176
1684560 1176
1684570 1175
1684580 1174
1684590 1175
1684600 1175
1684610 1176
1684620 1176
1684630 1177
1684640 1177
1684650 1177
1684660 1178
1684670 1178
1684680 1177
1684690 1178
1684700 1178
1684710 1179
1684720 1180
1684730 1181
1684740 1181
1684750 1181
1684760 1182
1684770 1183
1684780 1183
1684790 1185
1684800 1186
1684810 1187
1684820 1188
1684830 1189
1684840 1190
1684850 1190
1684860 1191
1684870 1191
1684880 1191
1684890 1191
1684900 1191
1684910 1191
1684920 1191
1684930 1191
1684940 1191
1684950 1191
1684960 1191
1684970 1192
1684980 1192
1684990 1193
1685000 1194
1685010 1195
1685020 1196
1685030 1197
1685040 1198
1685050 1199
1685060 1200
1685070 1200
1685080 1201
1685090 1201
1685100 1202
1685110 1202
1685120 1202
1685130 1203
1685140 1203
1685150 1203
1685160 1203
1685170 1203
1685180 1202
1685190 1202
1685200 1202
1685210 1202
1685220 1202
1685230 1202
1685240 1202
1685250 1201
1685260 1201
1685270 1201
1685280 1200
1685290 1200
1685300 1199
1685310 1197
1685320 1195
1685330 1192
1685340 1187
1685350 1181
1685360 1176
1685370 1171
1685380 1166
1685390 1161
1685400 1155
1685410 1147
1685420 1140
1685430 1133
1685440 1128
1685450 1124
1685460 1120
1685470 1117
1685480 1113
1685490 1109
1685500 1107
1685510 1104
1685520 1102
1685530 1100
1685540 1097
1685550 1095
1685560 1093
1685570 1092
1685580 1092
1685590 1092
1685600 1093
1685610 1094
1685620 1095
1685630 1095
1685640 1095
1685650 1095
1685660 1095
1685670 1094
1685680 1093
1685690 1091
1685700 1089
1685710 1087
1685720 1085
1685730 1083
1685740 1082
1685750 1080
1685760 1079
1685770 1077
1685780 1075
1685790 1073
1685800 1072
1685810 1071
1685820 1069
1685830 1067
1685840 1065
1685850 1064
1685860 1062
1685870 1059
1685880 1057
1685890 1056
1685900 1055
1685910 1054
1685920 1053
1685930 1051
1685940 1050
1685950 1047
1685960 1046
1685970 1045
1685980 1044
1685990 1043
1686000 1042
1686010 1042
1686020 1041
1686030 1041
1686040 1040
1686050 1040
1686060 1039
1686070 1038
1686080 1036
1686090 1033
1686100 1031
1686110 1029
1686120 1028
1686130 1026
1686140 1025
1686150 1025
1686160 1025
1686170 1025
1686180 1026
1686190 1026
1686200 1027
1686210 1028
1686220 1028
1686230 1029
1686240 1030
1686250 1031
1686260 1032
1686270 1032
1686280 1033
1686290 1034
1686300 1035
1686310 1036
1686320 1037
1686330 1037
1686340 1037
1686350 1036
1686360 1035
1686370 1033
1686380 1033
1686390 1033
1686400 1033
1686410 1033
1686420 1034
1686430 1034
1686440 1034
1686450 1034
1686460 1034
1686470 1035
1686480 1035
1686490 1035
1686500 1036
1686510 1036
1686520 1037
1686530 1037
1686540 1037
1686550 1037
1686560 1037
1686570 1037
1686580 1038
1686590 1039
1686600 1039
1686610 1040
1686620 1040
1686630 1040
1686640 1040
1686650 1041
1686660 1041
1686670 1041
1686680 1040
1686690 1040
1686700 1040
1686710 1041
1686720 1040
1686730 1040
1686740 1039
1686750 1039
1686760 1039
1686770 1039
1686780 1039
1686790 1038
1686800 1037
1686810 1036
1686820 1035
1686830 1033
1686840 1032
1686850 1031
1686860 1030
1686870 1029
1686880 1028
1686890 1027
1686900 1026
1686910 1025
1686920 1024
1686930 1024
1686940 1023
1686950 1022
1686960 1022
1686970 1021
1686980 1020
1686990 1019
1687000 1018
1687010 1017
1687020 1016
1687030 1016
1687040 1016
1687050 1016
1687060 1016
1687070 1016
1687080 1015
1687090 1015
1687100 1015
1687110 1015
1687120 1015
1687130 1016
1687140 1016
1687150 1016
1687160 1016
1687170 1016
1687180 1016
1687190 1017
1687200 1016
1687210 1016
1687220 1016
1687230 1015
1687240 1014
1687250 1013
1687260 1012
1687270 1014
1687280 1015
1687290 1017
1687300 1019
1687310 1021
1687320 1023
1687330 1025
1687340 1027
1687350 1030
1687360 1032
1687370 1034
1687380 1036
1687390 1038
1687400 1040
1687410 1042
1687420 1043
1687430 1043
1687440 1042
1687450 1041
1687460 1040
1687470 1040
1687480 1040
1687490 1040
1687500 1041
1687510 1041
1687520 1042
1687530 1043
1687540 1045
1687550 1047
1687560 1049
1687570 1052
1687580 1054
1687590 1057
1687600 1060
1687610 1063
1687620 1066
1687630 1069
1687640 1072
1687650 1074
1687660 1077
1687670 1079
1687680 1082
1687690 1084
1687700 1086
1687710 1088
1687720 1090
1687730 1092
1687740 1094
1687750 1096
1687760 1097
1687770 1099
1687780 1100
1687790 1100
1687800 1100
1687810 1101
1687820 1101
1687830 1101
1687840 1101
1687850 1101
1687860 1101
1687870 1100
1687880 1099
1687890 1097
1687900 1096
1687910 1093
1687920 1091
1687930 1088
1687940 1085
1687950 1083
1687960 1081
1687970 1080
1687980 1079
1687990 1077
1688000 1076
1688010 1075
1688020 1075
1688030 1076
1688040 1078
1688050 1080
1688060 1083
1688070 1085
1688080 1087
1688090 1088
1688100 1090
1688110 1091
1688120 1091
1688130 1092
1688140 1093
1688150 1094
1688160 1095
1688170 1096
1688180 1099
1688190 1102
1688200 1105
1688210 1107
1688220 1109
1688230 1110
1688240 1111
1688250 1111
1688260 1112
1688270 1112
1688280 1112
1688290 1112
1688300 1111
1688310 1110
1688320 1109
1688330 1108
1688340 1105
1688350 1102
1688360 1099
1688370 1096
1688380 1093
1688390 1090
1688400 1088
1688410 1086
1688420 1084
1688430 1083
1688440 1081
1688450 1079
1688460 1076
1688470 1074
1688480 1071
1688490 1069
1688500 1067
1688510 1066
1688520 1063
1688530 1060
1688540 1057
1688550 1054
1688560 1052
1688570 1051
1688580 1050
1688590 1050
1688600 1050
1688610 1049
1688620 1048
1688630 1047
1688640 1046
1688650 1044
1688660 1043
1688670 1041
1688680 1039
1688690 1037
1688700 1034
1688710 1032
1688720 1030
1688730 1027
1688740 1024
1688750 1021
1688760 1018
1688770 1014
1688780 1010
1688790 1006
1688800 1003
1688810 1001
1688820 999
1688830 997
1688840 996
1688850 994
1688860 993
1688870 993
1688880 992
1688890 992
1688900 992
1688910 991
1688920 990
1688930 989
1688940 988
1688950 986
1688960 985
1688970 984
1688980 983
1688990 983
1689000 982
1689010 982
1689020 982
1689030 982
1689040 982
1689050 983
1689060 984
1689070 986
1689080 987
1689090 989
1689100 991
1689110 992
1689120 994
1689130 995
1689140 997
1689150 998
1689160 1000
1689170 1002
1689180 1004
1689190 1006
1689200 1007
1689210 1009
1689220 1010
1689230 1012
1689240 1014
1689250 1017
1689260 1019
1689270 1022
1689280 1024
1689290 1026
1689300 1029
1689310 1031
1689320 1033
1689330 1036
1689340 1038
1689350 1041
1689360 1043
1689370 1046
1689380 1048
1689390 1050
1689400 1052
1689410 1054
1689420 1056
1689430 1058
1689440 1059
1689450 1061
1689460 1062
1689470 1063
1689480 1065
1689490 1065
1689500 1065
1689510 1065
1689520 1064
1689530 1062
1689540 1061
1689550 1058
1689560 1055
1689570 1052
1689580 1048
1689590 1043
1689600 1037
1689610 1031
1689620 1025
1689630 1020
1689640 1015
1689650 1010
1689660 1006
1689670 1002
1689680 998
1689690 993
1689700 989
1689710 985
1689720 982
1689730 980
1689740 977
1689750 974
1689760 971
1689770 967
1689780 964
1689790 961
1689800 960
1689810 959
1689820 958
1689830 957
1689840 956
1689850 952
1689860 948
1689870 944
1689880 939
1689890 936
1689900 933
1689910 930
1689920 928
1689930 925
1689940 922
1689950 920
1689960 918
1689970 916
1689980 913
1689990 910
1690000 906
1690010 904
1690020 901
1690030 898
1690040 895
1690050 893
1690060 891
1690070 889
1690080 889
1690090 889
1690100 889
1690110 889
1690120 889
1690130 890
1690140 890
1690150 891
1690160 892
1690170 894
1690180 895
1690190 896
1690200 898
1690210 899
1690220 901
1690230 902
1690240 904
1690250 906
1690260 908
1690270 910
1690280 911
1690290 913
1690300 915
1690310 916
1690320 918
1690330 920
1690340 922
1690350 922
1690360 923
1690370 923
1690380 923
1690390 924
1690400 925
1690410 925
1690420 926
1690430 928
1690440 929
1690450 929
1690460 927
1690470 928
1690480 929
1690490 929
1690500 930
1690510 931
1690520 930
1690530 931
1690540 931
1690550 932
1690560 932
1690570 932
1690580 932
1690590 932
1690600 933
1690610 934
1690620 935
1690630 936
1690640 937
1690650 937
1690660 938
1690670 939
1690680 940
1690690 941
1690700 942
1690710 943
1690720 944
1690730 945
1690740 946
1690750 946
1690760 947
1690770 946
1690780 946
1690790 946
1690800 945
1690810 944
1690820 943
1690830 942
1690840 941
1690850 939
1690860 938
1690870 936
1690880 935
1690890 933
1690900 931
1690910 929
1690920 927
1690930 925
1690940 924
1690950 924
1690960 924
1690970 924
1690980 924
1690990 923
1691000 922
1691010 922
1691020 921
1691030 920
1691040 920
1691050 918
1691060 917
1691070 916
1691080 914
1691090 913
1691100 911
1691110 909
1691120 907
1691130 905
1691140 902
1691150 900
1691160 898
1691170 896
1691180 895
1691190 895
1691200 896
1691210 896
1691220 897
1691230 897
1691240 897
1691250 897
1691260 896
1691270 896
1691280 896
1691290 895
1691300 895
1691310 894
1691320 893
1691330 892
1691340 891
1691350 890
1691360 889
1691370 888
1691380 887
1691390 886
1691400 885
1691410 884
1691420 882
1691430 878
1691440 873
1691450 866
1691460 860
1691470 853
1691480 848
1691490 845
1691500 844
1691510 844
1691520 843
1691530 842
1691540 840
1691550 837
1691560 836
1691570 834
1691580 834
1691590 833
1691600 831
1691610 829
1691620 827
1691630 824
1691640 820
1691650 815
1691660 809
1691670 803
1691680 798
1691690 794
1691700 791
1691710 787
1691720 780
1691730 771
1691740 764
1691750 759
1691760 755
1691770 751
1691780 746
1691790 742
1691800 738
1691810 734
1691820 730
1691830 725
1691840 721
1691850 717
1691860 713
1691870 709
1691880 705
1691890 702
1691900 699
1691910 696
1691920 694
1691930 692
1691940 691
1691950 690
1691960 688
1691970 686
1691980 684
1691990 681
1692000 678
1692010 675
1692020 672
1692030 669
1692040 665
1692050 662
1692060 658
1692070 653
1692080 649
1692090 645
1692100 641
1692110 636
1692120 632
1692130 628
1692140 617
1692150 614
1692160 619
1692170 625
1692180 629
1692190 630
1692200 631
1692210 632
1692220 636
1692230 641
1692240 645
1692250 648
1692260 653
1692270 657
1692280 663
1692290 668
1692300 673
1692310 677
1692320 681
1692330 685
1692340 688
1692350 692
1692360 695
1692370 698
1692380 701
1692390 703
1692400 705
1692410 708
1692420 711
1692430 714
1692440 716
1692450 719
1692460 721
1692470 723
1692480 724
1692490 726
1692500 727
1692510 728
1692520 730
1692530 731
1692540 732
1692550 733
1692560 734
1692570 735
1692580 737
1692590 738
1692600 739
1692610 739
1692620 740
1692630 741
1692640 742
1692650 743
1692660 744
1692670 744
1692680 745
1692690 746
1692700 746
1692710 746
1692720 746
1692730 745
1692740 744
1692750 740
1692760 737
1692770 734
1692780 732
1692790 730
1692800 728
1692810 726
1692820 725
1692830 723
1692840 723
1692850 723
1692860 723
1692870 724
1692880 725
1692890 726
1692900 727
1692910 728
1692920 728
1692930 729
1692940 731
1692950 732
1692960 734
1692970 735
1692980 736
1692990 737
1693000 739
1693010 740
1693020 740
1693030 738
1693040 736
1693050 736
1693060 737
1693070 738
1693080 740
1693090 742
1693100 744
1693110 746
1693120 748
1693130 750
1693140 751
1693150 752
1693160 754
1693170 755
1693180 757
1693190 758
1693200 759
1693210 760
1693220 762
1693230 763
1693240 764
1693250 765
1693260 766
1693270 767
1693280 769
1693290 770
1693300 771
1693310 773
1693320 774
1693330 775
1693340 777
1693350 778
1693360 780
1693370 781
1693380 783
1693390 784
1693400 785
1693410 786
1693420 788
1693430 789
1693440 790
1693450 791
1693460 792
1693470 793
1693480 792
1693490 791
1693500 789
1693510 790
1693520 792
1693530 795
1693540 799
1693550 803
1693560 807
1693570 810
1693580 814
1693590 817
1693600 820
1693610 823
1693620 827
1693630 830
1693640 833
1693650 836
1693660 839
1693670 841
1693680 844
1693690 846
1693700 848
1693710 850
1693720 852
1693730 853
1693740 854
1693750 855
1693760 855
1693770 856
1693780 856
1693790 855
1693800 855
1693810 854
1693820 853
1693830 852
1693840 851
1693850 850
1693860 849
1693870 847
1693880 846
1693890 844
1693900 842
1693910 840
1693920 838
1693930 836
1693940 835
1693950 834
1693960 833
1693970 834
1693980 835
1693990 838
1694000 842
1694010 846
1694020 851
1694030 855
1694040 860
1694050 864
1694060 869
1694070 873
1694080 878
1694090 881
1694100 885
1694110 890
1694120 894
1694130 898
1694140 902
1694150 906
1694160 910
1694170 914
1694180 918
1694190 921
1694200 925
1694210 929
1694220 932
1694230 935
1694240 939
1694250 942
1694260 945
1694270 948
1694280 951
1694290 954
1694300 957
1694310 960
1694320 963
1694330 966
1694340 968
1694350 971
1694360 974
1694370 976
1694380 979
1694390 981
1694400 983
1694410 985
1694420 988
1694430 990
1694440 992
1694450 990
1694460 989
1694470 987
1694480 984
1694490 980
1694500 975
1694510 970
1694520 967
1694530 965
1694540 962
1694550 958
1694560 954
1694570 953
1694580 951
1694590 949
1694600 945
1694610 940
1694620 934
1694630 930
1694640 926
1694650 923
1694660 920
1694670 916
1694680 909
1694690 894
1694700 886
1694710 879
1694720 873
1694730 866
1694740 859
1694750 852
1694760 846
1694770 842
1694780 839
1694790 836
1694800 833
1694810 831
1694820 831
1694830 831
1694840 828
1694850 825
1694860 822
1694870 822
1694880 820
1694890 818
1694900 817
1694910 815
1694920 812
1694930 808
1694940 803
1694950 799
1694960 796
1694970 795
1694980 793
1694990 790
1695000 787
1695010 783
1695020 780
1695030 777
1695040 772
1695050 767
1695060 762
1695070 758
1695080 754
1695090 750
1695100 746
1695110 742
1695120 738
1695130 734
1695140 730
1695150 727
1695160 723
1695170 720
1695180 716
1695190 713
1695200 710
1695210 708
1695220 706
1695230 703
1695240 700
1695250 697
1695260 694
1695270 692
1695280 689
1695290 687
1695300 685
1695310 684
1695320 683
1695330 682
1695340 682
1695350 681
1695360 680
1695370 677
1695380 674
1695390 670
1695400 667
1695410 663
1695420 660
1695430 656
1695440 653
1695450 649
1695460 645
1695470 642
1695480 638
1695490 635
1695500 631
1695510 628
1695520 624
1695530 621
1695540 618
1695550 615
1695560 612
1695570 608
1695580 605
1695590 602
1695600 599
1695610 596
1695620 593
1695630 590
1695640 587
1695650 584
1695660 580
1695670 577
1695680 573
1695690 570
1695700 565
1695710 560
1695720 554
1695730 548
1695740 541
1695750 534
1695760 530
1695770 526
1695780 525
1695790 525
1695800 525
1695810 525
1695820 528
1695830 529
1695840 530
1695850 529
1695860 529
1695870 529
1695880 529
1695890 529
1695900 528
1695910 528
1695920 527
1695930 526
1695940 526
1695950 525
1695960 525
1695970 524
1695980 524
1695990 523
1696000 523
1696010 522
1696020 522
1696030 521
1696040 521
1696050 521
1696060 520
1696070 520
1696080 519
1696090 519
1696100 518
1696110 518
1696120 517
1696130 516
1696140 515
1696150 513
1696160 513
1696170 513
1696180 514
1696190 514
1696200 514
1696210 515
1696220 517
1696230 520
1696240 523
1696250 525
1696260 528
1696270 532
1696280 534
1696290 537
1696300 539
1696310 542
1696320 545
1696330 549
1696340 552
1696350 554
1696360 556
1696370 558
1696380 560
1696390 563
1696400 564
1696410 566
1696420 569
1696430 572
1696440 573
1696450 573
1696460 574
1696470 577
1696480 580
1696490 582
1696500 585
1696510 587
1696520 590
1696530 593
1696540 596
1696550 600
1696560 605
1696570 609
1696580 612
1696590 615
1696600 617
1696610 619
1696620 621
1696630 622
1696640 629
1696650 641
1696660 655
1696670 664
1696680 664
1696690 659
1696700 651
1696710 649
1696720 650
1696730 657
1696740 660
1696750 661
1696760 661
1696770 664
1696780 669
1696790 677
1696800 680
1696810 682
1696820 689
1696830 699
1696840 709
1696850 721
1696860 726
1696870 727
1696880 724
1696890 717
1696900 713
1696910 716
1696920 718
1696930 718
1696940 713
1696950 716
1696960 721
1696970 726
1696980 728
1696990 730
1697000 734
1697010 735
1697020 735
1697030 731
1697040 730
1697050 733
1697060 745
1697070 753
1697080 763
1697090 776
1697100 777
1697110 776
1697120 773
1697130 769
1697140 762
1697150 752
1697160 748
1697170 747
1697180 749
1697190 752
1697200 754
1697210 756
1697220 760
1697230 764
1697240 768
1697250 772
1697260 777
1697270 781
1697280 786
1697290 790
1697300 795
1697310 800
1697320 804
1697330 809
1697340 814
1697350 819
1697360 824
1697370 828
1697380 833
1697390 838
1697400 842
1697410 847
1697420 852
1697430 857
1697440 861
1697450 866
1697460 871
1697470 876
1697480 880
1697490 882
1697500 883
1697510 884
1697520 887
1697530 891
1697540 894
1697550 898
1697560 902
1697570 907
1697580 911
1697590 917
1697600 923
1697610 933
1697620 936
1697630 937
1697640 937
1697650 936
1697660 935
1697670 936
1697680 940
1697690 944
1697700 947
1697710 947
1697720 946
1697730 945
1697740 944
1697750 944
1697760 943
1697770 942
1697780 941
1697790 941
1697800 940
1697810 939
1697820 938
1697830 938
1697840 937
1697850 936
1697860 935
1697870 935
1697880 934
1697890 933
1697900 933
1697910 932
1697920 931
1697930 930
1697940 929
1697950 928
1697960 928
1697970 927
1697980 927
1697990 926
1698000 926
1698010 926
1698020 925
1698030 925
1698040 925
1698050 924
1698060 925
1698070 925
1698080 925
1698090 925
1698100 925
1698110 925
1698120 926
1698130 926
1698140 926
1698150 926
1698160 927
1698170 927
1698180 927
1698190 928
1698200 929
1698210 929
1698220 930
1698230 931
1698240 931
1698250 932
1698260 933
1698270 934
1698280 935
1698290 935
1698300 936
1698310 937
1698320 937
1698330 937
1698340 937
1698350 936
1698360 936
1698370 935
1698380 934
1698390 933
1698400 933
1698410 933
1698420 934
1698430 934
1698440 935
1698450 935
1698460 935
1698470 935
1698480 934
1698490 933
1698500 933
1698510 932
1698520 932
1698530 931
1698540 931
1698550 931
1698560 932
1698570 933
1698580 935
1698590 936
1698600 937
1698610 938
1698620 938
1698630 938
1698640 939
1698650 940
1698660 941
1698670 942
1698680 944
1698690 945
1698700 946
1698710 947
1698720 948
1698730 949
1698740 950
1698750 950
1698760 949
1698770 948
1698780 946
1698790 944
1698800 945
1698810 945
1698820 945
1698830 945
1698840 944
1698850 943
1698860 942
1698870 942
1698880 943
1698890 944
1698900 945
1698910 945
1698920 945
1698930 946
1698940 947
1698950 949
1698960 947
1698970 945
1698980 943
1698990 940
1699000 937
1699010 934
1699020 930
1699030 925
1699040 920
1699050 916
1699060 911
1699070 907
1699080 905
1699090 903
1699100 902
1699110 901
1699120 899
1699130 899
1699140 898
1699150 897
1699160 896
1699170 895
1699180 894
1699190 893
1699200 892
1699210 891
1699220 890
1699230 889
1699240 889
1699250 888
1699260 887
1699270 885
1699280 884
1699290 883
1699300 881
1699310 879
1699320 876
1699330 873
1699340 870
1699350 868
1699360 867
1699370 866
1699380 864
1699390 863
1699400 861
1699410 857
1699420 854
1699430 851
1699440 852
1699450 853
1699460 854
1699470 855
1699480 856
1699490 856
1699500 855
1699510 855
1699520 855
1699530 856
1699540 856
1699550 857
1699560 858
1699570 861
1699580 863
1699590 866
1699600 869
1699610 872
1699620 875
1699630 881
1699640 887
1699650 893
1699660 898
1699670 899
1699680 896
1699690 893
1699700 890
1699710 890
1699720 892
1699730 894
1699740 896
1699750 900
1699760 903
1699770 908
1699780 914
1699790 920
1699800 925
1699810 929
1699820 934
1699830 938
1699840 943
1699850 947
1699860 950
1699870 952
1699880 955
1699890 958
1699900 960
1699910 962
1699920 964
1699930 965
1699940 964
1699950 963
1699960 961
1699970 961
1699980 962
1699990 967
