1680000 590
1680010 592
1680020 595
1680030 598
1680040 601
1680050 604
1680060 607
1680070 610
1680080 613
1680090 616
1680100 619
1680110 622
1680120 626
1680130 629
1680140 632
1680150 635
1680160 638
1680170 641
1680180 645
1680190 648
1680200 651
1680210 655
1680220 659
1680230 663
1680240 667
1680250 670
1680260 674
1680270 677
1680280 681
1680290 684
1680300 688
1680310 692
1680320 696
1680330 699
1680340 703
1680350 706
1680360 709
1680370 711
1680380 713
1680390 714
1680400 715
1680410 716
1680420 718
1680430 720
1680440 722
1680450 725
1680460 727
1680470 729
1680480 731
1680490 732
1680500 734
1680510 736
1680520 737
1680530 739
1680540 741
1680550 742
1680560 744
1680570 746
1680580 747
1680590 747
1680600 748
1680610 748
1680620 749
1680630 749
1680640 749
1680650 750
1680660 750
1680670 751
1680680 752
1680690 753
1680700 753
1680710 753
1680720 753
1680730 753
1680740 753
1680750 754
1680760 754
1680770 754
1680780 754
1680790 754
1680800 753
1680810 752
1680820 751
1680830 751
1680840 750
1680850 749
1680860 749
1680870 748
1680880 748
1680890 747
1680900 748
1680910 749
1680920 750
1680930 751
1680940 750
1680950 750
1680960 749
1680970 748
1680980 747
1680990 746
1681000 745
1681010 743
1681020 742
1681030 739
1681040 737
1681050 734
1681060 733
1681070 731
1681080 730
1681090 730
1681100 729
1681110 729
1681120 729
1681130 728
1681140 728
1681150 728
1681160 727
1681170 727
1681180 726
1681190 726
1681200 725
1681210 725
1681220 724
1681230 724
1681240 722
1681250 721
1681260 720
1681270 720
1681280 720
1681290 721
1681300 722
1681310 723
1681320 723
1681330 724
1681340 724
1681350 725
1681360 725
1681370 726
1681380 726
1681390 725
1681400 723
1681410 722
1681420 722
1681430 721
1681440 721
1681450 720
1681460 719
1681470 718
1681480 716
1681490 715
1681500 713
1681510 713
1681520 712
1681530 711
1681540 709
1681550 707
1681560 705
1681570 703
1681580 702
1681590 702
1681600 700
1681610 700
1681620 701
1681630 702
1681640 702
1681650 703
1681660 703
1681670 703
1681680 703
1681690 702
1681700 701
1681710 699
1681720 698
1681730 698
1681740 699
1681750 699
1681760 699
1681770 698
1681780 697
1681790 696
1681800 695
1681810 695
1681820 694
1681830 693
1681840 690
1681850 687
1681860 684
1681870 683
1681880 682
1681890 682
1681900 681
1681910 680
1681920 679
1681930 678
1681940 676
1681950 675
1681960 675
1681970 675
1681980 676
1681990 677
1682000 678
1682010 679
1682020 679
1682030 679
1682040 680
1682050 681
1682060 682
1682070 684
1682080 685
1682090 686
1682100 687
1682110 687
1682120 688
1682130 688
1682140 687
1682150 686
1682160 686
1682170 687
1682180 688
1682190 689
1682200 691
1682210 693
1682220 697
1682230 701
1682240 704
1682250 707
1682260 708
1682270 710
1682280 711
1682290 712
1682300 714
1682310 716
1682320 717
1682330 719
1682340 720
1682350 721
1682360 722
1682370 723
1682380 724
1682390 726
1682400 727
1682410 728
1682420 729
1682430 730
1682440 732
1682450 733
1682460 734
1682470 736
1682480 737
1682490 738
1682500 739
1682510 740
1682520 741
1682530 743
1682540 745
1682550 748
1682560 751
1682570 755
1682580 758
1682590 761
1682600 763
1682610 766
1682620 769
1682630 772
1682640 774
1682650 776
1682660 779
1682670 781
1682680 783
1682690 785
1682700 787
1682710 788
1682720 789
1682730 790
1682740 791
1682750 793
1682760 794
1682770 795
1682780 797
1682790 798
1682800 800
1682810 801
1682820 802
1682830 803
1682840 804
1682850 805
1682860 805
1682870 806
1682880 808
1682890 811
1682900 814
1682910 818
1682920 822
1682930 826
1682940 830
1682950 834
1682960 838
1682970 842
1682980 847
1682990 851
1683000 856
1683010 861
1683020 866
1683030 874
1683040 879
1683050 883
1683060 886
1683070 889
1683080 891
1683090 893
1683100 895
1683110 898
1683120 902
1683130 906
1683140 911
1683150 916
1683160 922
1683170 928
1683180 933
1683190 939
1683200 944
1683210 949
1683220 953
1683230 957
1683240 962
1683250 965
1683260 968
1683270 970
1683280 972
1683290 974
1683300 978
1683310 982
1683320 987
1683330 992
1683340 997
1683350 1003
1683360 1009
1683370 1015
1683380 1021
1683390 1024
1683400 1025
1683410 1024
1683420 1022
1683430 1020
1683440 1019
1683450 1020
1683460 1021
1683470 1022
1683480 1023
1683490 1021
1683500 1018
1683510 1014
1683520 1011
1683530 1010
1683540 1011
1683550 1014
1683560 1017
1683570 1021
1683580 1024
1683590 1027
1683600 1030
1683610 1032
1683620 1034
1683630 1035
1683640 1037
1683650 1038
1683660 1038
1683670 1039
1683680 1040
1683690 1040
1683700 1041
1683710 1042
1683720 1042
1683730 1043
1683740 1043
1683750 1043
1683760 1045
1683770 1048
1683780 1051
1683790 1054
1683800 1058
1683810 1063
1683820 1067
1683830 1072
1683840 1076
1683850 1081
1683860 1086
1683870 1089
1683880 1093
1683890 1096
1683900 1099
1683910 1102
1683920 1104
1683930 1106
1683940 1109
1683950 1111
1683960 1113
1683970 1116
1683980 1118
1683990 1120
1684000 1123
1684010 1124
1684020 1124
1684030 1123
1684040 1121
1684050 1120
1684060 1119
1684070 1119
1684080 1118
1684090 1117
1684100 1117
1684110 1116
1684120 1115
1684130 1115
1684140 1115
1684150 1114
1684160 1114
1684170 1114
1684180 1114
1684190 1114
1684200 1114
1684210 1114
1684220 1115
1684230 1115
1684240 1116
1684250 1116
1684260 1117
1684270 1117
1684280 1118
1684290 1119
1684300 1120
1684310 1121
1684320 1123
1684330 1124
1684340 1126
1684350 1127
1684360 1128
1684370 1130
1684380 1131
1684390 1132
1684400 1134
1684410 1135
1684420 1137
1684430 1138
1684440 1139
1684450 1140
1684460 1141
1684470 1141
1684480 1142
1684490 1143
1684500 1144
1684510 1144
1684520 1145
1684530 1146
1684540 1146
1684550 1147
1684560 1148
1684570 1149
1684580 1150
1684590 1151
1684600 1152
1684610 1153
1684620 1153
1684630 1154
1684640 1155
1684650 1156
1684660 1157
1684670 1158
1684680 1159
1684690 1160
1684700 1161
1684710 1162
1684720 1163
1684730 1164
1684740 1165
1684750 1167
1684760 1168
1684770 1170
1684780 1171
1684790 1172
1684800 1173
1684810 1174
1684820 1175
1684830 1177
1684840 1178
1684850 1179
1684860 1180
1684870 1182
1684880 1183
1684890 1184
1684900 1185
1684910 1186
1684920 1188
1684930 1189
1684940 1190
1684950 1192
1684960 1193
1684970 1195
1684980 1196
1684990 1197
1685000 1198
1685010 1200
1685020 1201
1685030 1203
1685040 1203
1685050 1204
1685060 1206
1685070 1207
1685080 1208
1685090 1210
1685100 1211
1685110 1213
1685120 1214
1685130 1216
1685140 1217
1685150 1219
1685160 1221
1685170 1223
1685180 1225
1685190 1226
1685200 1228
1685210 1229
1685220 1230
1685230 1231
1685240 1232
1685250 1233
1685260 1235
1685270 1236
1685280 1237
1685290 1238
1685300 1239
1685310 1240
1685320 1242
1685330 1243
1685340 1244
1685350 1245
1685360 1247
1685370 1248
1685380 1249
1685390 1251
1685400 1252
1685410 1253
1685420 1254
1685430 1255
1685440 1256
1685450 1257
1685460 1259
1685470 1260
1685480 1261
1685490 1262
1685500 1263
1685510 1265
1685520 1266
1685530 1267
1685540 1268
1685550 1269
1685560 1270
1685570 1271
1685580 1272
1685590 1273
1685600 1273
1685610 1274
1685620 1274
1685630 1275
1685640 1275
1685650 1276
1685660 1277
1685670 1278
1685680 1278
1685690 1278
1685700 1279
1685710 1279
1685720 1279
1685730 1280
1685740 1280
1685750 1281
1685760 1281
1685770 1282
1685780 1282
1685790 1283
1685800 1283
1685810 1284
1685820 1284
1685830 1285
1685840 1285
1685850 1285
1685860 1285
1685870 1285
1685880 1286
1685890 1286
1685900 1286
1685910 1286
1685920 1286
1685930 1286
1685940 1285
1685950 1285
1685960 1285
1685970 1285
1685980 1284
1685990 1284
1686000 1284
1686010 1283
1686020 1283
1686030 1282
1686040 1282
1686050 1281
1686060 1281
1686070 1280
1686080 1279
1686090 1279
1686100 1278
1686110 1277
1686120 1276
1686130 1275
1686140 1274
1686150 1273
1686160 1272
1686170 1271
1686180 1270
1686190 1268
1686200 1267
1686210 1265
1686220 1264
1686230 1263
1686240 1262
1686250 1260
1686260 1258
1686270 1255
1686280 1252
1686290 1249
1686300 1246
1686310 1242
1686320 1240
1686330 1238
1686340 1238
1686350 1238
1686360 1238
1686370 1238
1686380 1236
1686390 1234
1686400 1231
1686410 1228
1686420 1224
1686430 1220
1686440 1217
1686450 1216
1686460 1216
1686470 1218
1686480 1220
1686490 1222
1686500 1223
1686510 1223
1686520 1224
1686530 1224
1686540 1225
1686550 1225
1686560 1226
1686570 1226
1686580 1226
1686590 1227
1686600 1227
1686610 1227
1686620 1227
1686630 1227
1686640 1227
1686650 1227
1686660 1227
1686670 1227
1686680 1227
1686690 1227
1686700 1226
1686710 1226
1686720 1226
1686730 1226
1686740 1226
1686750 1227
1686760 1228
1686770 1228
1686780 1228
1686790 1228
1686800 1228
1686810 1227
1686820 1227
1686830 1226
1686840 1221
1686850 1214
1686860 1208
1686870 1201
1686880 1194
1686890 1186
1686900 1178
1686910 1170
1686920 1161
1686930 1155
1686940 1150
1686950 1145
1686960 1141
1686970 1137
1686980 1132
1686990 1128
1687000 1124
1687010 1120
1687020 1116
1687030 1112
1687040 1108
1687050 1105
1687060 1101
1687070 1097
1687080 1094
1687090 1090
1687100 1086
1687110 1082
1687120 1078
1687130 1075
1687140 1072
1687150 1069
1687160 1066
1687170 1064
1687180 1063
1687190 1062
1687200 1061
1687210 1059
1687220 1057
1687230 1053
1687240 1048
1687250 1044
1687260 1040
1687270 1036
1687280 1032
1687290 1029
1687300 1026
1687310 1023
1687320 1021
1687330 1019
1687340 1018
1687350 1017
1687360 1015
1687370 1014
1687380 1013
1687390 1011
1687400 1009
1687410 1008
1687420 1006
1687430 1005
1687440 1005
1687450 1005
1687460 1005
1687470 1005
1687480 1004
1687490 1004
1687500 1003
1687510 1003
1687520 1003
1687530 1002
1687540 1000
1687550 999
1687560 996
1687570 993
1687580 990
1687590 987
1687600 985
1687610 983
1687620 982
1687630 981
1687640 979
1687650 978
1687660 976
1687670 974
1687680 972
1687690 970
1687700 969
1687710 967
1687720 965
1687730 963
1687740 962
1687750 962
1687760 962
1687770 963
1687780 963
1687790 962
1687800 961
1687810 960
1687820 959
1687830 958
1687840 956
1687850 954
1687860 953
1687870 951
1687880 949
1687890 947
1687900 945
1687910 943
1687920 942
1687930 941
1687940 939
1687950 937
1687960 935
1687970 932
1687980 931
1687990 929
1688000 927
1688010 926
1688020 924
1688030 921
1688040 919
1688050 916
1688060 914
1688070 911
1688080 909
1688090 907
1688100 905
1688110 902
1688120 899
1688130 897
1688140 896
1688150 895
1688160 894
1688170 893
1688180 891
1688190 889
1688200 887
1688210 883
1688220 880
1688230 877
1688240 874
1688250 871
1688260 866
1688270 862
1688280 857
1688290 852
1688300 848
1688310 845
1688320 843
1688330 842
1688340 841
1688350 840
1688360 840
1688370 839
1688380 838
1688390 838
1688400 837
1688410 837
1688420 836
1688430 836
1688440 836
1688450 835
1688460 834
1688470 832
1688480 830
1688490 828
1688500 826
1688510 824
1688520 823
1688530 823
1688540 822
1688550 821
1688560 820
1688570 819
1688580 818
1688590 817
1688600 815
1688610 813
1688620 812
1688630 812
1688640 811
1688650 811
1688660 810
1688670 809
1688680 808
1688690 810
1688700 813
1688710 817
1688720 817
1688730 816
1688740 815
1688750 815
1688760 817
1688770 818
1688780 819
1688790 820
1688800 822
1688810 823
1688820 824
1688830 826
1688840 828
1688850 831
1688860 833
1688870 836
1688880 839
1688890 842
1688900 845
1688910 848
1688920 851
1688930 853
1688940 855
1688950 856
1688960 858
1688970 861
1688980 865
1688990 868
1689000 871
1689010 874
1689020 876
1689030 878
1689040 879
1689050 881
1689060 883
1689070 884
1689080 886
1689090 888
1689100 890
1689110 891
1689120 892
1689130 893
1689140 893
1689150 892
1689160 892
1689170 892
1689180 893
1689190 893
1689200 893
1689210 894
1689220 894
1689230 895
1689240 895
1689250 896
1689260 896
1689270 897
1689280 897
1689290 898
1689300 899
1689310 900
1689320 901
1689330 902
1689340 904
1689350 905
1689360 907
1689370 908
1689380 909
1689390 908
1689400 908
1689410 908
1689420 907
1689430 907
1689440 906
1689450 905
1689460 904
1689470 903
1689480 902
1689490 901
1689500 900
1689510 898
1689520 896
1689530 893
1689540 891
1689550 889
1689560 887
1689570 886
1689580 885
1689590 884
1689600 884
1689610 884
1689620 884
1689630 883
1689640 883
1689650 882
1689660 882
1689670 882
1689680 882
1689690 881
1689700 881
1689710 881
1689720 881
1689730 880
1689740 879
1689750 878
1689760 877
1689770 875
1689780 874
1689790 873
1689800 871
1689810 869
1689820 867
1689830 865
1689840 862
1689850 859
1689860 856
1689870 854
1689880 851
1689890 848
1689900 846
1689910 843
1689920 840
1689930 838
1689940 836
1689950 833
1689960 831
1689970 828
1689980 825
1689990 822
1690000 820
1690010 817
1690020 816
1690030 814
1690040 812
1690050 810
1690060 808
1690070 805
1690080 802
1690090 799
1690100 796
1690110 793
1690120 792
1690130 791
1690140 791
1690150 790
1690160 789
1690170 788
1690180 787
1690190 785
1690200 784
1690210 783
1690220 782
1690230 781
1690240 779
1690250 777
1690260 775
1690270 774
1690280 774
1690290 775
1690300 775
1690310 777
1690320 780
1690330 782
1690340 784
1690350 785
1690360 786
1690370 787
1690380 788
1690390 788
1690400 789
1690410 790
1690420 790
1690430 791
1690440 792
1690450 794
1690460 796
1690470 798
1690480 800
1690490 801
1690500 802
1690510 804
1690520 805
1690530 806
1690540 806
1690550 807
1690560 807
1690570 807
1690580 807
1690590 807
1690600 806
1690610 806
1690620 806
1690630 805
1690640 805
1690650 805
1690660 804
1690670 804
1690680 803
1690690 802
1690700 801
1690710 800
1690720 799
1690730 796
1690740 794
1690750 791
1690760 789
1690770 788
1690780 786
1690790 785
1690800 783
1690810 781
1690820 780
1690830 780
1690840 782
1690850 784
1690860 785
1690870 786
1690880 787
1690890 788
1690900 789
1690910 790
1690920 791
1690930 791
1690940 792
1690950 793
1690960 794
1690970 794
1690980 795
1690990 795
1691000 795
1691010 796
1691020 796
1691030 796
1691040 797
1691050 797
1691060 797
1691070 797
1691080 798
1691090 798
1691100 799
1691110 799
1691120 800
1691130 800
1691140 800
1691150 800
1691160 800
1691170 800
1691180 800
1691190 800
1691200 799
1691210 798
1691220 797
1691230 796
1691240 794
1691250 793
1691260 792
1691270 791
1691280 790
1691290 790
1691300 789
1691310 789
1691320 788
1691330 788
1691340 788
1691350 788
1691360 788
1691370 788
1691380 789
1691390 790
1691400 790
1691410 791
1691420 792
1691430 793
1691440 794
1691450 795
1691460 796
1691470 797
1691480 798
1691490 799
1691500 800
1691510 802
1691520 802
1691530 803
1691540 804
1691550 804
1691560 805
1691570 805
1691580 805
1691590 804
1691600 802
1691610 799
1691620 796
1691630 793
1691640 790
1691650 787
1691660 785
1691670 781
1691680 778
1691690 774
1691700 771
1691710 767
1691720 763
1691730 758
1691740 754
1691750 749
1691760 745
1691770 740
1691780 735
1691790 731
1691800 726
1691810 721
1691820 716
1691830 712
1691840 707
1691850 703
1691860 698
1691870 694
1691880 690
1691890 686
1691900 682
1691910 678
1691920 674
1691930 670
1691940 667
1691950 663
1691960 660
1691970 656
1691980 653
1691990 649
1692000 645
1692010 632
1692020 613
1692030 583
1692040 569
1692050 560
1692060 551
1692070 547
1692080 545
1692090 546
1692100 549
1692110 552
1692120 556
1692130 561
1692140 564
1692150 567
1692160 570
1692170 573
1692180 576
1692190 580
1692200 583
1692210 587
1692220 590
1692230 594
1692240 598
1692250 602
1692260 607
1692270 612
1692280 630
1692290 649
1692300 668
1692310 674
1692320 677
1692330 679
1692340 681
1692350 683
1692360 685
1692370 687
1692380 689
1692390 691
1692400 693
1692410 695
1692420 698
1692430 700
1692440 702
1692450 704
1692460 706
1692470 708
1692480 710
1692490 712
1692500 714
1692510 716
1692520 719
1692530 721
1692540 723
1692550 725
1692560 726
1692570 728
1692580 731
1692590 734
1692600 737
1692610 740
1692620 743
1692630 746
1692640 749
1692650 753
1692660 756
1692670 758
1692680 761
1692690 764
1692700 766
1692710 769
1692720 772
1692730 774
1692740 776
1692750 779
1692760 781
1692770 783
1692780 784
1692790 786
1692800 788
1692810 790
1692820 792
1692830 793
1692840 795
1692850 796
1692860 797
1692870 799
1692880 800
1692890 801
1692900 802
1692910 803
1692920 804
1692930 804
1692940 805
1692950 805
1692960 805
1692970 805
1692980 804
1692990 802
1693000 800
1693010 797
1693020 793
1693030 790
1693040 787
1693050 784
1693060 781
1693070 778
1693080 775
1693090 773
1693100 770
1693110 768
1693120 767
1693130 765
1693140 764
1693150 764
1693160 764
1693170 764
1693180 764
1693190 765
1693200 765
1693210 765
1693220 765
1693230 766
1693240 766
1693250 766
1693260 766
1693270 766
1693280 766
1693290 766
1693300 765
1693310 763
1693320 762
1693330 760
1693340 758
1693350 756
1693360 753
1693370 751
1693380 749
1693390 747
1693400 746
1693410 744
1693420 741
1693430 738
1693440 736
1693450 735
1693460 734
1693470 733
1693480 732
1693490 732
1693500 730
1693510 729
1693520 728
1693530 727
1693540 725
1693550 724
1693560 723
1693570 722
1693580 721
1693590 720
1693600 718
1693610 717
1693620 715
1693630 714
1693640 712
1693650 711
1693660 709
1693670 707
1693680 704
1693690 702
1693700 700
1693710 698
1693720 697
1693730 696
1693740 695
1693750 693
1693760 691
1693770 690
1693780 690
1693790 692
1693800 694
1693810 695
1693820 697
1693830 698
1693840 698
1693850 699
1693860 699
1693870 700
1693880 700
1693890 700
1693900 700
1693910 700
1693920 699
1693930 699
1693940 699
1693950 700
1693960 701
1693970 702
1693980 702
1693990 702
1694000 702
1694010 702
1694020 702
1694030 703
1694040 703
1694050 704
1694060 704
1694070 704
1694080 703
1694090 702
1694100 702
1694110 702
1694120 702
1694130 703
1694140 702
1694150 701
1694160 700
1694170 699
1694180 698
1694190 699
1694200 701
1694210 703
1694220 705
1694230 708
1694240 711
1694250 713
1694260 716
1694270 719
1694280 721
1694290 724
1694300 727
1694310 729
1694320 731
1694330 733
1694340 735
1694350 737
1694360 739
1694370 741
1694380 744
1694390 746
1694400 748
1694410 750
1694420 752
1694430 754
1694440 756
1694450 758
1694460 760
1694470 760
1694480 759
1694490 757
1694500 755
1694510 753
1694520 751
1694530 750
1694540 748
1694550 746
1694560 743
1694570 740
1694580 737
1694590 734
1694600 731
1694610 729
1694620 727
1694630 726
1694640 724
1694650 722
1694660 720
1694670 718
1694680 715
1694690 712
1694700 709
1694710 706
1694720 702
1694730 699
1694740 696
1694750 693
1694760 690
1694770 689
1694780 688
1694790 687
1694800 687
1694810 687
1694820 686
1694830 684
1694840 681
1694850 678
1694860 675
1694870 671
1694880 666
1694890 663
1694900 661
1694910 659
1694920 656
1694930 656
1694940 656
1694950 656
1694960 656
1694970 656
1694980 656
1694990 655
1695000 654
1695010 652
1695020 654
1695030 655
1695040 655
1695050 653
1695060 651
1695070 648
1695080 647
1695090 645
1695100 644
1695110 644
1695120 644
1695130 644
1695140 644
1695150 644
1695160 644
1695170 644
1695180 645
1695190 647
1695200 647
1695210 648
1695220 647
1695230 646
1695240 646
1695250 645
1695260 643
1695270 642
1695280 641
1695290 640
1695300 638
1695310 637
1695320 636
1695330 634
1695340 632
1695350 630
1695360 627
1695370 624
1695380 620
1695390 617
1695400 613
1695410 609
1695420 606
1695430 603
1695440 600
1695450 596
1695460 592
1695470 587
1695480 583
1695490 580
1695500 578
1695510 575
1695520 572
1695530 567
1695540 563
1695550 560
1695560 559
1695570 557
1695580 553
1695590 546
1695600 539
1695610 532
1695620 525
1695630 520
1695640 517
1695650 518
1695660 520
1695670 521
1695680 522
1695690 525
1695700 530
1695710 535
1695720 538
1695730 541
1695740 542
1695750 544
1695760 545
1695770 546
1695780 546
1695790 547
1695800 549
1695810 551
1695820 553
1695830 555
1695840 557
1695850 560
1695860 562
1695870 565
1695880 568
1695890 570
1695900 569
1695910 567
1695920 564
1695930 563
1695940 563
1695950 565
1695960 567
1695970 569
1695980 571
1695990 573
1696000 574
1696010 575
1696020 576
1696030 578
1696040 579
1696050 579
1696060 578
1696070 577
1696080 573
1696090 568
1696100 562
1696110 557
1696120 552
1696130 546
1696140 541
1696150 536
1696160 532
1696170 528
1696180 523
1696190 518
1696200 512
1696210 507
1696220 502
1696230 498
1696240 495
1696250 492
1696260 492
1696270 491
1696280 490
1696290 489
1696300 488
1696310 487
1696320 488
1696330 493
1696340 500
1696350 512
1696360 519
1696370 525
1696380 530
1696390 534
1696400 539
1696410 545
1696420 550
1696430 554
1696440 560
1696450 564
1696460 569
1696470 575
1696480 580
1696490 586
1696500 592
1696510 598
1696520 604
1696530 609
1696540 613
1696550 617
1696560 622
1696570 627
1696580 632
1696590 634
1696600 634
1696610 633
1696620 630
1696630 627
1696640 623
1696650 620
1696660 615
1696670 612
1696680 608
1696690 607
1696700 607
1696710 605
1696720 602
1696730 600
1696740 598
1696750 602
1696760 604
1696770 605
1696780 606
1696790 608
1696800 611
1696810 614
1696820 618
1696830 622
1696840 624
1696850 624
1696860 625
1696870 626
1696880 627
1696890 628
1696900 629
1696910 630
1696920 629
1696930 627
1696940 627
1696950 628
1696960 631
1696970 632
1696980 633
1696990 631
1697000 629
1697010 627
1697020 627
1697030 626
1697040 625
1697050 623
1697060 623
1697070 623
1697080 624
1697090 626
1697100 627
1697110 630
1697120 631
1697130 632
1697140 633
1697150 634
1697160 636
1697170 637
1697180 636
1697190 634
1697200 633
1697210 634
1697220 635
1697230 636
1697240 637
1697250 636
1697260 635
1697270 634
1697280 634
1697290 636
1697300 637
1697310 638
1697320 639
1697330 640
1697340 641
1697350 642
1697360 644
1697370 646
1697380 647
1697390 649
1697400 650
1697410 651
1697420 652
1697430 653
1697440 654
1697450 655
1697460 657
1697470 659
1697480 661
1697490 663
1697500 665
1697510 668
1697520 671
1697530 674
1697540 676
1697550 678
1697560 680
1697570 682
1697580 684
1697590 685
1697600 687
1697610 688
1697620 689
1697630 690
1697640 690
1697650 691
1697660 693
1697670 694
1697680 695
1697690 697
1697700 699
1697710 702
1697720 706
1697730 709
1697740 713
1697750 715
1697760 718
1697770 721
1697780 724
1697790 727
1697800 730
1697810 734
1697820 737
1697830 740
1697840 742
1697850 745
1697860 747
1697870 746
1697880 746
1697890 748
1697900 754
1697910 760
1697920 766
1697930 772
1697940 775
1697950 776
1697960 775
1697970 775
1697980 777
1697990 779
1698000 780
1698010 782
1698020 781
1698030 781
1698040 781
1698050 780
1698060 777
1698070 773
1698080 769
1698090 769
1698100 768
1698110 765
1698120 767
1698130 771
1698140 776
1698150 780
1698160 785
1698170 788
1698180 791
1698190 795
1698200 799
1698210 804
1698220 809
1698230 816
1698240 817
1698250 815
1698260 810
1698270 805
1698280 800
1698290 794
1698300 789
1698310 786
1698320 786
1698330 788
1698340 788
1698350 788
1698360 786
1698370 787
1698380 789
1698390 793
1698400 798
1698410 802
1698420 806
1698430 808
1698440 809
1698450 806
1698460 802
1698470 799
1698480 798
1698490 799
1698500 800
1698510 801
1698520 799
1698530 795
1698540 790
1698550 788
1698560 786
1698570 787
1698580 792
1698590 797
1698600 801
1698610 801
1698620 798
1698630 794
1698640 789
1698650 784
1698660 780
1698670 779
1698680 779
1698690 778
1698700 778
1698710 778
1698720 778
1698730 779
1698740 780
1698750 781
1698760 781
1698770 781
1698780 780
1698790 781
1698800 783
1698810 785
1698820 788
1698830 790
1698840 793
1698850 795
1698860 797
1698870 799
1698880 802
1698890 805
1698900 808
1698910 813
1698920 816
1698930 820
1698940 825
1698950 829
1698960 834
1698970 839
1698980 843
1698990 847
1699000 851
1699010 853
1699020 856
1699030 858
1699040 859
1699050 861
1699060 860
1699070 861
1699080 863
1699090 867
1699100 871
1699110 874
1699120 876
1699130 879
1699140 882
1699150 885
1699160 888
1699170 891
1699180 895
1699190 899
1699200 902
1699210 907
1699220 910
1699230 912
1699240 914
1699250 918
1699260 922
1699270 927
1699280 932
1699290 937
1699300 942
1699310 947
1699320 953
1699330 958
1699340 963
1699350 968
1699360 973
1699370 976
1699380 978
1699390 979
1699400 982
1699410 985
1699420 990
1699430 994
1699440 998
1699450 1001
1699460 1003
1699470 1006
1699480 1009
1699490 1012
1699500 1015
1699510 1019
1699520 1023
1699530 1028
1699540 1033
1699550 1038
1699560 1043
1699570 1047
1699580 1051
1699590 1055
1699600 1059
1699610 1064
1699620 1068
1699630 1071
1699640 1072
1699650 1073
1699660 1074
1699670 1074
1699680 1074
1699690 1074
1699700 1075
1699710 1075
1699720 1076
1699730 1076
1699740 1076
1699750 1077
1699760 1078
1699770 1078
1699780 1079
1699790 1079
1699800 1080
1699810 1081
1699820 1082
1699830 1083
1699840 1084
1699850 1084
1699860 1085
1699870 1086
1699880 1086
1699890 1086
1699900 1086
1699910 1085
1699920 1086
1699930 1086
1699940 1086
1699950 1087
1699960 1087
1699970 1087
1699980 1088
1699990 1088
