1680000 581
1680010 583
1680020 585
1680030 587
1680040 589
1680050 591
1680060 593
1680070 595
1680080 598
1680090 600
1680100 602
1680110 605
1680120 607
1680130 610
1680140 612
1680150 613
1680160 614
1680170 616
1680180 618
1680190 619
1680200 621
1680210 622
1680220 623
1680230 625
1680240 626
1680250 627
1680260 628
1680270 629
1680280 630
1680290 631
1680300 632
1680310 632
1680320 631
1680330 630
1680340 630
1680350 630
1680360 631
1680370 633
1680380 636
1680390 638
1680400 640
1680410 643
1680420 645
1680430 648
1680440 651
1680450 655
1680460 658
1680470 661
1680480 663
1680490 664
1680500 666
1680510 667
1680520 668
1680530 669
1680540 670
1680550 671
1680560 672
1680570 673
1680580 674
1680590 674
1680600 675
1680610 675
1680620 675
1680630 674
1680640 674
1680650 674
1680660 674
1680670 674
1680680 675
1680690 676
1680700 676
1680710 677
1680720 678
1680730 678
1680740 677
1680750 676
1680760 676
1680770 675
1680780 675
1680790 675
1680800 676
1680810 676
1680820 676
1680830 676
1680840 675
1680850 674
1680860 673
1680870 673
1680880 673
1680890 673
1680900 673
1680910 672
1680920 673
1680930 674
1680940 675
1680950 675
1680960 675
1680970 675
1680980 676
1680990 677
1681000 678
1681010 680
1681020 681
1681030 682
1681040 682
1681050 682
1681060 682
1681070 681
1681080 680
1681090 679
1681100 678
1681110 678
1681120 678
1681130 678
1681140 679
1681150 679
1681160 679
1681170 677
1681180 675
1681190 675
1681200 675
1681210 675
1681220 674
1681230 673
1681240 671
1681250 670
1681260 668
1681270 667
1681280 668
1681290 668
1681300 669
1681310 669
1681320 668
1681330 668
1681340 668
1681350 668
1681360 668
1681370 669
1681380 668
1681390 668
1681400 666
1681410 664
1681420 661
1681430 660
1681440 659
1681450 657
1681460 655
1681470 653
1681480 651
1681490 649
1681500 648
1681510 647
1681520 649
1681530 650
1681540 651
1681550 652
1681560 654
1681570 656
1681580 657
1681590 658
1681600 658
1681610 658
1681620 659
1681630 659
1681640 659
1681650 659
1681660 659
1681670 659
1681680 660
1681690 661
1681700 664
1681710 666
1681720 669
1681730 672
1681740 675
1681750 678
1681760 681
1681770 683
1681780 684
1681790 685
1681800 686
1681810 687
1681820 689
1681830 694
1681840 698
1681850 702
1681860 706
1681870 709
1681880 712
1681890 714
1681900 716
1681910 716
1681920 717
1681930 717
1681940 719
1681950 723
1681960 727
1681970 730
1681980 732
1681990 735
1682000 737
1682010 739
1682020 741
1682030 742
1682040 742
1682050 741
1682060 739
1682070 736
1682080 733
1682090 730
1682100 730
1682110 730
1682120 731
1682130 732
1682140 733
1682150 733
1682160 733
1682170 735
1682180 738
1682190 739
1682200 741
1682210 744
1682220 747
1682230 749
1682240 752
1682250 753
1682260 753
1682270 751
1682280 747
1682290 743
1682300 739
1682310 736
1682320 735
1682330 733
1682340 732
1682350 731
1682360 730
1682370 730
1682380 730
1682390 731
1682400 731
1682410 732
1682420 733
1682430 734
1682440 734
1682450 734
1682460 734
1682470 735
1682480 736
1682490 737
1682500 737
1682510 738
1682520 738
1682530 737
1682540 736
1682550 735
1682560 735
1682570 735
1682580 736
1682590 738
1682600 739
1682610 740
1682620 740
1682630 741
1682640 742
1682650 742
1682660 742
1682670 742
1682680 742
1682690 741
1682700 741
1682710 740
1682720 739
1682730 738
1682740 738
1682750 737
1682760 736
1682770 735
1682780 735
1682790 736
1682800 738
1682810 740
1682820 742
1682830 745
1682840 747
1682850 750
1682860 753
1682870 755
1682880 756
1682890 758
1682900 760
1682910 762
1682920 764
1682930 767
1682940 770
1682950 773
1682960 777
1682970 780
1682980 784
1682990 787
1683000 790
1683010 793
1683020 796
1683030 799
1683040 803
1683050 808
1683060 814
1683070 820
1683080 825
1683090 830
1683100 835
1683110 840
1683120 845
1683130 850
1683140 854
1683150 859
1683160 862
1683170 866
1683180 869
1683190 873
1683200 877
1683210 881
1683220 884
1683230 888
1683240 891
1683250 893
1683260 896
1683270 898
1683280 899
1683290 899
1683300 900
1683310 901
1683320 903
1683330 905
1683340 908
1683350 910
1683360 912
1683370 912
1683380 912
1683390 911
1683400 911
1683410 913
1683420 914
1683430 915
1683440 914
1683450 913
1683460 910
1683470 909
1683480 909
1683490 911
1683500 915
1683510 921
1683520 927
1683530 933
1683540 939
1683550 944
1683560 949
1683570 954
1683580 959
1683590 963
1683600 966
1683610 968
1683620 970
1683630 971
1683640 972
1683650 972
1683660 973
1683670 973
1683680 976
1683690 978
1683700 982
1683710 985
1683720 988
1683730 991
1683740 990
1683750 988
1683760 987
1683770 987
1683780 987
1683790 987
1683800 991
1683810 994
1683820 997
1683830 1001
1683840 1004
1683850 1008
1683860 1012
1683870 1016
1683880 1019
1683890 1023
1683900 1026
1683910 1030
1683920 1035
1683930 1041
1683940 1047
1683950 1054
1683960 1061
1683970 1066
1683980 1071
1683990 1075
1684000 1079
1684010 1083
1684020 1086
1684030 1088
1684040 1090
1684050 1090
1684060 1089
1684070 1087
1684080 1086
1684090 1086
1684100 1086
1684110 1087
1684120 1088
1684130 1089
1684140 1089
1684150 1090
1684160 1090
1684170 1090
1684180 1090
1684190 1090
1684200 1090
1684210 1090
1684220 1089
1684230 1087
1684240 1085
1684250 1083
1684260 1083
1684270 1083
1684280 1083
1684290 1085
1684300 1087
1684310 1091
1684320 1094
1684330 1098
1684340 1101
1684350 1104
1684360 1107
1684370 1109
1684380 1112
1684390 1114
1684400 1116
1684410 1118
1684420 1119
1684430 1121
1684440 1122
1684450 1124
1684460 1125
1684470 1126
1684480 1127
1684490 1128
1684500 1129
1684510 1129
1684520 1130
1684530 1132
1684540 1132
1684550 1133
1684560 1134
1684570 1135
1684580 1136
1684590 1136
1684600 1137
1684610 1137
1684620 1138
1684630 1139
1684640 1139
1684650 1140
1684660 1141
1684670 1142
1684680 1143
1684690 1144
1684700 1145
1684710 1146
1684720 1148
1684730 1149
1684740 1151
1684750 1151
1684760 1152
1684770 1153
1684780 1155
1684790 1156
1684800 1158
1684810 1159
1684820 1160
1684830 1161
1684840 1163
1684850 1164
1684860 1165
1684870 1166
1684880 1168
1684890 1169
1684900 1170
1684910 1172
1684920 1173
1684930 1174
1684940 1176
1684950 1177
1684960 1179
1684970 1180
1684980 1181
1684990 1182
1685000 1184
1685010 1185
1685020 1187
1685030 1188
1685040 1190
1685050 1191
1685060 1193
1685070 1194
1685080 1196
1685090 1197
1685100 1199
1685110 1200
1685120 1202
1685130 1203
1685140 1205
1685150 1206
1685160 1208
1685170 1209
1685180 1210
1685190 1212
1685200 1213
1685210 1215
1685220 1217
1685230 1218
1685240 1220
1685250 1221
1685260 1223
1685270 1224
1685280 1226
1685290 1227
1685300 1229
1685310 1231
1685320 1232
1685330 1234
1685340 1235
1685350 1237
1685360 1238
1685370 1239
1685380 1241
1685390 1242
1685400 1244
1685410 1245
1685420 1246
1685430 1248
1685440 1249
1685450 1250
1685460 1251
1685470 1253
1685480 1254
1685490 1255
1685500 1256
1685510 1257
1685520 1258
1685530 1260
1685540 1261
1685550 1262
1685560 1263
1685570 1265
1685580 1266
1685590 1267
1685600 1268
1685610 1269
1685620 1270
1685630 1271
1685640 1271
1685650 1272
1685660 1273
1685670 1274
1685680 1275
1685690 1276
1685700 1277
1685710 1277
1685720 1278
1685730 1279
1685740 1280
1685750 1281
1685760 1281
1685770 1282
1685780 1283
1685790 1283
1685800 1284
1685810 1284
1685820 1285
1685830 1285
1685840 1285
1685850 1286
1685860 1286
1685870 1287
1685880 1287
1685890 1288
1685900 1289
1685910 1289
1685920 1290
1685930 1290
1685940 1291
1685950 1291
1685960 1292
1685970 1292
1685980 1292
1685990 1293
1686000 1293
1686010 1294
1686020 1294
1686030 1294
1686040 1294
1686050 1294
1686060 1294
1686070 1293
1686080 1293
1686090 1292
1686100 1292
1686110 1292
1686120 1291
1686130 1290
1686140 1290
1686150 1289
1686160 1288
1686170 1287
1686180 1285
1686190 1283
1686200 1281
1686210 1277
1686220 1274
1686230 1270
1686240 1268
1686250 1265
1686260 1262
1686270 1260
1686280 1259
1686290 1259
1686300 1259
1686310 1259
1686320 1258
1686330 1255
1686340 1252
1686350 1249
1686360 1249
1686370 1249
1686380 1251
1686390 1251
1686400 1251
1686410 1252
1686420 1253
1686430 1255
1686440 1256
1686450 1257
1686460 1258
1686470 1259
1686480 1259
1686490 1259
1686500 1259
1686510 1259
1686520 1259
1686530 1259
1686540 1259
1686550 1258
1686560 1258
1686570 1257
1686580 1258
1686590 1258
1686600 1258
1686610 1257
1686620 1257
1686630 1257
1686640 1257
1686650 1256
1686660 1256
1686670 1255
1686680 1255
1686690 1254
1686700 1254
1686710 1253
1686720 1253
1686730 1253
1686740 1253
1686750 1252
1686760 1252
1686770 1252
1686780 1251
1686790 1251
1686800 1250
1686810 1250
1686820 1249
1686830 1249
1686840 1248
1686850 1248
1686860 1247
1686870 1247
1686880 1246
1686890 1246
1686900 1245
1686910 1244
1686920 1244
1686930 1243
1686940 1243
1686950 1242
1686960 1240
1686970 1240
1686980 1239
1686990 1237
1687000 1232
1687010 1225
1687020 1216
1687030 1207
1687040 1198
1687050 1190
1687060 1183
1687070 1180
1687080 1184
1687090 1185
1687100 1182
1687110 1174
1687120 1165
1687130 1154
1687140 1142
1687150 1131
1687160 1122
1687170 1117
1687180 1113
1687190 1110
1687200 1108
1687210 1108
1687220 1103
1687230 1093
1687240 1083
1687250 1076
1687260 1072
1687270 1068
1687280 1065
1687290 1061
1687300 1058
1687310 1054
1687320 1051
1687330 1050
1687340 1048
1687350 1047
1687360 1046
1687370 1044
1687380 1041
1687390 1038
1687400 1035
1687410 1032
1687420 1030
1687430 1028
1687440 1025
1687450 1023
1687460 1020
1687470 1018
1687480 1016
1687490 1014
1687500 1013
1687510 1012
1687520 1010
1687530 1007
1687540 1005
1687550 1003
1687560 1001
1687570 999
1687580 997
1687590 995
1687600 992
1687610 990
1687620 988
1687630 986
1687640 983
1687650 981
1687660 978
1687670 976
1687680 973
1687690 971
1687700 969
1687710 967
1687720 964
1687730 962
1687740 959
1687750 956
1687760 953
1687770 950
1687780 947
1687790 944
1687800 941
1687810 938
1687820 934
1687830 930
1687840 926
1687850 923
1687860 919
1687870 917
1687880 914
1687890 911
1687900 908
1687910 905
1687920 902
1687930 900
1687940 897
1687950 894
1687960 892
1687970 890
1687980 888
1687990 886
1688000 884
1688010 882
1688020 880
1688030 879
1688040 877
1688050 875
1688060 874
1688070 873
1688080 872
1688090 871
1688100 869
1688110 868
1688120 865
1688130 864
1688140 862
1688150 861
1688160 859
1688170 858
1688180 856
1688190 855
1688200 854
1688210 854
1688220 854
1688230 853
1688240 853
1688250 853
1688260 854
1688270 855
1688280 857
1688290 859
1688300 862
1688310 864
1688320 866
1688330 867
1688340 866
1688350 864
1688360 862
1688370 860
1688380 858
1688390 857
1688400 855
1688410 854
1688420 852
1688430 847
1688440 843
1688450 840
1688460 839
1688470 838
1688480 837
1688490 836
1688500 836
1688510 837
1688520 838
1688530 838
1688540 838
1688550 839
1688560 839
1688570 839
1688580 839
1688590 840
1688600 841
1688610 842
1688620 843
1688630 843
1688640 843
1688650 843
1688660 843
1688670 843
1688680 844
1688690 846
1688700 847
1688710 848
1688720 850
1688730 851
1688740 852
1688750 854
1688760 855
1688770 856
1688780 857
1688790 858
1688800 858
1688810 859
1688820 860
1688830 861
1688840 862
1688850 864
1688860 867
1688870 871
1688880 874
1688890 878
1688900 882
1688910 888
1688920 895
1688930 904
1688940 909
1688950 914
1688960 918
1688970 922
1688980 925
1688990 928
1689000 931
1689010 933
1689020 935
1689030 937
1689040 939
1689050 941
1689060 943
1689070 945
1689080 947
1689090 948
1689100 949
1689110 951
1689120 953
1689130 954
1689140 953
1689150 952
1689160 951
1689170 951
1689180 950
1689190 949
1689200 949
1689210 948
1689220 947
1689230 946
1689240 945
1689250 944
1689260 942
1689270 941
1689280 939
1689290 938
1689300 937
1689310 936
1689320 937
1689330 937
1689340 937
1689350 938
1689360 939
1689370 939
1689380 940
1689390 940
1689400 941
1689410 941
1689420 941
1689430 941
1689440 939
1689450 937
1689460 935
1689470 933
1689480 931
1689490 928
1689500 926
1689510 923
1689520 921
1689530 919
1689540 917
1689550 916
1689560 915
1689570 914
1689580 913
1689590 911
1689600 910
1689610 908
1689620 906
1689630 904
1689640 900
1689650 896
1689660 891
1689670 887
1689680 883
1689690 879
1689700 874
1689710 870
1689720 866
1689730 861
1689740 856
1689750 852
1689760 849
1689770 847
1689780 845
1689790 843
1689800 840
1689810 838
1689820 836
1689830 834
1689840 832
1689850 830
1689860 828
1689870 827
1689880 827
1689890 825
1689900 823
1689910 821
1689920 820
1689930 819
1689940 817
1689950 814
1689960 811
1689970 808
1689980 806
1689990 806
1690000 807
1690010 808
1690020 809
1690030 809
1690040 808
1690050 807
1690060 806
1690070 804
1690080 804
1690090 805
1690100 805
1690110 805
1690120 804
1690130 804
1690140 804
1690150 805
1690160 806
1690170 808
1690180 810
1690190 812
1690200 814
1690210 817
1690220 819
1690230 822
1690240 824
1690250 825
1690260 826
1690270 827
1690280 827
1690290 828
1690300 828
1690310 829
1690320 831
1690330 832
1690340 834
1690350 835
1690360 836
1690370 837
1690380 837
1690390 838
1690400 838
1690410 838
1690420 838
1690430 838
1690440 837
1690450 837
1690460 836
1690470 835
1690480 835
1690490 833
1690500 832
1690510 831
1690520 830
1690530 828
1690540 827
1690550 826
1690560 825
1690570 824
1690580 823
1690590 822
1690600 821
1690610 820
1690620 819
1690630 819
1690640 819
1690650 819
1690660 819
1690670 818
1690680 818
1690690 818
1690700 818
1690710 817
1690720 817
1690730 817
1690740 817
1690750 816
1690760 816
1690770 816
1690780 815
1690790 815
1690800 814
1690810 813
1690820 812
1690830 810
1690840 809
1690850 807
1690860 806
1690870 804
1690880 802
1690890 801
1690900 802
1690910 804
1690920 805
1690930 806
1690940 807
1690950 808
1690960 809
1690970 810
1690980 811
1690990 812
1691000 813
1691010 814
1691020 815
1691030 815
1691040 816
1691050 817
1691060 818
1691070 819
1691080 820
1691090 820
1691100 821
1691110 821
1691120 821
1691130 821
1691140 822
1691150 822
1691160 822
1691170 822
1691180 822
1691190 821
1691200 821
1691210 820
1691220 820
1691230 819
1691240 819
1691250 819
1691260 819
1691270 819
1691280 818
1691290 819
1691300 819
1691310 819
1691320 820
1691330 821
1691340 822
1691350 822
1691360 823
1691370 823
1691380 824
1691390 824
1691400 825
1691410 826
1691420 827
1691430 828
1691440 830
1691450 831
1691460 833
1691470 834
1691480 835
1691490 836
1691500 837
1691510 837
1691520 837
1691530 837
1691540 836
1691550 836
1691560 834
1691570 832
1691580 829
1691590 826
1691600 823
1691610 820
1691620 817
1691630 814
1691640 811
1691650 808
1691660 805
1691670 802
1691680 799
1691690 795
1691700 792
1691710 788
1691720 785
1691730 781
1691740 778
1691750 774
1691760 770
1691770 767
1691780 763
1691790 758
1691800 754
1691810 749
1691820 744
1691830 740
1691840 735
1691850 730
1691860 725
1691870 720
1691880 714
1691890 709
1691900 702
1691910 692
1691920 678
1691930 656
1691940 635
1691950 621
1691960 613
1691970 608
1691980 602
1691990 597
1692000 592
1692010 587
1692020 582
1692030 576
1692040 569
1692050 562
1692060 555
1692070 552
1692080 553
1692090 555
1692100 559
1692110 565
1692120 572
1692130 579
1692140 585
1692150 591
1692160 596
1692170 601
1692180 607
1692190 612
1692200 618
1692210 624
1692220 629
1692230 634
1692240 639
1692250 645
1692260 650
1692270 655
1692280 661
1692290 666
1692300 671
1692310 677
1692320 682
1692330 688
1692340 695
1692350 703
1692360 712
1692370 721
1692380 729
1692390 735
1692400 740
1692410 743
1692420 746
1692430 749
1692440 751
1692450 753
1692460 755
1692470 758
1692480 760
1692490 762
1692500 764
1692510 766
1692520 768
1692530 770
1692540 773
1692550 775
1692560 777
1692570 779
1692580 780
1692590 782
1692600 784
1692610 786
1692620 788
1692630 790
1692640 791
1692650 793
1692660 794
1692670 795
1692680 797
1692690 798
1692700 799
1692710 801
1692720 802
1692730 803
1692740 804
1692750 806
1692760 807
1692770 808
1692780 808
1692790 809
1692800 810
1692810 811
1692820 812
1692830 813
1692840 814
1692850 815
1692860 816
1692870 817
1692880 818
1692890 819
1692900 819
1692910 820
1692920 820
1692930 821
1692940 821
1692950 822
1692960 822
1692970 822
1692980 822
1692990 822
1693000 822
1693010 822
1693020 822
1693030 822
1693040 822
1693050 822
1693060 822
1693070 822
1693080 822
1693090 821
1693100 821
1693110 820
1693120 819
1693130 819
1693140 818
1693150 816
1693160 814
1693170 813
1693180 812
1693190 812
1693200 811
1693210 811
1693220 811
1693230 811
1693240 811
1693250 810
1693260 810
1693270 810
1693280 810
1693290 810
1693300 810
1693310 810
1693320 810
1693330 809
1693340 809
1693350 808
1693360 808
1693370 807
1693380 807
1693390 807
1693400 807
1693410 807
1693420 807
1693430 807
1693440 807
1693450 807
1693460 807
1693470 807
1693480 807
1693490 807
1693500 806
1693510 806
1693520 805
1693530 805
1693540 804
1693550 803
1693560 802
1693570 801
1693580 800
1693590 800
1693600 799
1693610 799
1693620 798
1693630 798
1693640 797
1693650 797
1693660 796
1693670 795
1693680 794
1693690 792
1693700 790
1693710 787
1693720 783
1693730 780
1693740 777
1693750 774
1693760 773
1693770 774
1693780 776
1693790 779
1693800 782
1693810 785
1693820 788
1693830 790
1693840 791
1693850 792
1693860 793
1693870 793
1693880 793
1693890 793
1693900 793
1693910 793
1693920 793
1693930 792
1693940 792
1693950 791
1693960 791
1693970 790
1693980 790
1693990 789
1694000 788
1694010 788
1694020 787
1694030 786
1694040 785
1694050 785
1694060 784
1694070 784
1694080 784
1694090 784
1694100 784
1694110 784
1694120 785
1694130 786
1694140 786
1694150 786
1694160 787
1694170 787
1694180 787
1694190 786
1694200 786
1694210 785
1694220 784
1694230 783
1694240 782
1694250 781
1694260 780
1694270 779
1694280 778
1694290 777
1694300 776
1694310 774
1694320 772
1694330 769
1694340 768
1694350 768
1694360 768
1694370 769
1694380 769
1694390 769
1694400 769
1694410 770
1694420 770
1694430 771
1694440 771
1694450 771
1694460 770
1694470 769
1694480 768
1694490 768
1694500 768
1694510 768
1694520 767
1694530 765
1694540 762
1694550 760
1694560 758
1694570 756
1694580 754
1694590 751
1694600 747
1694610 744
1694620 742
1694630 739
1694640 736
1694650 732
1694660 729
1694670 727
1694680 725
1694690 723
1694700 721
1694710 719
1694720 716
1694730 713
1694740 710
1694750 708
1694760 706
1694770 703
1694780 701
1694790 698
1694800 696
1694810 693
1694820 690
1694830 688
1694840 687
1694850 687
1694860 687
1694870 686
1694880 686
1694890 686
1694900 687
1694910 688
1694920 688
1694930 688
1694940 687
1694950 687
1694960 687
1694970 689
1694980 691
1694990 692
1695000 692
1695010 692
1695020 691
1695030 689
1695040 687
1695050 684
1695060 682
1695070 680
1695080 678
1695090 676
1695100 674
1695110 673
1695120 671
1695130 669
1695140 667
1695150 666
1695160 666
1695170 666
1695180 666
1695190 665
1695200 665
1695210 664
1695220 662
1695230 659
1695240 655
1695250 652
1695260 650
1695270 649
1695280 647
1695290 646
1695300 644
1695310 643
1695320 642
1695330 639
1695340 636
1695350 632
1695360 629
1695370 626
1695380 623
1695390 621
1695400 621
1695410 621
1695420 618
1695430 613
1695440 607
1695450 604
1695460 599
1695470 593
1695480 587
1695490 581
1695500 576
1695510 571
1695520 567
1695530 566
1695540 567
1695550 570
1695560 573
1695570 577
1695580 581
1695590 585
1695600 589
1695610 592
1695620 594
1695630 596
1695640 596
1695650 597
1695660 599
1695670 601
1695680 602
1695690 602
1695700 601
1695710 602
1695720 602
1695730 604
1695740 606
1695750 608
1695760 612
1695770 615
1695780 619
1695790 622
1695800 625
1695810 626
1695820 628
1695830 630
1695840 632
1695850 635
1695860 637
1695870 639
1695880 641
1695890 643
1695900 644
1695910 645
1695920 646
1695930 647
1695940 649
1695950 650
1695960 652
1695970 653
1695980 652
1695990 650
1696000 648
1696010 644
1696020 639
1696030 633
1696040 628
1696050 622
1696060 617
1696070 612
1696080 606
1696090 601
1696100 595
1696110 590
1696120 584
1696130 580
1696140 576
1696150 570
1696160 566
1696170 561
1696180 556
1696190 551
1696200 545
1696210 540
1696220 534
1696230 530
1696240 525
1696250 520
1696260 515
1696270 509
1696280 504
1696290 499
1696300 494
1696310 491
1696320 489
1696330 489
1696340 490
1696350 491
1696360 492
1696370 494
1696380 497
1696390 499
1696400 501
1696410 502
1696420 504
1696430 505
1696440 507
1696450 508
1696460 510
1696470 512
1696480 515
1696490 518
1696500 519
1696510 518
1696520 519
1696530 521
1696540 524
1696550 526
1696560 527
1696570 527
1696580 526
1696590 525
1696600 522
1696610 520
1696620 518
1696630 519
1696640 520
1696650 520
1696660 521
1696670 521
1696680 521
1696690 522
1696700 524
1696710 525
1696720 526
1696730 526
1696740 527
1696750 528
1696760 530
1696770 531
1696780 532
1696790 533
1696800 534
1696810 535
1696820 537
1696830 541
1696840 545
1696850 550
1696860 553
1696870 555
1696880 556
1696890 559
1696900 562
1696910 565
1696920 567
1696930 568
1696940 570
1696950 571
1696960 573
1696970 574
1696980 577
1696990 580
1697000 583
1697010 586
1697020 588
1697030 591
1697040 594
1697050 597
1697060 599
1697070 601
1697080 604
1697090 606
1697100 608
1697110 610
1697120 612
1697130 614
1697140 616
1697150 619
1697160 621
1697170 624
1697180 625
1697190 625
1697200 625
1697210 625
1697220 624
1697230 623
1697240 621
1697250 619
1697260 618
1697270 616
1697280 614
1697290 612
1697300 610
1697310 605
1697320 602
1697330 600
1697340 599
1697350 599
1697360 600
1697370 601
1697380 602
1697390 603
1697400 604
1697410 604
1697420 605
1697430 607
1697440 608
1697450 610
1697460 610
1697470 611
1697480 611
1697490 612
1697500 613
1697510 615
1697520 618
1697530 621
1697540 624
1697550 628
1697560 631
1697570 635
1697580 636
1697590 637
1697600 637
1697610 637
1697620 637
1697630 637
1697640 636
1697650 634
1697660 633
1697670 633
1697680 634
1697690 634
1697700 634
1697710 635
1697720 636
1697730 638
1697740 640
1697750 642
1697760 643
1697770 645
1697780 646
1697790 647
1697800 646
1697810 646
1697820 646
1697830 646
1697840 647
1697850 650
1697860 652
1697870 654
1697880 655
1697890 657
1697900 658
1697910 659
1697920 661
1697930 662
1697940 663
1697950 665
1697960 667
1697970 669
1697980 671
1697990 672
1698000 673
1698010 675
1698020 675
1698030 675
1698040 677
1698050 679
1698060 681
1698070 683
1698080 685
1698090 688
1698100 690
1698110 692
1698120 694
1698130 696
1698140 697
1698150 697
1698160 700
1698170 701
1698180 702
1698190 702
1698200 701
1698210 699
1698220 695
1698230 694
1698240 693
1698250 695
1698260 696
1698270 697
1698280 697
1698290 698
1698300 698
1698310 700
1698320 702
1698330 705
1698340 708
1698350 714
1698360 720
1698370 725
1698380 730
1698390 734
1698400 737
1698410 740
1698420 744
1698430 748
1698440 751
1698450 754
1698460 756
1698470 760
1698480 763
1698490 766
1698500 766
1698510 764
1698520 763
1698530 766
1698540 771
1698550 777
1698560 781
1698570 785
1698580 789
1698590 793
1698600 797
1698610 801
1698620 805
1698630 809
1698640 812
1698650 817
1698660 821
1698670 825
1698680 830
1698690 835
1698700 841
1698710 847
1698720 852
1698730 857
1698740 860
1698750 864
1698760 867
1698770 871
1698780 875
1698790 879
1698800 883
1698810 886
1698820 889
1698830 892
1698840 896
1698850 900
1698860 905
1698870 910
1698880 915
1698890 920
1698900 924
1698910 928
1698920 926
1698930 925
1698940 926
1698950 930
1698960 934
1698970 939
1698980 943
1698990 946
1699000 948
1699010 949
1699020 949
1699030 950
1699040 952
1699050 952
1699060 953
1699070 954
1699080 955
1699090 957
1699100 960
1699110 963
1699120 966
1699130 969
1699140 973
1699150 977
1699160 981
1699170 985
1699180 988
1699190 991
1699200 994
1699210 996
1699220 999
1699230 1002
1699240 1005
1699250 1008
1699260 1012
1699270 1015
1699280 1019
1699290 1023
1699300 1027
1699310 1032
1699320 1036
1699330 1040
1699340 1043
1699350 1047
1699360 1051
1699370 1055
1699380 1059
1699390 1062
1699400 1065
1699410 1068
1699420 1071
1699430 1074
1699440 1078
1699450 1083
1699460 1090
1699470 1092
1699480 1092
1699490 1093
1699500 1093
1699510 1093
1699520 1094
1699530 1094
1699540 1095
1699550 1095
1699560 1096
1699570 1096
1699580 1097
1699590 1097
1699600 1098
1699610 1098
1699620 1099
1699630 1100
1699640 1100
1699650 1101
1699660 1102
1699670 1102
1699680 1103
1699690 1103
1699700 1104
1699710 1104
1699720 1103
1699730 1103
1699740 1101
1699750 1099
1699760 1097
1699770 1096
1699780 1094
1699790 1093
1699800 1093
1699810 1092
1699820 1091
1699830 1091
1699840 1092
1699850 1092
1699860 1092
1699870 1093
1699880 1093
1699890 1094
1699900 1095
1699910 1096
1699920 1096
1699930 1096
1699940 1097
1699950 1097
1699960 1097
1699970 1097
1699980 1098
1699990 1098
