1680000 522
1680010 526
1680020 530
1680030 533
1680040 536
1680050 539
1680060 541
1680070 543
1680080 545
1680090 548
1680100 550
1680110 553
1680120 556
1680130 558
1680140 561
1680150 563
1680160 565
1680170 568
1680180 571
1680190 574
1680200 576
1680210 578
1680220 580
1680230 582
1680240 586
1680250 589
1680260 593
1680270 596
1680280 598
1680290 601
1680300 604
1680310 607
1680320 610
1680330 612
1680340 615
1680350 618
1680360 621
1680370 625
1680380 628
1680390 632
1680400 636
1680410 639
1680420 643
1680430 647
1680440 650
1680450 654
1680460 658
1680470 661
1680480 665
1680490 668
1680500 672
1680510 676
1680520 679
1680530 683
1680540 687
1680550 690
1680560 694
1680570 698
1680580 702
1680590 706
1680600 710
1680610 715
1680620 719
1680630 724
1680640 728
1680650 733
1680660 737
1680670 740
1680680 744
1680690 746
1680700 749
1680710 752
1680720 756
1680730 760
1680740 766
1680750 772
1680760 786
1680770 801
1680780 816
1680790 822
1680800 826
1680810 829
1680820 832
1680830 835
1680840 839
1680850 843
1680860 847
1680870 853
1680880 857
1680890 860
1680900 863
1680910 858
1680920 852
1680930 845
1680940 832
1680950 822
1680960 814
1680970 811
1680980 809
1680990 808
1681000 807
1681010 803
1681020 796
1681030 783
1681040 774
1681050 767
1681060 763
1681070 758
1681080 754
1681090 749
1681100 745
1681110 742
1681120 739
1681130 737
1681140 735
1681150 732
1681160 729
1681170 725
1681180 724
1681190 724
1681200 725
1681210 728
1681220 732
1681230 736
1681240 741
1681250 746
1681260 751
1681270 756
1681280 760
1681290 765
1681300 769
1681310 774
1681320 778
1681330 782
1681340 786
1681350 791
1681360 795
1681370 800
1681380 804
1681390 809
1681400 814
1681410 820
1681420 824
1681430 829
1681440 834
1681450 839
1681460 844
1681470 849
1681480 854
1681490 861
1681500 868
1681510 874
1681520 877
1681530 880
1681540 883
1681550 888
1681560 893
1681570 898
1681580 904
1681590 910
1681600 915
1681610 922
1681620 930
1681630 939
1681640 946
1681650 953
1681660 961
1681670 968
1681680 973
1681690 976
1681700 979
1681710 981
1681720 984
1681730 986
1681740 987
1681750 988
1681760 989
1681770 991
1681780 994
1681790 995
1681800 997
1681810 998
1681820 998
1681830 996
1681840 994
1681850 991
1681860 989
1681870 987
1681880 984
1681890 981
1681900 978
1681910 975
1681920 971
1681930 968
1681940 964
1681950 962
1681960 959
1681970 957
1681980 955
1681990 954
1682000 954
1682010 954
1682020 955
1682030 956
1682040 956
1682050 956
1682060 956
1682070 956
1682080 955
1682090 955
1682100 955
1682110 955
1682120 955
1682130 956
1682140 956
1682150 956
1682160 956
1682170 956
1682180 956
1682190 956
1682200 956
1682210 956
1682220 956
1682230 955
1682240 955
1682250 955
1682260 955
1682270 955
1682280 955
1682290 955
1682300 955
1682310 955
1682320 955
1682330 956
1682340 956
1682350 956
1682360 956
1682370 956
1682380 956
1682390 956
1682400 956
1682410 956
1682420 956
1682430 955
1682440 955
1682450 955
1682460 954
1682470 953
1682480 952
1682490 952
1682500 951
1682510 950
1682520 949
1682530 948
1682540 948
1682550 946
1682560 945
1682570 944
1682580 944
1682590 943
1682600 942
1682610 941
1682620 941
1682630 940
1682640 940
1682650 939
1682660 939
1682670 939
1682680 939
1682690 939
1682700 939
1682710 939
1682720 939
1682730 938
1682740 938
1682750 938
1682760 938
1682770 938
1682780 938
1682790 938
1682800 939
1682810 939
1682820 940
1682830 940
1682840 939
1682850 939
1682860 938
1682870 938
1682880 937
1682890 936
1682900 935
1682910 934
1682920 933
1682930 932
1682940 930
1682950 928
1682960 927
1682970 925
1682980 923
1682990 920
1683000 917
1683010 914
1683020 910
1683030 906
1683040 903
1683050 899
1683060 896
1683070 893
1683080 890
1683090 888
1683100 886
1683110 884
1683120 882
1683130 880
1683140 877
1683150 875
1683160 877
1683170 878
1683180 877
1683190 877
1683200 877
1683210 878
1683220 878
1683230 878
1683240 878
1683250 878
1683260 878
1683270 877
1683280 877
1683290 877
1683300 878
1683310 878
1683320 878
1683330 877
1683340 877
1683350 877
1683360 876
1683370 875
1683380 875
1683390 875
1683400 875
1683410 875
1683420 874
1683430 872
1683440 873
1683450 875
1683460 877
1683470 878
1683480 879
1683490 879
1683500 879
1683510 879
1683520 879
1683530 879
1683540 879
1683550 879
1683560 878
1683570 878
1683580 876
1683590 875
1683600 873
1683610 872
1683620 871
1683630 871
1683640 868
1683650 869
1683660 870
1683670 872
1683680 873
1683690 873
1683700 873
1683710 874
1683720 876
1683730 876
1683740 876
1683750 876
1683760 875
1683770 873
1683780 871
1683790 870
1683800 869
1683810 867
1683820 865
1683830 865
1683840 866
1683850 868
1683860 868
1683870 868
1683880 868
1683890 870
1683900 872
1683910 873
1683920 875
1683930 877
1683940 879
1683950 880
1683960 882
1683970 883
1683980 885
1683990 886
1684000 887
1684010 889
1684020 890
1684030 891
1684040 892
1684050 893
1684060 894
1684070 894
1684080 895
1684090 896
1684100 896
1684110 896
1684120 896
1684130 896
1684140 895
1684150 894
1684160 891
1684170 888
1684180 884
1684190 880
1684200 875
1684210 871
1684220 867
1684230 862
1684240 857
1684250 853
1684260 851
1684270 850
1684280 849
1684290 848
1684300 847
1684310 846
1684320 846
1684330 847
1684340 848
1684350 850
1684360 852
1684370 853
1684380 854
1684390 855
1684400 856
1684410 856
1684420 856
1684430 855
1684440 854
1684450 852
1684460 850
1684470 846
1684480 843
1684490 839
1684500 835
1684510 830
1684520 826
1684530 822
1684540 820
1684550 821
1684560 823
1684570 825
1684580 827
1684590 830
1684600 833
1684610 836
1684620 838
1684630 841
1684640 844
1684650 847
1684660 850
1684670 853
1684680 856
1684690 860
1684700 863
1684710 866
1684720 870
1684730 873
1684740 877
1684750 880
1684760 884
1684770 888
1684780 892
1684790 896
1684800 900
1684810 905
1684820 909
1684830 914
1684840 918
1684850 922
1684860 927
1684870 932
1684880 936
1684890 942
1684900 948
1684910 954
1684920 961
1684930 967
1684940 973
1684950 978
1684960 983
1684970 987
1684980 991
1684990 995
1685000 999
1685010 1003
1685020 1006
1685030 1010
1685040 1013
1685050 1016
1685060 1019
1685070 1022
1685080 1024
1685090 1026
1685100 1028
1685110 1030
1685120 1032
1685130 1033
1685140 1034
1685150 1035
1685160 1035
1685170 1035
1685180 1036
1685190 1035
1685200 1035
1685210 1034
1685220 1032
1685230 1030
1685240 1027
1685250 1025
1685260 1022
1685270 1019
1685280 1017
1685290 1015
1685300 1013
1685310 1011
1685320 1009
1685330 1008
1685340 1006
1685350 1004
1685360 1002
1685370 1000
1685380 998
1685390 996
1685400 993
1685410 991
1685420 989
1685430 986
1685440 984
1685450 982
1685460 980
1685470 978
1685480 976
1685490 973
1685500 971
1685510 969
1685520 966
1685530 964
1685540 961
1685550 959
1685560 957
1685570 954
1685580 951
1685590 948
1685600 946
1685610 943
1685620 940
1685630 938
1685640 935
1685650 931
1685660 928
1685670 925
1685680 921
1685690 917
1685700 914
1685710 910
1685720 907
1685730 903
1685740 899
1685750 896
1685760 892
1685770 888
1685780 884
1685790 882
1685800 883
1685810 885
1685820 885
1685830 885
1685840 883
1685850 882
1685860 881
1685870 883
1685880 885
1685890 889
1685900 891
1685910 893
1685920 894
1685930 895
1685940 895
1685950 896
1685960 897
1685970 898
1685980 898
1685990 899
1686000 900
1686010 901
1686020 901
1686030 902
1686040 902
1686050 903
1686060 904
1686070 905
1686080 905
1686090 906
1686100 906
1686110 907
1686120 908
1686130 909
1686140 909
1686150 910
1686160 911
1686170 911
1686180 912
1686190 912
1686200 913
1686210 913
1686220 913
1686230 914
1686240 914
1686250 914
1686260 915
1686270 915
1686280 915
1686290 915
1686300 915
1686310 915
1686320 915
1686330 914
1686340 914
1686350 914
1686360 913
1686370 913
1686380 913
1686390 912
1686400 911
1686410 910
1686420 910
1686430 909
1686440 909
1686450 909
1686460 907
1686470 904
1686480 902
1686490 902
1686500 907
1686510 911
1686520 914
1686530 917
1686540 920
1686550 922
1686560 925
1686570 926
1686580 926
1686590 926
1686600 925
1686610 924
1686620 924
1686630 924
1686640 924
1686650 924
1686660 926
1686670 928
1686680 931
1686690 934
1686700 937
1686710 941
1686720 944
1686730 947
1686740 949
1686750 952
1686760 954
1686770 955
1686780 954
1686790 952
1686800 949
1686810 946
1686820 943
1686830 941
1686840 939
1686850 937
1686860 935
1686870 935
1686880 937
1686890 939
1686900 942
1686910 944
1686920 947
1686930 950
1686940 953
1686950 955
1686960 958
1686970 960
1686980 963
1686990 965
1687000 967
1687010 970
1687020 972
1687030 975
1687040 977
1687050 979
1687060 982
1687070 984
1687080 985
1687090 987
1687100 987
1687110 988
1687120 987
1687130 986
1687140 986
1687150 986
1687160 986
1687170 987
1687180 987
1687190 988
1687200 988
1687210 989
1687220 990
1687230 991
1687240 991
1687250 992
1687260 993
1687270 994
1687280 995
1687290 995
1687300 995
1687310 995
1687320 994
1687330 992
1687340 990
1687350 989
1687360 987
1687370 986
1687380 984
1687390 982
1687400 981
1687410 979
1687420 977
1687430 975
1687440 973
1687450 971
1687460 969
1687470 967
1687480 966
1687490 965
1687500 964
1687510 964
1687520 963
1687530 962
1687540 961
1687550 960
1687560 959
1687570 957
1687580 956
1687590 955
1687600 953
1687610 952
1687620 951
1687630 950
1687640 949
1687650 949
1687660 948
1687670 947
1687680 946
1687690 945
1687700 944
1687710 942
1687720 941
1687730 939
1687740 938
1687750 936
1687760 935
1687770 932
1687780 930
1687790 927
1687800 924
1687810 921
1687820 918
1687830 915
1687840 913
1687850 910
1687860 908
1687870 905
1687880 903
1687890 900
1687900 898
1687910 895
1687920 892
1687930 889
1687940 886
1687950 883
1687960 880
1687970 876
1687980 872
1687990 869
1688000 865
1688010 861
1688020 857
1688030 853
1688040 848
1688050 843
1688060 838
1688070 832
1688080 827
1688090 822
1688100 817
1688110 811
1688120 806
1688130 801
1688140 796
1688150 792
1688160 787
1688170 782
1688180 777
1688190 770
1688200 761
1688210 754
1688220 747
1688230 742
1688240 736
1688250 730
1688260 725
1688270 719
1688280 714
1688290 709
1688300 707
1688310 705
1688320 704
1688330 705
1688340 706
1688350 708
1688360 710
1688370 712
1688380 714
1688390 714
1688400 715
1688410 714
1688420 714
1688430 715
1688440 715
1688450 717
1688460 719
1688470 721
1688480 722
1688490 719
1688500 715
1688510 710
1688520 705
1688530 699
1688540 693
1688550 688
1688560 683
1688570 678
1688580 674
1688590 670
1688600 666
1688610 662
1688620 658
1688630 655
1688640 655
1688650 656
1688660 664
1688670 671
1688680 676
1688690 681
1688700 685
1688710 689
1688720 693
1688730 698
1688740 702
1688750 707
1688760 711
1688770 716
1688780 720
1688790 724
1688800 729
1688810 734
1688820 738
1688830 742
1688840 747
1688850 751
1688860 756
1688870 760
1688880 765
1688890 770
1688900 775
1688910 780
1688920 785
1688930 791
1688940 796
1688950 802
1688960 808
1688970 814
1688980 822
1688990 832
1689000 841
1689010 848
1689020 855
1689030 860
1689040 865
1689050 869
1689060 874
1689070 878
1689080 882
1689090 885
1689100 888
1689110 890
1689120 891
1689130 890
1689140 889
1689150 887
1689160 885
1689170 884
1689180 881
1689190 878
1689200 875
1689210 872
1689220 869
1689230 865
1689240 860
1689250 856
1689260 852
1689270 847
1689280 843
1689290 839
1689300 835
1689310 832
1689320 828
1689330 825
1689340 822
1689350 819
1689360 816
1689370 813
1689380 810
1689390 807
1689400 804
1689410 801
1689420 799
1689430 796
1689440 793
1689450 791
1689460 788
1689470 786
1689480 783
1689490 781
1689500 779
1689510 776
1689520 774
1689530 771
1689540 769
1689550 767
1689560 766
1689570 768
1689580 772
1689590 777
1689600 782
1689610 785
1689620 786
1689630 787
1689640 787
1689650 787
1689660 788
1689670 789
1689680 789
1689690 790
1689700 791
1689710 792
1689720 794
1689730 796
1689740 798
1689750 800
1689760 802
1689770 805
1689780 807
1689790 809
1689800 811
1689810 814
1689820 815
1689830 817
1689840 818
1689850 819
1689860 819
1689870 819
1689880 819
1689890 819
1689900 818
1689910 818
1689920 818
1689930 818
1689940 819
1689950 819
1689960 819
1689970 820
1689980 820
1689990 820
1690000 820
1690010 820
1690020 820
1690030 820
1690040 820
1690050 820
1690060 819
1690070 819
1690080 819
1690090 818
1690100 818
1690110 818
1690120 818
1690130 817
1690140 817
1690150 815
1690160 814
1690170 812
1690180 810
1690190 808
1690200 806
1690210 804
1690220 802
1690230 799
1690240 797
1690250 793
1690260 789
1690270 785
1690280 782
1690290 779
1690300 776
1690310 772
1690320 769
1690330 766
1690340 763
1690350 760
1690360 757
1690370 754
1690380 752
1690390 749
1690400 746
1690410 743
1690420 741
1690430 738
1690440 736
1690450 734
1690460 732
1690470 729
1690480 727
1690490 725
1690500 723
1690510 721
1690520 719
1690530 717
1690540 716
1690550 714
1690560 713
1690570 712
1690580 711
1690590 710
1690600 709
1690610 708
1690620 707
1690630 706
1690640 705
1690650 704
1690660 703
1690670 703
1690680 702
1690690 700
1690700 700
1690710 700
1690720 700
1690730 699
1690740 699
1690750 699
1690760 699
1690770 698
1690780 697
1690790 694
1690800 689
1690810 683
1690820 677
1690830 673
1690840 670
1690850 669
1690860 670
1690870 673
1690880 678
1690890 683
1690900 688
1690910 694
1690920 699
1690930 704
1690940 708
1690950 712
1690960 717
1690970 720
1690980 724
1690990 728
1691000 732
1691010 735
1691020 739
1691030 743
1691040 747
1691050 750
1691060 754
1691070 756
1691080 757
1691090 758
1691100 758
1691110 756
1691120 754
1691130 752
1691140 751
1691150 751
1691160 751
1691170 751
1691180 751
1691190 751
1691200 752
1691210 753
1691220 753
1691230 753
1691240 753
1691250 753
1691260 753
1691270 754
1691280 754
1691290 755
1691300 756
1691310 756
1691320 757
1691330 758
1691340 759
1691350 760
1691360 761
1691370 762
1691380 763
1691390 764
1691400 765
1691410 766
1691420 767
1691430 768
1691440 769
1691450 769
1691460 770
1691470 771
1691480 771
1691490 772
1691500 772
1691510 773
1691520 774
1691530 774
1691540 775
1691550 775
1691560 775
1691570 774
1691580 774
1691590 773
1691600 771
1691610 770
1691620 768
1691630 765
1691640 763
1691650 760
1691660 758
1691670 756
1691680 754
1691690 752
1691700 750
1691710 748
1691720 746
1691730 743
1691740 741
1691750 739
1691760 737
1691770 736
1691780 736
1691790 736
1691800 736
1691810 736
1691820 735
1691830 735
1691840 734
1691850 732
1691860 730
1691870 726
1691880 722
1691890 715
1691900 709
1691910 703
1691920 697
1691930 692
1691940 686
1691950 682
1691960 677
1691970 672
1691980 664
1691990 655
1692000 645
1692010 636
1692020 627
1692030 618
1692040 610
1692050 603
1692060 598
1692070 590
1692080 584
1692090 578
1692100 573
1692110 568
1692120 562
1692130 557
1692140 552
1692150 547
1692160 542
1692170 537
1692180 531
1692190 526
1692200 521
1692210 514
1692220 505
1692230 499
1692240 494
1692250 489
1692260 485
1692270 483
1692280 496
1692290 515
1692300 535
1692310 541
1692320 547
1692330 554
1692340 562
1692350 568
1692360 574
1692370 579
1692380 584
1692390 588
1692400 592
1692410 596
1692420 600
1692430 604
1692440 608
1692450 612
1692460 616
1692470 621
1692480 625
1692490 630
1692500 635
1692510 641
1692520 647
1692530 654
1692540 659
1692550 662
1692560 665
1692570 668
1692580 671
1692590 673
1692600 675
1692610 676
1692620 676
1692630 676
1692640 676
1692650 676
1692660 677
1692670 677
1692680 677
1692690 678
1692700 678
1692710 678
1692720 678
1692730 678
1692740 678
1692750 677
1692760 677
1692770 676
1692780 675
1692790 675
1692800 674
1692810 674
1692820 673
1692830 671
1692840 670
1692850 667
1692860 667
1692870 667
1692880 667
1692890 667
1692900 667
1692910 668
1692920 668
1692930 668
1692940 668
1692950 669
1692960 669
1692970 668
1692980 666
1692990 666
1693000 667
1693010 670
1693020 671
1693030 672
1693040 673
1693050 674
1693060 675
1693070 676
1693080 676
1693090 677
1693100 678
1693110 680
1693120 682
1693130 682
1693140 683
1693150 683
1693160 684
1693170 684
1693180 685
1693190 686
1693200 687
1693210 688
1693220 689
1693230 690
1693240 690
1693250 691
1693260 692
1693270 692
1693280 692
1693290 692
1693300 692
1693310 692
1693320 692
1693330 693
1693340 694
1693350 695
1693360 695
1693370 694
1693380 690
1693390 686
1693400 682
1693410 678
1693420 674
1693430 670
1693440 667
1693450 663
1693460 660
1693470 657
1693480 654
1693490 651
1693500 648
1693510 645
1693520 642
1693530 639
1693540 634
1693550 629
1693560 603
1693570 580
1693580 560
1693590 532
1693600 512
1693610 500
1693620 489
1693630 479
1693640 467
1693650 465
1693660 464
1693670 465
1693680 468
1693690 472
1693700 476
1693710 480
1693720 484
1693730 488
1693740 492
1693750 496
1693760 499
1693770 503
1693780 506
1693790 509
1693800 513
1693810 516
1693820 518
1693830 521
1693840 524
1693850 528
1693860 533
1693870 539
1693880 546
1693890 554
1693900 559
1693910 561
1693920 558
1693930 547
1693940 534
1693950 523
1693960 514
1693970 507
1693980 503
1693990 501
1694000 501
1694010 501
1694020 501
1694030 502
1694040 502
1694050 503
1694060 504
1694070 505
1694080 506
1694090 506
1694100 506
1694110 506
1694120 505
1694130 504
1694140 504
1694150 504
1694160 505
1694170 505
1694180 505
1694190 505
1694200 506
1694210 507
1694220 507
1694230 506
1694240 505
1694250 503
1694260 503
1694270 503
1694280 504
1694290 498
1694300 493
1694310 488
1694320 489
1694330 490
1694340 493
1694350 494
1694360 494
1694370 492
1694380 490
1694390 491
1694400 492
1694410 493
1694420 494
1694430 494
1694440 496
1694450 498
1694460 501
1694470 507
1694480 512
1694490 516
1694500 514
1694510 511
1694520 510
1694530 511
1694540 513
1694550 514
1694560 515
1694570 513
1694580 509
1694590 504
1694600 501
1694610 498
1694620 499
1694630 501
1694640 505
1694650 510
1694660 515
1694670 519
1694680 524
1694690 532
1694700 542
1694710 552
1694720 560
1694730 566
1694740 571
1694750 575
1694760 578
1694770 579
1694780 578
1694790 579
1694800 582
1694810 583
1694820 584
1694830 586
1694840 584
1694850 581
1694860 579
1694870 579
1694880 581
1694890 584
1694900 587
1694910 590
1694920 594
1694930 596
1694940 598
1694950 599
1694960 600
1694970 601
1694980 600
1694990 596
1695000 589
1695010 579
1695020 574
1695030 568
1695040 558
1695050 545
1695060 538
1695070 536
1695080 544
1695090 558
1695100 575
1695110 586
1695120 595
1695130 602
1695140 610
1695150 622
1695160 637
1695170 657
1695180 669
1695190 675
1695200 680
1695210 683
1695220 687
1695230 690
1695240 693
1695250 695
1695260 696
1695270 698
1695280 700
1695290 701
1695300 702
1695310 704
1695320 706
1695330 710
1695340 714
1695350 717
1695360 719
1695370 720
1695380 720
1695390 720
1695400 719
1695410 718
1695420 718
1695430 718
1695440 717
1695450 718
1695460 718
1695470 718
1695480 718
1695490 718
1695500 718
1695510 718
1695520 718
1695530 717
1695540 717
1695550 716
1695560 714
1695570 713
1695580 712
1695590 710
1695600 709
1695610 708
1695620 707
1695630 706
1695640 706
1695650 706
1695660 707
1695670 708
1695680 709
1695690 709
1695700 709
1695710 709
1695720 710
1695730 710
1695740 711
1695750 712
1695760 714
1695770 715
1695780 717
1695790 719
1695800 721
1695810 724
1695820 727
1695830 731
1695840 735
1695850 739
1695860 742
1695870 745
1695880 747
1695890 750
1695900 751
1695910 752
1695920 753
1695930 752
1695940 752
1695950 751
1695960 750
1695970 748
1695980 746
1695990 744
1696000 741
1696010 738
1696020 735
1696030 733
1696040 732
1696050 730
1696060 730
1696070 730
1696080 733
1696090 736
1696100 738
1696110 739
1696120 740
1696130 742
1696140 744
1696150 746
1696160 749
1696170 751
1696180 752
1696190 754
1696200 755
1696210 756
1696220 757
1696230 758
1696240 758
1696250 758
1696260 758
1696270 758
1696280 758
1696290 758
1696300 758
1696310 758
1696320 757
1696330 754
1696340 752
1696350 751
1696360 752
1696370 753
1696380 756
1696390 759
1696400 762
1696410 764
1696420 767
1696430 769
1696440 771
1696450 773
1696460 775
1696470 777
1696480 779
1696490 780
1696500 782
1696510 783
1696520 783
1696530 782
1696540 780
1696550 778
1696560 777
1696570 776
1696580 776
1696590 776
1696600 778
1696610 781
1696620 784
1696630 787
1696640 791
1696650 794
1696660 797
1696670 801
1696680 804
1696690 807
1696700 810
1696710 814
1696720 817
1696730 820
1696740 823
1696750 827
1696760 830
1696770 833
1696780 836
1696790 838
1696800 840
1696810 841
1696820 840
1696830 839
1696840 839
1696850 841
1696860 843
1696870 847
1696880 851
1696890 854
1696900 858
1696910 862
1696920 866
1696930 870
1696940 874
1696950 878
1696960 883
1696970 887
1696980 891
1696990 896
1697000 900
1697010 905
1697020 909
1697030 914
1697040 918
1697050 923
1697060 927
1697070 932
1697080 937
1697090 941
1697100 945
1697110 950
1697120 955
1697130 959
1697140 964
1697150 968
1697160 972
1697170 976
1697180 980
1697190 983
1697200 987
1697210 990
1697220 994
1697230 996
1697240 998
1697250 999
1697260 1000
1697270 1001
1697280 1001
1697290 1002
1697300 1002
1697310 1003
1697320 1005
1697330 1007
1697340 1009
1697350 1012
1697360 1015
1697370 1019
1697380 1023
1697390 1026
1697400 1030
1697410 1034
1697420 1038
1697430 1042
1697440 1046
1697450 1051
1697460 1055
1697470 1058
1697480 1062
1697490 1067
1697500 1071
1697510 1076
1697520 1080
1697530 1085
1697540 1090
1697550 1094
1697560 1099
1697570 1104
1697580 1109
1697590 1114
1697600 1119
1697610 1122
1697620 1126
1697630 1128
1697640 1130
1697650 1131
1697660 1133
1697670 1132
1697680 1131
1697690 1131
1697700 1133
1697710 1135
1697720 1136
1697730 1138
1697740 1140
1697750 1144
1697760 1149
1697770 1153
1697780 1155
1697790 1156
1697800 1156
1697810 1156
1697820 1158
1697830 1161
1697840 1164
1697850 1168
1697860 1171
1697870 1175
1697880 1178
1697890 1182
1697900 1186
1697910 1188
1697920 1188
1697930 1188
1697940 1188
1697950 1188
1697960 1189
1697970 1190
1697980 1191
1697990 1192
1698000 1191
1698010 1190
1698020 1189
1698030 1188
1698040 1188
1698050 1188
1698060 1188
1698070 1188
1698080 1188
1698090 1188
1698100 1187
1698110 1187
1698120 1187
1698130 1186
1698140 1185
1698150 1185
1698160 1186
1698170 1187
1698180 1191
1698190 1195
1698200 1199
1698210 1199
1698220 1202
1698230 1206
1698240 1210
1698250 1212
1698260 1212
1698270 1209
1698280 1205
1698290 1200
1698300 1196
1698310 1195
1698320 1195
1698330 1199
1698340 1203
1698350 1209
1698360 1216
1698370 1221
1698380 1226
1698390 1232
1698400 1238
1698410 1242
1698420 1242
1698430 1240
1698440 1237
1698450 1235
1698460 1236
1698470 1237
1698480 1241
1698490 1244
1698500 1246
1698510 1247
1698520 1246
1698530 1247
1698540 1250
1698550 1252
1698560 1253
1698570 1255
1698580 1257
1698590 1259
1698600 1260
1698610 1257
1698620 1255
1698630 1252
1698640 1249
1698650 1247
1698660 1245
1698670 1244
1698680 1242
1698690 1241
1698700 1240
1698710 1240
1698720 1239
1698730 1239
1698740 1239
1698750 1239
1698760 1239
1698770 1239
1698780 1240
1698790 1240
1698800 1241
1698810 1240
1698820 1240
1698830 1240
1698840 1241
1698850 1243
1698860 1245
1698870 1246
1698880 1247
1698890 1247
1698900 1247
1698910 1246
1698920 1246
1698930 1246
1698940 1246
1698950 1245
1698960 1245
1698970 1244
1698980 1243
1698990 1242
1699000 1240
1699010 1239
1699020 1238
1699030 1239
1699040 1237
1699050 1235
1699060 1232
1699070 1229
1699080 1226
1699090 1223
1699100 1220
1699110 1218
1699120 1216
1699130 1213
1699140 1210
1699150 1207
1699160 1204
1699170 1201
1699180 1198
1699190 1194
1699200 1190
1699210 1187
1699220 1183
1699230 1180
1699240 1178
1699250 1175
1699260 1173
1699270 1170
1699280 1167
1699290 1165
1699300 1162
1699310 1159
1699320 1157
1699330 1155
1699340 1155
1699350 1154
1699360 1152
1699370 1151
1699380 1150
1699390 1149
1699400 1150
1699410 1150
1699420 1151
1699430 1151
1699440 1151
1699450 1151
1699460 1151
1699470 1150
1699480 1150
1699490 1150
1699500 1150
1699510 1150
1699520 1149
1699530 1148
1699540 1148
1699550 1147
1699560 1146
1699570 1146
1699580 1146
1699590 1146
1699600 1146
1699610 1146
1699620 1147
1699630 1147
1699640 1147
1699650 1148
1699660 1148
1699670 1149
1699680 1150
1699690 1151
1699700 1151
1699710 1152
1699720 1152
1699730 1154
1699740 1156
1699750 1158
1699760 1160
1699770 1161
1699780 1163
1699790 1164
1699800 1165
1699810 1165
1699820 1166
1699830 1167
1699840 1169
1699850 1170
1699860 1172
1699870 1173
1699880 1175
1699890 1176
1699900 1177
1699910 1178
1699920 1179
1699930 1180
1699940 1180
1699950 1181
1699960 1181
1699970 1182
1699980 1182
1699990 1182
