1680000 435
1680010 435
1680020 435
1680030 435
1680040 435
1680050 435
1680060 435
1680070 435
1680080 435
1680090 435
1680100 436
1680110 436
1680120 436
1680130 436
1680140 436
1680150 437
1680160 438
1680170 440
1680180 442
1680190 444
1680200 446
1680210 448
1680220 450
1680230 452
1680240 454
1680250 456
1680260 457
1680270 459
1680280 461
1680290 463
1680300 466
1680310 468
1680320 470
1680330 472
1680340 474
1680350 476
1680360 478
1680370 479
1680380 481
1680390 483
1680400 485
1680410 488
1680420 491
1680430 493
1680440 495
1680450 497
1680460 499
1680470 501
1680480 503
1680490 505
1680500 507
1680510 509
1680520 511
1680530 513
1680540 515
1680550 517
1680560 518
1680570 520
1680580 522
1680590 525
1680600 527
1680610 529
1680620 531
1680630 532
1680640 534
1680650 535
1680660 537
1680670 540
1680680 542
1680690 543
1680700 545
1680710 547
1680720 549
1680730 550
1680740 552
1680750 554
1680760 556
1680770 558
1680780 559
1680790 560
1680800 562
1680810 563
1680820 564
1680830 565
1680840 567
1680850 568
1680860 569
1680870 571
1680880 573
1680890 575
1680900 576
1680910 578
1680920 580
1680930 582
1680940 585
1680950 587
1680960 590
1680970 592
1680980 594
1680990 598
1681000 601
1681010 602
1681020 598
1681030 595
1681040 592
1681050 590
1681060 589
1681070 589
1681080 590
1681090 591
1681100 591
1681110 591
1681120 592
1681130 592
1681140 592
1681150 593
1681160 593
1681170 593
1681180 593
1681190 593
1681200 593
1681210 592
1681220 592
1681230 591
1681240 590
1681250 589
1681260 588
1681270 588
1681280 587
1681290 586
1681300 585
1681310 585
1681320 584
1681330 583
1681340 581
1681350 581
1681360 579
1681370 578
1681380 578
1681390 577
1681400 577
1681410 576
1681420 576
1681430 575
1681440 574
1681450 573
1681460 573
1681470 572
1681480 571
1681490 570
1681500 571
1681510 571
1681520 571
1681530 570
1681540 569
1681550 568
1681560 568
1681570 568
1681580 569
1681590 570
1681600 571
1681610 572
1681620 572
1681630 573
1681640 573
1681650 573
1681660 573
1681670 573
1681680 573
1681690 572
1681700 571
1681710 571
1681720 572
1681730 573
1681740 573
1681750 573
1681760 574
1681770 574
1681780 574
1681790 574
1681800 575
1681810 575
1681820 575
1681830 575
1681840 574
1681850 574
1681860 574
1681870 575
1681880 575
1681890 575
1681900 575
1681910 575
1681920 575
1681930 575
1681940 575
1681950 575
1681960 575
1681970 574
1681980 574
1681990 573
1682000 572
1682010 572
1682020 572
1682030 572
1682040 571
1682050 571
1682060 570
1682070 570
1682080 568
1682090 567
1682100 566
1682110 565
1682120 565
1682130 564
1682140 564
1682150 564
1682160 563
1682170 563
1682180 562
1682190 561
1682200 561
1682210 560
1682220 560
1682230 560
1682240 560
1682250 559
1682260 559
1682270 559
1682280 559
1682290 558
1682300 556
1682310 554
1682320 553
1682330 553
1682340 553
1682350 553
1682360 554
1682370 555
1682380 557
1682390 559
1682400 562
1682410 564
1682420 567
1682430 569
1682440 571
1682450 574
1682460 577
1682470 580
1682480 583
1682490 587
1682500 591
1682510 594
1682520 598
1682530 602
1682540 607
1682550 611
1682560 616
1682570 621
1682580 627
1682590 632
1682600 636
1682610 639
1682620 642
1682630 644
1682640 647
1682650 650
1682660 653
1682670 655
1682680 658
1682690 661
1682700 664
1682710 667
1682720 670
1682730 673
1682740 676
1682750 680
1682760 684
1682770 686
1682780 691
1682790 695
1682800 699
1682810 703
1682820 707
1682830 711
1682840 715
1682850 719
1682860 723
1682870 727
1682880 731
1682890 735
1682900 739
1682910 743
1682920 747
1682930 751
1682940 755
1682950 759
1682960 763
1682970 767
1682980 771
1682990 775
1683000 779
1683010 782
1683020 785
1683030 784
1683040 782
1683050 778
1683060 774
1683070 769
1683080 765
1683090 760
1683100 756
1683110 751
1683120 747
1683130 743
1683140 740
1683150 737
1683160 733
1683170 730
1683180 726
1683190 723
1683200 719
1683210 717
1683220 714
1683230 713
1683240 711
1683250 709
1683260 707
1683270 706
1683280 705
1683290 703
1683300 702
1683310 701
1683320 700
1683330 699
1683340 697
1683350 696
1683360 694
1683370 691
1683380 689
1683390 686
1683400 684
1683410 682
1683420 680
1683430 678
1683440 676
1683450 674
1683460 673
1683470 671
1683480 670
1683490 668
1683500 667
1683510 665
1683520 664
1683530 662
1683540 661
1683550 659
1683560 657
1683570 656
1683580 654
1683590 652
1683600 651
1683610 649
1683620 648
1683630 646
1683640 644
1683650 642
1683660 641
1683670 639
1683680 638
1683690 636
1683700 634
1683710 633
1683720 631
1683730 629
1683740 627
1683750 625
1683760 623
1683770 621
1683780 619
1683790 617
1683800 615
1683810 613
1683820 611
1683830 609
1683840 606
1683850 604
1683860 601
1683870 599
1683880 597
1683890 596
1683900 594
1683910 591
1683920 589
1683930 587
1683940 586
1683950 585
1683960 586
1683970 585
1683980 584
1683990 583
1684000 582
1684010 581
1684020 581
1684030 581
1684040 581
1684050 582
1684060 583
1684070 585
1684080 587
1684090 588
1684100 590
1684110 591
1684120 591
1684130 591
1684140 590
1684150 590
1684160 589
1684170 587
1684180 586
1684190 583
1684200 580
1684210 576
1684220 571
1684230 566
1684240 561
1684250 556
1684260 550
1684270 545
1684280 539
1684290 534
1684300 529
1684310 525
1684320 520
1684330 515
1684340 511
1684350 507
1684360 503
1684370 500
1684380 497
1684390 494
1684400 491
1684410 487
1684420 484
1684430 481
1684440 479
1684450 476
1684460 472
1684470 468
1684480 463
1684490 457
1684500 452
1684510 448
1684520 445
1684530 443
1684540 441
1684550 437
1684560 434
1684570 430
1684580 426
1684590 422
1684600 418
1684610 415
1684620 413
1684630 411
1684640 410
1684650 408
1684660 406
1684670 404
1684680 402
1684690 399
1684700 397
1684710 395
1684720 394
1684730 393
1684740 392
1684750 392
1684760 392
1684770 392
1684780 392
1684790 391
1684800 391
1684810 391
1684820 391
1684830 391
1684840 391
1684850 391
1684860 391
1684870 391
1684880 390
1684890 390
1684900 389
1684910 389
1684920 389
1684930 389
1684940 389
1684950 389
1684960 389
1684970 389
1684980 390
1684990 390
1685000 390
1685010 391
1685020 392
1685030 394
1685040 396
1685050 398
1685060 400
1685070 403
1685080 406
1685090 410
1685100 414
1685110 419
1685120 422
1685130 424
1685140 426
1685150 427
1685160 429
1685170 430
1685180 431
1685190 433
1685200 436
1685210 438
1685220 440
1685230 441
1685240 443
1685250 444
1685260 445
1685270 447
1685280 448
1685290 450
1685300 452
1685310 454
1685320 456
1685330 459
1685340 462
1685350 465
1685360 467
1685370 469
1685380 471
1685390 474
1685400 476
1685410 478
1685420 480
1685430 483
1685440 486
1685450 489
1685460 492
1685470 496
1685480 499
1685490 503
1685500 506
1685510 510
1685520 514
1685530 518
1685540 522
1685550 525
1685560 529
1685570 532
1685580 535
1685590 539
1685600 543
1685610 546
1685620 549
1685630 552
1685640 556
1685650 559
1685660 563
1685670 566
1685680 569
1685690 572
1685700 575
1685710 578
1685720 581
1685730 584
1685740 587
1685750 591
1685760 593
1685770 596
1685780 598
1685790 601
1685800 603
1685810 607
1685820 609
1685830 611
1685840 611
1685850 613
1685860 614
1685870 616
1685880 619
1685890 621
1685900 624
1685910 627
1685920 629
1685930 632
1685940 634
1685950 637
1685960 640
1685970 643
1685980 645
1685990 648
1686000 651
1686010 655
1686020 658
1686030 660
1686040 662
1686050 664
1686060 667
1686070 670
1686080 674
1686090 676
1686100 679
1686110 682
1686120 685
1686130 686
1686140 686
1686150 684
1686160 683
1686170 681
1686180 678
1686190 675
1686200 672
1686210 668
1686220 665
1686230 662
1686240 660
1686250 658
1686260 655
1686270 652
1686280 650
1686290 648
1686300 647
1686310 645
1686320 644
1686330 642
1686340 641
1686350 639
1686360 638
1686370 635
1686380 633
1686390 630
1686400 628
1686410 626
1686420 624
1686430 623
1686440 621
1686450 619
1686460 617
1686470 614
1686480 610
1686490 608
1686500 605
1686510 604
1686520 603
1686530 602
1686540 600
1686550 599
1686560 597
1686570 595
1686580 594
1686590 593
1686600 592
1686610 592
1686620 591
1686630 589
1686640 588
1686650 587
1686660 586
1686670 584
1686680 583
1686690 581
1686700 579
1686710 575
1686720 571
1686730 568
1686740 564
1686750 561
1686760 558
1686770 556
1686780 555
1686790 553
1686800 551
1686810 548
1686820 545
1686830 542
1686840 539
1686850 536
1686860 533
1686870 530
1686880 528
1686890 526
1686900 524
1686910 522
1686920 520
1686930 518
1686940 516
1686950 514
1686960 512
1686970 510
1686980 507
1686990 503
1687000 501
1687010 501
1687020 501
1687030 501
1687040 501
1687050 501
1687060 501
1687070 502
1687080 504
1687090 505
1687100 508
1687110 510
1687120 513
1687130 516
1687140 519
1687150 523
1687160 527
1687170 530
1687180 534
1687190 539
1687200 543
1687210 548
1687220 552
1687230 553
1687240 550
1687250 544
1687260 538
1687270 532
1687280 527
1687290 522
1687300 518
1687310 515
1687320 512
1687330 510
1687340 508
1687350 507
1687360 506
1687370 504
1687380 502
1687390 501
1687400 504
1687410 507
1687420 508
1687430 510
1687440 514
1687450 517
1687460 521
1687470 525
1687480 529
1687490 535
1687500 540
1687510 544
1687520 545
1687530 545
1687540 544
1687550 542
1687560 541
1687570 540
1687580 539
1687590 538
1687600 537
1687610 535
1687620 533
1687630 530
1687640 527
1687650 524
1687660 521
1687670 517
1687680 514
1687690 513
1687700 516
1687710 521
1687720 526
1687730 530
1687740 535
1687750 539
1687760 543
1687770 548
1687780 552
1687790 556
1687800 561
1687810 565
1687820 569
1687830 574
1687840 579
1687850 583
1687860 588
1687870 592
1687880 597
1687890 602
1687900 607
1687910 612
1687920 617
1687930 621
1687940 623
1687950 620
1687960 617
1687970 613
1687980 609
1687990 606
1688000 603
1688010 600
1688020 596
1688030 591
1688040 586
1688050 580
1688060 575
1688070 570
1688080 566
1688090 561
1688100 557
1688110 554
1688120 550
1688130 547
1688140 544
1688150 542
1688160 537
1688170 533
1688180 530
1688190 528
1688200 527
1688210 525
1688220 524
1688230 522
1688240 521
1688250 519
1688260 516
1688270 513
1688280 510
1688290 507
1688300 505
1688310 505
1688320 506
1688330 510
1688340 514
1688350 519
1688360 523
1688370 528
1688380 532
1688390 536
1688400 539
1688410 543
1688420 546
1688430 549
1688440 552
1688450 554
1688460 557
1688470 560
1688480 562
1688490 565
1688500 567
1688510 569
1688520 571
1688530 572
1688540 573
1688550 573
1688560 574
1688570 574
1688580 573
1688590 575
1688600 576
1688610 578
1688620 580
1688630 583
1688640 586
1688650 590
1688660 594
1688670 599
1688680 603
1688690 608
1688700 613
1688710 619
1688720 624
1688730 630
1688740 636
1688750 642
1688760 647
1688770 653
1688780 658
1688790 663
1688800 670
1688810 676
1688820 682
1688830 687
1688840 691
1688850 693
1688860 694
1688870 693
1688880 691
1688890 691
1688900 692
1688910 693
1688920 695
1688930 696
1688940 698
1688950 699
1688960 701
1688970 703
1688980 704
1688990 706
1689000 707
1689010 709
1689020 710
1689030 712
1689040 713
1689050 715
1689060 716
1689070 717
1689080 718
1689090 719
1689100 720
1689110 721
1689120 723
1689130 725
1689140 726
1689150 728
1689160 729
1689170 731
1689180 732
1689190 734
1689200 736
1689210 738
1689220 739
1689230 741
1689240 743
1689250 744
1689260 746
1689270 748
1689280 750
1689290 752
1689300 754
1689310 756
1689320 759
1689330 761
1689340 764
1689350 767
1689360 769
1689370 770
1689380 772
1689390 774
1689400 776
1689410 778
1689420 779
1689430 781
1689440 782
1689450 783
1689460 783
1689470 784
1689480 786
1689490 788
1689500 791
1689510 793
1689520 796
1689530 799
1689540 801
1689550 805
1689560 808
1689570 811
1689580 814
1689590 817
1689600 820
1689610 823
1689620 826
1689630 830
1689640 832
1689650 835
1689660 838
1689670 840
1689680 842
1689690 844
1689700 845
1689710 844
1689720 843
1689730 841
1689740 839
1689750 836
1689760 833
1689770 830
1689780 826
1689790 823
1689800 819
1689810 816
1689820 811
1689830 807
1689840 803
1689850 798
1689860 794
1689870 790
1689880 786
1689890 782
1689900 779
1689910 775
1689920 772
1689930 768
1689940 765
1689950 763
1689960 761
1689970 758
1689980 756
1689990 755
1690000 754
1690010 755
1690020 757
1690030 758
1690040 758
1690050 758
1690060 757
1690070 756
1690080 754
1690090 753
1690100 754
1690110 755
1690120 757
1690130 757
1690140 757
1690150 756
1690160 754
1690170 754
1690180 754
1690190 756
1690200 758
1690210 760
1690220 761
1690230 762
1690240 762
1690250 761
1690260 759
1690270 757
1690280 754
1690290 754
1690300 753
1690310 752
1690320 752
1690330 752
1690340 755
1690350 758
1690360 761
1690370 765
1690380 768
1690390 771
1690400 774
1690410 776
1690420 778
1690430 779
1690440 779
1690450 779
1690460 777
1690470 774
1690480 771
1690490 769
1690500 769
1690510 771
1690520 773
1690530 776
1690540 779
1690550 782
1690560 785
1690570 788
1690580 790
1690590 791
1690600 792
1690610 793
1690620 793
1690630 792
1690640 791
1690650 788
1690660 785
1690670 781
1690680 780
1690690 780
1690700 781
1690710 782
1690720 783
1690730 783
1690740 782
1690750 780
1690760 778
1690770 775
1690780 772
1690790 769
1690800 768
1690810 768
1690820 768
1690830 771
1690840 774
1690850 777
1690860 779
1690870 781
1690880 781
1690890 779
1690900 775
1690910 771
1690920 767
1690930 762
1690940 758
1690950 754
1690960 750
1690970 747
1690980 742
1690990 738
1691000 735
1691010 734
1691020 736
1691030 738
1691040 740
1691050 742
1691060 743
1691070 744
1691080 745
1691090 747
1691100 749
1691110 752
1691120 755
1691130 758
1691140 760
1691150 763
1691160 765
1691170 768
1691180 771
1691190 773
1691200 774
1691210 774
1691220 773
1691230 770
1691240 768
1691250 767
1691260 766
1691270 765
1691280 765
1691290 766
1691300 768
1691310 770
1691320 773
1691330 776
1691340 780
1691350 784
1691360 787
1691370 790
1691380 794
1691390 796
1691400 799
1691410 801
1691420 803
1691430 804
1691440 805
1691450 805
1691460 804
1691470 802
1691480 802
1691490 802
1691500 803
1691510 806
1691520 808
1691530 812
1691540 815
1691550 818
1691560 822
1691570 825
1691580 828
1691590 831
1691600 834
1691610 836
1691620 839
1691630 842
1691640 845
1691650 847
1691660 850
1691670 852
1691680 855
1691690 857
1691700 860
1691710 862
1691720 865
1691730 867
1691740 869
1691750 871
1691760 874
1691770 877
1691780 880
1691790 883
1691800 886
1691810 889
1691820 892
1691830 896
1691840 899
1691850 902
1691860 905
1691870 908
1691880 911
1691890 915
1691900 918
1691910 921
1691920 923
1691930 926
1691940 929
1691950 931
1691960 933
1691970 936
1691980 938
1691990 940
1692000 942
1692010 943
1692020 945
1692030 946
1692040 947
1692050 948
1692060 949
1692070 950
1692080 951
1692090 953
1692100 955
1692110 957
1692120 958
1692130 960
1692140 961
1692150 963
1692160 965
1692170 967
1692180 970
1692190 972
1692200 974
1692210 976
1692220 977
1692230 977
1692240 977
1692250 978
1692260 978
1692270 979
1692280 979
1692290 979
1692300 980
1692310 980
1692320 980
1692330 980
1692340 981
1692350 981
1692360 980
1692370 980
1692380 980
1692390 980
1692400 980
1692410 980
1692420 980
1692430 981
1692440 981
1692450 981
1692460 982
1692470 982
1692480 982
1692490 982
1692500 982
1692510 982
1692520 982
1692530 982
1692540 981
1692550 981
1692560 981
1692570 981
1692580 981
1692590 981
1692600 981
1692610 981
1692620 982
1692630 982
1692640 983
1692650 983
1692660 984
1692670 984
1692680 985
1692690 986
1692700 987
1692710 988
1692720 988
1692730 989
1692740 989
1692750 990
1692760 991
1692770 993
1692780 993
1692790 994
1692800 994
1692810 995
1692820 995
1692830 996
1692840 997
1692850 997
1692860 998
1692870 998
1692880 998
1692890 999
1692900 999
1692910 1000
1692920 1000
1692930 1000
1692940 1000
1692950 1000
1692960 1000
1692970 1000
1692980 1000
1692990 1001
1693000 1000
1693010 1000
1693020 998
1693030 996
1693040 993
1693050 992
1693060 991
1693070 990
1693080 990
1693090 991
1693100 991
1693110 992
1693120 994
1693130 995
1693140 996
1693150 997
1693160 998
1693170 999
1693180 1000
1693190 1001
1693200 1002
1693210 1003
1693220 1004
1693230 1005
1693240 1006
1693250 1007
1693260 1008
1693270 1010
1693280 1011
1693290 1012
1693300 1014
1693310 1015
1693320 1017
1693330 1019
1693340 1022
1693350 1024
1693360 1026
1693370 1028
1693380 1029
1693390 1029
1693400 1030
1693410 1030
1693420 1031
1693430 1031
1693440 1031
1693450 1032
1693460 1032
1693470 1033
1693480 1035
1693490 1036
1693500 1038
1693510 1039
1693520 1041
1693530 1042
1693540 1044
1693550 1045
1693560 1046
1693570 1048
1693580 1050
1693590 1052
1693600 1054
1693610 1055
1693620 1054
1693630 1054
1693640 1054
1693650 1054
1693660 1053
1693670 1053
1693680 1053
1693690 1052
1693700 1052
1693710 1051
1693720 1051
1693730 1051
1693740 1050
1693750 1049
1693760 1049
1693770 1048
1693780 1048
1693790 1048
1693800 1047
1693810 1047
1693820 1047
1693830 1047
1693840 1047
1693850 1047
1693860 1046
1693870 1045
1693880 1042
1693890 1039
1693900 1037
1693910 1037
1693920 1037
1693930 1038
1693940 1040
1693950 1042
1693960 1044
1693970 1046
1693980 1048
1693990 1049
1694000 1049
1694010 1050
1694020 1052
1694030 1054
1694040 1055
1694050 1056
1694060 1058
1694070 1059
1694080 1060
1694090 1062
1694100 1063
1694110 1065
1694120 1066
1694130 1067
1694140 1069
1694150 1070
1694160 1071
1694170 1073
1694180 1074
1694190 1075
1694200 1076
1694210 1076
1694220 1077
1694230 1077
1694240 1077
1694250 1077
1694260 1077
1694270 1077
1694280 1076
1694290 1076
1694300 1076
1694310 1075
1694320 1075
1694330 1075
1694340 1074
1694350 1074
1694360 1073
1694370 1072
1694380 1071
1694390 1070
1694400 1069
1694410 1067
1694420 1065
1694430 1064
1694440 1063
1694450 1062
1694460 1061
1694470 1059
1694480 1058
1694490 1057
1694500 1057
1694510 1057
1694520 1057
1694530 1056
1694540 1055
1694550 1053
1694560 1051
1694570 1051
1694580 1051
1694590 1052
1694600 1052
1694610 1052
1694620 1052
1694630 1052
1694640 1052
1694650 1052
1694660 1052
1694670 1052
1694680 1052
1694690 1052
1694700 1052
1694710 1052
1694720 1052
1694730 1052
1694740 1052
1694750 1052
1694760 1052
1694770 1052
1694780 1052
1694790 1052
1694800 1052
1694810 1051
1694820 1049
1694830 1044
1694840 1038
1694850 1032
1694860 1026
1694870 1019
1694880 1013
1694890 1007
1694900 1001
1694910 995
1694920 990
1694930 985
1694940 980
1694950 976
1694960 971
1694970 967
1694980 963
1694990 959
1695000 955
1695010 951
1695020 948
1695030 944
1695040 941
1695050 938
1695060 935
1695070 933
1695080 931
1695090 930
1695100 929
1695110 929
1695120 928
1695130 927
1695140 926
1695150 926
1695160 926
1695170 926
1695180 926
1695190 926
1695200 926
1695210 924
1695220 923
1695230 921
1695240 919
1695250 918
1695260 917
1695270 916
1695280 914
1695290 911
1695300 907
1695310 904
1695320 900
1695330 897
1695340 894
1695350 891
1695360 889
1695370 888
1695380 886
1695390 885
1695400 883
1695410 882
1695420 881
1695430 880
1695440 879
1695450 878
1695460 877
1695470 876
1695480 874
1695490 873
1695500 872
1695510 871
1695520 871
1695530 870
1695540 869
1695550 868
1695560 866
1695570 864
1695580 862
1695590 859
1695600 857
1695610 854
1695620 851
1695630 849
1695640 846
1695650 843
1695660 841
1695670 839
1695680 837
1695690 834
1695700 832
1695710 831
1695720 830
1695730 829
1695740 828
1695750 827
1695760 825
1695770 823
1695780 821
1695790 819
1695800 817
1695810 817
1695820 817
1695830 818
1695840 818
1695850 818
1695860 818
1695870 817
1695880 817
1695890 816
1695900 816
1695910 815
1695920 814
1695930 813
1695940 811
1695950 809
1695960 806
1695970 805
1695980 805
1695990 805
1696000 807
1696010 809
1696020 810
1696030 812
1696040 813
1696050 814
1696060 815
1696070 816
1696080 817
1696090 818
1696100 819
1696110 820
1696120 822
1696130 824
1696140 826
1696150 828
1696160 830
1696170 832
1696180 834
1696190 836
1696200 838
1696210 839
1696220 840
1696230 840
1696240 840
1696250 839
1696260 839
1696270 839
1696280 840
1696290 840
1696300 840
1696310 839
1696320 838
1696330 837
1696340 837
1696350 837
1696360 838
1696370 839
1696380 840
1696390 841
1696400 842
1696410 844
1696420 846
1696430 848
1696440 851
1696450 855
1696460 859
1696470 862
1696480 866
1696490 869
1696500 872
1696510 875
1696520 878
1696530 881
1696540 884
1696550 887
1696560 890
1696570 893
1696580 896
1696590 899
1696600 901
1696610 903
1696620 905
1696630 906
1696640 905
1696650 904
1696660 902
1696670 899
1696680 897
1696690 895
1696700 892
1696710 890
1696720 888
1696730 886
1696740 884
1696750 882
1696760 880
1696770 878
1696780 876
1696790 875
1696800 873
1696810 872
1696820 872
1696830 871
1696840 870
1696850 869
1696860 868
1696870 867
1696880 866
1696890 864
1696900 863
1696910 861
1696920 860
1696930 858
1696940 856
1696950 854
1696960 852
1696970 849
1696980 847
1696990 845
1697000 842
1697010 840
1697020 838
1697030 836
1697040 833
1697050 831
1697060 829
1697070 827
1697080 825
1697090 822
1697100 819
1697110 817
1697120 814
1697130 811
1697140 808
1697150 804
1697160 800
1697170 795
1697180 790
1697190 785
1697200 780
1697210 775
1697220 770
1697230 765
1697240 761
1697250 758
1697260 757
1697270 758
1697280 759
1697290 761
1697300 761
1697310 760
1697320 761
1697330 762
1697340 763
1697350 765
1697360 766
1697370 767
1697380 768
1697390 768
1697400 769
1697410 769
1697420 770
1697430 770
1697440 771
1697450 772
1697460 772
1697470 773
1697480 773
1697490 774
1697500 774
1697510 774
1697520 775
1697530 775
1697540 775
1697550 776
1697560 776
1697570 776
1697580 776
1697590 777
1697600 777
1697610 777
1697620 778
1697630 778
1697640 778
1697650 778
1697660 778
1697670 777
1697680 777
1697690 777
1697700 777
1697710 775
1697720 773
1697730 770
1697740 765
1697750 760
1697760 756
1697770 752
1697780 749
1697790 749
1697800 751
1697810 753
1697820 755
1697830 758
1697840 759
1697850 760
1697860 760
1697870 760
1697880 758
1697890 757
1697900 755
1697910 753
1697920 751
1697930 748
1697940 744
1697950 739
1697960 734
1697970 730
1697980 726
1697990 722
1698000 718
1698010 714
1698020 710
1698030 706
1698040 701
1698050 697
1698060 692
1698070 688
1698080 684
1698090 681
1698100 678
1698110 676
1698120 676
1698130 677
1698140 680
1698150 683
1698160 687
1698170 690
1698180 693
1698190 696
1698200 700
1698210 704
1698220 708
1698230 712
1698240 717
1698250 721
1698260 725
1698270 729
1698280 732
1698290 735
1698300 737
1698310 740
1698320 743
1698330 745
1698340 747
1698350 749
1698360 751
1698370 754
1698380 757
1698390 760
1698400 764
1698410 767
1698420 771
1698430 774
1698440 778
1698450 781
1698460 785
1698470 788
1698480 790
1698490 787
1698500 784
1698510 779
1698520 776
1698530 774
1698540 772
1698550 771
1698560 770
1698570 769
1698580 770
1698590 770
1698600 772
1698610 774
1698620 776
1698630 778
1698640 780
1698650 782
1698660 784
1698670 785
1698680 786
1698690 788
1698700 789
1698710 790
1698720 791
1698730 792
1698740 793
1698750 795
1698760 796
1698770 797
1698780 798
1698790 799
1698800 800
1698810 801
1698820 803
1698830 804
1698840 805
1698850 806
1698860 806
1698870 806
1698880 805
1698890 804
1698900 803
1698910 801
1698920 799
1698930 797
1698940 795
1698950 794
1698960 794
1698970 794
1698980 795
1698990 795
1699000 795
1699010 796
1699020 796
1699030 797
1699040 798
1699050 799
1699060 800
1699070 802
1699080 803
1699090 804
1699100 804
1699110 802
1699120 799
1699130 795
1699140 791
1699150 786
1699160 782
1699170 778
1699180 774
1699190 770
1699200 767
1699210 763
1699220 761
1699230 759
1699240 759
1699250 759
1699260 759
1699270 759
1699280 760
1699290 761
1699300 762
1699310 763
1699320 764
1699330 764
1699340 765
1699350 765
1699360 764
1699370 764
1699380 762
1699390 761
1699400 759
1699410 756
1699420 753
1699430 749
1699440 745
1699450 741
1699460 737
1699470 732
1699480 728
1699490 724
1699500 721
1699510 718
1699520 717
1699530 716
1699540 716
1699550 716
1699560 717
1699570 719
1699580 721
1699590 723
1699600 725
1699610 728
1699620 731
1699630 735
1699640 738
1699650 741
1699660 744
1699670 747
1699680 749
1699690 752
1699700 754
1699710 755
1699720 756
1699730 757
1699740 755
1699750 752
1699760 747
1699770 742
1699780 738
1699790 734
1699800 733
1699810 734
1699820 736
1699830 738
1699840 740
1699850 742
1699860 745
1699870 748
1699880 750
1699890 753
1699900 756
1699910 758
1699920 761
1699930 762
1699940 764
1699950 766
1699960 767
1699970 768
1699980 769
1699990 770
