1680000 623
1680010 621
1680020 618
1680030 614
1680040 612
1680050 609
1680060 607
1680070 604
1680080 602
1680090 599
1680100 595
1680110 591
1680120 587
1680130 583
1680140 579
1680150 574
1680160 570
1680170 565
1680180 560
1680190 556
1680200 551
1680210 547
1680220 543
1680230 539
1680240 535
1680250 531
1680260 528
1680270 524
1680280 520
1680290 517
1680300 513
1680310 509
1680320 505
1680330 501
1680340 497
1680350 493
1680360 489
1680370 485
1680380 482
1680390 478
1680400 474
1680410 469
1680420 464
1680430 460
1680440 455
1680450 451
1680460 447
1680470 443
1680480 439
1680490 436
1680500 433
1680510 430
1680520 428
1680530 425
1680540 422
1680550 420
1680560 418
1680570 417
1680580 416
1680590 414
1680600 411
1680610 411
1680620 411
1680630 411
1680640 410
1680650 409
1680660 409
1680670 410
1680680 410
1680690 411
1680700 411
1680710 411
1680720 411
1680730 411
1680740 411
1680750 411
1680760 411
1680770 411
1680780 411
1680790 411
1680800 411
1680810 411
1680820 411
1680830 412
1680840 413
1680850 416
1680860 420
1680870 424
1680880 427
1680890 429
1680900 430
1680910 432
1680920 433
1680930 435
1680940 437
1680950 438
1680960 440
1680970 442
1680980 444
1680990 446
1681000 448
1681010 450
1681020 452
1681030 454
1681040 457
1681050 459
1681060 461
1681070 463
1681080 465
1681090 467
1681100 468
1681110 469
1681120 469
1681130 470
1681140 471
1681150 472
1681160 474
1681170 476
1681180 478
1681190 480
1681200 482
1681210 485
1681220 487
1681230 489
1681240 492
1681250 494
1681260 497
1681270 499
1681280 501
1681290 503
1681300 505
1681310 508
1681320 509
1681330 511
1681340 512
1681350 514
1681360 516
1681370 519
1681380 522
1681390 524
1681400 526
1681410 528
1681420 530
1681430 532
1681440 533
1681450 534
1681460 535
1681470 535
1681480 536
1681490 536
1681500 536
1681510 536
1681520 536
1681530 537
1681540 538
1681550 539
1681560 541
1681570 543
1681580 544
1681590 545
1681600 547
1681610 549
1681620 552
1681630 555
1681640 558
1681650 561
1681660 564
1681670 566
1681680 569
1681690 572
1681700 576
1681710 580
1681720 583
1681730 587
1681740 591
1681750 595
1681760 599
1681770 604
1681780 609
1681790 614
1681800 618
1681810 623
1681820 627
1681830 631
1681840 635
1681850 638
1681860 642
1681870 644
1681880 646
1681890 647
1681900 647
1681910 647
1681920 645
1681930 642
1681940 639
1681950 634
1681960 630
1681970 626
1681980 622
1681990 618
1682000 614
1682010 610
1682020 606
1682030 602
1682040 598
1682050 594
1682060 591
1682070 588
1682080 585
1682090 583
1682100 580
1682110 578
1682120 576
1682130 575
1682140 574
1682150 573
1682160 572
1682170 571
1682180 572
1682190 572
1682200 572
1682210 571
1682220 570
1682230 568
1682240 566
1682250 565
1682260 562
1682270 560
1682280 557
1682290 555
1682300 553
1682310 552
1682320 551
1682330 548
1682340 545
1682350 542
1682360 539
1682370 537
1682380 534
1682390 531
1682400 527
1682410 523
1682420 519
1682430 516
1682440 513
1682450 511
1682460 509
1682470 508
1682480 507
1682490 505
1682500 504
1682510 502
1682520 501
1682530 501
1682540 501
1682550 502
1682560 502
1682570 503
1682580 503
1682590 503
1682600 504
1682610 503
1682620 503
1682630 503
1682640 503
1682650 502
1682660 501
1682670 500
1682680 499
1682690 498
1682700 498
1682710 497
1682720 497
1682730 496
1682740 494
1682750 493
1682760 491
1682770 489
1682780 486
1682790 483
1682800 482
1682810 480
1682820 479
1682830 477
1682840 474
1682850 471
1682860 470
1682870 470
1682880 470
1682890 470
1682900 470
1682910 469
1682920 470
1682930 470
1682940 470
1682950 470
1682960 470
1682970 469
1682980 469
1682990 469
1683000 468
1683010 467
1683020 466
1683030 465
1683040 464
1683050 463
1683060 462
1683070 460
1683080 458
1683090 456
1683100 452
1683110 449
1683120 447
1683130 446
1683140 445
1683150 443
1683160 442
1683170 440
1683180 438
1683190 436
1683200 433
1683210 431
1683220 429
1683230 426
1683240 423
1683250 420
1683260 417
1683270 414
1683280 410
1683290 407
1683300 404
1683310 401
1683320 399
1683330 397
1683340 395
1683350 393
1683360 391
1683370 389
1683380 388
1683390 387
1683400 387
1683410 387
1683420 387
1683430 386
1683440 386
1683450 385
1683460 385
1683470 384
1683480 382
1683490 382
1683500 378
1683510 375
1683520 374
1683530 376
1683540 379
1683550 381
1683560 381
1683570 381
1683580 381
1683590 381
1683600 381
1683610 381
1683620 381
1683630 381
1683640 381
1683650 381
1683660 381
1683670 382
1683680 383
1683690 383
1683700 384
1683710 384
1683720 384
1683730 384
1683740 385
1683750 385
1683760 385
1683770 385
1683780 385
1683790 385
1683800 386
1683810 386
1683820 387
1683830 388
1683840 389
1683850 390
1683860 391
1683870 394
1683880 397
1683890 401
1683900 405
1683910 410
1683920 414
1683930 418
1683940 422
1683950 426
1683960 431
1683970 435
1683980 439
1683990 442
1684000 446
1684010 449
1684020 452
1684030 455
1684040 459
1684050 462
1684060 466
1684070 470
1684080 473
1684090 475
1684100 477
1684110 481
1684120 487
1684130 491
1684140 494
1684150 498
1684160 501
1684170 504
1684180 507
1684190 510
1684200 512
1684210 515
1684220 518
1684230 520
1684240 522
1684250 524
1684260 526
1684270 527
1684280 529
1684290 531
1684300 533
1684310 534
1684320 536
1684330 538
1684340 540
1684350 542
1684360 544
1684370 545
1684380 546
1684390 547
1684400 548
1684410 549
1684420 551
1684430 552
1684440 554
1684450 555
1684460 557
1684470 560
1684480 562
1684490 564
1684500 567
1684510 569
1684520 571
1684530 574
1684540 577
1684550 579
1684560 583
1684570 587
1684580 591
1684590 594
1684600 598
1684610 601
1684620 604
1684630 607
1684640 609
1684650 611
1684660 612
1684670 613
1684680 612
1684690 611
1684700 611
1684710 611
1684720 612
1684730 612
1684740 615
1684750 617
1684760 618
1684770 619
1684780 621
1684790 623
1684800 626
1684810 629
1684820 632
1684830 635
1684840 638
1684850 641
1684860 645
1684870 649
1684880 652
1684890 655
1684900 655
1684910 653
1684920 653
1684930 652
1684940 652
1684950 653
1684960 654
1684970 655
1684980 656
1684990 657
1685000 656
1685010 656
1685020 656
1685030 657
1685040 657
1685050 658
1685060 659
1685070 661
1685080 663
1685090 666
1685100 670
1685110 673
1685120 677
1685130 680
1685140 683
1685150 687
1685160 690
1685170 694
1685180 698
1685190 702
1685200 705
1685210 709
1685220 712
1685230 714
1685240 716
1685250 717
1685260 717
1685270 716
1685280 713
1685290 710
1685300 708
1685310 707
1685320 706
1685330 705
1685340 704
1685350 704
1685360 705
1685370 705
1685380 706
1685390 706
1685400 704
1685410 699
1685420 694
1685430 689
1685440 685
1685450 682
1685460 680
1685470 678
1685480 677
1685490 675
1685500 675
1685510 674
1685520 675
1685530 675
1685540 675
1685550 675
1685560 675
1685570 675
1685580 675
1685590 676
1685600 676
1685610 676
1685620 675
1685630 675
1685640 675
1685650 675
1685660 675
1685670 675
1685680 675
1685690 675
1685700 676
1685710 677
1685720 678
1685730 678
1685740 678
1685750 679
1685760 679
1685770 678
1685780 677
1685790 676
1685800 677
1685810 678
1685820 679
1685830 680
1685840 680
1685850 680
1685860 681
1685870 684
1685880 686
1685890 689
1685900 693
1685910 696
1685920 699
1685930 702
1685940 705
1685950 709
1685960 712
1685970 715
1685980 719
1685990 721
1686000 724
1686010 727
1686020 731
1686030 734
1686040 738
1686050 742
1686060 746
1686070 750
1686080 754
1686090 757
1686100 761
1686110 765
1686120 768
1686130 771
1686140 774
1686150 776
1686160 777
1686170 778
1686180 779
1686190 781
1686200 782
1686210 783
1686220 784
1686230 785
1686240 786
1686250 786
1686260 787
1686270 787
1686280 787
1686290 788
1686300 790
1686310 792
1686320 795
1686330 797
1686340 800
1686350 803
1686360 806
1686370 809
1686380 812
1686390 815
1686400 817
1686410 820
1686420 821
1686430 822
1686440 821
1686450 820
1686460 818
1686470 816
1686480 815
1686490 813
1686500 811
1686510 809
1686520 807
1686530 806
1686540 804
1686550 803
1686560 802
1686570 800
1686580 799
1686590 797
1686600 795
1686610 793
1686620 791
1686630 789
1686640 787
1686650 785
1686660 783
1686670 781
1686680 779
1686690 777
1686700 775
1686710 773
1686720 770
1686730 767
1686740 764
1686750 761
1686760 758
1686770 756
1686780 754
1686790 751
1686800 748
1686810 745
1686820 742
1686830 739
1686840 736
1686850 733
1686860 730
1686870 727
1686880 725
1686890 722
1686900 720
1686910 716
1686920 713
1686930 710
1686940 707
1686950 705
1686960 702
1686970 700
1686980 699
1686990 696
1687000 692
1687010 688
1687020 683
1687030 678
1687040 673
1687050 668
1687060 663
1687070 658
1687080 654
1687090 649
1687100 646
1687110 643
1687120 641
1687130 640
1687140 638
1687150 636
1687160 634
1687170 632
1687180 630
1687190 628
1687200 626
1687210 625
1687220 624
1687230 622
1687240 621
1687250 621
1687260 621
1687270 621
1687280 622
1687290 622
1687300 622
1687310 623
1687320 622
1687330 622
1687340 621
1687350 623
1687360 625
1687370 626
1687380 626
1687390 626
1687400 626
1687410 625
1687420 625
1687430 625
1687440 625
1687450 625
1687460 625
1687470 624
1687480 624
1687490 623
1687500 622
1687510 622
1687520 622
1687530 621
1687540 620
1687550 620
1687560 621
1687570 624
1687580 627
1687590 627
1687600 628
1687610 628
1687620 629
1687630 630
1687640 630
1687650 630
1687660 631
1687670 631
1687680 631
1687690 631
1687700 631
1687710 631
1687720 630
1687730 628
1687740 626
1687750 624
1687760 623
1687770 624
1687780 626
1687790 628
1687800 631
1687810 633
1687820 635
1687830 636
1687840 638
1687850 639
1687860 641
1687870 642
1687880 642
1687890 642
1687900 642
1687910 642
1687920 642
1687930 642
1687940 643
1687950 643
1687960 643
1687970 643
1687980 642
1687990 640
1688000 637
1688010 633
1688020 629
1688030 625
1688040 622
1688050 620
1688060 620
1688070 623
1688080 626
1688090 630
1688100 633
1688110 636
1688120 639
1688130 642
1688140 645
1688150 649
1688160 652
1688170 654
1688180 657
1688190 659
1688200 661
1688210 663
1688220 666
1688230 667
1688240 669
1688250 670
1688260 671
1688270 671
1688280 672
1688290 672
1688300 671
1688310 671
1688320 671
1688330 671
1688340 670
1688350 669
1688360 668
1688370 667
1688380 665
1688390 664
1688400 662
1688410 661
1688420 662
1688430 664
1688440 665
1688450 665
1688460 665
1688470 664
1688480 665
1688490 665
1688500 665
1688510 666
1688520 666
1688530 665
1688540 663
1688550 662
1688560 661
1688570 661
1688580 661
1688590 664
1688600 668
1688610 672
1688620 676
1688630 679
1688640 683
1688650 686
1688660 687
1688670 688
1688680 689
1688690 690
1688700 691
1688710 692
1688720 692
1688730 692
1688740 693
1688750 693
1688760 693
1688770 693
1688780 694
1688790 694
1688800 695
1688810 697
1688820 698
1688830 700
1688840 701
1688850 703
1688860 704
1688870 705
1688880 705
1688890 705
1688900 705
1688910 704
1688920 703
1688930 702
1688940 700
1688950 699
1688960 696
1688970 692
1688980 688
1688990 685
1689000 680
1689010 675
1689020 670
1689030 665
1689040 661
1689050 657
1689060 652
1689070 648
1689080 644
1689090 640
1689100 636
1689110 632
1689120 628
1689130 624
1689140 621
1689150 619
1689160 617
1689170 615
1689180 613
1689190 610
1689200 608
1689210 605
1689220 601
1689230 598
1689240 595
1689250 593
1689260 589
1689270 590
1689280 593
1689290 598
1689300 602
1689310 606
1689320 610
1689330 614
1689340 618
1689350 622
1689360 626
1689370 630
1689380 634
1689390 638
1689400 642
1689410 645
1689420 648
1689430 651
1689440 655
1689450 658
1689460 661
1689470 664
1689480 667
1689490 671
1689500 675
1689510 678
1689520 682
1689530 686
1689540 690
1689550 694
1689560 699
1689570 704
1689580 708
1689590 712
1689600 715
1689610 719
1689620 723
1689630 727
1689640 731
1689650 735
1689660 738
1689670 742
1689680 745
1689690 748
1689700 752
1689710 754
1689720 757
1689730 760
1689740 763
1689750 766
1689760 769
1689770 772
1689780 776
1689790 779
1689800 783
1689810 787
1689820 790
1689830 794
1689840 798
1689850 802
1689860 806
1689870 810
1689880 814
1689890 819
1689900 823
1689910 827
1689920 831
1689930 835
1689940 838
1689950 842
1689960 846
1689970 849
1689980 852
1689990 854
1690000 856
1690010 858
1690020 860
1690030 861
1690040 863
1690050 864
1690060 865
1690070 865
1690080 866
1690090 867
1690100 867
1690110 867
1690120 866
1690130 864
1690140 860
1690150 856
1690160 852
1690170 847
1690180 843
1690190 838
1690200 834
1690210 830
1690220 825
1690230 821
1690240 817
1690250 814
1690260 811
1690270 808
1690280 805
1690290 802
1690300 799
1690310 795
1690320 792
1690330 789
1690340 786
1690350 783
1690360 780
1690370 777
1690380 775
1690390 772
1690400 770
1690410 768
1690420 766
1690430 764
1690440 762
1690450 760
1690460 757
1690470 754
1690480 753
1690490 752
1690500 753
1690510 751
1690520 749
1690530 747
1690540 744
1690550 741
1690560 739
1690570 736
1690580 733
1690590 732
1690600 731
1690610 730
1690620 729
1690630 730
1690640 730
1690650 729
1690660 728
1690670 726
1690680 725
1690690 723
1690700 721
1690710 719
1690720 716
1690730 714
1690740 713
1690750 710
1690760 707
1690770 704
1690780 699
1690790 694
1690800 689
1690810 683
1690820 677
1690830 672
1690840 668
1690850 663
1690860 658
1690870 653
1690880 649
1690890 644
1690900 640
1690910 637
1690920 633
1690930 630
1690940 626
1690950 622
1690960 618
1690970 615
1690980 613
1690990 611
1691000 609
1691010 606
1691020 602
1691030 597
1691040 592
1691050 586
1691060 581
1691070 576
1691080 571
1691090 567
1691100 562
1691110 557
1691120 552
1691130 547
1691140 542
1691150 538
1691160 533
1691170 528
1691180 524
1691190 521
1691200 520
1691210 522
1691220 525
1691230 530
1691240 535
1691250 540
1691260 544
1691270 546
1691280 549
1691290 552
1691300 555
1691310 558
1691320 561
1691330 565
1691340 568
1691350 572
1691360 576
1691370 579
1691380 583
1691390 586
1691400 589
1691410 592
1691420 596
1691430 599
1691440 603
1691450 607
1691460 610
1691470 614
1691480 617
1691490 620
1691500 623
1691510 626
1691520 627
1691530 628
1691540 627
1691550 626
1691560 624
1691570 622
1691580 620
1691590 619
1691600 617
1691610 616
1691620 616
1691630 616
1691640 618
1691650 620
1691660 622
1691670 623
1691680 623
1691690 623
1691700 623
1691710 623
1691720 622
1691730 622
1691740 621
1691750 619
1691760 617
1691770 614
1691780 611
1691790 608
1691800 604
1691810 601
1691820 598
1691830 594
1691840 591
1691850 589
1691860 587
1691870 587
1691880 590
1691890 592
1691900 593
1691910 593
1691920 595
1691930 597
1691940 600
1691950 602
1691960 604
1691970 606
1691980 607
1691990 608
1692000 610
1692010 612
1692020 613
1692030 615
1692040 614
1692050 612
1692060 607
1692070 603
1692080 599
1692090 595
1692100 591
1692110 588
1692120 584
1692130 581
1692140 577
1692150 576
1692160 576
1692170 576
1692180 573
1692190 570
1692200 566
1692210 563
1692220 566
1692230 572
1692240 578
1692250 582
1692260 585
1692270 587
1692280 590
1692290 592
1692300 594
1692310 596
1692320 598
1692330 601
1692340 603
1692350 606
1692360 610
1692370 613
1692380 616
1692390 618
1692400 621
1692410 624
1692420 627
1692430 630
1692440 632
1692450 634
1692460 636
1692470 638
1692480 640
1692490 642
1692500 643
1692510 645
1692520 646
1692530 647
1692540 646
1692550 646
1692560 645
1692570 644
1692580 643
1692590 642
1692600 641
1692610 640
1692620 640
1692630 639
1692640 639
1692650 638
1692660 638
1692670 638
1692680 637
1692690 637
1692700 637
1692710 636
1692720 636
1692730 635
1692740 634
1692750 634
1692760 634
1692770 634
1692780 634
1692790 635
1692800 635
1692810 635
1692820 636
1692830 636
1692840 637
1692850 638
1692860 639
1692870 639
1692880 640
1692890 641
1692900 642
1692910 642
1692920 643
1692930 644
1692940 645
1692950 645
1692960 646
1692970 647
1692980 648
1692990 649
1693000 650
1693010 651
1693020 651
1693030 652
1693040 653
1693050 653
1693060 654
1693070 654
1693080 655
1693090 657
1693100 658
1693110 659
1693120 660
1693130 661
1693140 662
1693150 662
1693160 663
1693170 663
1693180 663
1693190 662
1693200 661
1693210 660
1693220 659
1693230 658
1693240 657
1693250 657
1693260 656
1693270 656
1693280 656
1693290 655
1693300 654
1693310 651
1693320 648
1693330 645
1693340 643
1693350 640
1693360 637
1693370 636
1693380 635
1693390 636
1693400 638
1693410 639
1693420 639
1693430 639
1693440 639
1693450 640
1693460 641
1693470 642
1693480 643
1693490 644
1693500 647
1693510 650
1693520 653
1693530 655
1693540 655
1693550 655
1693560 655
1693570 657
1693580 658
1693590 659
1693600 660
1693610 661
1693620 662
1693630 663
1693640 664
1693650 666
1693660 667
1693670 669
1693680 670
1693690 671
1693700 673
1693710 675
1693720 677
1693730 679
1693740 682
1693750 684
1693760 686
1693770 688
1693780 690
1693790 692
1693800 694
1693810 696
1693820 698
1693830 699
1693840 700
1693850 702
1693860 703
1693870 705
1693880 707
1693890 708
1693900 710
1693910 712
1693920 714
1693930 717
1693940 719
1693950 722
1693960 725
1693970 728
1693980 731
1693990 734
1694000 737
1694010 740
1694020 743
1694030 746
1694040 749
1694050 752
1694060 755
1694070 758
1694080 762
1694090 765
1694100 768
1694110 772
1694120 775
1694130 778
1694140 781
1694150 785
1694160 788
1694170 792
1694180 795
1694190 798
1694200 800
1694210 802
1694220 801
1694230 800
1694240 798
1694250 797
1694260 795
1694270 794
1694280 793
1694290 793
1694300 793
1694310 793
1694320 793
1694330 793
1694340 791
1694350 790
1694360 788
1694370 788
1694380 787
1694390 787
1694400 787
1694410 786
1694420 785
1694430 783
1694440 782
1694450 781
1694460 782
1694470 784
1694480 787
1694490 789
1694500 790
1694510 791
1694520 791
1694530 791
1694540 791
1694550 791
1694560 791
1694570 790
1694580 789
1694590 788
1694600 787
1694610 787
1694620 787
1694630 788
1694640 788
1694650 787
1694660 786
1694670 783
1694680 780
1694690 778
1694700 775
1694710 772
1694720 769
1694730 767
1694740 766
1694750 767
1694760 770
1694770 773
1694780 777
1694790 779
1694800 782
1694810 784
1694820 787
1694830 789
1694840 792
1694850 794
1694860 797
1694870 800
1694880 804
1694890 807
1694900 809
1694910 810
1694920 812
1694930 814
1694940 816
1694950 818
1694960 820
1694970 822
1694980 824
1694990 826
1695000 828
1695010 830
1695020 832
1695030 834
1695040 836
1695050 838
1695060 840
1695070 842
1695080 843
1695090 844
1695100 845
1695110 846
1695120 846
1695130 846
1695140 846
1695150 845
1695160 844
1695170 843
1695180 841
1695190 839
1695200 838
1695210 835
1695220 834
1695230 834
1695240 835
1695250 837
1695260 839
1695270 841
1695280 842
1695290 843
1695300 845
1695310 846
1695320 848
1695330 849
1695340 851
1695350 852
1695360 854
1695370 855
1695380 856
1695390 857
1695400 858
1695410 858
1695420 858
1695430 858
1695440 857
1695450 856
1695460 855
1695470 853
1695480 851
1695490 848
1695500 846
1695510 844
1695520 843
1695530 841
1695540 839
1695550 836
1695560 834
1695570 832
1695580 828
1695590 824
1695600 821
1695610 819
1695620 819
1695630 822
1695640 827
1695650 831
1695660 836
1695670 840
1695680 844
1695690 847
1695700 850
1695710 853
1695720 856
1695730 859
1695740 862
1695750 865
1695760 868
1695770 870
1695780 873
1695790 875
1695800 877
1695810 879
1695820 881
1695830 882
1695840 883
1695850 883
1695860 883
1695870 883
1695880 883
1695890 882
1695900 881
1695910 881
1695920 880
1695930 880
1695940 879
1695950 878
1695960 878
1695970 877
1695980 877
1695990 876
1696000 876
1696010 877
1696020 879
1696030 882
1696040 886
1696050 890
1696060 895
1696070 900
1696080 905
1696090 909
1696100 914
1696110 919
1696120 923
1696130 928
1696140 932
1696150 936
1696160 941
1696170 945
1696180 950
1696190 954
1696200 959
1696210 963
1696220 967
1696230 971
1696240 976
1696250 980
1696260 984
1696270 989
1696280 993
1696290 997
1696300 1001
1696310 1005
1696320 1009
1696330 1012
1696340 1016
1696350 1019
1696360 1021
1696370 1023
1696380 1024
1696390 1026
1696400 1027
1696410 1028
1696420 1030
1696430 1031
1696440 1033
1696450 1034
1696460 1035
1696470 1037
1696480 1038
1696490 1039
1696500 1040
1696510 1041
1696520 1042
1696530 1042
1696540 1042
1696550 1042
1696560 1041
1696570 1040
1696580 1039
1696590 1039
1696600 1038
1696610 1037
1696620 1036
1696630 1036
1696640 1036
1696650 1036
1696660 1036
1696670 1036
1696680 1036
1696690 1037
1696700 1037
1696710 1037
1696720 1038
1696730 1039
1696740 1040
1696750 1042
1696760 1043
1696770 1045
1696780 1046
1696790 1048
1696800 1049
1696810 1051
1696820 1052
1696830 1053
1696840 1054
1696850 1054
1696860 1055
1696870 1056
1696880 1057
1696890 1057
1696900 1057
1696910 1057
1696920 1056
1696930 1055
1696940 1054
1696950 1053
1696960 1053
1696970 1054
1696980 1054
1696990 1055
1697000 1056
1697010 1056
1697020 1055
1697030 1055
1697040 1055
1697050 1055
1697060 1054
1697070 1054
1697080 1054
1697090 1053
1697100 1053
1697110 1052
1697120 1051
1697130 1050
1697140 1050
1697150 1049
1697160 1049
1697170 1048
1697180 1047
1697190 1047
1697200 1047
1697210 1046
1697220 1046
1697230 1044
1697240 1043
1697250 1042
1697260 1041
1697270 1041
1697280 1040
1697290 1040
1697300 1039
1697310 1038
1697320 1037
1697330 1036
1697340 1035
1697350 1034
1697360 1034
1697370 1033
1697380 1033
1697390 1033
1697400 1033
1697410 1033
1697420 1034
1697430 1034
1697440 1034
1697450 1034
1697460 1034
1697470 1034
1697480 1035
1697490 1035
1697500 1035
1697510 1035
1697520 1035
1697530 1035
1697540 1035
1697550 1035
1697560 1035
1697570 1035
1697580 1034
1697590 1034
1697600 1034
1697610 1034
1697620 1034
1697630 1033
1697640 1033
1697650 1033
1697660 1033
1697670 1032
1697680 1032
1697690 1031
1697700 1031
1697710 1031
1697720 1030
1697730 1030
1697740 1029
1697750 1028
1697760 1027
1697770 1027
1697780 1026
1697790 1025
1697800 1024
1697810 1023
1697820 1023
1697830 1022
1697840 1022
1697850 1021
1697860 1021
1697870 1021
1697880 1020
1697890 1019
1697900 1019
1697910 1018
1697920 1018
1697930 1017
1697940 1016
1697950 1016
1697960 1015
1697970 1015
1697980 1014
1697990 1014
1698000 1014
1698010 1014
1698020 1014
1698030 1014
1698040 1014
1698050 1014
1698060 1014
1698070 1014
1698080 1015
1698090 1015
1698100 1015
1698110 1016
1698120 1017
1698130 1018
1698140 1019
1698150 1020
1698160 1021
1698170 1022
1698180 1024
1698190 1025
1698200 1026
1698210 1027
1698220 1027
1698230 1027
1698240 1027
1698250 1026
1698260 1025
1698270 1024
1698280 1023
1698290 1022
1698300 1021
1698310 1021
1698320 1020
1698330 1019
1698340 1018
1698350 1017
1698360 1016
1698370 1015
1698380 1014
1698390 1013
1698400 1013
1698410 1012
1698420 1012
1698430 1011
1698440 1011
1698450 1010
1698460 1008
1698470 1007
1698480 1005
1698490 1003
1698500 1001
1698510 999
1698520 998
1698530 996
1698540 994
1698550 992
1698560 991
1698570 989
1698580 987
1698590 985
1698600 983
1698610 981
1698620 979
1698630 976
1698640 974
1698650 971
1698660 969
1698670 967
1698680 967
1698690 968
1698700 969
1698710 969
1698720 969
1698730 969
1698740 969
1698750 969
1698760 968
1698770 968
1698780 968
1698790 968
1698800 968
1698810 968
1698820 968
1698830 968
1698840 968
1698850 968
1698860 968
1698870 968
1698880 968
1698890 968
1698900 968
1698910 968
1698920 968
1698930 967
1698940 966
1698950 965
1698960 963
1698970 962
1698980 961
1698990 959
1699000 957
1699010 956
1699020 955
1699030 953
1699040 952
1699050 951
1699060 950
1699070 949
1699080 948
1699090 947
1699100 946
1699110 945
1699120 944
1699130 943
1699140 941
1699150 940
1699160 938
1699170 937
1699180 935
1699190 934
1699200 931
1699210 929
1699220 926
1699230 922
1699240 919
1699250 917
1699260 914
1699270 912
1699280 909
1699290 907
1699300 904
1699310 902
1699320 899
1699330 896
1699340 893
1699350 889
1699360 885
1699370 881
1699380 877
1699390 873
1699400 870
1699410 865
1699420 862
1699430 858
1699440 856
1699450 853
1699460 851
1699470 849
1699480 848
1699490 847
1699500 845
1699510 844
1699520 843
1699530 843
1699540 844
1699550 846
1699560 848
1699570 851
1699580 853
1699590 856
1699600 858
1699610 860
1699620 861
1699630 861
1699640 860
1699650 858
1699660 854
1699670 851
1699680 847
1699690 843
1699700 841
1699710 841
1699720 842
1699730 844
1699740 846
1699750 848
1699760 850
1699770 853
1699780 855
1699790 856
1699800 859
1699810 861
1699820 862
1699830 864
1699840 865
1699850 866
1699860 867
1699870 867
1699880 867
1699890 867
1699900 867
1699910 867
1699920 867
1699930 866
1699940 864
1699950 862
1699960 860
1699970 858
1699980 858
1699990 857
