1680000 423
1680010 423
1680020 423
1680030 423
1680040 423
1680050 423
1680060 423
1680070 423
1680080 423
1680090 423
1680100 423
1680110 423
1680120 426
1680130 429
1680140 432
1680150 435
1680160 437
1680170 439
1680180 440
1680190 443
1680200 445
1680210 448
1680220 452
1680230 455
1680240 458
1680250 461
1680260 464
1680270 468
1680280 471
1680290 473
1680300 476
1680310 479
1680320 482
1680330 484
1680340 487
1680350 489
1680360 492
1680370 495
1680380 498
1680390 501
1680400 503
1680410 506
1680420 509
1680430 512
1680440 514
1680450 517
1680460 519
1680470 521
1680480 524
1680490 526
1680500 528
1680510 530
1680520 533
1680530 535
1680540 537
1680550 539
1680560 541
1680570 544
1680580 546
1680590 548
1680600 551
1680610 553
1680620 555
1680630 558
1680640 560
1680650 563
1680660 566
1680670 568
1680680 571
1680690 574
1680700 577
1680710 581
1680720 584
1680730 587
1680740 590
1680750 594
1680760 598
1680770 601
1680780 605
1680790 608
1680800 611
1680810 615
1680820 618
1680830 621
1680840 625
1680850 628
1680860 632
1680870 635
1680880 637
1680890 638
1680900 637
1680910 636
1680920 635
1680930 634
1680940 633
1680950 632
1680960 631
1680970 630
1680980 629
1680990 628
1681000 627
1681010 627
1681020 627
1681030 627
1681040 628
1681050 628
1681060 629
1681070 630
1681080 632
1681090 634
1681100 636
1681110 638
1681120 641
1681130 644
1681140 647
1681150 651
1681160 654
1681170 657
1681180 660
1681190 663
1681200 667
1681210 670
1681220 672
1681230 675
1681240 678
1681250 680
1681260 680
1681270 676
1681280 672
1681290 668
1681300 665
1681310 662
1681320 659
1681330 657
1681340 655
1681350 652
1681360 649
1681370 647
1681380 647
1681390 647
1681400 648
1681410 650
1681420 653
1681430 657
1681440 662
1681450 666
1681460 670
1681470 672
1681480 673
1681490 673
1681500 672
1681510 669
1681520 665
1681530 661
1681540 657
1681550 654
1681560 652
1681570 651
1681580 650
1681590 649
1681600 648
1681610 647
1681620 647
1681630 648
1681640 650
1681650 652
1681660 654
1681670 658
1681680 661
1681690 665
1681700 661
1681710 656
1681720 651
1681730 645
1681740 640
1681750 634
1681760 629
1681770 623
1681780 618
1681790 614
1681800 609
1681810 604
1681820 598
1681830 592
1681840 586
1681850 582
1681860 578
1681870 575
1681880 573
1681890 572
1681900 571
1681910 569
1681920 568
1681930 568
1681940 568
1681950 569
1681960 569
1681970 568
1681980 567
1681990 566
1682000 567
1682010 570
1682020 574
1682030 577
1682040 580
1682050 581
1682060 580
1682070 580
1682080 581
1682090 581
1682100 583
1682110 586
1682120 589
1682130 592
1682140 595
1682150 598
1682160 601
1682170 604
1682180 606
1682190 605
1682200 601
1682210 597
1682220 592
1682230 588
1682240 585
1682250 582
1682260 581
1682270 581
1682280 580
1682290 580
1682300 582
1682310 583
1682320 584
1682330 586
1682340 586
1682350 586
1682360 586
1682370 586
1682380 586
1682390 586
1682400 586
1682410 587
1682420 587
1682430 587
1682440 588
1682450 589
1682460 590
1682470 590
1682480 591
1682490 591
1682500 590
1682510 588
1682520 585
1682530 581
1682540 577
1682550 573
1682560 568
1682570 563
1682580 558
1682590 553
1682600 548
1682610 544
1682620 539
1682630 535
1682640 530
1682650 526
1682660 522
1682670 518
1682680 514
1682690 510
1682700 506
1682710 503
1682720 499
1682730 496
1682740 492
1682750 489
1682760 487
1682770 486
1682780 485
1682790 485
1682800 483
1682810 482
1682820 480
1682830 477
1682840 475
1682850 473
1682860 471
1682870 469
1682880 467
1682890 465
1682900 463
1682910 462
1682920 461
1682930 460
1682940 460
1682950 459
1682960 459
1682970 458
1682980 458
1682990 457
1683000 457
1683010 457
1683020 456
1683030 455
1683040 454
1683050 453
1683060 451
1683070 450
1683080 448
1683090 446
1683100 444
1683110 442
1683120 441
1683130 439
1683140 437
1683150 436
1683160 435
1683170 434
1683180 434
1683190 434
1683200 434
1683210 433
1683220 433
1683230 433
1683240 432
1683250 432
1683260 431
1683270 431
1683280 430
1683290 430
1683300 429
1683310 428
1683320 427
1683330 426
1683340 424
1683350 422
1683360 422
1683370 421
1683380 421
1683390 420
1683400 420
1683410 419
1683420 419
1683430 417
1683440 416
1683450 415
1683460 414
1683470 414
1683480 413
1683490 412
1683500 411
1683510 410
1683520 409
1683530 409
1683540 408
1683550 407
1683560 407
1683570 406
1683580 405
1683590 405
1683600 404
1683610 404
1683620 403
1683630 403
1683640 402
1683650 401
1683660 400
1683670 400
1683680 400
1683690 399
1683700 399
1683710 398
1683720 397
1683730 397
1683740 396
1683750 396
1683760 396
1683770 395
1683780 395
1683790 394
1683800 394
1683810 394
1683820 393
1683830 393
1683840 393
1683850 393
1683860 392
1683870 392
1683880 390
1683890 389
1683900 388
1683910 388
1683920 387
1683930 386
1683940 385
1683950 384
1683960 384
1683970 383
1683980 383
1683990 383
1684000 382
1684010 382
1684020 382
1684030 382
1684040 382
1684050 382
1684060 382
1684070 382
1684080 382
1684090 382
1684100 382
1684110 382
1684120 382
1684130 382
1684140 382
1684150 382
1684160 381
1684170 380
1684180 378
1684190 377
1684200 376
1684210 375
1684220 375
1684230 375
1684240 374
1684250 373
1684260 372
1684270 370
1684280 368
1684290 366
1684300 365
1684310 365
1684320 365
1684330 365
1684340 365
1684350 365
1684360 365
1684370 365
1684380 365
1684390 365
1684400 365
1684410 366
1684420 367
1684430 368
1684440 369
1684450 370
1684460 371
1684470 372
1684480 372
1684490 373
1684500 373
1684510 374
1684520 374
1684530 374
1684540 374
1684550 371
1684560 370
1684570 369
1684580 370
1684590 371
1684600 372
1684610 372
1684620 372
1684630 373
1684640 373
1684650 373
1684660 373
1684670 373
1684680 373
1684690 373
1684700 373
1684710 373
1684720 374
1684730 374
1684740 374
1684750 374
1684760 374
1684770 374
1684780 374
1684790 375
1684800 375
1684810 375
1684820 375
1684830 375
1684840 375
1684850 375
1684860 375
1684870 375
1684880 375
1684890 375
1684900 375
1684910 375
1684920 374
1684930 374
1684940 374
1684950 374
1684960 374
1684970 374
1684980 374
1684990 374
1685000 374
1685010 374
1685020 374
1685030 374
1685040 374
1685050 375
1685060 375
1685070 376
1685080 377
1685090 378
1685100 379
1685110 380
1685120 381
1685130 383
1685140 386
1685150 388
1685160 391
1685170 394
1685180 396
1685190 398
1685200 400
1685210 401
1685220 403
1685230 404
1685240 406
1685250 407
1685260 408
1685270 408
1685280 409
1685290 410
1685300 411
1685310 412
1685320 413
1685330 413
1685340 414
1685350 415
1685360 415
1685370 416
1685380 416
1685390 417
1685400 417
1685410 417
1685420 418
1685430 418
1685440 419
1685450 421
1685460 422
1685470 424
1685480 425
1685490 427
1685500 428
1685510 429
1685520 430
1685530 430
1685540 431
1685550 431
1685560 431
1685570 432
1685580 432
1685590 432
1685600 431
1685610 429
1685620 427
1685630 425
1685640 423
1685650 420
1685660 417
1685670 416
1685680 417
1685690 419
1685700 420
1685710 419
1685720 419
1685730 421
1685740 424
1685750 427
1685760 431
1685770 435
1685780 439
1685790 443
1685800 447
1685810 451
1685820 455
1685830 458
1685840 460
1685850 462
1685860 463
1685870 464
1685880 465
1685890 465
1685900 466
1685910 466
1685920 467
1685930 467
1685940 467
1685950 468
1685960 468
1685970 469
1685980 469
1685990 468
1686000 468
1686010 468
1686020 467
1686030 467
1686040 467
1686050 467
1686060 467
1686070 466
1686080 466
1686090 466
1686100 465
1686110 464
1686120 463
1686130 463
1686140 462
1686150 463
1686160 464
1686170 466
1686180 468
1686190 468
1686200 469
1686210 469
1686220 470
1686230 470
1686240 470
1686250 470
1686260 468
1686270 466
1686280 461
1686290 456
1686300 450
1686310 444
1686320 440
1686330 436
1686340 433
1686350 430
1686360 427
1686370 425
1686380 422
1686390 420
1686400 417
1686410 414
1686420 412
1686430 411
1686440 411
1686450 414
1686460 418
1686470 422
1686480 427
1686490 432
1686500 436
1686510 441
1686520 444
1686530 448
1686540 451
1686550 454
1686560 456
1686570 459
1686580 462
1686590 465
1686600 469
1686610 472
1686620 474
1686630 477
1686640 480
1686650 484
1686660 488
1686670 493
1686680 497
1686690 500
1686700 503
1686710 505
1686720 508
1686730 511
1686740 512
1686750 512
1686760 512
1686770 512
1686780 513
1686790 516
1686800 521
1686810 526
1686820 532
1686830 536
1686840 538
1686850 541
1686860 541
1686870 541
1686880 542
1686890 543
1686900 544
1686910 544
1686920 545
1686930 546
1686940 547
1686950 548
1686960 549
1686970 551
1686980 552
1686990 554
1687000 555
1687010 556
1687020 557
1687030 558
1687040 558
1687050 558
1687060 557
1687070 557
1687080 557
1687090 557
1687100 557
1687110 557
1687120 557
1687130 557
1687140 557
1687150 558
1687160 558
1687170 559
1687180 559
1687190 560
1687200 560
1687210 560
1687220 561
1687230 561
1687240 561
1687250 561
1687260 562
1687270 562
1687280 562
1687290 562
1687300 563
1687310 563
1687320 563
1687330 563
1687340 563
1687350 563
1687360 563
1687370 563
1687380 563
1687390 563
1687400 564
1687410 563
1687420 563
1687430 563
1687440 563
1687450 563
1687460 563
1687470 563
1687480 563
1687490 563
1687500 563
1687510 563
1687520 563
1687530 563
1687540 563
1687550 562
1687560 562
1687570 562
1687580 562
1687590 561
1687600 561
1687610 561
1687620 560
1687630 559
1687640 557
1687650 555
1687660 553
1687670 551
1687680 549
1687690 547
1687700 545
1687710 542
1687720 540
1687730 537
1687740 535
1687750 533
1687760 530
1687770 528
1687780 527
1687790 525
1687800 524
1687810 523
1687820 522
1687830 522
1687840 522
1687850 523
1687860 524
1687870 525
1687880 526
1687890 527
1687900 528
1687910 530
1687920 532
1687930 534
1687940 536
1687950 539
1687960 541
1687970 544
1687980 546
1687990 548
1688000 550
1688010 553
1688020 555
1688030 558
1688040 560
1688050 563
1688060 566
1688070 569
1688080 573
1688090 576
1688100 579
1688110 583
1688120 586
1688130 589
1688140 592
1688150 594
1688160 596
1688170 598
1688180 600
1688190 601
1688200 602
1688210 604
1688220 605
1688230 606
1688240 606
1688250 607
1688260 607
1688270 608
1688280 608
1688290 609
1688300 609
1688310 609
1688320 608
1688330 607
1688340 604
1688350 600
1688360 597
1688370 594
1688380 591
1688390 590
1688400 589
1688410 592
1688420 594
1688430 597
1688440 600
1688450 603
1688460 606
1688470 609
1688480 611
1688490 615
1688500 618
1688510 621
1688520 625
1688530 629
1688540 632
1688550 636
1688560 640
1688570 644
1688580 647
1688590 650
1688600 653
1688610 656
1688620 658
1688630 658
1688640 657
1688650 655
1688660 652
1688670 649
1688680 645
1688690 641
1688700 637
1688710 632
1688720 627
1688730 623
1688740 618
1688750 613
1688760 607
1688770 602
1688780 596
1688790 591
1688800 587
1688810 583
1688820 580
1688830 577
1688840 575
1688850 572
1688860 570
1688870 568
1688880 566
1688890 562
1688900 558
1688910 553
1688920 549
1688930 546
1688940 544
1688950 543
1688960 540
1688970 536
1688980 531
1688990 527
1689000 523
1689010 522
1689020 521
1689030 519
1689040 518
1689050 514
1689060 509
1689070 503
1689080 497
1689090 491
1689100 486
1689110 481
1689120 475
1689130 469
1689140 463
1689150 458
1689160 458
1689170 462
1689180 466
1689190 471
1689200 475
1689210 479
1689220 484
1689230 488
1689240 493
1689250 498
1689260 503
1689270 508
1689280 512
1689290 517
1689300 521
1689310 526
1689320 531
1689330 536
1689340 541
1689350 545
1689360 549
1689370 552
1689380 556
1689390 559
1689400 562
1689410 565
1689420 568
1689430 570
1689440 571
1689450 570
1689460 568
1689470 564
1689480 561
1689490 558
1689500 555
1689510 552
1689520 549
1689530 548
1689540 546
1689550 546
1689560 545
1689570 545
1689580 544
1689590 543
1689600 542
1689610 541
1689620 540
1689630 540
1689640 540
1689650 541
1689660 542
1689670 544
1689680 546
1689690 548
1689700 550
1689710 552
1689720 554
1689730 557
1689740 559
1689750 561
1689760 564
1689770 566
1689780 569
1689790 572
1689800 574
1689810 577
1689820 579
1689830 582
1689840 584
1689850 587
1689860 589
1689870 591
1689880 593
1689890 595
1689900 596
1689910 598
1689920 599
1689930 600
1689940 602
1689950 603
1689960 604
1689970 606
1689980 608
1689990 610
1690000 612
1690010 614
1690020 617
1690030 620
1690040 623
1690050 626
1690060 630
1690070 633
1690080 636
1690090 639
1690100 642
1690110 645
1690120 649
1690130 652
1690140 655
1690150 658
1690160 661
1690170 664
1690180 667
1690190 670
1690200 673
1690210 675
1690220 677
1690230 679
1690240 681
1690250 683
1690260 685
1690270 687
1690280 689
1690290 691
1690300 694
1690310 696
1690320 698
1690330 698
1690340 698
1690350 698
1690360 698
1690370 697
1690380 697
1690390 698
1690400 698
1690410 698
1690420 697
1690430 696
1690440 695
1690450 693
1690460 692
1690470 690
1690480 689
1690490 687
1690500 684
1690510 682
1690520 679
1690530 676
1690540 673
1690550 669
1690560 665
1690570 661
1690580 657
1690590 655
1690600 655
1690610 655
1690620 655
1690630 654
1690640 654
1690650 654
1690660 653
1690670 653
1690680 653
1690690 652
1690700 651
1690710 650
1690720 649
1690730 647
1690740 645
1690750 643
1690760 640
1690770 636
1690780 632
1690790 627
1690800 622
1690810 617
1690820 614
1690830 613
1690840 612
1690850 612
1690860 612
1690870 613
1690880 613
1690890 614
1690900 615
1690910 615
1690920 616
1690930 616
1690940 616
1690950 615
1690960 615
1690970 614
1690980 614
1690990 612
1691000 611
1691010 610
1691020 609
1691030 608
1691040 607
1691050 606
1691060 605
1691070 605
1691080 603
1691090 602
1691100 601
1691110 600
1691120 599
1691130 598
1691140 597
1691150 596
1691160 595
1691170 594
1691180 593
1691190 591
1691200 589
1691210 585
1691220 582
1691230 577
1691240 573
1691250 569
1691260 565
1691270 562
1691280 559
1691290 556
1691300 554
1691310 551
1691320 549
1691330 547
1691340 545
1691350 542
1691360 539
1691370 537
1691380 534
1691390 530
1691400 527
1691410 523
1691420 518
1691430 514
1691440 510
1691450 506
1691460 502
1691470 498
1691480 493
1691490 489
1691500 485
1691510 483
1691520 481
1691530 481
1691540 480
1691550 480
1691560 480
1691570 481
1691580 482
1691590 483
1691600 487
1691610 491
1691620 494
1691630 497
1691640 499
1691650 502
1691660 504
1691670 506
1691680 508
1691690 510
1691700 512
1691710 514
1691720 516
1691730 518
1691740 521
1691750 524
1691760 528
1691770 531
1691780 534
1691790 538
1691800 541
1691810 545
1691820 549
1691830 552
1691840 556
1691850 559
1691860 563
1691870 566
1691880 569
1691890 572
1691900 574
1691910 577
1691920 578
1691930 577
1691940 574
1691950 570
1691960 565
1691970 561
1691980 556
1691990 552
1692000 547
1692010 544
1692020 540
1692030 537
1692040 534
1692050 532
1692060 529
1692070 526
1692080 524
1692090 522
1692100 520
1692110 518
1692120 515
1692130 513
1692140 511
1692150 511
1692160 513
1692170 516
1692180 519
1692190 522
1692200 524
1692210 528
1692220 531
1692230 534
1692240 535
1692250 537
1692260 539
1692270 541
1692280 544
1692290 546
1692300 547
1692310 549
1692320 551
1692330 553
1692340 555
1692350 557
1692360 559
1692370 561
1692380 563
1692390 566
1692400 568
1692410 571
1692420 573
1692430 576
1692440 579
1692450 582
1692460 584
1692470 587
1692480 590
1692490 592
1692500 595
1692510 598
1692520 601
1692530 604
1692540 607
1692550 610
1692560 613
1692570 616
1692580 620
1692590 623
1692600 626
1692610 629
1692620 632
1692630 635
1692640 639
1692650 642
1692660 646
1692670 649
1692680 652
1692690 656
1692700 659
1692710 662
1692720 666
1692730 669
1692740 673
1692750 676
1692760 680
1692770 684
1692780 687
1692790 691
1692800 695
1692810 698
1692820 702
1692830 705
1692840 709
1692850 713
1692860 716
1692870 720
1692880 723
1692890 726
1692900 730
1692910 733
1692920 736
1692930 739
1692940 742
1692950 745
1692960 748
1692970 750
1692980 753
1692990 755
1693000 758
1693010 760
1693020 762
1693030 764
1693040 766
1693050 768
1693060 770
1693070 772
1693080 774
1693090 776
1693100 777
1693110 779
1693120 781
1693130 783
1693140 785
1693150 787
1693160 789
1693170 791
1693180 794
1693190 796
1693200 798
1693210 800
1693220 803
1693230 806
1693240 808
1693250 811
1693260 814
1693270 817
1693280 819
1693290 822
1693300 825
1693310 827
1693320 830
1693330 832
1693340 835
1693350 837
1693360 840
1693370 842
1693380 844
1693390 846
1693400 848
1693410 849
1693420 851
1693430 852
1693440 853
1693450 854
1693460 854
1693470 855
1693480 855
1693490 856
1693500 856
1693510 856
1693520 856
1693530 856
1693540 856
1693550 856
1693560 856
1693570 855
1693580 855
1693590 855
1693600 854
1693610 853
1693620 852
1693630 850
1693640 849
1693650 847
1693660 844
1693670 841
1693680 838
1693690 834
1693700 830
1693710 826
1693720 822
1693730 818
1693740 814
1693750 810
1693760 806
1693770 802
1693780 798
1693790 794
1693800 790
1693810 786
1693820 783
1693830 779
1693840 775
1693850 772
1693860 768
1693870 764
1693880 760
1693890 757
1693900 753
1693910 749
1693920 746
1693930 742
1693940 738
1693950 734
1693960 730
1693970 727
1693980 723
1693990 720
1694000 718
1694010 716
1694020 714
1694030 713
1694040 713
1694050 712
1694060 712
1694070 711
1694080 710
1694090 709
1694100 708
1694110 707
1694120 705
1694130 703
1694140 702
1694150 700
1694160 699
1694170 697
1694180 695
1694190 693
1694200 691
1694210 689
1694220 686
1694230 684
1694240 682
1694250 679
1694260 677
1694270 675
1694280 674
1694290 673
1694300 672
1694310 671
1694320 669
1694330 667
1694340 665
1694350 663
1694360 660
1694370 658
1694380 655
1694390 652
1694400 650
1694410 648
1694420 646
1694430 645
1694440 643
1694450 642
1694460 641
1694470 640
1694480 639
1694490 638
1694500 636
1694510 633
1694520 630
1694530 626
1694540 622
1694550 617
1694560 612
1694570 607
1694580 601
1694590 596
1694600 590
1694610 584
1694620 578
1694630 573
1694640 568
1694650 564
1694660 562
1694670 561
1694680 563
1694690 567
1694700 571
1694710 574
1694720 578
1694730 581
1694740 583
1694750 586
1694760 588
1694770 590
1694780 592
1694790 594
1694800 596
1694810 598
1694820 600
1694830 602
1694840 603
1694850 605
1694860 607
1694870 608
1694880 610
1694890 611
1694900 613
1694910 615
1694920 617
1694930 618
1694940 619
1694950 620
1694960 622
1694970 624
1694980 626
1694990 627
1695000 630
1695010 632
1695020 634
1695030 636
1695040 637
1695050 639
1695060 641
1695070 643
1695080 645
1695090 647
1695100 648
1695110 650
1695120 651
1695130 653
1695140 654
1695150 655
1695160 657
1695170 658
1695180 660
1695190 661
1695200 663
1695210 665
1695220 666
1695230 667
1695240 668
1695250 669
1695260 670
1695270 672
1695280 673
1695290 674
1695300 676
1695310 678
1695320 679
1695330 682
1695340 685
1695350 687
1695360 689
1695370 692
1695380 694
1695390 696
1695400 698
1695410 700
1695420 703
1695430 704
1695440 706
1695450 708
1695460 711
1695470 713
1695480 716
1695490 719
1695500 722
1695510 725
1695520 727
1695530 730
1695540 733
1695550 736
1695560 739
1695570 741
1695580 744
1695590 747
1695600 750
1695610 753
1695620 756
1695630 759
1695640 762
1695650 764
1695660 767
1695670 769
1695680 772
1695690 774
1695700 776
1695710 778
1695720 779
1695730 781
1695740 782
1695750 783
1695760 784
1695770 785
1695780 785
1695790 785
1695800 785
1695810 785
1695820 784
1695830 784
1695840 784
1695850 784
1695860 783
1695870 783
1695880 783
1695890 782
1695900 782
1695910 781
1695920 779
1695930 777
1695940 774
1695950 771
1695960 767
1695970 763
1695980 758
1695990 754
1696000 750
1696010 746
1696020 741
1696030 737
1696040 732
1696050 728
1696060 723
1696070 719
1696080 714
1696090 709
1696100 705
1696110 700
1696120 696
1696130 693
1696140 689
1696150 686
1696160 683
1696170 679
1696180 676
1696190 671
1696200 666
1696210 660
1696220 655
1696230 651
1696240 646
1696250 642
1696260 638
1696270 635
1696280 631
1696290 628
1696300 626
1696310 623
1696320 620
1696330 617
1696340 614
1696350 611
1696360 608
1696370 607
1696380 606
1696390 610
1696400 614
1696410 616
1696420 616
1696430 616
1696440 618
1696450 623
1696460 628
1696470 632
1696480 637
1696490 642
1696500 647
1696510 650
1696520 653
1696530 656
1696540 658
1696550 660
1696560 662
1696570 664
1696580 667
1696590 669
1696600 671
1696610 674
1696620 676
1696630 679
1696640 681
1696650 683
1696660 685
1696670 688
1696680 691
1696690 695
1696700 699
1696710 704
1696720 710
1696730 715
1696740 719
1696750 722
1696760 724
1696770 727
1696780 729
1696790 730
1696800 731
1696810 730
1696820 731
1696830 733
1696840 734
1696850 736
1696860 738
1696870 739
1696880 741
1696890 743
1696900 745
1696910 747
1696920 749
1696930 752
1696940 754
1696950 756
1696960 758
1696970 760
1696980 763
1696990 766
1697000 768
1697010 771
1697020 773
1697030 775
1697040 777
1697050 778
1697060 779
1697070 779
1697080 780
1697090 780
1697100 781
1697110 782
1697120 783
1697130 783
1697140 784
1697150 786
1697160 787
1697170 789
1697180 791
1697190 793
1697200 794
1697210 796
1697220 797
1697230 799
1697240 801
1697250 802
1697260 803
1697270 804
1697280 805
1697290 806
1697300 806
1697310 806
1697320 807
1697330 807
1697340 807
1697350 807
1697360 807
1697370 807
1697380 807
1697390 806
1697400 805
1697410 804
1697420 803
1697430 803
1697440 804
1697450 804
1697460 804
1697470 803
1697480 802
1697490 800
1697500 798
1697510 796
1697520 793
1697530 791
1697540 790
1697550 792
1697560 794
1697570 798
1697580 802
1697590 806
1697600 811
1697610 815
1697620 820
1697630 824
1697640 829
1697650 834
1697660 840
1697670 845
1697680 849
1697690 854
1697700 857
1697710 859
1697720 861
1697730 862
1697740 864
1697750 865
1697760 866
1697770 866
1697780 867
1697790 867
1697800 867
1697810 868
1697820 868
1697830 868
1697840 868
1697850 869
1697860 869
1697870 869
1697880 869
1697890 869
1697900 868
1697910 867
1697920 867
1697930 866
1697940 866
1697950 865
1697960 864
1697970 864
1697980 863
1697990 862
1698000 861
1698010 861
1698020 860
1698030 859
1698040 857
1698050 856
1698060 855
1698070 854
1698080 853
1698090 852
1698100 851
1698110 850
1698120 849
1698130 848
1698140 847
1698150 846
1698160 846
1698170 845
1698180 844
1698190 843
1698200 842
1698210 841
1698220 840
1698230 839
1698240 838
1698250 837
1698260 836
1698270 836
1698280 835
1698290 834
1698300 833
1698310 832
1698320 831
1698330 830
1698340 829
1698350 827
1698360 826
1698370 824
1698380 822
1698390 819
1698400 816
1698410 812
1698420 809
1698430 806
1698440 803
1698450 799
1698460 797
1698470 794
1698480 791
1698490 789
1698500 787
1698510 784
1698520 781
1698530 779
1698540 776
1698550 772
1698560 769
1698570 765
1698580 761
1698590 757
1698600 753
1698610 749
1698620 745
1698630 741
1698640 736
1698650 731
1698660 726
1698670 721
1698680 717
1698690 712
1698700 709
1698710 708
1698720 708
1698730 709
1698740 709
1698750 709
1698760 707
1698770 705
1698780 704
1698790 705
1698800 706
1698810 707
1698820 710
1698830 713
1698840 716
1698850 719
1698860 720
1698870 722
1698880 723
1698890 723
1698900 724
1698910 725
1698920 726
1698930 728
1698940 729
1698950 731
1698960 732
1698970 734
1698980 736
1698990 738
1699000 739
1699010 741
1699020 742
1699030 744
1699040 746
1699050 748
1699060 750
1699070 753
1699080 755
1699090 756
1699100 759
1699110 761
1699120 764
1699130 767
1699140 769
1699150 772
1699160 774
1699170 775
1699180 776
1699190 777
1699200 778
1699210 778
1699220 778
1699230 779
1699240 779
1699250 779
1699260 778
1699270 779
1699280 779
1699290 780
1699300 781
1699310 782
1699320 783
1699330 784
1699340 785
1699350 787
1699360 788
1699370 789
1699380 790
1699390 791
1699400 792
1699410 793
1699420 794
1699430 795
1699440 796
1699450 797
1699460 798
1699470 799
1699480 799
1699490 800
1699500 801
1699510 802
1699520 803
1699530 804
1699540 805
1699550 805
1699560 806
1699570 807
1699580 807
1699590 807
1699600 808
1699610 808
1699620 809
1699630 809
1699640 810
1699650 810
1699660 810
1699670 811
1699680 811
1699690 812
1699700 812
1699710 813
1699720 814
1699730 815
1699740 816
1699750 817
1699760 818
1699770 819
1699780 820
1699790 820
1699800 821
1699810 821
1699820 822
1699830 823
1699840 825
1699850 827
1699860 827
1699870 827
1699880 827
1699890 828
1699900 828
1699910 828
1699920 828
1699930 828
1699940 829
1699950 829
1699960 829
1699970 830
1699980 830
1699990 830
