1680000 505
1680010 506
1680020 507
1680030 507
1680040 508
1680050 508
1680060 508
1680070 508
1680080 508
1680090 506
1680100 502
1680110 497
1680120 493
1680130 488
1680140 483
1680150 479
1680160 475
1680170 471
1680180 467
1680190 464
1680200 461
1680210 459
1680220 456
1680230 454
1680240 452
1680250 450
1680260 446
1680270 441
1680280 437
1680290 435
1680300 435
1680310 435
1680320 435
1680330 435
1680340 436
1680350 436
1680360 436
1680370 436
1680380 437
1680390 437
1680400 437
1680410 437
1680420 437
1680430 437
1680440 437
1680450 437
1680460 438
1680470 438
1680480 438
1680490 439
1680500 439
1680510 439
1680520 439
1680530 439
1680540 440
1680550 441
1680560 443
1680570 446
1680580 449
1680590 452
1680600 455
1680610 458
1680620 460
1680630 463
1680640 465
1680650 468
1680660 470
1680670 472
1680680 475
1680690 477
1680700 479
1680710 482
1680720 484
1680730 487
1680740 490
1680750 493
1680760 496
1680770 499
1680780 502
1680790 505
1680800 508
1680810 510
1680820 513
1680830 517
1680840 520
1680850 523
1680860 526
1680870 529
1680880 532
1680890 536
1680900 539
1680910 542
1680920 545
1680930 548
1680940 551
1680950 554
1680960 557
1680970 560
1680980 563
1680990 565
1681000 568
1681010 570
1681020 573
1681030 575
1681040 578
1681050 580
1681060 583
1681070 585
1681080 587
1681090 590
1681100 592
1681110 594
1681120 597
1681130 599
1681140 601
1681150 604
1681160 607
1681170 610
1681180 612
1681190 614
1681200 616
1681210 618
1681220 620
1681230 621
1681240 623
1681250 624
1681260 625
1681270 626
1681280 627
1681290 627
1681300 627
1681310 628
1681320 628
1681330 628
1681340 629
1681350 629
1681360 629
1681370 630
1681380 630
1681390 631
1681400 631
1681410 632
1681420 634
1681430 635
1681440 636
1681450 637
1681460 638
1681470 640
1681480 641
1681490 642
1681500 643
1681510 643
1681520 643
1681530 643
1681540 644
1681550 644
1681560 645
1681570 645
1681580 645
1681590 645
1681600 645
1681610 644
1681620 644
1681630 644
1681640 644
1681650 645
1681660 645
1681670 645
1681680 646
1681690 646
1681700 648
1681710 650
1681720 652
1681730 654
1681740 656
1681750 658
1681760 659
1681770 661
1681780 663
1681790 664
1681800 667
1681810 669
1681820 672
1681830 673
1681840 675
1681850 676
1681860 678
1681870 679
1681880 680
1681890 681
1681900 682
1681910 682
1681920 682
1681930 681
1681940 680
1681950 679
1681960 679
1681970 679
1681980 679
1681990 679
1682000 680
1682010 681
1682020 682
1682030 684
1682040 685
1682050 687
1682060 688
1682070 690
1682080 692
1682090 695
1682100 698
1682110 700
1682120 703
1682130 706
1682140 708
1682150 711
1682160 714
1682170 716
1682180 719
1682190 721
1682200 724
1682210 727
1682220 728
1682230 729
1682240 728
1682250 727
1682260 726
1682270 725
1682280 725
1682290 725
1682300 725
1682310 725
1682320 725
1682330 726
1682340 726
1682350 726
1682360 727
1682370 727
1682380 727
1682390 726
1682400 725
1682410 723
1682420 719
1682430 716
1682440 713
1682450 710
1682460 707
1682470 704
1682480 701
1682490 698
1682500 695
1682510 691
1682520 687
1682530 682
1682540 678
1682550 674
1682560 670
1682570 667
1682580 662
1682590 658
1682600 654
1682610 650
1682620 647
1682630 644
1682640 640
1682650 637
1682660 634
1682670 631
1682680 629
1682690 626
1682700 623
1682710 620
1682720 617
1682730 613
1682740 610
1682750 608
1682760 608
1682770 607
1682780 608
1682790 609
1682800 610
1682810 613
1682820 616
1682830 619
1682840 622
1682850 626
1682860 629
1682870 631
1682880 630
1682890 627
1682900 624
1682910 621
1682920 617
1682930 613
1682940 610
1682950 606
1682960 602
1682970 599
1682980 595
1682990 591
1683000 588
1683010 584
1683020 579
1683030 575
1683040 570
1683050 566
1683060 562
1683070 559
1683080 557
1683090 555
1683100 554
1683110 555
1683120 556
1683130 555
1683140 553
1683150 550
1683160 547
1683170 544
1683180 541
1683190 539
1683200 536
1683210 533
1683220 531
1683230 529
1683240 527
1683250 526
1683260 525
1683270 524
1683280 523
1683290 523
1683300 524
1683310 526
1683320 528
1683330 532
1683340 536
1683350 539
1683360 543
1683370 546
1683380 550
1683390 554
1683400 557
1683410 561
1683420 565
1683430 569
1683440 573
1683450 577
1683460 581
1683470 584
1683480 588
1683490 592
1683500 596
1683510 599
1683520 602
1683530 604
1683540 605
1683550 603
1683560 601
1683570 598
1683580 596
1683590 594
1683600 592
1683610 589
1683620 587
1683630 584
1683640 582
1683650 580
1683660 577
1683670 575
1683680 573
1683690 570
1683700 567
1683710 565
1683720 563
1683730 560
1683740 558
1683750 555
1683760 553
1683770 550
1683780 547
1683790 545
1683800 542
1683810 538
1683820 535
1683830 533
1683840 532
1683850 532
1683860 532
1683870 531
1683880 531
1683890 531
1683900 531
1683910 530
1683920 529
1683930 527
1683940 525
1683950 523
1683960 521
1683970 516
1683980 510
1683990 505
1684000 500
1684010 496
1684020 491
1684030 487
1684040 482
1684050 478
1684060 474
1684070 470
1684080 466
1684090 462
1684100 459
1684110 456
1684120 454
1684130 452
1684140 450
1684150 454
1684160 456
1684170 459
1684180 460
1684190 462
1684200 464
1684210 466
1684220 469
1684230 473
1684240 476
1684250 479
1684260 481
1684270 483
1684280 485
1684290 486
1684300 488
1684310 489
1684320 489
1684330 486
1684340 483
1684350 481
1684360 480
1684370 478
1684380 475
1684390 474
1684400 476
1684410 479
1684420 483
1684430 486
1684440 488
1684450 489
1684460 488
1684470 487
1684480 486
1684490 486
1684500 485
1684510 485
1684520 484
1684530 484
1684540 484
1684550 483
1684560 482
1684570 480
1684580 478
1684590 475
1684600 473
1684610 471
1684620 468
1684630 466
1684640 463
1684650 460
1684660 458
1684670 455
1684680 453
1684690 451
1684700 449
1684710 447
1684720 446
1684730 444
1684740 442
1684750 440
1684760 437
1684770 434
1684780 431
1684790 428
1684800 427
1684810 427
1684820 429
1684830 430
1684840 430
1684850 429
1684860 427
1684870 425
1684880 422
1684890 420
1684900 417
1684910 415
1684920 413
1684930 411
1684940 407
1684950 404
1684960 400
1684970 397
1684980 395
1684990 393
1685000 389
1685010 386
1685020 383
1685030 382
1685040 381
1685050 381
1685060 383
1685070 383
1685080 383
1685090 383
1685100 384
1685110 386
1685120 388
1685130 390
1685140 392
1685150 392
1685160 393
1685170 393
1685180 394
1685190 395
1685200 396
1685210 398
1685220 398
1685230 398
1685240 396
1685250 393
1685260 391
1685270 389
1685280 388
1685290 387
1685300 387
1685310 386
1685320 385
1685330 384
1685340 383
1685350 383
1685360 381
1685370 379
1685380 378
1685390 379
1685400 379
1685410 378
1685420 379
1685430 380
1685440 381
1685450 383
1685460 385
1685470 387
1685480 390
1685490 393
1685500 395
1685510 398
1685520 398
1685530 398
1685540 398
1685550 398
1685560 397
1685570 396
1685580 396
1685590 396
1685600 395
1685610 395
1685620 394
1685630 394
1685640 393
1685650 393
1685660 392
1685670 390
1685680 389
1685690 388
1685700 387
1685710 385
1685720 384
1685730 382
1685740 380
1685750 378
1685760 377
1685770 376
1685780 374
1685790 373
1685800 372
1685810 371
1685820 371
1685830 370
1685840 370
1685850 370
1685860 370
1685870 370
1685880 370
1685890 370
1685900 369
1685910 369
1685920 369
1685930 369
1685940 369
1685950 369
1685960 369
1685970 369
1685980 369
1685990 368
1686000 368
1686010 368
1686020 368
1686030 368
1686040 368
1686050 367
1686060 366
1686070 365
1686080 364
1686090 364
1686100 364
1686110 364
1686120 364
1686130 365
1686140 366
1686150 366
1686160 366
1686170 366
1686180 366
1686190 366
1686200 366
1686210 366
1686220 366
1686230 367
1686240 367
1686250 367
1686260 367
1686270 366
1686280 366
1686290 366
1686300 367
1686310 367
1686320 367
1686330 368
1686340 368
1686350 368
1686360 368
1686370 368
1686380 368
1686390 368
1686400 368
1686410 368
1686420 368
1686430 368
1686440 369
1686450 369
1686460 369
1686470 368
1686480 368
1686490 368
1686500 368
1686510 368
1686520 368
1686530 368
1686540 368
1686550 367
1686560 367
1686570 367
1686580 367
1686590 367
1686600 367
1686610 367
1686620 367
1686630 367
1686640 367
1686650 367
1686660 367
1686670 368
1686680 368
1686690 368
1686700 368
1686710 369
1686720 369
1686730 370
1686740 370
1686750 371
1686760 372
1686770 374
1686780 375
1686790 376
1686800 378
1686810 379
1686820 380
1686830 382
1686840 384
1686850 386
1686860 387
1686870 388
1686880 389
1686890 389
1686900 390
1686910 390
1686920 390
1686930 390
1686940 390
1686950 390
1686960 391
1686970 391
1686980 392
1686990 392
1687000 393
1687010 394
1687020 396
1687030 398
1687040 400
1687050 402
1687060 405
1687070 407
1687080 409
1687090 411
1687100 414
1687110 416
1687120 419
1687130 422
1687140 425
1687150 428
1687160 430
1687170 433
1687180 435
1687190 438
1687200 441
1687210 443
1687220 445
1687230 447
1687240 449
1687250 451
1687260 453
1687270 455
1687280 457
1687290 459
1687300 461
1687310 463
1687320 464
1687330 466
1687340 468
1687350 471
1687360 473
1687370 475
1687380 478
1687390 480
1687400 484
1687410 487
1687420 490
1687430 493
1687440 497
1687450 500
1687460 503
1687470 505
1687480 506
1687490 507
1687500 509
1687510 511
1687520 512
1687530 514
1687540 516
1687550 516
1687560 516
1687570 515
1687580 515
1687590 515
1687600 516
1687610 517
1687620 519
1687630 522
1687640 526
1687650 530
1687660 533
1687670 537
1687680 541
1687690 545
1687700 549
1687710 552
1687720 556
1687730 558
1687740 561
1687750 564
1687760 565
1687770 566
1687780 566
1687790 566
1687800 567
1687810 567
1687820 567
1687830 567
1687840 567
1687850 567
1687860 568
1687870 568
1687880 568
1687890 568
1687900 568
1687910 568
1687920 568
1687930 568
1687940 568
1687950 568
1687960 568
1687970 568
1687980 567
1687990 564
1688000 561
1688010 558
1688020 556
1688030 553
1688040 547
1688050 541
1688060 536
1688070 535
1688080 533
1688090 532
1688100 532
1688110 530
1688120 527
1688130 515
1688140 505
1688150 496
1688160 491
1688170 486
1688180 482
1688190 479
1688200 475
1688210 471
1688220 467
1688230 465
1688240 464
1688250 467
1688260 470
1688270 475
1688280 479
1688290 486
1688300 494
1688310 500
1688320 505
1688330 509
1688340 514
1688350 518
1688360 522
1688370 526
1688380 529
1688390 531
1688400 533
1688410 533
1688420 533
1688430 533
1688440 532
1688450 531
1688460 529
1688470 526
1688480 523
1688490 519
1688500 516
1688510 512
1688520 509
1688530 506
1688540 503
1688550 499
1688560 493
1688570 488
1688580 483
1688590 478
1688600 473
1688610 469
1688620 465
1688630 460
1688640 456
1688650 451
1688660 446
1688670 442
1688680 438
1688690 434
1688700 430
1688710 426
1688720 423
1688730 420
1688740 417
1688750 413
1688760 410
1688770 408
1688780 407
1688790 408
1688800 411
1688810 415
1688820 420
1688830 424
1688840 428
1688850 430
1688860 433
1688870 434
1688880 435
1688890 436
1688900 436
1688910 436
1688920 437
1688930 437
1688940 438
1688950 438
1688960 439
1688970 440
1688980 441
1688990 443
1689000 446
1689010 449
1689020 452
1689030 454
1689040 457
1689050 460
1689060 464
1689070 467
1689080 471
1689090 476
1689100 481
1689110 486
1689120 491
1689130 493
1689140 495
1689150 494
1689160 494
1689170 494
1689180 494
1689190 494
1689200 494
1689210 495
1689220 495
1689230 496
1689240 496
1689250 494
1689260 492
1689270 489
1689280 486
1689290 485
1689300 486
1689310 490
1689320 493
1689330 497
1689340 500
1689350 503
1689360 506
1689370 509
1689380 511
1689390 512
1689400 514
1689410 516
1689420 519
1689430 521
1689440 524
1689450 526
1689460 529
1689470 531
1689480 533
1689490 536
1689500 538
1689510 539
1689520 540
1689530 541
1689540 541
1689550 540
1689560 540
1689570 540
1689580 541
1689590 545
1689600 548
1689610 550
1689620 552
1689630 555
1689640 557
1689650 559
1689660 561
1689670 563
1689680 564
1689690 566
1689700 568
1689710 570
1689720 572
1689730 574
1689740 577
1689750 579
1689760 581
1689770 584
1689780 586
1689790 589
1689800 592
1689810 595
1689820 599
1689830 602
1689840 606
1689850 610
1689860 614
1689870 618
1689880 622
1689890 626
1689900 630
1689910 634
1689920 638
1689930 642
1689940 644
1689950 646
1689960 647
1689970 648
1689980 650
1689990 652
1690000 654
1690010 656
1690020 658
1690030 661
1690040 663
1690050 666
1690060 669
1690070 672
1690080 675
1690090 679
1690100 682
1690110 686
1690120 690
1690130 693
1690140 697
1690150 701
1690160 704
1690170 708
1690180 712
1690190 716
1690200 720
1690210 723
1690220 727
1690230 731
1690240 735
1690250 739
1690260 742
1690270 746
1690280 750
1690290 754
1690300 757
1690310 761
1690320 765
1690330 769
1690340 773
1690350 777
1690360 781
1690370 785
1690380 789
1690390 793
1690400 796
1690410 800
1690420 803
1690430 806
1690440 808
1690450 811
1690460 812
1690470 811
1690480 809
1690490 806
1690500 803
1690510 800
1690520 797
1690530 794
1690540 791
1690550 788
1690560 784
1690570 780
1690580 776
1690590 771
1690600 767
1690610 764
1690620 760
1690630 758
1690640 755
1690650 753
1690660 752
1690670 752
1690680 753
1690690 752
1690700 752
1690710 752
1690720 751
1690730 751
1690740 751
1690750 752
1690760 752
1690770 752
1690780 752
1690790 753
1690800 753
1690810 754
1690820 754
1690830 755
1690840 755
1690850 755
1690860 755
1690870 755
1690880 754
1690890 754
1690900 753
1690910 752
1690920 751
1690930 751
1690940 749
1690950 748
1690960 744
1690970 739
1690980 734
1690990 729
1691000 723
1691010 717
1691020 712
1691030 706
1691040 701
1691050 696
1691060 690
1691070 685
1691080 680
1691090 675
1691100 670
1691110 665
1691120 660
1691130 655
1691140 651
1691150 647
1691160 643
1691170 640
1691180 638
1691190 635
1691200 632
1691210 629
1691220 626
1691230 623
1691240 619
1691250 616
1691260 613
1691270 610
1691280 606
1691290 603
1691300 600
1691310 596
1691320 593
1691330 590
1691340 587
1691350 584
1691360 581
1691370 578
1691380 576
1691390 574
1691400 572
1691410 569
1691420 566
1691430 563
1691440 560
1691450 558
1691460 555
1691470 553
1691480 551
1691490 550
1691500 548
1691510 547
1691520 546
1691530 545
1691540 545
1691550 544
1691560 544
1691570 544
1691580 543
1691590 542
1691600 541
1691610 540
1691620 536
1691630 532
1691640 527
1691650 522
1691660 517
1691670 513
1691680 509
1691690 506
1691700 503
1691710 500
1691720 496
1691730 493
1691740 490
1691750 486
1691760 481
1691770 475
1691780 470
1691790 467
1691800 465
1691810 466
1691820 468
1691830 472
1691840 477
1691850 482
1691860 484
1691870 486
1691880 489
1691890 491
1691900 495
1691910 498
1691920 502
1691930 506
1691940 510
1691950 514
1691960 517
1691970 521
1691980 525
1691990 529
1692000 533
1692010 537
1692020 542
1692030 546
1692040 552
1692050 557
1692060 561
1692070 565
1692080 569
1692090 572
1692100 576
1692110 579
1692120 583
1692130 587
1692140 592
1692150 596
1692160 601
1692170 606
1692180 611
1692190 615
1692200 618
1692210 622
1692220 626
1692230 629
1692240 633
1692250 637
1692260 641
1692270 644
1692280 647
1692290 650
1692300 653
1692310 656
1692320 658
1692330 661
1692340 662
1692350 662
1692360 662
1692370 662
1692380 662
1692390 661
1692400 661
1692410 662
1692420 664
1692430 667
1692440 672
1692450 676
1692460 680
1692470 682
1692480 684
1692490 686
1692500 688
1692510 690
1692520 693
1692530 695
1692540 697
1692550 700
1692560 702
1692570 703
1692580 704
1692590 704
1692600 704
1692610 702
1692620 701
1692630 700
1692640 699
1692650 699
1692660 700
1692670 701
1692680 703
1692690 704
1692700 706
1692710 707
1692720 708
1692730 708
1692740 709
1692750 710
1692760 710
1692770 711
1692780 711
1692790 711
1692800 710
1692810 711
1692820 711
1692830 713
1692840 715
1692850 717
1692860 720
1692870 722
1692880 725
1692890 728
1692900 731
1692910 734
1692920 736
1692930 739
1692940 742
1692950 745
1692960 748
1692970 751
1692980 753
1692990 755
1693000 757
1693010 760
1693020 761
1693030 763
1693040 763
1693050 764
1693060 765
1693070 766
1693080 767
1693090 768
1693100 769
1693110 771
1693120 772
1693130 772
1693140 769
1693150 767
1693160 764
1693170 761
1693180 757
1693190 754
1693200 752
1693210 749
1693220 747
1693230 744
1693240 740
1693250 736
1693260 730
1693270 724
1693280 718
1693290 711
1693300 704
1693310 697
1693320 692
1693330 688
1693340 683
1693350 679
1693360 674
1693370 670
1693380 665
1693390 659
1693400 654
1693410 649
1693420 645
1693430 642
1693440 641
1693450 641
1693460 642
1693470 645
1693480 648
1693490 651
1693500 654
1693510 657
1693520 660
1693530 664
1693540 668
1693550 672
1693560 676
1693570 680
1693580 685
1693590 690
1693600 695
1693610 702
1693620 708
1693630 713
1693640 718
1693650 722
1693660 726
1693670 730
1693680 733
1693690 734
1693700 736
1693710 739
1693720 741
1693730 743
1693740 745
1693750 747
1693760 750
1693770 753
1693780 755
1693790 757
1693800 760
1693810 762
1693820 764
1693830 766
1693840 768
1693850 770
1693860 773
1693870 776
1693880 778
1693890 781
1693900 784
1693910 786
1693920 789
1693930 791
1693940 793
1693950 795
1693960 799
1693970 801
1693980 803
1693990 802
1694000 800
1694010 798
1694020 797
1694030 795
1694040 794
1694050 792
1694060 790
1694070 788
1694080 786
1694090 784
1694100 782
1694110 780
1694120 777
1694130 774
1694140 772
1694150 769
1694160 767
1694170 762
1694180 757
1694190 751
1694200 746
1694210 741
1694220 736
1694230 731
1694240 726
1694250 722
1694260 717
1694270 712
1694280 706
1694290 701
1694300 695
1694310 689
1694320 684
1694330 679
1694340 674
1694350 667
1694360 661
1694370 655
1694380 649
1694390 644
1694400 639
1694410 633
1694420 628
1694430 623
1694440 617
1694450 612
1694460 605
1694470 597
1694480 590
1694490 584
1694500 577
1694510 571
1694520 564
1694530 557
1694540 550
1694550 543
1694560 536
1694570 531
1694580 526
1694590 520
1694600 514
1694610 508
1694620 502
1694630 498
1694640 497
1694650 499
1694660 505
1694670 512
1694680 521
1694690 529
1694700 537
1694710 543
1694720 547
1694730 550
1694740 553
1694750 553
1694760 553
1694770 555
1694780 560
1694790 565
1694800 568
1694810 569
1694820 570
1694830 571
1694840 574
1694850 578
1694860 583
1694870 589
1694880 595
1694890 600
1694900 606
1694910 611
1694920 617
1694930 620
1694940 620
1694950 618
1694960 613
1694970 609
1694980 604
1694990 602
1695000 600
1695010 599
1695020 599
1695030 598
1695040 596
1695050 594
1695060 591
1695070 588
1695080 584
1695090 581
1695100 579
1695110 578
1695120 579
1695130 579
1695140 580
1695150 580
1695160 579
1695170 576
1695180 576
1695190 578
1695200 579
1695210 579
1695220 578
1695230 575
1695240 573
1695250 571
1695260 571
1695270 571
1695280 570
1695290 569
1695300 569
1695310 568
1695320 567
1695330 567
1695340 566
1695350 567
1695360 565
1695370 561
1695380 557
1695390 554
1695400 554
1695410 558
1695420 562
1695430 565
1695440 567
1695450 568
1695460 568
1695470 568
1695480 569
1695490 570
1695500 570
1695510 568
1695520 566
1695530 564
1695540 563
1695550 562
1695560 563
1695570 562
1695580 561
1695590 559
1695600 558
1695610 558
1695620 558
1695630 559
1695640 559
1695650 556
1695660 554
1695670 553
1695680 554
1695690 555
1695700 557
1695710 557
1695720 561
1695730 565
1695740 567
1695750 569
1695760 570
1695770 571
1695780 569
1695790 568
1695800 567
1695810 568
1695820 570
1695830 572
1695840 574
1695850 576
1695860 578
1695870 580
1695880 581
1695890 582
1695900 584
1695910 586
1695920 588
1695930 591
1695940 596
1695950 601
1695960 605
1695970 608
1695980 611
1695990 613
1696000 614
1696010 614
1696020 612
1696030 610
1696040 609
1696050 611
1696060 612
1696070 611
1696080 607
1696090 602
1696100 597
1696110 592
1696120 587
1696130 583
1696140 579
1696150 575
1696160 572
1696170 569
1696180 566
1696190 564
1696200 562
1696210 559
1696220 556
1696230 553
1696240 551
1696250 549
1696260 548
1696270 549
1696280 551
1696290 553
1696300 555
1696310 558
1696320 560
1696330 563
1696340 565
1696350 566
1696360 567
1696370 568
1696380 569
1696390 570
1696400 571
1696410 572
1696420 574
1696430 575
1696440 576
1696450 577
1696460 578
1696470 578
1696480 578
1696490 578
1696500 578
1696510 578
1696520 577
1696530 576
1696540 575
1696550 574
1696560 573
1696570 572
1696580 572
1696590 571
1696600 571
1696610 570
1696620 569
1696630 568
1696640 567
1696650 567
1696660 567
1696670 567
1696680 567
1696690 566
1696700 565
1696710 564
1696720 565
1696730 565
1696740 565
1696750 565
1696760 565
1696770 566
1696780 567
1696790 568
1696800 570
1696810 573
1696820 576
1696830 580
1696840 584
1696850 589
1696860 594
1696870 598
1696880 601
1696890 604
1696900 608
1696910 610
1696920 613
1696930 616
1696940 619
1696950 622
1696960 624
1696970 626
1696980 627
1696990 629
1697000 631
1697010 632
1697020 634
1697030 636
1697040 637
1697050 639
1697060 642
1697070 644
1697080 646
1697090 647
1697100 649
1697110 651
1697120 653
1697130 655
1697140 656
1697150 658
1697160 660
1697170 662
1697180 663
1697190 665
1697200 666
1697210 668
1697220 669
1697230 670
1697240 672
1697250 673
1697260 675
1697270 676
1697280 677
1697290 678
1697300 679
1697310 679
1697320 678
1697330 676
1697340 674
1697350 671
1697360 668
1697370 665
1697380 663
1697390 660
1697400 658
1697410 656
1697420 654
1697430 653
1697440 651
1697450 650
1697460 649
1697470 648
1697480 646
1697490 647
1697500 650
1697510 654
1697520 657
1697530 661
1697540 664
1697550 668
1697560 671
1697570 674
1697580 677
1697590 680
1697600 682
1697610 684
1697620 685
1697630 686
1697640 686
1697650 686
1697660 687
1697670 687
1697680 687
1697690 687
1697700 686
1697710 684
1697720 683
1697730 681
1697740 678
1697750 676
1697760 673
1697770 671
1697780 669
1697790 667
1697800 666
1697810 665
1697820 664
1697830 662
1697840 659
1697850 657
1697860 654
1697870 653
1697880 652
1697890 650
1697900 646
1697910 643
1697920 641
1697930 643
1697940 644
1697950 646
1697960 646
1697970 645
1697980 643
1697990 642
1698000 640
1698010 639
1698020 637
1698030 636
1698040 636
1698050 635
1698060 635
1698070 635
1698080 635
1698090 634
1698100 634
1698110 634
1698120 635
1698130 635
1698140 635
1698150 635
1698160 636
1698170 636
1698180 637
1698190 637
1698200 637
1698210 638
1698220 638
1698230 638
1698240 639
1698250 639
1698260 639
1698270 640
1698280 640
1698290 640
1698300 641
1698310 641
1698320 642
1698330 642
1698340 643
1698350 644
1698360 644
1698370 645
1698380 646
1698390 646
1698400 647
1698410 647
1698420 648
1698430 648
1698440 649
1698450 649
1698460 650
1698470 650
1698480 650
1698490 651
1698500 652
1698510 653
1698520 653
1698530 654
1698540 655
1698550 657
1698560 658
1698570 659
1698580 660
1698590 661
1698600 662
1698610 662
1698620 662
1698630 663
1698640 663
1698650 663
1698660 664
1698670 664
1698680 665
1698690 665
1698700 666
1698710 666
1698720 667
1698730 668
1698740 668
1698750 669
1698760 669
1698770 670
1698780 670
1698790 671
1698800 671
1698810 672
1698820 672
1698830 673
1698840 673
1698850 673
1698860 674
1698870 674
1698880 674
1698890 675
1698900 675
1698910 675
1698920 675
1698930 676
1698940 676
1698950 676
1698960 676
1698970 676
1698980 676
1698990 676
1699000 676
1699010 676
1699020 676
1699030 676
1699040 676
1699050 676
1699060 675
1699070 675
1699080 674
1699090 674
1699100 673
1699110 673
1699120 671
1699130 670
1699140 668
1699150 667
1699160 666
1699170 666
1699180 666
1699190 666
1699200 666
1699210 666
1699220 666
1699230 666
1699240 666
1699250 666
1699260 665
1699270 665
1699280 665
1699290 665
1699300 664
1699310 664
1699320 664
1699330 664
1699340 663
1699350 663
1699360 663
1699370 662
1699380 662
1699390 661
1699400 660
1699410 659
1699420 658
1699430 657
1699440 655
1699450 655
1699460 654
1699470 654
1699480 653
1699490 653
1699500 653
1699510 653
1699520 653
1699530 653
1699540 653
1699550 653
1699560 653
1699570 653
1699580 653
1699590 653
1699600 653
1699610 653
1699620 653
1699630 652
1699640 652
1699650 651
1699660 651
1699670 650
1699680 650
1699690 650
1699700 649
1699710 649
1699720 649
1699730 649
1699740 648
1699750 648
1699760 648
1699770 647
1699780 647
1699790 646
1699800 646
1699810 645
1699820 645
1699830 645
1699840 645
1699850 644
1699860 644
1699870 644
1699880 644
1699890 644
1699900 644
1699910 644
1699920 644
1699930 644
1699940 645
1699950 646
1699960 648
1699970 649
1699980 650
1699990 651
