1680000 795
1680010 795
1680020 794
1680030 793
1680040 792
1680050 792
1680060 791
1680070 790
1680080 788
1680090 786
1680100 785
1680110 784
1680120 783
1680130 782
1680140 781
1680150 779
1680160 777
1680170 774
1680180 772
1680190 770
1680200 768
1680210 767
1680220 765
1680230 764
1680240 763
1680250 761
1680260 760
1680270 759
1680280 758
1680290 756
1680300 756
1680310 754
1680320 752
1680330 748
1680340 746
1680350 744
1680360 744
1680370 744
1680380 745
1680390 746
1680400 745
1680410 745
1680420 745
1680430 744
1680440 743
1680450 743
1680460 743
1680470 743
1680480 742
1680490 742
1680500 742
1680510 742
1680520 741
1680530 741
1680540 740
1680550 741
1680560 741
1680570 740
1680580 740
1680590 739
1680600 739
1680610 739
1680620 739
1680630 740
1680640 740
1680650 740
1680660 740
1680670 740
1680680 740
1680690 740
1680700 740
1680710 740
1680720 740
1680730 740
1680740 740
1680750 740
1680760 740
1680770 739
1680780 739
1680790 739
1680800 739
1680810 739
1680820 739
1680830 739
1680840 738
1680850 738
1680860 738
1680870 738
1680880 738
1680890 739
1680900 739
1680910 740
1680920 740
1680930 741
1680940 742
1680950 743
1680960 743
1680970 744
1680980 745
1680990 745
1681000 745
1681010 746
1681020 746
1681030 746
1681040 746
1681050 746
1681060 746
1681070 745
1681080 745
1681090 745
1681100 744
1681110 744
1681120 743
1681130 742
1681140 742
1681150 741
1681160 740
1681170 740
1681180 739
1681190 737
1681200 736
1681210 735
1681220 734
1681230 732
1681240 731
1681250 730
1681260 728
1681270 726
1681280 724
1681290 720
1681300 716
1681310 712
1681320 707
1681330 703
1681340 698
1681350 694
1681360 690
1681370 686
1681380 682
1681390 678
1681400 675
1681410 671
1681420 667
1681430 664
1681440 661
1681450 658
1681460 655
1681470 652
1681480 649
1681490 646
1681500 644
1681510 641
1681520 637
1681530 635
1681540 632
1681550 630
1681560 628
1681570 627
1681580 627
1681590 627
1681600 627
1681610 627
1681620 627
1681630 626
1681640 625
1681650 624
1681660 622
1681670 620
1681680 617
1681690 613
1681700 609
1681710 605
1681720 601
1681730 597
1681740 593
1681750 589
1681760 585
1681770 581
1681780 579
1681790 577
1681800 576
1681810 575
1681820 574
1681830 573
1681840 572
1681850 572
1681860 571
1681870 570
1681880 569
1681890 568
1681900 567
1681910 566
1681920 565
1681930 564
1681940 563
1681950 562
1681960 561
1681970 558
1681980 557
1681990 556
1682000 555
1682010 554
1682020 553
1682030 552
1682040 551
1682050 550
1682060 549
1682070 548
1682080 547
1682090 545
1682100 544
1682110 542
1682120 540
1682130 538
1682140 536
1682150 533
1682160 529
1682170 526
1682180 523
1682190 520
1682200 518
1682210 516
1682220 511
1682230 507
1682240 504
1682250 503
1682260 503
1682270 503
1682280 505
1682290 506
1682300 506
1682310 507
1682320 508
1682330 509
1682340 509
1682350 510
1682360 511
1682370 511
1682380 512
1682390 513
1682400 514
1682410 515
1682420 515
1682430 516
1682440 517
1682450 517
1682460 518
1682470 520
1682480 522
1682490 525
1682500 529
1682510 532
1682520 535
1682530 538
1682540 542
1682550 545
1682560 548
1682570 552
1682580 555
1682590 558
1682600 562
1682610 565
1682620 567
1682630 570
1682640 572
1682650 575
1682660 578
1682670 580
1682680 583
1682690 586
1682700 589
1682710 592
1682720 594
1682730 597
1682740 600
1682750 602
1682760 605
1682770 607
1682780 610
1682790 613
1682800 615
1682810 617
1682820 619
1682830 621
1682840 623
1682850 625
1682860 627
1682870 629
1682880 631
1682890 633
1682900 635
1682910 636
1682920 638
1682930 640
1682940 642
1682950 644
1682960 645
1682970 647
1682980 648
1682990 649
1683000 651
1683010 652
1683020 653
1683030 654
1683040 656
1683050 657
1683060 658
1683070 658
1683080 658
1683090 659
1683100 659
1683110 658
1683120 658
1683130 658
1683140 657
1683150 656
1683160 654
1683170 653
1683180 652
1683190 651
1683200 650
1683210 649
1683220 648
1683230 648
1683240 648
1683250 647
1683260 647
1683270 647
1683280 647
1683290 647
1683300 647
1683310 647
1683320 647
1683330 647
1683340 648
1683350 648
1683360 648
1683370 648
1683380 648
1683390 649
1683400 649
1683410 649
1683420 649
1683430 649
1683440 649
1683450 649
1683460 650
1683470 650
1683480 650
1683490 650
1683500 650
1683510 650
1683520 651
1683530 651
1683540 651
1683550 651
1683560 652
1683570 652
1683580 653
1683590 653
1683600 653
1683610 653
1683620 653
1683630 653
1683640 653
1683650 653
1683660 652
1683670 652
1683680 651
1683690 650
1683700 649
1683710 648
1683720 646
1683730 645
1683740 644
1683750 642
1683760 641
1683770 640
1683780 638
1683790 637
1683800 635
1683810 634
1683820 633
1683830 631
1683840 628
1683850 626
1683860 624
1683870 624
1683880 628
1683890 630
1683900 631
1683910 632
1683920 633
1683930 635
1683940 636
1683950 637
1683960 638
1683970 640
1683980 641
1683990 642
1684000 643
1684010 645
1684020 646
1684030 648
1684040 649
1684050 650
1684060 651
1684070 652
1684080 654
1684090 655
1684100 656
1684110 657
1684120 658
1684130 659
1684140 660
1684150 661
1684160 662
1684170 663
1684180 663
1684190 664
1684200 665
1684210 666
1684220 667
1684230 668
1684240 669
1684250 669
1684260 670
1684270 671
1684280 673
1684290 674
1684300 674
1684310 675
1684320 676
1684330 677
1684340 679
1684350 680
1684360 681
1684370 682
1684380 683
1684390 684
1684400 685
1684410 686
1684420 687
1684430 688
1684440 689
1684450 690
1684460 691
1684470 693
1684480 694
1684490 696
1684500 697
1684510 699
1684520 701
1684530 703
1684540 704
1684550 706
1684560 707
1684570 708
1684580 709
1684590 710
1684600 712
1684610 714
1684620 717
1684630 720
1684640 723
1684650 726
1684660 730
1684670 732
1684680 735
1684690 738
1684700 741
1684710 743
1684720 746
1684730 748
1684740 749
1684750 749
1684760 750
1684770 750
1684780 751
1684790 751
1684800 751
1684810 752
1684820 752
1684830 752
1684840 753
1684850 753
1684860 752
1684870 751
1684880 750
1684890 750
1684900 749
1684910 749
1684920 749
1684930 749
1684940 749
1684950 749
1684960 749
1684970 750
1684980 751
1684990 752
1685000 752
1685010 753
1685020 754
1685030 755
1685040 755
1685050 756
1685060 757
1685070 758
1685080 759
1685090 760
1685100 761
1685110 762
1685120 763
1685130 763
1685140 764
1685150 763
1685160 761
1685170 758
1685180 754
1685190 750
1685200 746
1685210 741
1685220 737
1685230 734
1685240 733
1685250 732
1685260 732
1685270 733
1685280 733
1685290 735
1685300 736
1685310 737
1685320 739
1685330 741
1685340 742
1685350 744
1685360 745
1685370 747
1685380 748
1685390 749
1685400 750
1685410 751
1685420 752
1685430 753
1685440 754
1685450 754
1685460 755
1685470 756
1685480 757
1685490 758
1685500 759
1685510 760
1685520 761
1685530 761
1685540 762
1685550 763
1685560 764
1685570 765
1685580 767
1685590 768
1685600 769
1685610 770
1685620 771
1685630 771
1685640 771
1685650 769
1685660 768
1685670 766
1685680 764
1685690 760
1685700 757
1685710 752
1685720 747
1685730 742
1685740 738
1685750 733
1685760 728
1685770 723
1685780 718
1685790 713
1685800 708
1685810 703
1685820 698
1685830 693
1685840 689
1685850 684
1685860 679
1685870 675
1685880 671
1685890 667
1685900 663
1685910 660
1685920 656
1685930 653
1685940 650
1685950 647
1685960 644
1685970 641
1685980 638
1685990 635
1686000 632
1686010 629
1686020 626
1686030 623
1686040 619
1686050 616
1686060 612
1686070 607
1686080 602
1686090 597
1686100 593
1686110 590
1686120 588
1686130 587
1686140 585
1686150 582
1686160 579
1686170 576
1686180 574
1686190 571
1686200 568
1686210 566
1686220 564
1686230 562
1686240 560
1686250 559
1686260 559
1686270 558
1686280 558
1686290 559
1686300 559
1686310 560
1686320 560
1686330 561
1686340 561
1686350 560
1686360 560
1686370 560
1686380 559
1686390 558
1686400 557
1686410 556
1686420 554
1686430 552
1686440 551
1686450 551
1686460 550
1686470 550
1686480 549
1686490 548
1686500 546
1686510 545
1686520 543
1686530 542
1686540 541
1686550 540
1686560 539
1686570 538
1686580 536
1686590 535
1686600 534
1686610 533
1686620 533
1686630 532
1686640 532
1686650 531
1686660 530
1686670 529
1686680 527
1686690 525
1686700 523
1686710 521
1686720 521
1686730 521
1686740 524
1686750 526
1686760 529
1686770 531
1686780 534
1686790 536
1686800 538
1686810 539
1686820 540
1686830 541
1686840 541
1686850 540
1686860 538
1686870 538
1686880 538
1686890 538
1686900 539
1686910 540
1686920 542
1686930 543
1686940 544
1686950 546
1686960 547
1686970 546
1686980 542
1686990 541
1687000 542
1687010 544
1687020 547
1687030 550
1687040 552
1687050 554
1687060 556
1687070 557
1687080 558
1687090 558
1687100 559
1687110 558
1687120 558
1687130 558
1687140 558
1687150 558
1687160 558
1687170 559
1687180 560
1687190 562
1687200 563
1687210 564
1687220 564
1687230 563
1687240 560
1687250 554
1687260 548
1687270 542
1687280 537
1687290 535
1687300 533
1687310 535
1687320 533
1687330 531
1687340 528
1687350 527
1687360 527
1687370 525
1687380 523
1687390 521
1687400 518
1687410 515
1687420 512
1687430 509
1687440 506
1687450 502
1687460 498
1687470 494
1687480 490
1687490 486
1687500 482
1687510 478
1687520 473
1687530 470
1687540 467
1687550 464
1687560 463
1687570 461
1687580 460
1687590 459
1687600 458
1687610 457
1687620 457
1687630 456
1687640 454
1687650 452
1687660 450
1687670 448
1687680 445
1687690 443
1687700 440
1687710 437
1687720 433
1687730 428
1687740 424
1687750 420
1687760 415
1687770 410
1687780 406
1687790 402
1687800 399
1687810 396
1687820 394
1687830 391
1687840 389
1687850 387
1687860 385
1687870 383
1687880 381
1687890 379
1687900 377
1687910 375
1687920 373
1687930 371
1687940 368
1687950 365
1687960 363
1687970 361
1687980 361
1687990 361
1688000 361
1688010 360
1688020 359
1688030 359
1688040 359
1688050 358
1688060 358
1688070 358
1688080 358
1688090 359
1688100 359
1688110 360
1688120 360
1688130 360
1688140 360
1688150 359
1688160 359
1688170 359
1688180 359
1688190 359
1688200 358
1688210 357
1688220 356
1688230 356
1688240 356
1688250 356
1688260 357
1688270 358
1688280 359
1688290 360
1688300 360
1688310 361
1688320 361
1688330 361
1688340 361
1688350 362
1688360 363
1688370 364
1688380 366
1688390 368
1688400 370
1688410 372
1688420 375
1688430 377
1688440 379
1688450 381
1688460 382
1688470 384
1688480 385
1688490 386
1688500 388
1688510 390
1688520 391
1688530 391
1688540 391
1688550 390
1688560 390
1688570 391
1688580 392
1688590 393
1688600 395
1688610 396
1688620 397
1688630 398
1688640 399
1688650 402
1688660 405
1688670 409
1688680 413
1688690 416
1688700 419
1688710 423
1688720 426
1688730 428
1688740 430
1688750 433
1688760 436
1688770 439
1688780 440
1688790 441
1688800 441
1688810 441
1688820 442
1688830 442
1688840 442
1688850 443
1688860 444
1688870 444
1688880 445
1688890 445
1688900 447
1688910 449
1688920 453
1688930 459
1688940 465
1688950 471
1688960 477
1688970 481
1688980 484
1688990 488
1689000 492
1689010 497
1689020 501
1689030 504
1689040 507
1689050 510
1689060 513
1689070 517
1689080 522
1689090 527
1689100 532
1689110 535
1689120 539
1689130 542
1689140 548
1689150 553
1689160 558
1689170 563
1689180 567
1689190 572
1689200 576
1689210 581
1689220 586
1689230 589
1689240 589
1689250 587
1689260 585
1689270 582
1689280 579
1689290 579
1689300 579
1689310 580
1689320 580
1689330 580
1689340 579
1689350 578
1689360 578
1689370 577
1689380 576
1689390 575
1689400 574
1689410 574
1689420 574
1689430 574
1689440 574
1689450 575
1689460 576
1689470 580
1689480 581
1689490 582
1689500 583
1689510 584
1689520 585
1689530 586
1689540 588
1689550 590
1689560 591
1689570 591
1689580 591
1689590 591
1689600 592
1689610 592
1689620 593
1689630 595
1689640 597
1689650 599
1689660 602
1689670 604
1689680 606
1689690 607
1689700 608
1689710 609
1689720 612
1689730 614
1689740 615
1689750 618
1689760 621
1689770 624
1689780 626
1689790 628
1689800 629
1689810 630
1689820 630
1689830 631
1689840 632
1689850 632
1689860 632
1689870 632
1689880 633
1689890 634
1689900 633
1689910 633
1689920 632
1689930 632
1689940 632
1689950 631
1689960 631
1689970 631
1689980 631
1689990 631
1690000 631
1690010 631
1690020 632
1690030 632
1690040 633
1690050 634
1690060 635
1690070 636
1690080 637
1690090 639
1690100 640
1690110 641
1690120 642
1690130 642
1690140 643
1690150 643
1690160 642
1690170 642
1690180 641
1690190 640
1690200 639
1690210 639
1690220 638
1690230 637
1690240 636
1690250 635
1690260 634
1690270 633
1690280 632
1690290 631
1690300 630
1690310 629
1690320 628
1690330 627
1690340 626
1690350 625
1690360 623
1690370 620
1690380 618
1690390 615
1690400 613
1690410 610
1690420 608
1690430 606
1690440 604
1690450 601
1690460 599
1690470 596
1690480 594
1690490 592
1690500 590
1690510 589
1690520 588
1690530 588
1690540 588
1690550 589
1690560 589
1690570 590
1690580 591
1690590 592
1690600 593
1690610 594
1690620 595
1690630 596
1690640 597
1690650 599
1690660 600
1690670 601
1690680 601
1690690 603
1690700 604
1690710 605
1690720 606
1690730 607
1690740 608
1690750 609
1690760 609
1690770 610
1690780 611
1690790 611
1690800 611
1690810 610
1690820 610
1690830 610
1690840 610
1690850 610
1690860 609
1690870 608
1690880 607
1690890 605
1690900 603
1690910 601
1690920 600
1690930 598
1690940 598
1690950 597
1690960 598
1690970 598
1690980 598
1690990 596
1691000 595
1691010 594
1691020 593
1691030 591
1691040 589
1691050 587
1691060 584
1691070 581
1691080 577
1691090 573
1691100 568
1691110 563
1691120 559
1691130 554
1691140 549
1691150 543
1691160 539
1691170 534
1691180 530
1691190 527
1691200 525
1691210 524
1691220 523
1691230 523
1691240 522
1691250 522
1691260 521
1691270 521
1691280 522
1691290 522
1691300 522
1691310 522
1691320 522
1691330 522
1691340 522
1691350 523
1691360 523
1691370 523
1691380 523
1691390 523
1691400 523
1691410 524
1691420 524
1691430 524
1691440 524
1691450 524
1691460 524
1691470 524
1691480 525
1691490 525
1691500 525
1691510 526
1691520 526
1691530 527
1691540 528
1691550 528
1691560 529
1691570 530
1691580 530
1691590 531
1691600 531
1691610 532
1691620 532
1691630 533
1691640 533
1691650 533
1691660 534
1691670 533
1691680 532
1691690 528
1691700 523
1691710 517
1691720 511
1691730 505
1691740 500
1691750 495
1691760 489
1691770 484
1691780 478
1691790 472
1691800 467
1691810 461
1691820 456
1691830 450
1691840 445
1691850 440
1691860 435
1691870 431
1691880 426
1691890 422
1691900 419
1691910 414
1691920 410
1691930 406
1691940 404
1691950 403
1691960 401
1691970 401
1691980 400
1691990 399
1692000 399
1692010 398
1692020 399
1692030 401
1692040 403
1692050 406
1692060 410
1692070 414
1692080 418
1692090 422
1692100 425
1692110 429
1692120 432
1692130 437
1692140 441
1692150 445
1692160 449
1692170 453
1692180 456
1692190 460
1692200 464
1692210 466
1692220 469
1692230 471
1692240 473
1692250 475
1692260 476
1692270 478
1692280 479
1692290 480
1692300 482
1692310 483
1692320 484
1692330 485
1692340 486
1692350 487
1692360 487
1692370 488
1692380 488
1692390 489
1692400 489
1692410 489
1692420 490
1692430 490
1692440 490
1692450 491
1692460 491
1692470 491
1692480 491
1692490 489
1692500 487
1692510 484
1692520 480
1692530 476
1692540 473
1692550 469
1692560 465
1692570 462
1692580 458
1692590 454
1692600 450
1692610 447
1692620 442
1692630 438
1692640 433
1692650 429
1692660 425
1692670 421
1692680 418
1692690 414
1692700 410
1692710 406
1692720 402
1692730 399
1692740 397
1692750 396
1692760 396
1692770 396
1692780 395
1692790 396
1692800 397
1692810 397
1692820 398
1692830 398
1692840 399
1692850 400
1692860 401
1692870 403
1692880 405
1692890 409
1692900 413
1692910 417
1692920 421
1692930 425
1692940 429
1692950 433
1692960 438
1692970 442
1692980 447
1692990 452
1693000 457
1693010 461
1693020 466
1693030 471
1693040 475
1693050 480
1693060 486
1693070 491
1693080 496
1693090 500
1693100 505
1693110 509
1693120 513
1693130 517
1693140 521
1693150 526
1693160 531
1693170 537
1693180 543
1693190 549
1693200 554
1693210 557
1693220 560
1693230 562
1693240 565
1693250 568
1693260 572
1693270 575
1693280 578
1693290 582
1693300 585
1693310 588
1693320 592
1693330 598
1693340 603
1693350 606
1693360 608
1693370 610
1693380 612
1693390 614
1693400 615
1693410 615
1693420 615
1693430 616
1693440 616
1693450 616
1693460 615
1693470 616
1693480 617
1693490 618
1693500 619
1693510 621
1693520 623
1693530 625
1693540 627
1693550 629
1693560 630
1693570 632
1693580 633
1693590 636
1693600 639
1693610 642
1693620 644
1693630 646
1693640 647
1693650 647
1693660 647
1693670 647
1693680 647
1693690 647
1693700 647
1693710 647
1693720 647
1693730 646
1693740 645
1693750 645
1693760 645
1693770 645
1693780 645
1693790 645
1693800 644
1693810 644
1693820 644
1693830 643
1693840 641
1693850 638
1693860 635
1693870 633
1693880 631
1693890 629
1693900 628
1693910 629
1693920 631
1693930 635
1693940 638
1693950 640
1693960 643
1693970 645
1693980 647
1693990 649
1694000 651
1694010 653
1694020 654
1694030 655
1694040 654
1694050 653
1694060 652
1694070 651
1694080 651
1694090 651
1694100 651
1694110 652
1694120 653
1694130 653
1694140 653
1694150 652
1694160 651
1694170 652
1694180 654
1694190 657
1694200 659
1694210 662
1694220 664
1694230 668
1694240 672
1694250 676
1694260 682
1694270 687
1694280 691
1694290 693
1694300 694
1694310 693
1694320 692
1694330 690
1694340 687
1694350 683
1694360 678
1694370 673
1694380 668
1694390 663
1694400 658
1694410 654
1694420 650
1694430 645
1694440 640
1694450 635
1694460 630
1694470 626
1694480 620
1694490 615
1694500 610
1694510 606
1694520 601
1694530 597
1694540 594
1694550 590
1694560 587
1694570 583
1694580 580
1694590 576
1694600 572
1694610 568
1694620 565
1694630 561
1694640 558
1694650 555
1694660 551
1694670 548
1694680 545
1694690 542
1694700 538
1694710 535
1694720 532
1694730 531
1694740 531
1694750 530
1694760 528
1694770 526
1694780 523
1694790 520
1694800 517
1694810 512
1694820 508
1694830 502
1694840 497
1694850 497
1694860 499
1694870 504
1694880 510
1694890 516
1694900 525
1694910 532
1694920 538
1694930 540
1694940 542
1694950 544
1694960 545
1694970 551
1694980 558
1694990 569
1695000 575
1695010 578
1695020 580
1695030 582
1695040 584
1695050 586
1695060 586
1695070 587
1695080 588
1695090 589
1695100 591
1695110 592
1695120 595
1695130 599
1695140 606
1695150 608
1695160 610
1695170 611
1695180 612
1695190 614
1695200 616
1695210 621
1695220 625
1695230 629
1695240 632
1695250 636
1695260 639
1695270 641
1695280 643
1695290 644
1695300 647
1695310 650
1695320 652
1695330 654
1695340 656
1695350 659
1695360 661
1695370 663
1695380 666
1695390 668
1695400 670
1695410 673
1695420 675
1695430 677
1695440 679
1695450 682
1695460 684
1695470 686
1695480 689
1695490 691
1695500 693
1695510 696
1695520 698
1695530 700
1695540 702
1695550 705
1695560 709
1695570 713
1695580 717
1695590 720
1695600 724
1695610 727
1695620 730
1695630 734
1695640 737
1695650 741
1695660 744
1695670 747
1695680 750
1695690 753
1695700 756
1695710 759
1695720 762
1695730 765
1695740 769
1695750 772
1695760 775
1695770 778
1695780 780
1695790 782
1695800 784
1695810 785
1695820 787
1695830 789
1695840 791
1695850 793
1695860 795
1695870 797
1695880 798
1695890 799
1695900 800
1695910 801
1695920 802
1695930 803
1695940 804
1695950 805
1695960 805
1695970 805
1695980 805
1695990 806
1696000 807
1696010 807
1696020 808
1696030 807
1696040 808
1696050 812
1696060 815
1696070 818
1696080 818
1696090 817
1696100 815
1696110 813
1696120 810
1696130 806
1696140 802
1696150 797
1696160 793
1696170 789
1696180 785
1696190 780
1696200 776
1696210 771
1696220 767
1696230 763
1696240 759
1696250 755
1696260 751
1696270 747
1696280 742
1696290 738
1696300 734
1696310 729
1696320 725
1696330 721
1696340 716
1696350 712
1696360 707
1696370 703
1696380 699
1696390 694
1696400 689
1696410 685
1696420 681
1696430 677
1696440 674
1696450 672
1696460 670
1696470 668
1696480 665
1696490 664
1696500 664
1696510 666
1696520 668
1696530 669
1696540 671
1696550 674
1696560 677
1696570 679
1696580 681
1696590 683
1696600 685
1696610 688
1696620 690
1696630 692
1696640 695
1696650 698
1696660 702
1696670 705
1696680 708
1696690 711
1696700 715
1696710 719
1696720 723
1696730 727
1696740 732
1696750 736
1696760 741
1696770 747
1696780 753
1696790 759
1696800 763
1696810 767
1696820 769
1696830 771
1696840 773
1696850 775
1696860 777
1696870 779
1696880 781
1696890 783
1696900 785
1696910 787
1696920 789
1696930 791
1696940 792
1696950 793
1696960 795
1696970 796
1696980 798
1696990 799
1697000 801
1697010 802
1697020 803
1697030 804
1697040 805
1697050 807
1697060 808
1697070 808
1697080 808
1697090 807
1697100 806
1697110 805
1697120 804
1697130 803
1697140 802
1697150 800
1697160 798
1697170 796
1697180 794
1697190 791
1697200 788
1697210 786
1697220 783
1697230 780
1697240 778
1697250 775
1697260 774
1697270 773
1697280 772
1697290 773
1697300 774
1697310 775
1697320 776
1697330 777
1697340 779
1697350 780
1697360 781
1697370 782
1697380 783
1697390 784
1697400 785
1697410 786
1697420 786
1697430 787
1697440 787
1697450 787
1697460 787
1697470 787
1697480 787
1697490 787
1697500 788
1697510 788
1697520 788
1697530 788
1697540 787
1697550 786
1697560 785
1697570 784
1697580 783
1697590 782
1697600 781
1697610 780
1697620 779
1697630 777
1697640 776
1697650 775
1697660 774
1697670 774
1697680 773
1697690 773
1697700 773
1697710 772
1697720 772
1697730 772
1697740 772
1697750 772
1697760 772
1697770 772
1697780 772
1697790 772
1697800 772
1697810 772
1697820 771
1697830 770
1697840 768
1697850 767
1697860 765
1697870 764
1697880 765
1697890 767
1697900 767
1697910 768
1697920 768
1697930 769
1697940 771
1697950 772
1697960 773
1697970 775
1697980 776
1697990 778
1698000 780
1698010 781
1698020 783
1698030 784
1698040 786
1698050 787
1698060 788
1698070 789
1698080 790
1698090 791
1698100 793
1698110 794
1698120 796
1698130 797
1698140 799
1698150 800
1698160 801
1698170 802
1698180 803
1698190 804
1698200 804
1698210 805
1698220 805
1698230 805
1698240 806
1698250 806
1698260 806
1698270 806
1698280 806
1698290 806
1698300 806
1698310 805
1698320 805
1698330 805
1698340 805
1698350 805
1698360 804
1698370 804
1698380 804
1698390 803
1698400 803
1698410 802
1698420 802
1698430 801
1698440 801
1698450 800
1698460 800
1698470 799
1698480 798
1698490 798
1698500 797
1698510 796
1698520 795
1698530 794
1698540 793
1698550 792
1698560 790
1698570 789
1698580 787
1698590 785
1698600 783
1698610 782
1698620 780
1698630 778
1698640 777
1698650 776
1698660 774
1698670 773
1698680 771
1698690 769
1698700 768
1698710 766
1698720 764
1698730 762
1698740 760
1698750 758
1698760 756
1698770 754
1698780 751
1698790 747
1698800 744
1698810 741
1698820 739
1698830 737
1698840 735
1698850 734
1698860 733
1698870 732
1698880 731
1698890 730
1698900 729
1698910 728
1698920 728
1698930 727
1698940 727
1698950 727
1698960 727
1698970 727
1698980 727
1698990 727
1699000 727
1699010 727
1699020 728
1699030 729
1699040 730
1699050 731
1699060 732
1699070 733
1699080 734
1699090 735
1699100 736
1699110 736
1699120 737
1699130 737
1699140 737
1699150 736
1699160 736
1699170 735
1699180 733
1699190 731
1699200 729
1699210 727
1699220 724
1699230 722
1699240 720
1699250 719
1699260 718
1699270 717
1699280 716
1699290 715
1699300 714
1699310 714
1699320 713
1699330 713
1699340 712
1699350 712
1699360 711
1699370 710
1699380 710
1699390 709
1699400 709
1699410 708
1699420 708
1699430 707
1699440 707
1699450 707
1699460 706
1699470 706
1699480 706
1699490 705
1699500 703
1699510 702
1699520 702
1699530 701
1699540 700
1699550 700
1699560 699
1699570 698
1699580 698
1699590 697
1699600 697
1699610 696
1699620 696
1699630 695
1699640 694
1699650 693
1699660 692
1699670 691
1699680 690
1699690 688
1699700 686
1699710 683
1699720 680
1699730 677
1699740 674
1699750 671
1699760 669
1699770 666
1699780 664
1699790 662
1699800 660
1699810 658
1699820 656
1699830 654
1699840 652
1699850 649
1699860 647
1699870 645
1699880 643
1699890 642
1699900 641
1699910 641
1699920 641
1699930 642
1699940 644
1699950 647
1699960 649
1699970 652
1699980 653
1699990 655
