1680000 666
1680010 665
1680020 665
1680030 665
1680040 665
1680050 665
1680060 666
1680070 666
1680080 666
1680090 667
1680100 667
1680110 668
1680120 669
1680130 669
1680140 670
1680150 671
1680160 671
1680170 672
1680180 673
1680190 674
1680200 675
1680210 676
1680220 676
1680230 677
1680240 678
1680250 679
1680260 680
1680270 680
1680280 681
1680290 682
1680300 683
1680310 684
1680320 685
1680330 686
1680340 686
1680350 687
1680360 688
1680370 689
1680380 690
1680390 691
1680400 692
1680410 693
1680420 694
1680430 695
1680440 696
1680450 697
1680460 698
1680470 699
1680480 701
1680490 702
1680500 703
1680510 704
1680520 705
1680530 706
1680540 707
1680550 708
1680560 708
1680570 708
1680580 707
1680590 706
1680600 706
1680610 708
1680620 709
1680630 711
1680640 712
1680650 713
1680660 715
1680670 715
1680680 716
1680690 716
1680700 717
1680710 719
1680720 721
1680730 724
1680740 726
1680750 727
1680760 729
1680770 730
1680780 732
1680790 733
1680800 734
1680810 735
1680820 736
1680830 737
1680840 737
1680850 738
1680860 738
1680870 739
1680880 739
1680890 739
1680900 739
1680910 739
1680920 738
1680930 738
1680940 737
1680950 737
1680960 736
1680970 734
1680980 732
1680990 730
1681000 727
1681010 725
1681020 723
1681030 721
1681040 721
1681050 720
1681060 720
1681070 719
1681080 719
1681090 719
1681100 719
1681110 718
1681120 718
1681130 718
1681140 718
1681150 718
1681160 718
1681170 718
1681180 719
1681190 719
1681200 720
1681210 721
1681220 723
1681230 724
1681240 726
1681250 727
1681260 729
1681270 731
1681280 733
1681290 735
1681300 736
1681310 738
1681320 740
1681330 743
1681340 747
1681350 751
1681360 755
1681370 758
1681380 761
1681390 763
1681400 765
1681410 766
1681420 767
1681430 768
1681440 768
1681450 768
1681460 768
1681470 768
1681480 768
1681490 768
1681500 767
1681510 767
1681520 766
1681530 765
1681540 763
1681550 761
1681560 759
1681570 757
1681580 755
1681590 754
1681600 752
1681610 751
1681620 752
1681630 753
1681640 754
1681650 756
1681660 757
1681670 759
1681680 761
1681690 762
1681700 764
1681710 766
1681720 767
1681730 768
1681740 770
1681750 771
1681760 772
1681770 773
1681780 774
1681790 775
1681800 776
1681810 777
1681820 778
1681830 779
1681840 780
1681850 781
1681860 782
1681870 783
1681880 783
1681890 784
1681900 785
1681910 785
1681920 786
1681930 787
1681940 788
1681950 788
1681960 789
1681970 789
1681980 789
1681990 789
1682000 789
1682010 789
1682020 789
1682030 788
1682040 785
1682050 782
1682060 779
1682070 776
1682080 773
1682090 770
1682100 766
1682110 763
1682120 759
1682130 756
1682140 752
1682150 749
1682160 747
1682170 744
1682180 742
1682190 740
1682200 739
1682210 740
1682220 742
1682230 743
1682240 745
1682250 746
1682260 747
1682270 749
1682280 750
1682290 751
1682300 751
1682310 751
1682320 751
1682330 750
1682340 750
1682350 749
1682360 748
1682370 746
1682380 744
1682390 742
1682400 739
1682410 735
1682420 731
1682430 729
1682440 728
1682450 728
1682460 727
1682470 726
1682480 725
1682490 724
1682500 726
1682510 728
1682520 731
1682530 734
1682540 736
1682550 738
1682560 740
1682570 743
1682580 745
1682590 747
1682600 749
1682610 751
1682620 753
1682630 755
1682640 757
1682650 759
1682660 761
1682670 763
1682680 764
1682690 766
1682700 768
1682710 769
1682720 770
1682730 772
1682740 772
1682750 773
1682760 773
1682770 774
1682780 774
1682790 775
1682800 776
1682810 776
1682820 776
1682830 777
1682840 777
1682850 778
1682860 778
1682870 779
1682880 779
1682890 779
1682900 780
1682910 780
1682920 781
1682930 781
1682940 781
1682950 781
1682960 781
1682970 781
1682980 782
1682990 782
1683000 782
1683010 782
1683020 782
1683030 783
1683040 783
1683050 783
1683060 783
1683070 783
1683080 784
1683090 784
1683100 784
1683110 784
1683120 784
1683130 784
1683140 784
1683150 784
1683160 784
1683170 784
1683180 784
1683190 783
1683200 783
1683210 783
1683220 783
1683230 783
1683240 782
1683250 782
1683260 782
1683270 781
1683280 781
1683290 781
1683300 780
1683310 779
1683320 779
1683330 778
1683340 778
1683350 778
1683360 777
1683370 777
1683380 777
1683390 776
1683400 775
1683410 774
1683420 773
1683430 773
1683440 772
1683450 771
1683460 770
1683470 769
1683480 768
1683490 767
1683500 766
1683510 765
1683520 764
1683530 763
1683540 762
1683550 761
1683560 759
1683570 758
1683580 757
1683590 756
1683600 754
1683610 753
1683620 752
1683630 751
1683640 751
1683650 750
1683660 749
1683670 748
1683680 747
1683690 745
1683700 744
1683710 743
1683720 742
1683730 740
1683740 739
1683750 737
1683760 735
1683770 733
1683780 731
1683790 729
1683800 728
1683810 726
1683820 724
1683830 723
1683840 721
1683850 720
1683860 718
1683870 717
1683880 717
1683890 717
1683900 717
1683910 717
1683920 717
1683930 717
1683940 717
1683950 717
1683960 717
1683970 717
1683980 717
1683990 718
1684000 719
1684010 720
1684020 721
1684030 722
1684040 724
1684050 725
1684060 726
1684070 727
1684080 729
1684090 731
1684100 733
1684110 734
1684120 735
1684130 736
1684140 737
1684150 739
1684160 740
1684170 741
1684180 742
1684190 742
1684200 744
1684210 745
1684220 747
1684230 748
1684240 749
1684250 749
1684260 749
1684270 749
1684280 748
1684290 746
1684300 745
1684310 743
1684320 740
1684330 738
1684340 735
1684350 732
1684360 729
1684370 727
1684380 724
1684390 720
1684400 717
1684410 714
1684420 710
1684430 706
1684440 702
1684450 698
1684460 696
1684470 693
1684480 691
1684490 689
1684500 686
1684510 684
1684520 680
1684530 678
1684540 676
1684550 673
1684560 671
1684570 669
1684580 668
1684590 666
1684600 665
1684610 664
1684620 663
1684630 662
1684640 663
1684650 666
1684660 669
1684670 673
1684680 676
1684690 679
1684700 682
1684710 684
1684720 687
1684730 690
1684740 692
1684750 695
1684760 697
1684770 700
1684780 702
1684790 704
1684800 706
1684810 709
1684820 711
1684830 713
1684840 715
1684850 717
1684860 719
1684870 720
1684880 721
1684890 723
1684900 723
1684910 724
1684920 724
1684930 723
1684940 722
1684950 720
1684960 719
1684970 717
1684980 714
1684990 712
1685000 709
1685010 705
1685020 701
1685030 697
1685040 693
1685050 688
1685060 684
1685070 680
1685080 676
1685090 672
1685100 668
1685110 664
1685120 659
1685130 655
1685140 651
1685150 648
1685160 647
1685170 647
1685180 647
1685190 646
1685200 645
1685210 643
1685220 641
1685230 640
1685240 639
1685250 638
1685260 637
1685270 636
1685280 636
1685290 635
1685300 635
1685310 635
1685320 636
1685330 637
1685340 639
1685350 641
1685360 643
1685370 646
1685380 649
1685390 652
1685400 655
1685410 658
1685420 661
1685430 664
1685440 666
1685450 669
1685460 672
1685470 674
1685480 677
1685490 679
1685500 681
1685510 684
1685520 686
1685530 688
1685540 690
1685550 692
1685560 694
1685570 696
1685580 697
1685590 699
1685600 701
1685610 703
1685620 705
1685630 706
1685640 708
1685650 710
1685660 712
1685670 714
1685680 716
1685690 717
1685700 719
1685710 721
1685720 722
1685730 724
1685740 725
1685750 726
1685760 727
1685770 729
1685780 730
1685790 731
1685800 732
1685810 733
1685820 734
1685830 735
1685840 735
1685850 736
1685860 737
1685870 738
1685880 739
1685890 740
1685900 740
1685910 741
1685920 742
1685930 742
1685940 743
1685950 743
1685960 744
1685970 744
1685980 744
1685990 744
1686000 744
1686010 744
1686020 744
1686030 743
1686040 743
1686050 743
1686060 742
1686070 742
1686080 741
1686090 741
1686100 740
1686110 740
1686120 739
1686130 739
1686140 739
1686150 739
1686160 738
1686170 738
1686180 737
1686190 736
1686200 736
1686210 735
1686220 734
1686230 733
1686240 731
1686250 730
1686260 729
1686270 727
1686280 726
1686290 725
1686300 722
1686310 720
1686320 718
1686330 717
1686340 714
1686350 712
1686360 710
1686370 707
1686380 705
1686390 702
1686400 700
1686410 697
1686420 695
1686430 693
1686440 691
1686450 689
1686460 688
1686470 688
1686480 687
1686490 687
1686500 687
1686510 686
1686520 685
1686530 684
1686540 683
1686550 682
1686560 680
1686570 677
1686580 674
1686590 673
1686600 671
1686610 671
1686620 670
1686630 669
1686640 668
1686650 668
1686660 667
1686670 666
1686680 665
1686690 665
1686700 665
1686710 666
1686720 666
1686730 667
1686740 668
1686750 669
1686760 669
1686770 670
1686780 671
1686790 671
1686800 672
1686810 673
1686820 673
1686830 674
1686840 674
1686850 674
1686860 675
1686870 675
1686880 675
1686890 676
1686900 677
1686910 678
1686920 679
1686930 680
1686940 681
1686950 681
1686960 682
1686970 682
1686980 683
1686990 683
1687000 684
1687010 684
1687020 683
1687030 683
1687040 682
1687050 682
1687060 681
1687070 681
1687080 681
1687090 680
1687100 680
1687110 679
1687120 678
1687130 677
1687140 676
1687150 676
1687160 676
1687170 676
1687180 676
1687190 676
1687200 676
1687210 676
1687220 675
1687230 675
1687240 675
1687250 676
1687260 676
1687270 675
1687280 675
1687290 675
1687300 675
1687310 675
1687320 675
1687330 675
1687340 675
1687350 675
1687360 676
1687370 676
1687380 678
1687390 679
1687400 681
1687410 682
1687420 684
1687430 685
1687440 686
1687450 687
1687460 688
1687470 689
1687480 690
1687490 691
1687500 693
1687510 694
1687520 695
1687530 696
1687540 698
1687550 699
1687560 700
1687570 702
1687580 703
1687590 705
1687600 705
1687610 706
1687620 706
1687630 705
1687640 705
1687650 704
1687660 703
1687670 702
1687680 701
1687690 701
1687700 700
1687710 700
1687720 698
1687730 697
1687740 696
1687750 696
1687760 695
1687770 695
1687780 695
1687790 694
1687800 694
1687810 693
1687820 693
1687830 692
1687840 691
1687850 690
1687860 689
1687870 688
1687880 688
1687890 687
1687900 686
1687910 686
1687920 685
1687930 684
1687940 683
1687950 682
1687960 681
1687970 679
1687980 678
1687990 676
1688000 674
1688010 673
1688020 672
1688030 671
1688040 671
1688050 670
1688060 669
1688070 667
1688080 667
1688090 666
1688100 664
1688110 663
1688120 662
1688130 661
1688140 659
1688150 657
1688160 655
1688170 652
1688180 648
1688190 644
1688200 639
1688210 635
1688220 631
1688230 627
1688240 624
1688250 620
1688260 616
1688270 612
1688280 607
1688290 603
1688300 599
1688310 595
1688320 591
1688330 588
1688340 585
1688350 582
1688360 580
1688370 577
1688380 575
1688390 573
1688400 571
1688410 570
1688420 568
1688430 566
1688440 564
1688450 562
1688460 560
1688470 558
1688480 556
1688490 553
1688500 550
1688510 547
1688520 544
1688530 540
1688540 537
1688550 533
1688560 528
1688570 524
1688580 519
1688590 515
1688600 511
1688610 507
1688620 504
1688630 500
1688640 497
1688650 493
1688660 489
1688670 484
1688680 481
1688690 476
1688700 472
1688710 467
1688720 463
1688730 461
1688740 460
1688750 459
1688760 458
1688770 458
1688780 457
1688790 457
1688800 455
1688810 453
1688820 450
1688830 446
1688840 443
1688850 439
1688860 437
1688870 435
1688880 433
1688890 430
1688900 427
1688910 424
1688920 424
1688930 423
1688940 422
1688950 420
1688960 418
1688970 417
1688980 416
1688990 415
1689000 415
1689010 415
1689020 415
1689030 415
1689040 414
1689050 412
1689060 410
1689070 407
1689080 405
1689090 404
1689100 402
1689110 401
1689120 401
1689130 400
1689140 401
1689150 401
1689160 403
1689170 403
1689180 403
1689190 400
1689200 398
1689210 397
1689220 397
1689230 395
1689240 393
1689250 390
1689260 387
1689270 384
1689280 382
1689290 381
1689300 379
1689310 378
1689320 377
1689330 375
1689340 374
1689350 373
1689360 373
1689370 372
1689380 371
1689390 370
1689400 370
1689410 369
1689420 367
1689430 364
1689440 361
1689450 359
1689460 360
1689470 361
1689480 361
1689490 361
1689500 361
1689510 361
1689520 361
1689530 361
1689540 361
1689550 361
1689560 361
1689570 361
1689580 361
1689590 361
1689600 358
1689610 353
1689620 350
1689630 349
1689640 348
1689650 348
1689660 347
1689670 344
1689680 343
1689690 342
1689700 342
1689710 343
1689720 345
1689730 346
1689740 347
1689750 348
1689760 349
1689770 351
1689780 352
1689790 353
1689800 354
1689810 355
1689820 357
1689830 358
1689840 358
1689850 359
1689860 360
1689870 361
1689880 362
1689890 364
1689900 365
1689910 367
1689920 369
1689930 370
1689940 373
1689950 375
1689960 379
1689970 383
1689980 384
1689990 386
1690000 387
1690010 388
1690020 387
1690030 385
1690040 384
1690050 384
1690060 385
1690070 386
1690080 386
1690090 386
1690100 386
1690110 387
1690120 388
1690130 389
1690140 391
1690150 392
1690160 394
1690170 396
1690180 398
1690190 400
1690200 402
1690210 404
1690220 407
1690230 409
1690240 411
1690250 414
1690260 416
1690270 418
1690280 420
1690290 422
1690300 423
1690310 425
1690320 426
1690330 426
1690340 426
1690350 426
1690360 425
1690370 425
1690380 424
1690390 424
1690400 423
1690410 421
1690420 420
1690430 419
1690440 419
1690450 419
1690460 418
1690470 418
1690480 418
1690490 419
1690500 419
1690510 420
1690520 420
1690530 421
1690540 422
1690550 423
1690560 423
1690570 423
1690580 422
1690590 420
1690600 418
1690610 416
1690620 413
1690630 410
1690640 409
1690650 407
1690660 405
1690670 403
1690680 402
1690690 400
1690700 398
1690710 395
1690720 392
1690730 389
1690740 387
1690750 386
1690760 385
1690770 384
1690780 384
1690790 383
1690800 383
1690810 383
1690820 383
1690830 382
1690840 381
1690850 380
1690860 380
1690870 380
1690880 382
1690890 386
1690900 390
1690910 392
1690920 394
1690930 396
1690940 399
1690950 402
1690960 406
1690970 409
1690980 413
1690990 416
1691000 419
1691010 422
1691020 425
1691030 429
1691040 432
1691050 435
1691060 438
1691070 440
1691080 443
1691090 445
1691100 448
1691110 450
1691120 452
1691130 454
1691140 456
1691150 458
1691160 459
1691170 460
1691180 460
1691190 461
1691200 462
1691210 462
1691220 461
1691230 461
1691240 460
1691250 461
1691260 463
1691270 465
1691280 468
1691290 472
1691300 475
1691310 480
1691320 484
1691330 488
1691340 492
1691350 496
1691360 499
1691370 503
1691380 506
1691390 509
1691400 512
1691410 515
1691420 517
1691430 519
1691440 519
1691450 519
1691460 518
1691470 517
1691480 515
1691490 514
1691500 512
1691510 510
1691520 508
1691530 506
1691540 505
1691550 504
1691560 506
1691570 507
1691580 509
1691590 511
1691600 512
1691610 513
1691620 514
1691630 515
1691640 516
1691650 517
1691660 518
1691670 520
1691680 521
1691690 522
1691700 522
1691710 523
1691720 525
1691730 529
1691740 532
1691750 534
1691760 537
1691770 540
1691780 544
1691790 547
1691800 550
1691810 553
1691820 555
1691830 558
1691840 561
1691850 564
1691860 566
1691870 569
1691880 571
1691890 573
1691900 575
1691910 577
1691920 580
1691930 582
1691940 584
1691950 585
1691960 586
1691970 587
1691980 586
1691990 586
1692000 585
1692010 584
1692020 582
1692030 581
1692040 579
1692050 577
1692060 575
1692070 572
1692080 570
1692090 568
1692100 566
1692110 565
1692120 563
1692130 561
1692140 559
1692150 557
1692160 555
1692170 552
1692180 550
1692190 548
1692200 546
1692210 544
1692220 543
1692230 541
1692240 540
1692250 539
1692260 537
1692270 535
1692280 534
1692290 533
1692300 533
1692310 532
1692320 531
1692330 531
1692340 529
1692350 528
1692360 528
1692370 527
1692380 526
1692390 527
1692400 528
1692410 530
1692420 534
1692430 538
1692440 541
1692450 545
1692460 548
1692470 551
1692480 554
1692490 557
1692500 560
1692510 563
1692520 566
1692530 570
1692540 573
1692550 576
1692560 579
1692570 582
1692580 585
1692590 587
1692600 590
1692610 592
1692620 595
1692630 597
1692640 599
1692650 601
1692660 602
1692670 604
1692680 605
1692690 606
1692700 607
1692710 608
1692720 609
1692730 610
1692740 611
1692750 612
1692760 614
1692770 615
1692780 616
1692790 618
1692800 619
1692810 620
1692820 622
1692830 623
1692840 624
1692850 626
1692860 627
1692870 628
1692880 630
1692890 631
1692900 633
1692910 635
1692920 637
1692930 640
1692940 643
1692950 645
1692960 648
1692970 650
1692980 652
1692990 655
1693000 657
1693010 659
1693020 661
1693030 663
1693040 664
1693050 665
1693060 666
1693070 667
1693080 668
1693090 669
1693100 670
1693110 670
1693120 671
1693130 672
1693140 673
1693150 673
1693160 673
1693170 674
1693180 675
1693190 676
1693200 677
1693210 678
1693220 679
1693230 680
1693240 681
1693250 681
1693260 682
1693270 682
1693280 682
1693290 682
1693300 682
1693310 682
1693320 682
1693330 682
1693340 682
1693350 681
1693360 681
1693370 681
1693380 680
1693390 679
1693400 678
1693410 677
1693420 677
1693430 676
1693440 675
1693450 674
1693460 673
1693470 672
1693480 671
1693490 670
1693500 669
1693510 668
1693520 667
1693530 666
1693540 664
1693550 662
1693560 659
1693570 655
1693580 651
1693590 647
1693600 642
1693610 638
1693620 635
1693630 632
1693640 630
1693650 626
1693660 622
1693670 619
1693680 617
1693690 618
1693700 620
1693710 622
1693720 623
1693730 624
1693740 626
1693750 628
1693760 629
1693770 630
1693780 632
1693790 633
1693800 634
1693810 636
1693820 637
1693830 638
1693840 639
1693850 639
1693860 640
1693870 640
1693880 640
1693890 640
1693900 640
1693910 640
1693920 640
1693930 640
1693940 639
1693950 638
1693960 637
1693970 636
1693980 635
1693990 633
1694000 632
1694010 630
1694020 629
1694030 627
1694040 625
1694050 623
1694060 621
1694070 620
1694080 618
1694090 616
1694100 614
1694110 612
1694120 610
1694130 608
1694140 606
1694150 604
1694160 602
1694170 600
1694180 597
1694190 595
1694200 593
1694210 591
1694220 589
1694230 586
1694240 582
1694250 579
1694260 575
1694270 571
1694280 568
1694290 566
1694300 563
1694310 561
1694320 560
1694330 559
1694340 558
1694350 557
1694360 555
1694370 554
1694380 552
1694390 550
1694400 548
1694410 544
1694420 540
1694430 536
1694440 533
1694450 530
1694460 526
1694470 523
1694480 520
1694490 517
1694500 514
1694510 511
1694520 507
1694530 503
1694540 499
1694550 494
1694560 489
1694570 487
1694580 486
1694590 484
1694600 482
1694610 480
1694620 479
1694630 479
1694640 479
1694650 481
1694660 483
1694670 484
1694680 485
1694690 486
1694700 487
1694710 487
1694720 488
1694730 490
1694740 494
1694750 497
1694760 500
1694770 504
1694780 507
1694790 510
1694800 513
1694810 515
1694820 518
1694830 521
1694840 523
1694850 525
1694860 527
1694870 529
1694880 531
1694890 533
1694900 535
1694910 537
1694920 538
1694930 540
1694940 541
1694950 543
1694960 545
1694970 546
1694980 547
1694990 548
1695000 548
1695010 548
1695020 548
1695030 547
1695040 547
1695050 546
1695060 546
1695070 546
1695080 545
1695090 545
1695100 545
1695110 545
1695120 545
1695130 544
1695140 544
1695150 543
1695160 542
1695170 540
1695180 539
1695190 540
1695200 541
1695210 541
1695220 541
1695230 539
1695240 537
1695250 534
1695260 533
1695270 533
1695280 537
1695290 538
1695300 540
1695310 541
1695320 542
1695330 542
1695340 543
1695350 543
1695360 544
1695370 544
1695380 544
1695390 544
1695400 544
1695410 544
1695420 544
1695430 544
1695440 544
1695450 543
1695460 543
1695470 541
1695480 540
1695490 539
1695500 539
1695510 537
1695520 536
1695530 535
1695540 534
1695550 534
1695560 535
1695570 536
1695580 537
1695590 539
1695600 541
1695610 543
1695620 545
1695630 547
1695640 550
1695650 553
1695660 556
1695670 559
1695680 562
1695690 564
1695700 567
1695710 570
1695720 573
1695730 576
1695740 580
1695750 583
1695760 586
1695770 590
1695780 594
1695790 597
1695800 601
1695810 604
1695820 607
1695830 610
1695840 613
1695850 616
1695860 619
1695870 622
1695880 624
1695890 627
1695900 630
1695910 632
1695920 634
1695930 636
1695940 638
1695950 640
1695960 641
1695970 642
1695980 643
1695990 643
1696000 643
1696010 643
1696020 642
1696030 641
1696040 641
1696050 640
1696060 640
1696070 640
1696080 639
1696090 639
1696100 639
1696110 639
1696120 639
1696130 639
1696140 639
1696150 639
1696160 639
1696170 638
1696180 638
1696190 637
1696200 637
1696210 636
1696220 636
1696230 635
1696240 635
1696250 634
1696260 634
1696270 633
1696280 632
1696290 631
1696300 631
1696310 630
1696320 629
1696330 629
1696340 629
1696350 630
1696360 631
1696370 633
1696380 633
1696390 634
1696400 635
1696410 637
1696420 640
1696430 643
1696440 647
1696450 651
1696460 656
1696470 660
1696480 664
1696490 667
1696500 669
1696510 673
1696520 676
1696530 679
1696540 682
1696550 685
1696560 688
1696570 691
1696580 693
1696590 696
1696600 699
1696610 701
1696620 704
1696630 707
1696640 710
1696650 712
1696660 716
1696670 719
1696680 723
1696690 726
1696700 729
1696710 733
1696720 736
1696730 739
1696740 742
1696750 745
1696760 748
1696770 751
1696780 754
1696790 757
1696800 759
1696810 762
1696820 764
1696830 767
1696840 771
1696850 774
1696860 777
1696870 781
1696880 786
1696890 791
1696900 795
1696910 799
1696920 802
1696930 806
1696940 809
1696950 813
1696960 816
1696970 820
1696980 823
1696990 826
1697000 828
1697010 831
1697020 834
1697030 837
1697040 840
1697050 843
1697060 846
1697070 849
1697080 853
1697090 858
1697100 862
1697110 866
1697120 871
1697130 875
1697140 878
1697150 878
1697160 877
1697170 874
1697180 871
1697190 868
1697200 864
1697210 860
1697220 855
1697230 851
1697240 846
1697250 841
1697260 837
1697270 832
1697280 828
1697290 824
1697300 820
1697310 817
1697320 813
1697330 810
1697340 806
1697350 804
1697360 801
1697370 799
1697380 797
1697390 796
1697400 794
1697410 792
1697420 789
1697430 787
1697440 784
1697450 782
1697460 779
1697470 777
1697480 774
1697490 772
1697500 770
1697510 767
1697520 765
1697530 763
1697540 761
1697550 759
1697560 757
1697570 756
1697580 754
1697590 753
1697600 752
1697610 751
1697620 750
1697630 748
1697640 747
1697650 746
1697660 745
1697670 744
1697680 744
1697690 743
1697700 742
1697710 742
1697720 741
1697730 740
1697740 740
1697750 740
1697760 739
1697770 738
1697780 738
1697790 737
1697800 736
1697810 736
1697820 735
1697830 733
1697840 732
1697850 730
1697860 729
1697870 727
1697880 725
1697890 722
1697900 720
1697910 717
1697920 715
1697930 713
1697940 713
1697950 713
1697960 714
1697970 715
1697980 717
1697990 719
1698000 721
1698010 722
1698020 723
1698030 723
1698040 724
1698050 725
1698060 726
1698070 727
1698080 727
1698090 728
1698100 728
1698110 729
1698120 729
1698130 730
1698140 730
1698150 730
1698160 730
1698170 730
1698180 730
1698190 730
1698200 730
1698210 730
1698220 731
1698230 731
1698240 731
1698250 731
1698260 731
1698270 731
1698280 730
1698290 730
1698300 730
1698310 730
1698320 730
1698330 729
1698340 729
1698350 729
1698360 729
1698370 729
1698380 729
1698390 729
1698400 729
1698410 729
1698420 729
1698430 729
1698440 729
1698450 729
1698460 729
1698470 729
1698480 728
1698490 728
1698500 727
1698510 727
1698520 726
1698530 726
1698540 725
1698550 724
1698560 723
1698570 720
1698580 718
1698590 715
1698600 713
1698610 712
1698620 712
1698630 712
1698640 713
1698650 715
1698660 716
1698670 718
1698680 720
1698690 722
1698700 724
1698710 726
1698720 727
1698730 729
1698740 730
1698750 732
1698760 734
1698770 735
1698780 736
1698790 738
1698800 739
1698810 741
1698820 742
1698830 743
1698840 744
1698850 745
1698860 747
1698870 748
1698880 749
1698890 750
1698900 751
1698910 752
1698920 753
1698930 754
1698940 755
1698950 756
1698960 757
1698970 757
1698980 758
1698990 758
1699000 759
1699010 759
1699020 759
1699030 760
1699040 760
1699050 760
1699060 760
1699070 760
1699080 760
1699090 759
1699100 759
1699110 759
1699120 758
1699130 758
1699140 757
1699150 757
1699160 756
1699170 755
1699180 754
1699190 753
1699200 752
1699210 751
1699220 750
1699230 749
1699240 748
1699250 747
1699260 746
1699270 745
1699280 743
1699290 742
1699300 741
1699310 740
1699320 740
1699330 739
1699340 738
1699350 737
1699360 737
1699370 736
1699380 735
1699390 735
1699400 735
1699410 736
1699420 736
1699430 737
1699440 737
1699450 738
1699460 738
1699470 739
1699480 740
1699490 741
1699500 742
1699510 743
1699520 744
1699530 745
1699540 746
1699550 748
1699560 749
1699570 750
1699580 751
1699590 753
1699600 754
1699610 755
1699620 756
1699630 757
1699640 758
1699650 759
1699660 760
1699670 761
1699680 762
1699690 763
1699700 763
1699710 764
1699720 764
1699730 765
1699740 765
1699750 765
1699760 765
1699770 766
1699780 766
1699790 766
1699800 766
1699810 765
1699820 763
1699830 761
1699840 756
1699850 751
1699860 747
1699870 740
1699880 734
1699890 729
1699900 723
1699910 718
1699920 712
1699930 705
1699940 699
1699950 693
1699960 688
1699970 683
1699980 679
1699990 675
