1680000 407
1680010 407
1680020 407
1680030 406
1680040 406
1680050 406
1680060 406
1680070 405
1680080 405
1680090 404
1680100 404
1680110 403
1680120 402
1680130 401
1680140 400
1680150 399
1680160 398
1680170 397
1680180 397
1680190 396
1680200 396
1680210 395
1680220 395
1680230 395
1680240 394
1680250 394
1680260 394
1680270 393
1680280 393
1680290 392
1680300 392
1680310 391
1680320 391
1680330 389
1680340 389
1680350 389
1680360 390
1680370 391
1680380 392
1680390 393
1680400 394
1680410 395
1680420 396
1680430 397
1680440 398
1680450 398
1680460 399
1680470 400
1680480 401
1680490 401
1680500 402
1680510 403
1680520 404
1680530 404
1680540 405
1680550 406
1680560 406
1680570 407
1680580 408
1680590 408
1680600 409
1680610 409
1680620 409
1680630 409
1680640 409
1680650 408
1680660 408
1680670 407
1680680 405
1680690 404
1680700 402
1680710 401
1680720 399
1680730 398
1680740 399
1680750 400
1680760 402
1680770 404
1680780 405
1680790 406
1680800 406
1680810 407
1680820 408
1680830 408
1680840 409
1680850 409
1680860 409
1680870 409
1680880 409
1680890 410
1680900 412
1680910 413
1680920 414
1680930 416
1680940 416
1680950 417
1680960 417
1680970 418
1680980 419
1680990 420
1681000 421
1681010 422
1681020 424
1681030 425
1681040 427
1681050 428
1681060 429
1681070 429
1681080 429
1681090 428
1681100 428
1681110 428
1681120 428
1681130 429
1681140 429
1681150 431
1681160 431
1681170 432
1681180 432
1681190 433
1681200 433
1681210 434
1681220 435
1681230 437
1681240 438
1681250 440
1681260 441
1681270 442
1681280 442
1681290 442
1681300 442
1681310 442
1681320 443
1681330 443
1681340 444
1681350 444
1681360 445
1681370 445
1681380 446
1681390 447
1681400 448
1681410 449
1681420 450
1681430 451
1681440 452
1681450 453
1681460 453
1681470 454
1681480 454
1681490 455
1681500 455
1681510 456
1681520 458
1681530 459
1681540 461
1681550 462
1681560 464
1681570 465
1681580 466
1681590 467
1681600 468
1681610 470
1681620 471
1681630 473
1681640 475
1681650 478
1681660 481
1681670 484
1681680 486
1681690 488
1681700 490
1681710 491
1681720 493
1681730 493
1681740 494
1681750 494
1681760 495
1681770 497
1681780 498
1681790 500
1681800 501
1681810 502
1681820 503
1681830 504
1681840 505
1681850 506
1681860 507
1681870 509
1681880 510
1681890 511
1681900 513
1681910 514
1681920 515
1681930 517
1681940 518
1681950 519
1681960 520
1681970 521
1681980 523
1681990 525
1682000 526
1682010 528
1682020 530
1682030 531
1682040 532
1682050 533
1682060 534
1682070 535
1682080 536
1682090 537
1682100 538
1682110 539
1682120 541
1682130 541
1682140 542
1682150 543
1682160 544
1682170 545
1682180 547
1682190 548
1682200 550
1682210 551
1682220 553
1682230 554
1682240 556
1682250 557
1682260 559
1682270 560
1682280 560
1682290 561
1682300 562
1682310 563
1682320 564
1682330 564
1682340 565
1682350 565
1682360 566
1682370 567
1682380 568
1682390 569
1682400 570
1682410 571
1682420 571
1682430 572
1682440 573
1682450 574
1682460 575
1682470 576
1682480 578
1682490 579
1682500 581
1682510 582
1682520 583
1682530 583
1682540 584
1682550 584
1682560 584
1682570 585
1682580 586
1682590 588
1682600 589
1682610 590
1682620 591
1682630 592
1682640 593
1682650 594
1682660 595
1682670 597
1682680 599
1682690 601
1682700 603
1682710 605
1682720 607
1682730 608
1682740 609
1682750 610
1682760 610
1682770 609
1682780 609
1682790 608
1682800 608
1682810 608
1682820 608
1682830 608
1682840 608
1682850 608
1682860 607
1682870 607
1682880 607
1682890 608
1682900 609
1682910 611
1682920 614
1682930 616
1682940 619
1682950 622
1682960 625
1682970 628
1682980 631
1682990 634
1683000 637
1683010 638
1683020 639
1683030 640
1683040 640
1683050 641
1683060 641
1683070 641
1683080 642
1683090 642
1683100 642
1683110 642
1683120 642
1683130 641
1683140 641
1683150 640
1683160 640
1683170 639
1683180 638
1683190 638
1683200 637
1683210 637
1683220 636
1683230 634
1683240 633
1683250 631
1683260 630
1683270 630
1683280 629
1683290 628
1683300 627
1683310 626
1683320 625
1683330 624
1683340 624
1683350 623
1683360 622
1683370 621
1683380 620
1683390 619
1683400 618
1683410 618
1683420 618
1683430 617
1683440 615
1683450 612
1683460 609
1683470 607
1683480 605
1683490 603
1683500 601
1683510 600
1683520 599
1683530 599
1683540 598
1683550 598
1683560 598
1683570 597
1683580 597
1683590 596
1683600 595
1683610 594
1683620 593
1683630 593
1683640 593
1683650 593
1683660 593
1683670 593
1683680 594
1683690 594
1683700 594
1683710 594
1683720 594
1683730 594
1683740 594
1683750 593
1683760 593
1683770 593
1683780 592
1683790 592
1683800 592
1683810 591
1683820 591
1683830 591
1683840 591
1683850 591
1683860 591
1683870 591
1683880 590
1683890 590
1683900 590
1683910 590
1683920 590
1683930 591
1683940 591
1683950 592
1683960 593
1683970 593
1683980 594
1683990 594
1684000 595
1684010 595
1684020 595
1684030 595
1684040 595
1684050 595
1684060 595
1684070 594
1684080 594
1684090 593
1684100 593
1684110 592
1684120 592
1684130 592
1684140 591
1684150 590
1684160 589
1684170 588
1684180 588
1684190 587
1684200 586
1684210 585
1684220 584
1684230 583
1684240 583
1684250 582
1684260 582
1684270 581
1684280 580
1684290 579
1684300 578
1684310 577
1684320 576
1684330 575
1684340 574
1684350 573
1684360 572
1684370 571
1684380 570
1684390 569
1684400 568
1684410 568
1684420 567
1684430 567
1684440 567
1684450 568
1684460 568
1684470 569
1684480 570
1684490 571
1684500 572
1684510 573
1684520 574
1684530 574
1684540 574
1684550 574
1684560 574
1684570 573
1684580 573
1684590 571
1684600 570
1684610 569
1684620 568
1684630 567
1684640 566
1684650 565
1684660 564
1684670 563
1684680 562
1684690 561
1684700 560
1684710 559
1684720 557
1684730 556
1684740 554
1684750 553
1684760 552
1684770 551
1684780 551
1684790 551
1684800 550
1684810 550
1684820 550
1684830 550
1684840 549
1684850 548
1684860 546
1684870 544
1684880 542
1684890 539
1684900 537
1684910 536
1684920 535
1684930 534
1684940 533
1684950 532
1684960 531
1684970 530
1684980 529
1684990 529
1685000 528
1685010 528
1685020 527
1685030 527
1685040 527
1685050 527
1685060 527
1685070 527
1685080 528
1685090 527
1685100 527
1685110 527
1685120 526
1685130 526
1685140 526
1685150 526
1685160 525
1685170 525
1685180 526
1685190 527
1685200 529
1685210 530
1685220 531
1685230 531
1685240 532
1685250 532
1685260 532
1685270 532
1685280 532
1685290 532
1685300 533
1685310 534
1685320 536
1685330 538
1685340 539
1685350 538
1685360 536
1685370 531
1685380 527
1685390 524
1685400 521
1685410 518
1685420 516
1685430 514
1685440 513
1685450 512
1685460 511
1685470 510
1685480 509
1685490 508
1685500 507
1685510 507
1685520 507
1685530 508
1685540 508
1685550 506
1685560 504
1685570 500
1685580 498
1685590 496
1685600 496
1685610 495
1685620 493
1685630 491
1685640 490
1685650 489
1685660 488
1685670 487
1685680 486
1685690 485
1685700 485
1685710 485
1685720 484
1685730 483
1685740 483
1685750 483
1685760 483
1685770 483
1685780 482
1685790 482
1685800 481
1685810 481
1685820 480
1685830 480
1685840 480
1685850 479
1685860 477
1685870 475
1685880 473
1685890 472
1685900 471
1685910 470
1685920 469
1685930 469
1685940 468
1685950 467
1685960 466
1685970 464
1685980 462
1685990 460
1686000 459
1686010 458
1686020 457
1686030 455
1686040 454
1686050 453
1686060 453
1686070 453
1686080 453
1686090 453
1686100 452
1686110 452
1686120 451
1686130 450
1686140 449
1686150 449
1686160 448
1686170 448
1686180 447
1686190 447
1686200 446
1686210 446
1686220 446
1686230 445
1686240 445
1686250 444
1686260 443
1686270 442
1686280 440
1686290 439
1686300 438
1686310 436
1686320 436
1686330 435
1686340 435
1686350 435
1686360 435
1686370 434
1686380 434
1686390 434
1686400 433
1686410 433
1686420 432
1686430 432
1686440 431
1686450 431
1686460 430
1686470 430
1686480 430
1686490 429
1686500 429
1686510 429
1686520 428
1686530 428
1686540 427
1686550 426
1686560 425
1686570 425
1686580 424
1686590 423
1686600 423
1686610 423
1686620 422
1686630 422
1686640 422
1686650 422
1686660 422
1686670 422
1686680 422
1686690 422
1686700 422
1686710 422
1686720 422
1686730 423
1686740 425
1686750 426
1686760 427
1686770 427
1686780 427
1686790 427
1686800 426
1686810 425
1686820 424
1686830 424
1686840 423
1686850 422
1686860 421
1686870 420
1686880 419
1686890 419
1686900 419
1686910 418
1686920 417
1686930 416
1686940 415
1686950 414
1686960 413
1686970 412
1686980 411
1686990 410
1687000 408
1687010 407
1687020 405
1687030 403
1687040 402
1687050 400
1687060 397
1687070 394
1687080 391
1687090 388
1687100 386
1687110 384
1687120 383
1687130 381
1687140 380
1687150 378
1687160 377
1687170 377
1687180 376
1687190 375
1687200 374
1687210 373
1687220 372
1687230 371
1687240 371
1687250 371
1687260 370
1687270 369
1687280 368
1687290 368
1687300 367
1687310 366
1687320 365
1687330 365
1687340 364
1687350 363
1687360 362
1687370 361
1687380 360
1687390 358
1687400 357
1687410 356
1687420 355
1687430 354
1687440 353
1687450 351
1687460 349
1687470 348
1687480 346
1687490 344
1687500 342
1687510 340
1687520 338
1687530 336
1687540 335
1687550 335
1687560 335
1687570 335
1687580 335
1687590 335
1687600 333
1687610 332
1687620 332
1687630 331
1687640 330
1687650 330
1687660 331
1687670 331
1687680 331
1687690 331
1687700 331
1687710 331
1687720 331
1687730 331
1687740 331
1687750 331
1687760 331
1687770 331
1687780 331
1687790 331
1687800 330
1687810 330
1687820 330
1687830 330
1687840 330
1687850 330
1687860 330
1687870 330
1687880 330
1687890 330
1687900 330
1687910 329
1687920 329
1687930 328
1687940 328
1687950 327
1687960 327
1687970 325
1687980 323
1687990 321
1688000 322
1688010 324
1688020 326
1688030 327
1688040 328
1688050 329
1688060 329
1688070 329
1688080 329
1688090 329
1688100 329
1688110 329
1688120 329
1688130 330
1688140 330
1688150 330
1688160 330
1688170 330
1688180 330
1688190 330
1688200 330
1688210 331
1688220 331
1688230 331
1688240 331
1688250 331
1688260 332
1688270 332
1688280 332
1688290 332
1688300 332
1688310 332
1688320 332
1688330 332
1688340 333
1688350 333
1688360 333
1688370 333
1688380 334
1688390 334
1688400 334
1688410 335
1688420 335
1688430 336
1688440 336
1688450 337
1688460 338
1688470 339
1688480 340
1688490 341
1688500 342
1688510 343
1688520 344
1688530 345
1688540 346
1688550 347
1688560 348
1688570 348
1688580 349
1688590 349
1688600 349
1688610 349
1688620 350
1688630 350
1688640 350
1688650 350
1688660 350
1688670 349
1688680 349
1688690 349
1688700 349
1688710 349
1688720 349
1688730 350
1688740 350
1688750 350
1688760 351
1688770 352
1688780 353
1688790 353
1688800 354
1688810 355
1688820 355
1688830 356
1688840 357
1688850 357
1688860 358
1688870 359
1688880 359
1688890 360
1688900 360
1688910 359
1688920 358
1688930 358
1688940 359
1688950 360
1688960 361
1688970 362
1688980 363
1688990 363
1689000 363
1689010 363
1689020 362
1689030 362
1689040 362
1689050 362
1689060 363
1689070 363
1689080 364
1689090 365
1689100 367
1689110 369
1689120 370
1689130 370
1689140 371
1689150 374
1689160 375
1689170 377
1689180 377
1689190 378
1689200 379
1689210 380
1689220 380
1689230 381
1689240 383
1689250 384
1689260 385
1689270 387
1689280 389
1689290 391
1689300 393
1689310 394
1689320 395
1689330 396
1689340 397
1689350 398
1689360 399
1689370 400
1689380 401
1689390 402
1689400 403
1689410 405
1689420 406
1689430 407
1689440 408
1689450 409
1689460 410
1689470 411
1689480 412
1689490 414
1689500 415
1689510 416
1689520 416
1689530 417
1689540 418
1689550 419
1689560 419
1689570 420
1689580 421
1689590 422
1689600 423
1689610 424
1689620 424
1689630 425
1689640 426
1689650 427
1689660 428
1689670 428
1689680 429
1689690 430
1689700 431
1689710 432
1689720 433
1689730 434
1689740 434
1689750 435
1689760 436
1689770 437
1689780 438
1689790 439
1689800 440
1689810 441
1689820 442
1689830 442
1689840 444
1689850 445
1689860 446
1689870 447
1689880 448
1689890 449
1689900 450
1689910 450
1689920 451
1689930 452
1689940 452
1689950 452
1689960 453
1689970 452
1689980 452
1689990 451
1690000 450
1690010 449
1690020 449
1690030 449
1690040 449
1690050 449
1690060 452
1690070 455
1690080 460
1690090 462
1690100 464
1690110 465
1690120 466
1690130 467
1690140 468
1690150 469
1690160 470
1690170 471
1690180 471
1690190 472
1690200 473
1690210 474
1690220 475
1690230 476
1690240 476
1690250 477
1690260 478
1690270 479
1690280 480
1690290 480
1690300 481
1690310 482
1690320 483
1690330 484
1690340 484
1690350 485
1690360 486
1690370 486
1690380 487
1690390 488
1690400 489
1690410 489
1690420 490
1690430 491
1690440 492
1690450 493
1690460 494
1690470 495
1690480 496
1690490 497
1690500 498
1690510 498
1690520 498
1690530 497
1690540 497
1690550 500
1690560 502
1690570 505
1690580 507
1690590 508
1690600 509
1690610 510
1690620 511
1690630 511
1690640 512
1690650 514
1690660 515
1690670 516
1690680 517
1690690 519
1690700 519
1690710 520
1690720 521
1690730 522
1690740 523
1690750 524
1690760 524
1690770 525
1690780 526
1690790 527
1690800 528
1690810 529
1690820 529
1690830 530
1690840 531
1690850 531
1690860 532
1690870 532
1690880 533
1690890 533
1690900 534
1690910 534
1690920 534
1690930 534
1690940 534
1690950 534
1690960 534
1690970 534
1690980 534
1690990 534
1691000 534
1691010 534
1691020 534
1691030 534
1691040 533
1691050 533
1691060 532
1691070 531
1691080 528
1691090 526
1691100 525
1691110 524
1691120 524
1691130 523
1691140 523
1691150 524
1691160 525
1691170 528
1691180 530
1691190 532
1691200 534
1691210 535
1691220 536
1691230 537
1691240 537
1691250 538
1691260 539
1691270 539
1691280 541
1691290 542
1691300 543
1691310 545
1691320 546
1691330 548
1691340 550
1691350 552
1691360 555
1691370 558
1691380 560
1691390 562
1691400 564
1691410 566
1691420 568
1691430 570
1691440 573
1691450 575
1691460 578
1691470 580
1691480 582
1691490 584
1691500 586
1691510 587
1691520 588
1691530 591
1691540 594
1691550 598
1691560 602
1691570 606
1691580 609
1691590 613
1691600 616
1691610 620
1691620 623
1691630 626
1691640 630
1691650 634
1691660 638
1691670 642
1691680 646
1691690 650
1691700 654
1691710 658
1691720 662
1691730 666
1691740 669
1691750 672
1691760 676
1691770 679
1691780 682
1691790 685
1691800 688
1691810 691
1691820 695
1691830 698
1691840 702
1691850 705
1691860 709
1691870 712
1691880 715
1691890 719
1691900 722
1691910 726
1691920 729
1691930 733
1691940 736
1691950 739
1691960 743
1691970 746
1691980 750
1691990 753
1692000 756
1692010 758
1692020 760
1692030 762
1692040 764
1692050 766
1692060 768
1692070 771
1692080 774
1692090 777
1692100 780
1692110 784
1692120 791
1692130 799
1692140 808
1692150 818
1692160 825
1692170 832
1692180 833
1692190 834
1692200 834
1692210 834
1692220 834
1692230 834
1692240 834
1692250 834
1692260 834
1692270 834
1692280 834
1692290 833
1692300 834
1692310 834
1692320 834
1692330 834
1692340 834
1692350 834
1692360 834
1692370 834
1692380 834
1692390 835
1692400 836
1692410 838
1692420 839
1692430 840
1692440 840
1692450 841
1692460 842
1692470 843
1692480 843
1692490 842
1692500 841
1692510 840
1692520 838
1692530 837
1692540 836
1692550 836
1692560 835
1692570 835
1692580 834
1692590 834
1692600 834
1692610 833
1692620 833
1692630 833
1692640 832
1692650 832
1692660 831
1692670 831
1692680 830
1692690 830
1692700 829
1692710 828
1692720 828
1692730 827
1692740 826
1692750 824
1692760 823
1692770 821
1692780 818
1692790 815
1692800 811
1692810 807
1692820 803
1692830 800
1692840 797
1692850 794
1692860 791
1692870 788
1692880 786
1692890 783
1692900 780
1692910 778
1692920 775
1692930 772
1692940 769
1692950 766
1692960 763
1692970 760
1692980 757
1692990 754
1693000 752
1693010 749
1693020 746
1693030 743
1693040 740
1693050 736
1693060 733
1693070 730
1693080 728
1693090 725
1693100 721
1693110 718
1693120 713
1693130 708
1693140 703
1693150 699
1693160 694
1693170 689
1693180 685
1693190 680
1693200 675
1693210 670
1693220 665
1693230 660
1693240 656
1693250 653
1693260 651
1693270 649
1693280 647
1693290 644
1693300 643
1693310 641
1693320 640
1693330 638
1693340 636
1693350 633
1693360 631
1693370 628
1693380 625
1693390 623
1693400 620
1693410 618
1693420 615
1693430 613
1693440 611
1693450 610
1693460 608
1693470 607
1693480 606
1693490 605
1693500 604
1693510 603
1693520 602
1693530 602
1693540 601
1693550 600
1693560 600
1693570 599
1693580 599
1693590 598
1693600 598
1693610 597
1693620 596
1693630 595
1693640 593
1693650 592
1693660 590
1693670 588
1693680 586
1693690 584
1693700 581
1693710 578
1693720 575
1693730 573
1693740 571
1693750 570
1693760 570
1693770 569
1693780 569
1693790 569
1693800 568
1693810 567
1693820 565
1693830 563
1693840 562
1693850 560
1693860 557
1693870 555
1693880 552
1693890 548
1693900 545
1693910 544
1693920 543
1693930 543
1693940 541
1693950 538
1693960 536
1693970 535
1693980 534
1693990 533
1694000 532
1694010 531
1694020 530
1694030 529
1694040 528
1694050 526
1694060 525
1694070 524
1694080 523
1694090 522
1694100 521
1694110 519
1694120 518
1694130 517
1694140 516
1694150 515
1694160 514
1694170 512
1694180 511
1694190 510
1694200 510
1694210 509
1694220 508
1694230 508
1694240 507
1694250 506
1694260 504
1694270 503
1694280 501
1694290 499
1694300 498
1694310 496
1694320 495
1694330 493
1694340 492
1694350 490
1694360 489
1694370 488
1694380 486
1694390 485
1694400 483
1694410 482
1694420 481
1694430 479
1694440 478
1694450 476
1694460 475
1694470 473
1694480 471
1694490 469
1694500 467
1694510 465
1694520 463
1694530 462
1694540 460
1694550 458
1694560 456
1694570 455
1694580 453
1694590 452
1694600 451
1694610 450
1694620 449
1694630 449
1694640 448
1694650 447
1694660 447
1694670 446
1694680 446
1694690 445
1694700 443
1694710 442
1694720 440
1694730 436
1694740 433
1694750 434
1694760 434
1694770 435
1694780 436
1694790 435
1694800 436
1694810 436
1694820 437
1694830 438
1694840 439
1694850 442
1694860 445
1694870 448
1694880 450
1694890 452
1694900 454
1694910 456
1694920 458
1694930 460
1694940 462
1694950 464
1694960 466
1694970 467
1694980 468
1694990 470
1695000 471
1695010 472
1695020 474
1695030 475
1695040 477
1695050 478
1695060 479
1695070 481
1695080 482
1695090 484
1695100 485
1695110 486
1695120 488
1695130 489
1695140 490
1695150 492
1695160 493
1695170 494
1695180 495
1695190 497
1695200 499
1695210 501
1695220 502
1695230 503
1695240 503
1695250 503
1695260 504
1695270 504
1695280 505
1695290 507
1695300 510
1695310 515
1695320 520
1695330 526
1695340 531
1695350 535
1695360 538
1695370 541
1695380 544
1695390 546
1695400 548
1695410 551
1695420 552
1695430 554
1695440 556
1695450 557
1695460 558
1695470 560
1695480 561
1695490 563
1695500 565
1695510 566
1695520 568
1695530 570
1695540 572
1695550 574
1695560 577
1695570 578
1695580 580
1695590 581
1695600 583
1695610 584
1695620 586
1695630 587
1695640 588
1695650 589
1695660 590
1695670 591
1695680 591
1695690 592
1695700 592
1695710 592
1695720 592
1695730 592
1695740 591
1695750 591
1695760 590
1695770 589
1695780 587
1695790 586
1695800 586
1695810 586
1695820 586
1695830 587
1695840 587
1695850 587
1695860 586
1695870 585
1695880 584
1695890 583
1695900 581
1695910 580
1695920 579
1695930 578
1695940 577
1695950 576
1695960 575
1695970 574
1695980 574
1695990 574
1696000 576
1696010 577
1696020 579
1696030 580
1696040 582
1696050 583
1696060 585
1696070 586
1696080 588
1696090 588
1696100 589
1696110 590
1696120 590
1696130 591
1696140 592
1696150 592
1696160 593
1696170 594
1696180 594
1696190 594
1696200 594
1696210 594
1696220 595
1696230 595
1696240 595
1696250 594
1696260 595
1696270 595
1696280 595
1696290 595
1696300 596
1696310 597
1696320 598
1696330 599
1696340 600
1696350 601
1696360 602
1696370 603
1696380 604
1696390 604
1696400 602
1696410 599
1696420 596
1696430 595
1696440 593
1696450 591
1696460 587
1696470 583
1696480 582
1696490 581
1696500 581
1696510 581
1696520 580
1696530 579
1696540 579
1696550 579
1696560 578
1696570 578
1696580 577
1696590 577
1696600 576
1696610 575
1696620 573
1696630 570
1696640 569
1696650 567
1696660 565
1696670 563
1696680 561
1696690 558
1696700 556
1696710 555
1696720 553
1696730 552
1696740 550
1696750 548
1696760 546
1696770 543
1696780 540
1696790 537
1696800 535
1696810 533
1696820 532
1696830 532
1696840 536
1696850 538
1696860 541
1696870 543
1696880 546
1696890 549
1696900 553
1696910 556
1696920 559
1696930 562
1696940 565
1696950 568
1696960 570
1696970 572
1696980 574
1696990 576
1697000 578
1697010 580
1697020 583
1697030 585
1697040 586
1697050 587
1697060 588
1697070 590
1697080 591
1697090 592
1697100 594
1697110 595
1697120 597
1697130 598
1697140 599
1697150 600
1697160 601
1697170 601
1697180 602
1697190 602
1697200 603
1697210 603
1697220 603
1697230 604
1697240 605
1697250 605
1697260 606
1697270 607
1697280 609
1697290 610
1697300 611
1697310 612
1697320 613
1697330 614
1697340 615
1697350 617
1697360 618
1697370 619
1697380 620
1697390 621
1697400 622
1697410 624
1697420 625
1697430 626
1697440 628
1697450 629
1697460 630
1697470 630
1697480 631
1697490 631
1697500 630
1697510 628
1697520 627
1697530 626
1697540 627
1697550 627
1697560 629
1697570 631
1697580 633
1697590 636
1697600 639
1697610 641
1697620 644
1697630 646
1697640 648
1697650 650
1697660 652
1697670 654
1697680 656
1697690 658
1697700 660
1697710 661
1697720 662
1697730 661
1697740 659
1697750 656
1697760 653
1697770 651
1697780 649
1697790 647
1697800 644
1697810 641
1697820 638
1697830 637
1697840 637
1697850 639
1697860 641
1697870 644
1697880 647
1697890 649
1697900 652
1697910 654
1697920 656
1697930 658
1697940 660
1697950 662
1697960 665
1697970 668
1697980 671
1697990 675
1698000 679
1698010 683
1698020 687
1698030 692
1698040 696
1698050 699
1698060 703
1698070 706
1698080 709
1698090 711
1698100 713
1698110 714
1698120 714
1698130 715
1698140 715
1698150 715
1698160 716
1698170 716
1698180 717
1698190 717
1698200 716
1698210 715
1698220 714
1698230 714
1698240 715
1698250 717
1698260 721
1698270 725
1698280 729
1698290 733
1698300 737
1698310 741
1698320 745
1698330 749
1698340 753
1698350 757
1698360 761
1698370 766
1698380 769
1698390 773
1698400 777
1698410 781
1698420 785
1698430 788
1698440 792
1698450 795
1698460 798
1698470 800
1698480 802
1698490 804
1698500 806
1698510 806
1698520 807
1698530 807
1698540 807
1698550 806
1698560 805
1698570 803
1698580 801
1698590 799
1698600 797
1698610 794
1698620 792
1698630 789
1698640 787
1698650 784
1698660 782
1698670 780
1698680 777
1698690 776
1698700 774
1698710 772
1698720 769
1698730 767
1698740 765
1698750 763
1698760 762
1698770 761
1698780 761
1698790 762
1698800 762
1698810 762
1698820 763
1698830 763
1698840 764
1698850 765
1698860 765
1698870 766
1698880 767
1698890 768
1698900 769
1698910 770
1698920 770
1698930 770
1698940 770
1698950 770
1698960 770
1698970 770
1698980 770
1698990 770
1699000 769
1699010 767
1699020 765
1699030 762
1699040 759
1699050 755
1699060 750
1699070 746
1699080 742
1699090 738
1699100 734
1699110 731
1699120 728
1699130 725
1699140 723
1699150 720
1699160 717
1699170 715
1699180 712
1699190 710
1699200 708
1699210 706
1699220 704
1699230 702
1699240 701
1699250 699
1699260 697
1699270 695
1699280 693
1699290 691
1699300 689
1699310 687
1699320 685
1699330 683
1699340 682
1699350 680
1699360 679
1699370 677
1699380 675
1699390 674
1699400 673
1699410 672
1699420 671
1699430 669
1699440 667
1699450 665
1699460 664
1699470 663
1699480 662
1699490 662
1699500 661
1699510 659
1699520 657
1699530 654
1699540 652
1699550 650
1699560 648
1699570 647
1699580 645
1699590 644
1699600 641
1699610 639
1699620 636
1699630 632
1699640 629
1699650 626
1699660 622
1699670 619
1699680 616
1699690 612
1699700 609
1699710 607
1699720 604
1699730 601
1699740 599
1699750 598
1699760 595
1699770 592
1699780 587
1699790 586
1699800 587
1699810 589
1699820 592
1699830 595
1699840 597
1699850 599
1699860 602
1699870 603
1699880 605
1699890 607
1699900 609
1699910 611
1699920 614
1699930 617
1699940 620
1699950 624
1699960 627
1699970 630
1699980 633
1699990 636
