1680000 389
1680010 390
1680020 390
1680030 390
1680040 390
1680050 389
1680060 389
1680070 388
1680080 388
1680090 387
1680100 387
1680110 387
1680120 387
1680130 387
1680140 386
1680150 386
1680160 385
1680170 384
1680180 384
1680190 384
1680200 384
1680210 385
1680220 385
1680230 385
1680240 385
1680250 384
1680260 384
1680270 384
1680280 384
1680290 383
1680300 383
1680310 383
1680320 383
1680330 383
1680340 382
1680350 382
1680360 382
1680370 382
1680380 381
1680390 381
1680400 381
1680410 381
1680420 380
1680430 380
1680440 380
1680450 380
1680460 380
1680470 380
1680480 380
1680490 380
1680500 380
1680510 379
1680520 379
1680530 380
1680540 381
1680550 381
1680560 381
1680570 382
1680580 382
1680590 383
1680600 384
1680610 385
1680620 386
1680630 387
1680640 388
1680650 389
1680660 389
1680670 388
1680680 388
1680690 387
1680700 387
1680710 386
1680720 386
1680730 385
1680740 385
1680750 385
1680760 385
1680770 386
1680780 386
1680790 386
1680800 386
1680810 386
1680820 386
1680830 386
1680840 386
1680850 386
1680860 386
1680870 386
1680880 386
1680890 386
1680900 387
1680910 387
1680920 387
1680930 387
1680940 388
1680950 389
1680960 390
1680970 390
1680980 391
1680990 392
1681000 392
1681010 393
1681020 394
1681030 395
1681040 395
1681050 396
1681060 396
1681070 397
1681080 397
1681090 398
1681100 399
1681110 399
1681120 400
1681130 401
1681140 401
1681150 402
1681160 403
1681170 403
1681180 404
1681190 404
1681200 405
1681210 405
1681220 406
1681230 407
1681240 407
1681250 408
1681260 408
1681270 409
1681280 409
1681290 410
1681300 410
1681310 411
1681320 412
1681330 412
1681340 413
1681350 413
1681360 414
1681370 414
1681380 415
1681390 416
1681400 417
1681410 417
1681420 418
1681430 419
1681440 419
1681450 420
1681460 421
1681470 420
1681480 421
1681490 422
1681500 424
1681510 426
1681520 427
1681530 428
1681540 429
1681550 430
1681560 431
1681570 432
1681580 432
1681590 433
1681600 433
1681610 434
1681620 434
1681630 435
1681640 435
1681650 436
1681660 436
1681670 436
1681680 437
1681690 437
1681700 437
1681710 437
1681720 438
1681730 438
1681740 438
1681750 438
1681760 439
1681770 439
1681780 439
1681790 439
1681800 439
1681810 440
1681820 440
1681830 440
1681840 441
1681850 441
1681860 442
1681870 442
1681880 442
1681890 442
1681900 440
1681910 440
1681920 441
1681930 443
1681940 444
1681950 445
1681960 445
1681970 446
1681980 446
1681990 447
1682000 448
1682010 448
1682020 449
1682030 450
1682040 450
1682050 451
1682060 451
1682070 452
1682080 452
1682090 453
1682100 454
1682110 455
1682120 456
1682130 457
1682140 458
1682150 459
1682160 460
1682170 461
1682180 461
1682190 462
1682200 462
1682210 462
1682220 462
1682230 462
1682240 462
1682250 462
1682260 462
1682270 462
1682280 462
1682290 462
1682300 462
1682310 462
1682320 462
1682330 462
1682340 462
1682350 462
1682360 463
1682370 463
1682380 464
1682390 464
1682400 464
1682410 465
1682420 465
1682430 466
1682440 467
1682450 467
1682460 468
1682470 469
1682480 469
1682490 470
1682500 470
1682510 471
1682520 471
1682530 471
1682540 472
1682550 472
1682560 472
1682570 473
1682580 473
1682590 474
1682600 474
1682610 475
1682620 475
1682630 476
1682640 476
1682650 477
1682660 478
1682670 479
1682680 480
1682690 481
1682700 481
1682710 482
1682720 482
1682730 482
1682740 481
1682750 481
1682760 481
1682770 482
1682780 482
1682790 483
1682800 484
1682810 484
1682820 484
1682830 483
1682840 483
1682850 483
1682860 484
1682870 486
1682880 488
1682890 489
1682900 489
1682910 489
1682920 489
1682930 488
1682940 487
1682950 487
1682960 487
1682970 487
1682980 487
1682990 488
1683000 488
1683010 488
1683020 489
1683030 489
1683040 489
1683050 488
1683060 488
1683070 489
1683080 489
1683090 489
1683100 489
1683110 489
1683120 489
1683130 489
1683140 489
1683150 489
1683160 489
1683170 489
1683180 489
1683190 488
1683200 488
1683210 488
1683220 487
1683230 487
1683240 487
1683250 487
1683260 486
1683270 485
1683280 485
1683290 484
1683300 485
1683310 485
1683320 485
1683330 485
1683340 485
1683350 484
1683360 483
1683370 483
1683380 483
1683390 482
1683400 481
1683410 481
1683420 480
1683430 479
1683440 478
1683450 476
1683460 475
1683470 473
1683480 472
1683490 470
1683500 469
1683510 468
1683520 468
1683530 468
1683540 470
1683550 471
1683560 471
1683570 471
1683580 471
1683590 471
1683600 471
1683610 471
1683620 471
1683630 472
1683640 472
1683650 472
1683660 472
1683670 473
1683680 474
1683690 475
1683700 475
1683710 475
1683720 474
1683730 473
1683740 473
1683750 473
1683760 472
1683770 472
1683780 472
1683790 471
1683800 470
1683810 470
1683820 470
1683830 470
1683840 471
1683850 471
1683860 472
1683870 472
1683880 473
1683890 474
1683900 476
1683910 477
1683920 478
1683930 478
1683940 479
1683950 479
1683960 479
1683970 479
1683980 479
1683990 480
1684000 480
1684010 480
1684020 480
1684030 480
1684040 480
1684050 480
1684060 480
1684070 479
1684080 479
1684090 479
1684100 478
1684110 478
1684120 477
1684130 476
1684140 476
1684150 475
1684160 474
1684170 472
1684180 471
1684190 470
1684200 470
1684210 469
1684220 469
1684230 468
1684240 468
1684250 467
1684260 466
1684270 466
1684280 465
1684290 464
1684300 463
1684310 462
1684320 461
1684330 460
1684340 459
1684350 458
1684360 458
1684370 458
1684380 458
1684390 458
1684400 459
1684410 460
1684420 460
1684430 461
1684440 460
1684450 459
1684460 459
1684470 458
1684480 457
1684490 456
1684500 456
1684510 455
1684520 454
1684530 454
1684540 454
1684550 454
1684560 454
1684570 453
1684580 453
1684590 453
1684600 452
1684610 452
1684620 452
1684630 451
1684640 450
1684650 450
1684660 449
1684670 449
1684680 448
1684690 447
1684700 446
1684710 445
1684720 445
1684730 444
1684740 443
1684750 443
1684760 442
1684770 441
1684780 440
1684790 438
1684800 437
1684810 435
1684820 433
1684830 432
1684840 430
1684850 428
1684860 427
1684870 425
1684880 423
1684890 422
1684900 420
1684910 418
1684920 417
1684930 416
1684940 415
1684950 414
1684960 413
1684970 413
1684980 413
1684990 413
1685000 413
1685010 413
1685020 413
1685030 414
1685040 414
1685050 414
1685060 414
1685070 414
1685080 415
1685090 416
1685100 418
1685110 420
1685120 423
1685130 425
1685140 427
1685150 427
1685160 428
1685170 428
1685180 428
1685190 429
1685200 429
1685210 429
1685220 429
1685230 429
1685240 428
1685250 428
1685260 428
1685270 428
1685280 427
1685290 427
1685300 426
1685310 426
1685320 425
1685330 425
1685340 424
1685350 424
1685360 423
1685370 423
1685380 422
1685390 421
1685400 421
1685410 420
1685420 420
1685430 419
1685440 418
1685450 418
1685460 417
1685470 416
1685480 416
1685490 415
1685500 414
1685510 413
1685520 413
1685530 412
1685540 411
1685550 410
1685560 410
1685570 409
1685580 409
1685590 408
1685600 408
1685610 407
1685620 407
1685630 407
1685640 406
1685650 406
1685660 406
1685670 407
1685680 407
1685690 407
1685700 407
1685710 407
1685720 407
1685730 408
1685740 408
1685750 409
1685760 409
1685770 410
1685780 410
1685790 411
1685800 411
1685810 412
1685820 412
1685830 412
1685840 412
1685850 413
1685860 413
1685870 413
1685880 414
1685890 414
1685900 414
1685910 415
1685920 415
1685930 415
1685940 415
1685950 415
1685960 415
1685970 415
1685980 415
1685990 415
1686000 414
1686010 414
1686020 414
1686030 413
1686040 413
1686050 412
1686060 411
1686070 411
1686080 410
1686090 409
1686100 409
1686110 408
1686120 407
1686130 407
1686140 406
1686150 405
1686160 404
1686170 403
1686180 401
1686190 400
1686200 399
1686210 398
1686220 396
1686230 395
1686240 393
1686250 391
1686260 389
1686270 388
1686280 386
1686290 385
1686300 384
1686310 382
1686320 381
1686330 379
1686340 378
1686350 377
1686360 376
1686370 375
1686380 374
1686390 373
1686400 371
1686410 369
1686420 368
1686430 368
1686440 368
1686450 366
1686460 365
1686470 363
1686480 360
1686490 358
1686500 356
1686510 355
1686520 354
1686530 353
1686540 352
1686550 351
1686560 351
1686570 350
1686580 349
1686590 348
1686600 347
1686610 346
1686620 346
1686630 345
1686640 344
1686650 344
1686660 344
1686670 343
1686680 343
1686690 343
1686700 342
1686710 342
1686720 342
1686730 341
1686740 341
1686750 341
1686760 341
1686770 341
1686780 341
1686790 341
1686800 341
1686810 341
1686820 341
1686830 341
1686840 341
1686850 341
1686860 341
1686870 341
1686880 341
1686890 341
1686900 341
1686910 341
1686920 341
1686930 341
1686940 341
1686950 341
1686960 341
1686970 341
1686980 341
1686990 340
1687000 339
1687010 337
1687020 336
1687030 335
1687040 335
1687050 334
1687060 334
1687070 333
1687080 332
1687090 332
1687100 331
1687110 331
1687120 332
1687130 332
1687140 332
1687150 331
1687160 331
1687170 331
1687180 331
1687190 331
1687200 331
1687210 331
1687220 330
1687230 330
1687240 330
1687250 330
1687260 329
1687270 329
1687280 329
1687290 329
1687300 329
1687310 329
1687320 328
1687330 328
1687340 328
1687350 328
1687360 328
1687370 328
1687380 328
1687390 328
1687400 328
1687410 328
1687420 327
1687430 327
1687440 327
1687450 327
1687460 327
1687470 327
1687480 326
1687490 326
1687500 326
1687510 326
1687520 326
1687530 326
1687540 326
1687550 326
1687560 326
1687570 326
1687580 326
1687590 326
1687600 326
1687610 325
1687620 325
1687630 325
1687640 325
1687650 325
1687660 325
1687670 325
1687680 324
1687690 324
1687700 323
1687710 322
1687720 321
1687730 320
1687740 320
1687750 321
1687760 322
1687770 324
1687780 324
1687790 324
1687800 324
1687810 325
1687820 325
1687830 325
1687840 325
1687850 324
1687860 324
1687870 324
1687880 324
1687890 324
1687900 325
1687910 325
1687920 325
1687930 325
1687940 325
1687950 326
1687960 326
1687970 326
1687980 327
1687990 327
1688000 327
1688010 328
1688020 328
1688030 329
1688040 330
1688050 330
1688060 330
1688070 330
1688080 331
1688090 331
1688100 331
1688110 331
1688120 332
1688130 332
1688140 332
1688150 332
1688160 331
1688170 331
1688180 332
1688190 333
1688200 333
1688210 333
1688220 333
1688230 332
1688240 334
1688250 336
1688260 337
1688270 338
1688280 338
1688290 338
1688300 338
1688310 338
1688320 338
1688330 338
1688340 338
1688350 339
1688360 339
1688370 339
1688380 340
1688390 340
1688400 341
1688410 343
1688420 344
1688430 344
1688440 344
1688450 344
1688460 345
1688470 345
1688480 345
1688490 346
1688500 347
1688510 348
1688520 349
1688530 349
1688540 349
1688550 350
1688560 350
1688570 350
1688580 351
1688590 351
1688600 351
1688610 350
1688620 349
1688630 350
1688640 351
1688650 352
1688660 353
1688670 355
1688680 357
1688690 359
1688700 360
1688710 361
1688720 362
1688730 363
1688740 363
1688750 364
1688760 365
1688770 366
1688780 367
1688790 368
1688800 369
1688810 370
1688820 371
1688830 372
1688840 373
1688850 373
1688860 374
1688870 374
1688880 375
1688890 376
1688900 376
1688910 377
1688920 377
1688930 378
1688940 379
1688950 380
1688960 382
1688970 383
1688980 384
1688990 384
1689000 385
1689010 385
1689020 385
1689030 386
1689040 387
1689050 388
1689060 389
1689070 389
1689080 390
1689090 390
1689100 390
1689110 390
1689120 390
1689130 390
1689140 391
1689150 392
1689160 393
1689170 393
1689180 393
1689190 394
1689200 395
1689210 396
1689220 397
1689230 399
1689240 400
1689250 401
1689260 402
1689270 402
1689280 403
1689290 404
1689300 404
1689310 405
1689320 406
1689330 406
1689340 407
1689350 408
1689360 408
1689370 409
1689380 409
1689390 410
1689400 410
1689410 411
1689420 412
1689430 413
1689440 414
1689450 416
1689460 417
1689470 419
1689480 420
1689490 422
1689500 423
1689510 424
1689520 424
1689530 425
1689540 426
1689550 427
1689560 428
1689570 429
1689580 429
1689590 430
1689600 431
1689610 432
1689620 433
1689630 434
1689640 434
1689650 435
1689660 435
1689670 436
1689680 436
1689690 437
1689700 438
1689710 438
1689720 439
1689730 440
1689740 441
1689750 441
1689760 442
1689770 442
1689780 442
1689790 441
1689800 441
1689810 441
1689820 441
1689830 442
1689840 444
1689850 445
1689860 447
1689870 449
1689880 451
1689890 454
1689900 455
1689910 456
1689920 457
1689930 458
1689940 460
1689950 461
1689960 462
1689970 463
1689980 464
1689990 465
1690000 465
1690010 466
1690020 467
1690030 468
1690040 469
1690050 470
1690060 471
1690070 472
1690080 473
1690090 474
1690100 475
1690110 476
1690120 477
1690130 478
1690140 479
1690150 480
1690160 480
1690170 481
1690180 482
1690190 483
1690200 484
1690210 485
1690220 487
1690230 488
1690240 489
1690250 490
1690260 491
1690270 493
1690280 494
1690290 495
1690300 496
1690310 497
1690320 498
1690330 499
1690340 499
1690350 500
1690360 501
1690370 502
1690380 503
1690390 504
1690400 505
1690410 505
1690420 506
1690430 507
1690440 508
1690450 508
1690460 509
1690470 509
1690480 510
1690490 510
1690500 510
1690510 511
1690520 511
1690530 511
1690540 511
1690550 510
1690560 510
1690570 510
1690580 509
1690590 508
1690600 508
1690610 507
1690620 506
1690630 504
1690640 501
1690650 498
1690660 496
1690670 494
1690680 492
1690690 490
1690700 488
1690710 486
1690720 483
1690730 481
1690740 479
1690750 477
1690760 475
1690770 473
1690780 470
1690790 467
1690800 463
1690810 463
1690820 463
1690830 463
1690840 463
1690850 463
1690860 463
1690870 464
1690880 465
1690890 466
1690900 467
1690910 468
1690920 470
1690930 470
1690940 471
1690950 471
1690960 470
1690970 470
1690980 470
1690990 471
1691000 471
1691010 472
1691020 472
1691030 473
1691040 473
1691050 474
1691060 474
1691070 475
1691080 475
1691090 476
1691100 476
1691110 475
1691120 475
1691130 475
1691140 476
1691150 477
1691160 478
1691170 479
1691180 480
1691190 480
1691200 481
1691210 482
1691220 483
1691230 484
1691240 486
1691250 487
1691260 488
1691270 488
1691280 489
1691290 491
1691300 492
1691310 493
1691320 494
1691330 495
1691340 496
1691350 497
1691360 498
1691370 499
1691380 501
1691390 502
1691400 502
1691410 503
1691420 504
1691430 505
1691440 506
1691450 507
1691460 508
1691470 509
1691480 510
1691490 510
1691500 511
1691510 512
1691520 512
1691530 513
1691540 513
1691550 513
1691560 513
1691570 514
1691580 514
1691590 515
1691600 515
1691610 516
1691620 517
1691630 518
1691640 519
1691650 520
1691660 521
1691670 522
1691680 523
1691690 524
1691700 524
1691710 524
1691720 524
1691730 525
1691740 525
1691750 526
1691760 527
1691770 527
1691780 528
1691790 529
1691800 531
1691810 531
1691820 532
1691830 533
1691840 534
1691850 536
1691860 537
1691870 539
1691880 540
1691890 541
1691900 542
1691910 543
1691920 544
1691930 545
1691940 546
1691950 547
1691960 549
1691970 551
1691980 552
1691990 554
1692000 555
1692010 557
1692020 559
1692030 560
1692040 562
1692050 564
1692060 565
1692070 567
1692080 568
1692090 569
1692100 571
1692110 573
1692120 576
1692130 578
1692140 579
1692150 581
1692160 582
1692170 584
1692180 586
1692190 588
1692200 591
1692210 595
1692220 598
1692230 601
1692240 604
1692250 607
1692260 610
1692270 614
1692280 617
1692290 620
1692300 624
1692310 627
1692320 630
1692330 633
1692340 636
1692350 638
1692360 641
1692370 643
1692380 645
1692390 646
1692400 648
1692410 651
1692420 653
1692430 655
1692440 657
1692450 660
1692460 662
1692470 664
1692480 667
1692490 669
1692500 671
1692510 673
1692520 675
1692530 677
1692540 679
1692550 681
1692560 683
1692570 684
1692580 686
1692590 687
1692600 688
1692610 689
1692620 690
1692630 691
1692640 692
1692650 692
1692660 692
1692670 693
1692680 693
1692690 693
1692700 693
1692710 692
1692720 692
1692730 690
1692740 688
1692750 685
1692760 682
1692770 679
1692780 676
1692790 672
1692800 669
1692810 665
1692820 662
1692830 658
1692840 656
1692850 654
1692860 652
1692870 651
1692880 649
1692890 648
1692900 647
1692910 646
1692920 646
1692930 645
1692940 644
1692950 643
1692960 642
1692970 641
1692980 640
1692990 639
1693000 638
1693010 638
1693020 637
1693030 636
1693040 636
1693050 635
1693060 634
1693070 633
1693080 633
1693090 632
1693100 631
1693110 631
1693120 630
1693130 628
1693140 627
1693150 626
1693160 625
1693170 623
1693180 622
1693190 621
1693200 620
1693210 619
1693220 618
1693230 617
1693240 616
1693250 615
1693260 615
1693270 614
1693280 613
1693290 612
1693300 611
1693310 610
1693320 609
1693330 607
1693340 606
1693350 604
1693360 602
1693370 601
1693380 599
1693390 598
1693400 596
1693410 594
1693420 592
1693430 589
1693440 586
1693450 583
1693460 579
1693470 576
1693480 574
1693490 573
1693500 572
1693510 571
1693520 569
1693530 567
1693540 565
1693550 562
1693560 560
1693570 557
1693580 555
1693590 552
1693600 550
1693610 548
1693620 547
1693630 546
1693640 545
1693650 543
1693660 542
1693670 541
1693680 539
1693690 537
1693700 535
1693710 533
1693720 531
1693730 529
1693740 527
1693750 525
1693760 524
1693770 523
1693780 522
1693790 521
1693800 520
1693810 519
1693820 518
1693830 518
1693840 517
1693850 516
1693860 515
1693870 513
1693880 512
1693890 510
1693900 509
1693910 507
1693920 506
1693930 504
1693940 502
1693950 501
1693960 499
1693970 497
1693980 494
1693990 492
1694000 489
1694010 488
1694020 486
1694030 485
1694040 483
1694050 482
1694060 481
1694070 480
1694080 479
1694090 477
1694100 476
1694110 475
1694120 474
1694130 473
1694140 472
1694150 472
1694160 472
1694170 471
1694180 471
1694190 470
1694200 470
1694210 470
1694220 470
1694230 469
1694240 468
1694250 467
1694260 466
1694270 465
1694280 464
1694290 463
1694300 462
1694310 461
1694320 460
1694330 459
1694340 457
1694350 456
1694360 456
1694370 456
1694380 457
1694390 457
1694400 456
1694410 455
1694420 454
1694430 453
1694440 451
1694450 450
1694460 448
1694470 447
1694480 446
1694490 444
1694500 443
1694510 443
1694520 442
1694530 441
1694540 441
1694550 440
1694560 439
1694570 439
1694580 438
1694590 437
1694600 436
1694610 435
1694620 435
1694630 434
1694640 433
1694650 433
1694660 432
1694670 431
1694680 431
1694690 430
1694700 429
1694710 428
1694720 427
1694730 426
1694740 424
1694750 422
1694760 420
1694770 418
1694780 416
1694790 413
1694800 411
1694810 412
1694820 413
1694830 415
1694840 415
1694850 416
1694860 416
1694870 417
1694880 417
1694890 418
1694900 418
1694910 419
1694920 419
1694930 420
1694940 421
1694950 422
1694960 424
1694970 426
1694980 427
1694990 428
1695000 429
1695010 431
1695020 432
1695030 433
1695040 434
1695050 435
1695060 436
1695070 437
1695080 439
1695090 440
1695100 442
1695110 443
1695120 445
1695130 447
1695140 448
1695150 448
1695160 448
1695170 447
1695180 447
1695190 447
1695200 448
1695210 449
1695220 450
1695230 451
1695240 451
1695250 452
1695260 452
1695270 451
1695280 450
1695290 450
1695300 450
1695310 451
1695320 452
1695330 453
1695340 454
1695350 455
1695360 456
1695370 458
1695380 459
1695390 461
1695400 462
1695410 463
1695420 465
1695430 465
1695440 466
1695450 467
1695460 467
1695470 467
1695480 468
1695490 468
1695500 468
1695510 467
1695520 467
1695530 467
1695540 467
1695550 467
1695560 467
1695570 466
1695580 466
1695590 466
1695600 465
1695610 465
1695620 465
1695630 465
1695640 464
1695650 464
1695660 463
1695670 462
1695680 462
1695690 461
1695700 461
1695710 460
1695720 459
1695730 458
1695740 457
1695750 456
1695760 456
1695770 455
1695780 455
1695790 455
1695800 455
1695810 455
1695820 455
1695830 455
1695840 455
1695850 454
1695860 452
1695870 451
1695880 452
1695890 455
1695900 457
1695910 458
1695920 458
1695930 459
1695940 460
1695950 460
1695960 461
1695970 461
1695980 461
1695990 461
1696000 461
1696010 460
1696020 460
1696030 460
1696040 460
1696050 459
1696060 459
1696070 458
1696080 458
1696090 457
1696100 456
1696110 455
1696120 454
1696130 454
1696140 453
1696150 452
1696160 451
1696170 450
1696180 450
1696190 449
1696200 450
1696210 450
1696220 449
1696230 450
1696240 450
1696250 450
1696260 450
1696270 450
1696280 449
1696290 448
1696300 448
1696310 447
1696320 447
1696330 446
1696340 446
1696350 446
1696360 446
1696370 446
1696380 446
1696390 445
1696400 445
1696410 446
1696420 446
1696430 446
1696440 446
1696450 447
1696460 448
1696470 449
1696480 449
1696490 448
1696500 447
1696510 447
1696520 446
1696530 446
1696540 445
1696550 445
1696560 445
1696570 444
1696580 444
1696590 444
1696600 444
1696610 444
1696620 445
1696630 446
1696640 447
1696650 449
1696660 450
1696670 450
1696680 451
1696690 452
1696700 452
1696710 453
1696720 454
1696730 455
1696740 456
1696750 457
1696760 458
1696770 460
1696780 461
1696790 463
1696800 464
1696810 465
1696820 467
1696830 468
1696840 470
1696850 471
1696860 473
1696870 474
1696880 476
1696890 478
1696900 480
1696910 483
1696920 485
1696930 487
1696940 489
1696950 491
1696960 493
1696970 495
1696980 497
1696990 499
1697000 501
1697010 502
1697020 503
1697030 505
1697040 506
1697050 508
1697060 510
1697070 512
1697080 513
1697090 514
1697100 515
1697110 515
1697120 516
1697130 519
1697140 521
1697150 524
1697160 526
1697170 529
1697180 531
1697190 534
1697200 536
1697210 539
1697220 541
1697230 545
1697240 548
1697250 551
1697260 555
1697270 558
1697280 561
1697290 564
1697300 566
1697310 569
1697320 570
1697330 570
1697340 569
1697350 568
1697360 567
1697370 568
1697380 573
1697390 578
1697400 583
1697410 587
1697420 591
1697430 594
1697440 597
1697450 600
1697460 602
1697470 604
1697480 607
1697490 609
1697500 610
1697510 611
1697520 612
1697530 613
1697540 613
1697550 614
1697560 616
1697570 619
1697580 621
1697590 624
1697600 626
1697610 627
1697620 628
1697630 628
1697640 627
1697650 627
1697660 630
1697670 633
1697680 638
1697690 641
1697700 645
1697710 647
1697720 650
1697730 652
1697740 655
1697750 659
1697760 662
1697770 667
1697780 671
1697790 675
1697800 678
1697810 681
1697820 684
1697830 687
1697840 690
1697850 692
1697860 694
1697870 695
1697880 697
1697890 699
1697900 700
1697910 701
1697920 704
1697930 707
1697940 710
1697950 713
1697960 715
1697970 718
1697980 721
1697990 723
1698000 726
1698010 729
1698020 732
1698030 735
1698040 737
1698050 740
1698060 742
1698070 745
1698080 747
1698090 749
1698100 752
1698110 755
1698120 758
1698130 761
1698140 764
1698150 767
1698160 770
1698170 774
1698180 778
1698190 781
1698200 785
1698210 788
1698220 792
1698230 795
1698240 797
1698250 800
1698260 801
1698270 803
1698280 804
1698290 803
1698300 803
1698310 801
1698320 799
1698330 796
1698340 794
1698350 791
1698360 788
1698370 784
1698380 781
1698390 779
1698400 776
1698410 774
1698420 772
1698430 770
1698440 769
1698450 767
1698460 765
1698470 764
1698480 762
1698490 760
1698500 758
1698510 756
1698520 754
1698530 751
1698540 749
1698550 746
1698560 743
1698570 740
1698580 738
1698590 737
1698600 735
1698610 734
1698620 734
1698630 733
1698640 732
1698650 731
1698660 731
1698670 730
1698680 730
1698690 730
1698700 730
1698710 730
1698720 730
1698730 731
1698740 731
1698750 731
1698760 731
1698770 731
1698780 732
1698790 732
1698800 732
1698810 733
1698820 733
1698830 733
1698840 733
1698850 733
1698860 732
1698870 731
1698880 729
1698890 728
1698900 727
1698910 726
1698920 725
1698930 724
1698940 723
1698950 722
1698960 721
1698970 720
1698980 718
1698990 716
1699000 714
1699010 713
1699020 711
1699030 709
1699040 708
1699050 706
1699060 704
1699070 702
1699080 700
1699090 699
1699100 697
1699110 695
1699120 693
1699130 690
1699140 687
1699150 684
1699160 682
1699170 680
1699180 677
1699190 675
1699200 673
1699210 672
1699220 670
1699230 670
1699240 669
1699250 667
1699260 665
1699270 663
1699280 661
1699290 659
1699300 656
1699310 655
1699320 653
1699330 653
1699340 654
1699350 656
1699360 657
1699370 659
1699380 659
1699390 659
1699400 660
1699410 661
1699420 662
1699430 664
1699440 665
1699450 666
1699460 667
1699470 668
1699480 670
1699490 671
1699500 673
1699510 674
1699520 676
1699530 678
1699540 679
1699550 681
1699560 683
1699570 684
1699580 686
1699590 688
1699600 690
1699610 692
1699620 694
1699630 697
1699640 699
1699650 701
1699660 704
1699670 707
1699680 709
1699690 712
1699700 714
1699710 716
1699720 718
1699730 720
1699740 721
1699750 722
1699760 724
1699770 725
1699780 726
1699790 728
1699800 730
1699810 731
1699820 732
1699830 732
1699840 734
1699850 736
1699860 737
1699870 739
1699880 740
1699890 740
1699900 741
1699910 740
1699920 740
1699930 739
1699940 738
1699950 737
1699960 737
1699970 737
1699980 737
1699990 737
