1680000 401
1680010 401
1680020 401
1680030 400
1680040 400
1680050 400
1680060 400
1680070 400
1680080 400
1680090 399
1680100 399
1680110 399
1680120 399
1680130 398
1680140 398
1680150 398
1680160 398
1680170 398
1680180 397
1680190 397
1680200 397
1680210 396
1680220 396
1680230 396
1680240 395
1680250 394
1680260 394
1680270 393
1680280 393
1680290 392
1680300 391
1680310 390
1680320 390
1680330 389
1680340 388
1680350 387
1680360 386
1680370 385
1680380 384
1680390 383
1680400 382
1680410 381
1680420 380
1680430 379
1680440 378
1680450 377
1680460 377
1680470 377
1680480 376
1680490 375
1680500 375
1680510 375
1680520 376
1680530 375
1680540 375
1680550 375
1680560 375
1680570 376
1680580 376
1680590 376
1680600 376
1680610 376
1680620 376
1680630 376
1680640 377
1680650 377
1680660 377
1680670 378
1680680 378
1680690 378
1680700 378
1680710 379
1680720 379
1680730 379
1680740 379
1680750 379
1680760 379
1680770 379
1680780 379
1680790 379
1680800 379
1680810 379
1680820 379
1680830 379
1680840 379
1680850 379
1680860 380
1680870 380
1680880 380
1680890 380
1680900 380
1680910 380
1680920 381
1680930 381
1680940 382
1680950 382
1680960 383
1680970 383
1680980 383
1680990 384
1681000 384
1681010 385
1681020 385
1681030 386
1681040 386
1681050 387
1681060 387
1681070 388
1681080 388
1681090 388
1681100 389
1681110 389
1681120 389
1681130 390
1681140 390
1681150 390
1681160 390
1681170 391
1681180 391
1681190 391
1681200 391
1681210 392
1681220 392
1681230 392
1681240 392
1681250 393
1681260 393
1681270 393
1681280 393
1681290 393
1681300 393
1681310 393
1681320 393
1681330 393
1681340 394
1681350 394
1681360 394
1681370 393
1681380 394
1681390 394
1681400 395
1681410 395
1681420 396
1681430 396
1681440 396
1681450 396
1681460 396
1681470 396
1681480 396
1681490 397
1681500 397
1681510 397
1681520 397
1681530 398
1681540 398
1681550 398
1681560 398
1681570 398
1681580 398
1681590 398
1681600 398
1681610 398
1681620 397
1681630 397
1681640 396
1681650 396
1681660 396
1681670 396
1681680 396
1681690 396
1681700 396
1681710 395
1681720 395
1681730 395
1681740 396
1681750 397
1681760 397
1681770 397
1681780 397
1681790 397
1681800 397
1681810 397
1681820 398
1681830 399
1681840 400
1681850 401
1681860 402
1681870 403
1681880 404
1681890 405
1681900 405
1681910 406
1681920 407
1681930 408
1681940 409
1681950 410
1681960 410
1681970 411
1681980 411
1681990 412
1682000 412
1682010 413
1682020 413
1682030 413
1682040 414
1682050 414
1682060 414
1682070 415
1682080 415
1682090 415
1682100 416
1682110 416
1682120 416
1682130 417
1682140 418
1682150 418
1682160 419
1682170 420
1682180 420
1682190 420
1682200 420
1682210 420
1682220 421
1682230 423
1682240 425
1682250 427
1682260 429
1682270 430
1682280 431
1682290 432
1682300 432
1682310 432
1682320 432
1682330 432
1682340 432
1682350 432
1682360 432
1682370 431
1682380 431
1682390 431
1682400 431
1682410 431
1682420 431
1682430 431
1682440 432
1682450 432
1682460 432
1682470 433
1682480 433
1682490 433
1682500 433
1682510 433
1682520 433
1682530 433
1682540 433
1682550 433
1682560 433
1682570 434
1682580 434
1682590 435
1682600 435
1682610 435
1682620 435
1682630 435
1682640 435
1682650 434
1682660 433
1682670 433
1682680 433
1682690 433
1682700 433
1682710 434
1682720 434
1682730 434
1682740 434
1682750 434
1682760 434
1682770 435
1682780 435
1682790 436
1682800 437
1682810 438
1682820 438
1682830 439
1682840 439
1682850 440
1682860 440
1682870 441
1682880 441
1682890 441
1682900 441
1682910 441
1682920 441
1682930 441
1682940 441
1682950 441
1682960 441
1682970 441
1682980 441
1682990 441
1683000 440
1683010 440
1683020 440
1683030 439
1683040 439
1683050 439
1683060 438
1683070 438
1683080 438
1683090 437
1683100 437
1683110 436
1683120 436
1683130 435
1683140 434
1683150 433
1683160 432
1683170 431
1683180 431
1683190 431
1683200 431
1683210 431
1683220 430
1683230 431
1683240 433
1683250 434
1683260 435
1683270 436
1683280 437
1683290 438
1683300 438
1683310 438
1683320 438
1683330 438
1683340 438
1683350 437
1683360 437
1683370 437
1683380 436
1683390 436
1683400 436
1683410 435
1683420 435
1683430 435
1683440 434
1683450 434
1683460 433
1683470 433
1683480 432
1683490 432
1683500 431
1683510 430
1683520 428
1683530 427
1683540 425
1683550 424
1683560 424
1683570 423
1683580 423
1683590 423
1683600 423
1683610 423
1683620 424
1683630 424
1683640 425
1683650 425
1683660 425
1683670 424
1683680 424
1683690 423
1683700 422
1683710 422
1683720 422
1683730 421
1683740 421
1683750 421
1683760 421
1683770 421
1683780 421
1683790 420
1683800 419
1683810 418
1683820 418
1683830 417
1683840 417
1683850 417
1683860 417
1683870 416
1683880 416
1683890 415
1683900 415
1683910 415
1683920 414
1683930 414
1683940 413
1683950 413
1683960 413
1683970 412
1683980 412
1683990 412
1684000 413
1684010 413
1684020 413
1684030 414
1684040 414
1684050 415
1684060 415
1684070 416
1684080 417
1684090 417
1684100 418
1684110 418
1684120 418
1684130 418
1684140 419
1684150 418
1684160 418
1684170 418
1684180 417
1684190 417
1684200 417
1684210 417
1684220 418
1684230 419
1684240 419
1684250 419
1684260 419
1684270 418
1684280 419
1684290 420
1684300 422
1684310 422
1684320 423
1684330 422
1684340 422
1684350 422
1684360 422
1684370 423
1684380 423
1684390 424
1684400 424
1684410 424
1684420 424
1684430 424
1684440 423
1684450 423
1684460 423
1684470 422
1684480 421
1684490 420
1684500 419
1684510 418
1684520 417
1684530 415
1684540 414
1684550 413
1684560 412
1684570 410
1684580 409
1684590 408
1684600 407
1684610 406
1684620 405
1684630 405
1684640 404
1684650 404
1684660 404
1684670 403
1684680 402
1684690 401
1684700 400
1684710 399
1684720 398
1684730 398
1684740 397
1684750 396
1684760 395
1684770 393
1684780 392
1684790 391
1684800 390
1684810 388
1684820 387
1684830 385
1684840 384
1684850 382
1684860 381
1684870 380
1684880 379
1684890 378
1684900 377
1684910 376
1684920 375
1684930 375
1684940 374
1684950 374
1684960 373
1684970 373
1684980 372
1684990 372
1685000 372
1685010 374
1685020 375
1685030 375
1685040 374
1685050 372
1685060 371
1685070 370
1685080 371
1685090 372
1685100 374
1685110 376
1685120 376
1685130 377
1685140 378
1685150 378
1685160 379
1685170 380
1685180 380
1685190 380
1685200 380
1685210 380
1685220 380
1685230 380
1685240 380
1685250 379
1685260 379
1685270 378
1685280 377
1685290 376
1685300 376
1685310 375
1685320 374
1685330 373
1685340 372
1685350 371
1685360 370
1685370 369
1685380 368
1685390 367
1685400 366
1685410 365
1685420 365
1685430 364
1685440 363
1685450 362
1685460 362
1685470 361
1685480 361
1685490 360
1685500 359
1685510 358
1685520 357
1685530 356
1685540 356
1685550 357
1685560 356
1685570 356
1685580 355
1685590 355
1685600 355
1685610 355
1685620 355
1685630 355
1685640 354
1685650 354
1685660 354
1685670 353
1685680 352
1685690 352
1685700 351
1685710 351
1685720 350
1685730 351
1685740 351
1685750 352
1685760 352
1685770 352
1685780 353
1685790 353
1685800 353
1685810 353
1685820 353
1685830 353
1685840 353
1685850 353
1685860 354
1685870 354
1685880 354
1685890 354
1685900 354
1685910 354
1685920 355
1685930 355
1685940 353
1685950 353
1685960 354
1685970 355
1685980 355
1685990 355
1686000 355
1686010 355
1686020 354
1686030 352
1686040 353
1686050 354
1686060 355
1686070 355
1686080 356
1686090 356
1686100 356
1686110 357
1686120 357
1686130 357
1686140 357
1686150 357
1686160 357
1686170 357
1686180 358
1686190 358
1686200 358
1686210 358
1686220 358
1686230 358
1686240 358
1686250 359
1686260 359
1686270 359
1686280 359
1686290 359
1686300 360
1686310 360
1686320 360
1686330 359
1686340 359
1686350 359
1686360 358
1686370 358
1686380 357
1686390 357
1686400 356
1686410 355
1686420 354
1686430 353
1686440 352
1686450 351
1686460 349
1686470 348
1686480 345
1686490 344
1686500 343
1686510 342
1686520 341
1686530 340
1686540 339
1686550 339
1686560 338
1686570 337
1686580 336
1686590 335
1686600 334
1686610 333
1686620 333
1686630 332
1686640 331
1686650 330
1686660 330
1686670 329
1686680 329
1686690 329
1686700 328
1686710 328
1686720 328
1686730 330
1686740 331
1686750 332
1686760 330
1686770 329
1686780 328
1686790 328
1686800 328
1686810 328
1686820 328
1686830 328
1686840 328
1686850 328
1686860 328
1686870 328
1686880 327
1686890 327
1686900 327
1686910 327
1686920 327
1686930 327
1686940 327
1686950 327
1686960 327
1686970 327
1686980 327
1686990 327
1687000 327
1687010 326
1687020 326
1687030 326
1687040 326
1687050 326
1687060 326
1687070 326
1687080 326
1687090 325
1687100 325
1687110 325
1687120 325
1687130 325
1687140 325
1687150 325
1687160 325
1687170 325
1687180 325
1687190 325
1687200 324
1687210 324
1687220 324
1687230 324
1687240 324
1687250 324
1687260 324
1687270 324
1687280 324
1687290 324
1687300 323
1687310 323
1687320 323
1687330 323
1687340 323
1687350 323
1687360 323
1687370 323
1687380 322
1687390 322
1687400 320
1687410 318
1687420 316
1687430 315
1687440 314
1687450 314
1687460 315
1687470 317
1687480 321
1687490 322
1687500 322
1687510 323
1687520 323
1687530 323
1687540 323
1687550 324
1687560 324
1687570 324
1687580 324
1687590 324
1687600 324
1687610 324
1687620 324
1687630 324
1687640 324
1687650 324
1687660 324
1687670 324
1687680 325
1687690 326
1687700 327
1687710 327
1687720 327
1687730 327
1687740 328
1687750 328
1687760 329
1687770 330
1687780 331
1687790 332
1687800 334
1687810 335
1687820 338
1687830 340
1687840 342
1687850 343
1687860 345
1687870 347
1687880 349
1687890 351
1687900 353
1687910 355
1687920 356
1687930 358
1687940 359
1687950 360
1687960 360
1687970 360
1687980 361
1687990 362
1688000 364
1688010 364
1688020 364
1688030 364
1688040 363
1688050 363
1688060 362
1688070 362
1688080 362
1688090 361
1688100 361
1688110 361
1688120 360
1688130 360
1688140 360
1688150 360
1688160 360
1688170 361
1688180 361
1688190 361
1688200 362
1688210 362
1688220 362
1688230 362
1688240 361
1688250 361
1688260 362
1688270 364
1688280 365
1688290 365
1688300 365
1688310 366
1688320 366
1688330 367
1688340 367
1688350 368
1688360 368
1688370 366
1688380 366
1688390 368
1688400 371
1688410 372
1688420 373
1688430 373
1688440 374
1688450 374
1688460 375
1688470 376
1688480 376
1688490 377
1688500 378
1688510 378
1688520 379
1688530 379
1688540 380
1688550 380
1688560 381
1688570 381
1688580 381
1688590 381
1688600 381
1688610 381
1688620 381
1688630 382
1688640 382
1688650 382
1688660 382
1688670 383
1688680 383
1688690 383
1688700 383
1688710 383
1688720 382
1688730 382
1688740 381
1688750 381
1688760 381
1688770 381
1688780 381
1688790 381
1688800 381
1688810 381
1688820 382
1688830 382
1688840 383
1688850 384
1688860 384
1688870 384
1688880 385
1688890 385
1688900 384
1688910 386
1688920 388
1688930 389
1688940 390
1688950 392
1688960 393
1688970 395
1688980 395
1688990 396
1689000 396
1689010 397
1689020 398
1689030 400
1689040 401
1689050 402
1689060 403
1689070 404
1689080 405
1689090 406
1689100 407
1689110 409
1689120 410
1689130 411
1689140 413
1689150 414
1689160 416
1689170 418
1689180 419
1689190 421
1689200 422
1689210 424
1689220 426
1689230 428
1689240 429
1689250 430
1689260 431
1689270 432
1689280 433
1689290 434
1689300 435
1689310 435
1689320 435
1689330 434
1689340 433
1689350 433
1689360 433
1689370 433
1689380 433
1689390 433
1689400 433
1689410 433
1689420 434
1689430 435
1689440 436
1689450 437
1689460 438
1689470 439
1689480 441
1689490 442
1689500 443
1689510 444
1689520 445
1689530 446
1689540 446
1689550 447
1689560 448
1689570 448
1689580 449
1689590 449
1689600 450
1689610 451
1689620 452
1689630 454
1689640 455
1689650 457
1689660 459
1689670 461
1689680 463
1689690 464
1689700 465
1689710 466
1689720 467
1689730 468
1689740 470
1689750 471
1689760 473
1689770 475
1689780 477
1689790 479
1689800 481
1689810 483
1689820 485
1689830 487
1689840 489
1689850 491
1689860 492
1689870 494
1689880 496
1689890 497
1689900 498
1689910 500
1689920 501
1689930 502
1689940 503
1689950 504
1689960 504
1689970 505
1689980 506
1689990 507
1690000 507
1690010 507
1690020 508
1690030 508
1690040 509
1690050 509
1690060 509
1690070 510
1690080 510
1690090 510
1690100 511
1690110 511
1690120 511
1690130 511
1690140 511
1690150 511
1690160 511
1690170 510
1690180 510
1690190 509
1690200 509
1690210 508
1690220 508
1690230 507
1690240 507
1690250 507
1690260 506
1690270 506
1690280 506
1690290 506
1690300 506
1690310 505
1690320 504
1690330 503
1690340 501
1690350 500
1690360 498
1690370 497
1690380 495
1690390 494
1690400 493
1690410 492
1690420 491
1690430 490
1690440 489
1690450 487
1690460 486
1690470 485
1690480 484
1690490 483
1690500 483
1690510 482
1690520 482
1690530 482
1690540 481
1690550 481
1690560 480
1690570 479
1690580 478
1690590 477
1690600 475
1690610 474
1690620 472
1690630 471
1690640 469
1690650 467
1690660 466
1690670 463
1690680 462
1690690 461
1690700 461
1690710 461
1690720 460
1690730 459
1690740 458
1690750 457
1690760 456
1690770 456
1690780 457
1690790 457
1690800 456
1690810 456
1690820 455
1690830 453
1690840 452
1690850 451
1690860 450
1690870 448
1690880 448
1690890 447
1690900 447
1690910 446
1690920 445
1690930 444
1690940 442
1690950 441
1690960 440
1690970 440
1690980 440
1690990 440
1691000 439
1691010 437
1691020 436
1691030 434
1691040 433
1691050 432
1691060 434
1691070 435
1691080 436
1691090 437
1691100 438
1691110 440
1691120 441
1691130 441
1691140 442
1691150 442
1691160 443
1691170 444
1691180 446
1691190 447
1691200 449
1691210 451
1691220 452
1691230 454
1691240 455
1691250 456
1691260 458
1691270 459
1691280 459
1691290 459
1691300 459
1691310 459
1691320 459
1691330 460
1691340 461
1691350 462
1691360 463
1691370 464
1691380 466
1691390 467
1691400 468
1691410 469
1691420 470
1691430 470
1691440 470
1691450 470
1691460 471
1691470 472
1691480 472
1691490 473
1691500 473
1691510 472
1691520 472
1691530 472
1691540 473
1691550 475
1691560 476
1691570 477
1691580 479
1691590 480
1691600 481
1691610 482
1691620 483
1691630 483
1691640 484
1691650 486
1691660 487
1691670 488
1691680 489
1691690 489
1691700 490
1691710 490
1691720 491
1691730 492
1691740 494
1691750 495
1691760 495
1691770 495
1691780 496
1691790 498
1691800 500
1691810 503
1691820 505
1691830 507
1691840 509
1691850 510
1691860 511
1691870 513
1691880 514
1691890 516
1691900 517
1691910 518
1691920 519
1691930 520
1691940 521
1691950 522
1691960 524
1691970 524
1691980 525
1691990 526
1692000 527
1692010 528
1692020 530
1692030 531
1692040 532
1692050 533
1692060 534
1692070 535
1692080 536
1692090 537
1692100 539
1692110 540
1692120 541
1692130 543
1692140 544
1692150 544
1692160 545
1692170 546
1692180 547
1692190 548
1692200 549
1692210 552
1692220 554
1692230 557
1692240 560
1692250 563
1692260 565
1692270 567
1692280 570
1692290 572
1692300 575
1692310 577
1692320 580
1692330 582
1692340 584
1692350 584
1692360 585
1692370 586
1692380 587
1692390 587
1692400 588
1692410 588
1692420 588
1692430 589
1692440 589
1692450 589
1692460 590
1692470 591
1692480 593
1692490 595
1692500 596
1692510 597
1692520 598
1692530 599
1692540 600
1692550 601
1692560 601
1692570 601
1692580 600
1692590 600
1692600 600
1692610 599
1692620 598
1692630 597
1692640 596
1692650 595
1692660 594
1692670 593
1692680 592
1692690 589
1692700 586
1692710 584
1692720 582
1692730 581
1692740 580
1692750 579
1692760 578
1692770 578
1692780 577
1692790 575
1692800 574
1692810 573
1692820 571
1692830 570
1692840 568
1692850 567
1692860 565
1692870 564
1692880 562
1692890 560
1692900 558
1692910 556
1692920 555
1692930 554
1692940 553
1692950 552
1692960 552
1692970 552
1692980 553
1692990 555
1693000 556
1693010 557
1693020 558
1693030 558
1693040 557
1693050 555
1693060 554
1693070 553
1693080 553
1693090 552
1693100 551
1693110 550
1693120 549
1693130 549
1693140 548
1693150 547
1693160 546
1693170 546
1693180 545
1693190 544
1693200 544
1693210 543
1693220 542
1693230 542
1693240 541
1693250 541
1693260 541
1693270 540
1693280 540
1693290 539
1693300 539
1693310 538
1693320 537
1693330 536
1693340 535
1693350 534
1693360 532
1693370 530
1693380 528
1693390 527
1693400 526
1693410 525
1693420 524
1693430 523
1693440 521
1693450 520
1693460 519
1693470 518
1693480 517
1693490 516
1693500 515
1693510 514
1693520 513
1693530 512
1693540 511
1693550 511
1693560 510
1693570 509
1693580 509
1693590 508
1693600 507
1693610 505
1693620 504
1693630 503
1693640 501
1693650 500
1693660 500
1693670 499
1693680 498
1693690 496
1693700 495
1693710 493
1693720 492
1693730 491
1693740 490
1693750 489
1693760 489
1693770 488
1693780 487
1693790 487
1693800 486
1693810 485
1693820 485
1693830 484
1693840 483
1693850 482
1693860 482
1693870 481
1693880 480
1693890 479
1693900 479
1693910 478
1693920 477
1693930 476
1693940 476
1693950 475
1693960 474
1693970 473
1693980 473
1693990 472
1694000 471
1694010 470
1694020 470
1694030 469
1694040 468
1694050 467
1694060 466
1694070 465
1694080 465
1694090 464
1694100 463
1694110 462
1694120 461
1694130 461
1694140 460
1694150 459
1694160 458
1694170 458
1694180 457
1694190 456
1694200 455
1694210 455
1694220 454
1694230 453
1694240 452
1694250 452
1694260 451
1694270 451
1694280 450
1694290 449
1694300 449
1694310 448
1694320 448
1694330 447
1694340 446
1694350 446
1694360 445
1694370 444
1694380 443
1694390 442
1694400 440
1694410 440
1694420 440
1694430 439
1694440 439
1694450 438
1694460 437
1694470 436
1694480 435
1694490 434
1694500 433
1694510 433
1694520 432
1694530 431
1694540 428
1694550 425
1694560 423
1694570 421
1694580 419
1694590 417
1694600 415
1694610 414
1694620 413
1694630 412
1694640 411
1694650 409
1694660 408
1694670 407
1694680 405
1694690 404
1694700 404
1694710 404
1694720 405
1694730 406
1694740 407
1694750 407
1694760 407
1694770 407
1694780 407
1694790 407
1694800 406
1694810 406
1694820 404
1694830 402
1694840 399
1694850 397
1694860 395
1694870 396
1694880 397
1694890 397
1694900 397
1694910 397
1694920 396
1694930 396
1694940 396
1694950 396
1694960 396
1694970 396
1694980 396
1694990 397
1695000 398
1695010 400
1695020 402
1695030 403
1695040 404
1695050 405
1695060 407
1695070 408
1695080 409
1695090 410
1695100 411
1695110 412
1695120 412
1695130 413
1695140 414
1695150 415
1695160 415
1695170 416
1695180 417
1695190 417
1695200 417
1695210 418
1695220 418
1695230 418
1695240 419
1695250 419
1695260 420
1695270 420
1695280 421
1695290 421
1695300 421
1695310 422
1695320 422
1695330 422
1695340 422
1695350 422
1695360 422
1695370 423
1695380 423
1695390 423
1695400 423
1695410 423
1695420 423
1695430 423
1695440 423
1695450 423
1695460 423
1695470 423
1695480 423
1695490 422
1695500 422
1695510 422
1695520 422
1695530 422
1695540 422
1695550 421
1695560 421
1695570 421
1695580 420
1695590 420
1695600 419
1695610 419
1695620 419
1695630 418
1695640 418
1695650 418
1695660 416
1695670 414
1695680 412
1695690 410
1695700 410
1695710 411
1695720 412
1695730 412
1695740 413
1695750 413
1695760 413
1695770 413
1695780 413
1695790 413
1695800 413
1695810 413
1695820 414
1695830 414
1695840 414
1695850 414
1695860 414
1695870 414
1695880 414
1695890 415
1695900 415
1695910 415
1695920 415
1695930 415
1695940 415
1695950 415
1695960 415
1695970 416
1695980 416
1695990 416
1696000 416
1696010 416
1696020 416
1696030 416
1696040 416
1696050 416
1696060 417
1696070 418
1696080 419
1696090 419
1696100 420
1696110 420
1696120 421
1696130 422
1696140 423
1696150 425
1696160 426
1696170 427
1696180 429
1696190 430
1696200 432
1696210 433
1696220 435
1696230 437
1696240 439
1696250 440
1696260 442
1696270 444
1696280 445
1696290 447
1696300 448
1696310 450
1696320 452
1696330 454
1696340 455
1696350 457
1696360 458
1696370 459
1696380 461
1696390 461
1696400 462
1696410 462
1696420 464
1696430 465
1696440 467
1696450 468
1696460 470
1696470 471
1696480 473
1696490 475
1696500 477
1696510 478
1696520 479
1696530 480
1696540 482
1696550 483
1696560 485
1696570 490
1696580 494
1696590 498
1696600 502
1696610 505
1696620 508
1696630 512
1696640 516
1696650 519
1696660 520
1696670 522
1696680 524
1696690 526
1696700 529
1696710 531
1696720 533
1696730 536
1696740 538
1696750 541
1696760 544
1696770 547
1696780 550
1696790 553
1696800 556
1696810 559
1696820 562
1696830 564
1696840 567
1696850 570
1696860 573
1696870 574
1696880 574
1696890 572
1696900 571
1696910 569
1696920 566
1696930 563
1696940 560
1696950 558
1696960 556
1696970 555
1696980 553
1696990 552
1697000 550
1697010 549
1697020 548
1697030 548
1697040 547
1697050 548
1697060 548
1697070 549
1697080 550
1697090 551
1697100 552
1697110 553
1697120 553
1697130 554
1697140 554
1697150 555
1697160 556
1697170 558
1697180 560
1697190 562
1697200 564
1697210 567
1697220 571
1697230 574
1697240 577
1697250 579
1697260 581
1697270 583
1697280 585
1697290 587
1697300 590
1697310 592
1697320 595
1697330 598
1697340 600
1697350 601
1697360 603
1697370 605
1697380 607
1697390 609
1697400 612
1697410 614
1697420 616
1697430 618
1697440 620
1697450 622
1697460 623
1697470 625
1697480 626
1697490 626
1697500 626
1697510 625
1697520 623
1697530 622
1697540 620
1697550 618
1697560 615
1697570 612
1697580 609
1697590 607
1697600 607
1697610 607
1697620 607
1697630 607
1697640 607
1697650 608
1697660 608
1697670 609
1697680 611
1697690 612
1697700 613
1697710 614
1697720 616
1697730 618
1697740 620
1697750 623
1697760 626
1697770 630
1697780 633
1697790 636
1697800 638
1697810 641
1697820 643
1697830 646
1697840 650
1697850 654
1697860 657
1697870 661
1697880 664
1697890 666
1697900 669
1697910 671
1697920 673
1697930 675
1697940 676
1697950 677
1697960 679
1697970 680
1697980 682
1697990 683
1698000 685
1698010 687
1698020 689
1698030 690
1698040 691
1698050 692
1698060 692
1698070 692
1698080 692
1698090 692
1698100 692
1698110 691
1698120 692
1698130 692
1698140 694
1698150 695
1698160 698
1698170 701
1698180 704
1698190 707
1698200 709
1698210 712
1698220 714
1698230 716
1698240 718
1698250 720
1698260 722
1698270 723
1698280 725
1698290 726
1698300 727
1698310 728
1698320 729
1698330 729
1698340 730
1698350 731
1698360 732
1698370 733
1698380 734
1698390 736
1698400 737
1698410 738
1698420 739
1698430 740
1698440 741
1698450 742
1698460 743
1698470 743
1698480 744
1698490 745
1698500 746
1698510 747
1698520 748
1698530 749
1698540 750
1698550 751
1698560 752
1698570 753
1698580 754
1698590 755
1698600 757
1698610 758
1698620 759
1698630 759
1698640 760
1698650 760
1698660 761
1698670 762
1698680 762
1698690 763
1698700 763
1698710 763
1698720 763
1698730 763
1698740 763
1698750 763
1698760 764
1698770 764
1698780 765
1698790 766
1698800 766
1698810 766
1698820 765
1698830 765
1698840 764
1698850 763
1698860 761
1698870 760
1698880 757
1698890 755
1698900 751
1698910 749
1698920 746
1698930 744
1698940 743
1698950 741
1698960 740
1698970 738
1698980 737
1698990 735
1699000 733
1699010 732
1699020 730
1699030 727
1699040 725
1699050 723
1699060 722
1699070 722
1699080 721
1699090 720
1699100 720
1699110 719
1699120 718
1699130 717
1699140 715
1699150 714
1699160 712
1699170 710
1699180 709
1699190 707
1699200 706
1699210 704
1699220 703
1699230 702
1699240 701
1699250 701
1699260 702
1699270 702
1699280 703
1699290 704
1699300 704
1699310 705
1699320 706
1699330 706
1699340 707
1699350 708
1699360 709
1699370 709
1699380 710
1699390 711
1699400 712
1699410 712
1699420 713
1699430 714
1699440 714
1699450 715
1699460 716
1699470 716
1699480 717
1699490 717
1699500 718
1699510 719
1699520 719
1699530 720
1699540 721
1699550 722
1699560 723
1699570 724
1699580 725
1699590 726
1699600 728
1699610 729
1699620 731
1699630 733
1699640 735
1699650 737
1699660 738
1699670 740
1699680 742
1699690 743
1699700 745
1699710 747
1699720 749
1699730 752
1699740 754
1699750 755
1699760 756
1699770 756
1699780 757
1699790 758
1699800 759
1699810 759
1699820 760
1699830 761
1699840 765
1699850 770
1699860 775
1699870 783
1699880 787
1699890 789
1699900 788
1699910 786
1699920 785
1699930 784
1699940 784
1699950 784
1699960 783
1699970 782
1699980 781
1699990 779
