1680000 406
1680010 405
1680020 403
1680030 402
1680040 401
1680050 401
1680060 401
1680070 402
1680080 402
1680090 403
1680100 403
1680110 404
1680120 404
1680130 404
1680140 405
1680150 405
1680160 406
1680170 406
1680180 406
1680190 407
1680200 407
1680210 407
1680220 407
1680230 407
1680240 406
1680250 406
1680260 406
1680270 406
1680280 406
1680290 406
1680300 405
1680310 405
1680320 404
1680330 403
1680340 402
1680350 402
1680360 401
1680370 401
1680380 401
1680390 400
1680400 400
1680410 400
1680420 400
1680430 400
1680440 400
1680450 399
1680460 399
1680470 398
1680480 398
1680490 397
1680500 396
1680510 396
1680520 395
1680530 394
1680540 393
1680550 392
1680560 391
1680570 390
1680580 389
1680590 388
1680600 387
1680610 385
1680620 384
1680630 383
1680640 382
1680650 381
1680660 380
1680670 380
1680680 379
1680690 379
1680700 378
1680710 377
1680720 377
1680730 377
1680740 376
1680750 375
1680760 375
1680770 374
1680780 373
1680790 373
1680800 372
1680810 372
1680820 371
1680830 371
1680840 371
1680850 370
1680860 370
1680870 370
1680880 370
1680890 370
1680900 370
1680910 370
1680920 370
1680930 370
1680940 370
1680950 370
1680960 370
1680970 369
1680980 369
1680990 369
1681000 369
1681010 369
1681020 370
1681030 371
1681040 372
1681050 373
1681060 374
1681070 374
1681080 374
1681090 374
1681100 373
1681110 372
1681120 371
1681130 371
1681140 371
1681150 371
1681160 371
1681170 372
1681180 373
1681190 374
1681200 375
1681210 376
1681220 377
1681230 378
1681240 379
1681250 380
1681260 381
1681270 382
1681280 384
1681290 385
1681300 386
1681310 387
1681320 388
1681330 388
1681340 389
1681350 389
1681360 390
1681370 391
1681380 391
1681390 392
1681400 393
1681410 394
1681420 395
1681430 396
1681440 397
1681450 398
1681460 399
1681470 399
1681480 400
1681490 400
1681500 400
1681510 400
1681520 398
1681530 397
1681540 397
1681550 398
1681560 399
1681570 400
1681580 401
1681590 403
1681600 404
1681610 405
1681620 405
1681630 406
1681640 406
1681650 407
1681660 407
1681670 407
1681680 407
1681690 407
1681700 407
1681710 407
1681720 408
1681730 408
1681740 408
1681750 408
1681760 408
1681770 408
1681780 408
1681790 408
1681800 408
1681810 408
1681820 408
1681830 408
1681840 408
1681850 408
1681860 409
1681870 409
1681880 409
1681890 409
1681900 409
1681910 409
1681920 409
1681930 409
1681940 409
1681950 409
1681960 409
1681970 409
1681980 409
1681990 408
1682000 407
1682010 407
1682020 406
1682030 406
1682040 405
1682050 404
1682060 404
1682070 405
1682080 406
1682090 406
1682100 406
1682110 407
1682120 407
1682130 407
1682140 407
1682150 407
1682160 406
1682170 406
1682180 406
1682190 406
1682200 407
1682210 409
1682220 410
1682230 410
1682240 410
1682250 410
1682260 410
1682270 409
1682280 409
1682290 409
1682300 408
1682310 409
1682320 410
1682330 411
1682340 411
1682350 412
1682360 413
1682370 414
1682380 414
1682390 414
1682400 414
1682410 414
1682420 415
1682430 415
1682440 415
1682450 415
1682460 416
1682470 416
1682480 416
1682490 416
1682500 416
1682510 417
1682520 417
1682530 417
1682540 417
1682550 417
1682560 418
1682570 418
1682580 418
1682590 418
1682600 418
1682610 418
1682620 418
1682630 418
1682640 418
1682650 418
1682660 417
1682670 417
1682680 417
1682690 417
1682700 417
1682710 417
1682720 418
1682730 418
1682740 418
1682750 418
1682760 418
1682770 418
1682780 418
1682790 417
1682800 417
1682810 417
1682820 416
1682830 416
1682840 416
1682850 415
1682860 414
1682870 412
1682880 410
1682890 410
1682900 409
1682910 409
1682920 409
1682930 409
1682940 408
1682950 408
1682960 407
1682970 406
1682980 406
1682990 405
1683000 405
1683010 404
1683020 404
1683030 403
1683040 402
1683050 401
1683060 401
1683070 399
1683080 398
1683090 396
1683100 394
1683110 394
1683120 394
1683130 394
1683140 394
1683150 393
1683160 393
1683170 392
1683180 392
1683190 392
1683200 392
1683210 392
1683220 392
1683230 391
1683240 391
1683250 391
1683260 391
1683270 391
1683280 390
1683290 390
1683300 389
1683310 389
1683320 389
1683330 388
1683340 388
1683350 388
1683360 387
1683370 387
1683380 386
1683390 386
1683400 385
1683410 385
1683420 384
1683430 384
1683440 384
1683450 383
1683460 382
1683470 381
1683480 381
1683490 380
1683500 380
1683510 379
1683520 378
1683530 378
1683540 377
1683550 376
1683560 375
1683570 375
1683580 374
1683590 374
1683600 374
1683610 374
1683620 373
1683630 373
1683640 373
1683650 373
1683660 373
1683670 372
1683680 372
1683690 371
1683700 371
1683710 371
1683720 371
1683730 371
1683740 371
1683750 371
1683760 371
1683770 371
1683780 372
1683790 372
1683800 372
1683810 371
1683820 371
1683830 371
1683840 371
1683850 371
1683860 371
1683870 371
1683880 371
1683890 371
1683900 370
1683910 370
1683920 370
1683930 370
1683940 369
1683950 369
1683960 369
1683970 369
1683980 369
1683990 368
1684000 368
1684010 368
1684020 368
1684030 367
1684040 367
1684050 367
1684060 367
1684070 366
1684080 366
1684090 366
1684100 365
1684110 365
1684120 365
1684130 365
1684140 365
1684150 365
1684160 365
1684170 366
1684180 366
1684190 365
1684200 365
1684210 365
1684220 365
1684230 364
1684240 364
1684250 363
1684260 363
1684270 362
1684280 362
1684290 361
1684300 361
1684310 360
1684320 360
1684330 360
1684340 360
1684350 360
1684360 359
1684370 359
1684380 358
1684390 358
1684400 358
1684410 358
1684420 358
1684430 358
1684440 357
1684450 357
1684460 357
1684470 357
1684480 357
1684490 357
1684500 357
1684510 356
1684520 357
1684530 356
1684540 356
1684550 356
1684560 356
1684570 356
1684580 356
1684590 357
1684600 357
1684610 357
1684620 357
1684630 357
1684640 358
1684650 358
1684660 358
1684670 358
1684680 358
1684690 359
1684700 359
1684710 359
1684720 359
1684730 359
1684740 359
1684750 359
1684760 358
1684770 359
1684780 359
1684790 359
1684800 360
1684810 360
1684820 361
1684830 361
1684840 362
1684850 363
1684860 364
1684870 365
1684880 366
1684890 366
1684900 367
1684910 367
1684920 367
1684930 367
1684940 366
1684950 366
1684960 366
1684970 366
1684980 366
1684990 366
1685000 367
1685010 367
1685020 368
1685030 368
1685040 368
1685050 368
1685060 368
1685070 368
1685080 368
1685090 368
1685100 368
1685110 368
1685120 367
1685130 367
1685140 368
1685150 369
1685160 369
1685170 369
1685180 369
1685190 370
1685200 370
1685210 370
1685220 371
1685230 371
1685240 371
1685250 370
1685260 369
1685270 369
1685280 370
1685290 371
1685300 371
1685310 372
1685320 373
1685330 374
1685340 374
1685350 375
1685360 374
1685370 375
1685380 374
1685390 374
1685400 374
1685410 374
1685420 374
1685430 373
1685440 373
1685450 373
1685460 373
1685470 374
1685480 374
1685490 375
1685500 376
1685510 376
1685520 377
1685530 377
1685540 377
1685550 377
1685560 377
1685570 377
1685580 377
1685590 377
1685600 377
1685610 377
1685620 377
1685630 376
1685640 376
1685650 375
1685660 374
1685670 373
1685680 372
1685690 371
1685700 370
1685710 368
1685720 366
1685730 364
1685740 361
1685750 359
1685760 355
1685770 352
1685780 350
1685790 348
1685800 346
1685810 345
1685820 343
1685830 342
1685840 341
1685850 340
1685860 338
1685870 337
1685880 335
1685890 334
1685900 333
1685910 332
1685920 331
1685930 329
1685940 327
1685950 328
1685960 329
1685970 331
1685980 334
1685990 337
1686000 340
1686010 342
1686020 344
1686030 346
1686040 348
1686050 351
1686060 353
1686070 355
1686080 358
1686090 360
1686100 362
1686110 365
1686120 367
1686130 369
1686140 371
1686150 373
1686160 375
1686170 377
1686180 379
1686190 380
1686200 382
1686210 383
1686220 384
1686230 385
1686240 386
1686250 387
1686260 388
1686270 389
1686280 389
1686290 390
1686300 391
1686310 391
1686320 392
1686330 393
1686340 393
1686350 393
1686360 393
1686370 392
1686380 391
1686390 389
1686400 387
1686410 386
1686420 385
1686430 382
1686440 380
1686450 377
1686460 376
1686470 374
1686480 373
1686490 371
1686500 370
1686510 369
1686520 368
1686530 366
1686540 364
1686550 362
1686560 360
1686570 357
1686580 353
1686590 350
1686600 348
1686610 345
1686620 343
1686630 340
1686640 338
1686650 335
1686660 332
1686670 330
1686680 329
1686690 328
1686700 326
1686710 324
1686720 323
1686730 322
1686740 321
1686750 321
1686760 321
1686770 321
1686780 321
1686790 321
1686800 320
1686810 320
1686820 320
1686830 320
1686840 320
1686850 320
1686860 320
1686870 320
1686880 320
1686890 320
1686900 320
1686910 320
1686920 320
1686930 320
1686940 320
1686950 320
1686960 321
1686970 321
1686980 320
1686990 319
1687000 316
1687010 314
1687020 312
1687030 312
1687040 312
1687050 313
1687060 316
1687070 318
1687080 319
1687090 320
1687100 321
1687110 321
1687120 322
1687130 322
1687140 322
1687150 322
1687160 322
1687170 323
1687180 323
1687190 323
1687200 323
1687210 324
1687220 324
1687230 324
1687240 325
1687250 325
1687260 325
1687270 326
1687280 326
1687290 326
1687300 327
1687310 327
1687320 328
1687330 328
1687340 329
1687350 330
1687360 330
1687370 331
1687380 331
1687390 332
1687400 333
1687410 333
1687420 334
1687430 334
1687440 334
1687450 335
1687460 336
1687470 337
1687480 338
1687490 339
1687500 340
1687510 340
1687520 341
1687530 342
1687540 343
1687550 344
1687560 345
1687570 346
1687580 347
1687590 348
1687600 350
1687610 351
1687620 353
1687630 355
1687640 356
1687650 357
1687660 358
1687670 360
1687680 362
1687690 364
1687700 366
1687710 367
1687720 369
1687730 370
1687740 372
1687750 374
1687760 375
1687770 377
1687780 378
1687790 380
1687800 381
1687810 383
1687820 385
1687830 386
1687840 387
1687850 389
1687860 391
1687870 392
1687880 394
1687890 395
1687900 396
1687910 398
1687920 400
1687930 402
1687940 403
1687950 404
1687960 405
1687970 406
1687980 408
1687990 409
1688000 411
1688010 411
1688020 412
1688030 413
1688040 413
1688050 414
1688060 415
1688070 416
1688080 417
1688090 418
1688100 419
1688110 420
1688120 421
1688130 422
1688140 423
1688150 424
1688160 425
1688170 426
1688180 427
1688190 428
1688200 429
1688210 430
1688220 431
1688230 432
1688240 433
1688250 434
1688260 435
1688270 435
1688280 436
1688290 437
1688300 438
1688310 439
1688320 440
1688330 440
1688340 441
1688350 442
1688360 442
1688370 443
1688380 444
1688390 444
1688400 445
1688410 446
1688420 447
1688430 448
1688440 448
1688450 449
1688460 450
1688470 451
1688480 451
1688490 452
1688500 452
1688510 453
1688520 453
1688530 454
1688540 454
1688550 455
1688560 455
1688570 456
1688580 456
1688590 457
1688600 457
1688610 458
1688620 458
1688630 459
1688640 459
1688650 459
1688660 460
1688670 460
1688680 461
1688690 461
1688700 461
1688710 462
1688720 462
1688730 462
1688740 462
1688750 462
1688760 462
1688770 463
1688780 463
1688790 463
1688800 463
1688810 463
1688820 463
1688830 463
1688840 464
1688850 464
1688860 463
1688870 463
1688880 463
1688890 463
1688900 463
1688910 463
1688920 463
1688930 463
1688940 464
1688950 465
1688960 465
1688970 465
1688980 465
1688990 466
1689000 467
1689010 468
1689020 470
1689030 470
1689040 471
1689050 472
1689060 471
1689070 471
1689080 471
1689090 472
1689100 472
1689110 473
1689120 473
1689130 474
1689140 474
1689150 474
1689160 475
1689170 475
1689180 476
1689190 477
1689200 477
1689210 478
1689220 478
1689230 479
1689240 479
1689250 480
1689260 481
1689270 482
1689280 483
1689290 485
1689300 486
1689310 488
1689320 489
1689330 489
1689340 490
1689350 491
1689360 491
1689370 492
1689380 493
1689390 493
1689400 494
1689410 495
1689420 496
1689430 496
1689440 497
1689450 498
1689460 499
1689470 499
1689480 499
1689490 500
1689500 500
1689510 501
1689520 502
1689530 502
1689540 503
1689550 503
1689560 504
1689570 504
1689580 504
1689590 505
1689600 505
1689610 506
1689620 506
1689630 506
1689640 507
1689650 508
1689660 508
1689670 508
1689680 509
1689690 509
1689700 510
1689710 510
1689720 511
1689730 511
1689740 511
1689750 511
1689760 512
1689770 512
1689780 512
1689790 512
1689800 511
1689810 511
1689820 511
1689830 511
1689840 511
1689850 511
1689860 510
1689870 510
1689880 509
1689890 508
1689900 508
1689910 507
1689920 506
1689930 505
1689940 504
1689950 503
1689960 502
1689970 501
1689980 499
1689990 498
1690000 497
1690010 496
1690020 494
1690030 492
1690040 490
1690050 489
1690060 487
1690070 485
1690080 483
1690090 482
1690100 481
1690110 479
1690120 478
1690130 477
1690140 476
1690150 475
1690160 474
1690170 473
1690180 472
1690190 471
1690200 469
1690210 468
1690220 467
1690230 466
1690240 465
1690250 464
1690260 463
1690270 462
1690280 460
1690290 459
1690300 458
1690310 457
1690320 455
1690330 453
1690340 451
1690350 449
1690360 447
1690370 446
1690380 447
1690390 448
1690400 449
1690410 449
1690420 450
1690430 450
1690440 449
1690450 449
1690460 449
1690470 449
1690480 449
1690490 449
1690500 450
1690510 450
1690520 450
1690530 450
1690540 451
1690550 451
1690560 451
1690570 452
1690580 452
1690590 452
1690600 452
1690610 453
1690620 453
1690630 453
1690640 453
1690650 454
1690660 454
1690670 454
1690680 454
1690690 454
1690700 455
1690710 455
1690720 455
1690730 455
1690740 455
1690750 455
1690760 455
1690770 455
1690780 454
1690790 454
1690800 453
1690810 453
1690820 452
1690830 451
1690840 451
1690850 450
1690860 449
1690870 448
1690880 446
1690890 444
1690900 442
1690910 440
1690920 438
1690930 436
1690940 434
1690950 433
1690960 431
1690970 429
1690980 427
1690990 425
1691000 424
1691010 423
1691020 423
1691030 422
1691040 421
1691050 420
1691060 419
1691070 418
1691080 416
1691090 415
1691100 414
1691110 412
1691120 408
1691130 405
1691140 403
1691150 404
1691160 405
1691170 406
1691180 407
1691190 408
1691200 409
1691210 409
1691220 410
1691230 410
1691240 410
1691250 411
1691260 412
1691270 412
1691280 413
1691290 414
1691300 415
1691310 415
1691320 415
1691330 415
1691340 414
1691350 414
1691360 414
1691370 413
1691380 412
1691390 412
1691400 411
1691410 411
1691420 410
1691430 411
1691440 411
1691450 412
1691460 413
1691470 414
1691480 414
1691490 414
1691500 414
1691510 414
1691520 414
1691530 415
1691540 415
1691550 416
1691560 416
1691570 417
1691580 417
1691590 418
1691600 419
1691610 420
1691620 421
1691630 421
1691640 421
1691650 422
1691660 424
1691670 425
1691680 426
1691690 428
1691700 429
1691710 429
1691720 428
1691730 427
1691740 427
1691750 427
1691760 428
1691770 430
1691780 432
1691790 433
1691800 434
1691810 434
1691820 435
1691830 435
1691840 436
1691850 437
1691860 438
1691870 439
1691880 439
1691890 440
1691900 440
1691910 441
1691920 443
1691930 444
1691940 445
1691950 446
1691960 447
1691970 448
1691980 450
1691990 452
1692000 453
1692010 455
1692020 457
1692030 459
1692040 460
1692050 462
1692060 463
1692070 464
1692080 465
1692090 466
1692100 467
1692110 468
1692120 469
1692130 470
1692140 472
1692150 473
1692160 474
1692170 475
1692180 476
1692190 477
1692200 478
1692210 479
1692220 481
1692230 482
1692240 482
1692250 483
1692260 483
1692270 483
1692280 483
1692290 484
1692300 484
1692310 485
1692320 486
1692330 486
1692340 487
1692350 487
1692360 489
1692370 491
1692380 492
1692390 493
1692400 493
1692410 493
1692420 494
1692430 494
1692440 493
1692450 493
1692460 493
1692470 493
1692480 493
1692490 492
1692500 492
1692510 491
1692520 491
1692530 491
1692540 491
1692550 492
1692560 492
1692570 492
1692580 493
1692590 494
1692600 495
1692610 495
1692620 495
1692630 495
1692640 495
1692650 494
1692660 494
1692670 494
1692680 493
1692690 493
1692700 493
1692710 492
1692720 492
1692730 491
1692740 491
1692750 491
1692760 491
1692770 491
1692780 491
1692790 491
1692800 491
1692810 491
1692820 491
1692830 491
1692840 491
1692850 491
1692860 490
1692870 490
1692880 490
1692890 490
1692900 491
1692910 491
1692920 491
1692930 492
1692940 492
1692950 492
1692960 491
1692970 491
1692980 491
1692990 491
1693000 491
1693010 491
1693020 490
1693030 490
1693040 489
1693050 489
1693060 488
1693070 488
1693080 487
1693090 486
1693100 485
1693110 485
1693120 484
1693130 481
1693140 479
1693150 477
1693160 476
1693170 476
1693180 475
1693190 475
1693200 475
1693210 474
1693220 474
1693230 473
1693240 472
1693250 472
1693260 471
1693270 471
1693280 471
1693290 470
1693300 470
1693310 470
1693320 471
1693330 471
1693340 471
1693350 471
1693360 472
1693370 473
1693380 474
1693390 474
1693400 473
1693410 473
1693420 474
1693430 474
1693440 473
1693450 472
1693460 471
1693470 469
1693480 468
1693490 468
1693500 468
1693510 469
1693520 469
1693530 469
1693540 469
1693550 469
1693560 469
1693570 468
1693580 468
1693590 468
1693600 468
1693610 468
1693620 468
1693630 467
1693640 467
1693650 466
1693660 466
1693670 466
1693680 465
1693690 465
1693700 465
1693710 465
1693720 464
1693730 464
1693740 463
1693750 463
1693760 462
1693770 462
1693780 461
1693790 461
1693800 461
1693810 460
1693820 460
1693830 460
1693840 460
1693850 459
1693860 459
1693870 459
1693880 458
1693890 458
1693900 458
1693910 457
1693920 457
1693930 456
1693940 456
1693950 455
1693960 454
1693970 454
1693980 453
1693990 453
1694000 452
1694010 451
1694020 451
1694030 450
1694040 449
1694050 449
1694060 448
1694070 447
1694080 446
1694090 445
1694100 444
1694110 443
1694120 441
1694130 440
1694140 439
1694150 437
1694160 434
1694170 432
1694180 430
1694190 428
1694200 425
1694210 423
1694220 421
1694230 420
1694240 419
1694250 418
1694260 416
1694270 415
1694280 414
1694290 413
1694300 412
1694310 412
1694320 411
1694330 411
1694340 410
1694350 409
1694360 408
1694370 407
1694380 407
1694390 406
1694400 405
1694410 404
1694420 402
1694430 401
1694440 400
1694450 399
1694460 397
1694470 396
1694480 395
1694490 394
1694500 394
1694510 393
1694520 392
1694530 391
1694540 390
1694550 389
1694560 388
1694570 388
1694580 387
1694590 387
1694600 387
1694610 387
1694620 387
1694630 386
1694640 384
1694650 382
1694660 379
1694670 378
1694680 378
1694690 379
1694700 380
1694710 381
1694720 381
1694730 382
1694740 382
1694750 382
1694760 382
1694770 382
1694780 382
1694790 383
1694800 384
1694810 385
1694820 385
1694830 386
1694840 387
1694850 387
1694860 387
1694870 388
1694880 388
1694890 389
1694900 390
1694910 392
1694920 394
1694930 395
1694940 397
1694950 398
1694960 400
1694970 401
1694980 402
1694990 403
1695000 403
1695010 404
1695020 405
1695030 405
1695040 406
1695050 406
1695060 407
1695070 408
1695080 409
1695090 410
1695100 411
1695110 412
1695120 413
1695130 413
1695140 414
1695150 414
1695160 414
1695170 414
1695180 414
1695190 414
1695200 414
1695210 414
1695220 415
1695230 416
1695240 416
1695250 417
1695260 418
1695270 419
1695280 419
1695290 420
1695300 420
1695310 421
1695320 421
1695330 421
1695340 421
1695350 421
1695360 421
1695370 420
1695380 420
1695390 420
1695400 421
1695410 421
1695420 422
1695430 421
1695440 421
1695450 422
1695460 425
1695470 428
1695480 430
1695490 431
1695500 432
1695510 433
1695520 433
1695530 434
1695540 435
1695550 435
1695560 436
1695570 436
1695580 437
1695590 438
1695600 438
1695610 439
1695620 440
1695630 440
1695640 441
1695650 442
1695660 442
1695670 443
1695680 443
1695690 444
1695700 444
1695710 445
1695720 446
1695730 446
1695740 447
1695750 447
1695760 448
1695770 448
1695780 448
1695790 448
1695800 448
1695810 448
1695820 448
1695830 448
1695840 448
1695850 448
1695860 449
1695870 449
1695880 450
1695890 450
1695900 450
1695910 450
1695920 450
1695930 450
1695940 451
1695950 451
1695960 451
1695970 451
1695980 452
1695990 452
1696000 453
1696010 453
1696020 453
1696030 453
1696040 453
1696050 453
1696060 453
1696070 453
1696080 453
1696090 453
1696100 453
1696110 453
1696120 454
1696130 454
1696140 456
1696150 457
1696160 459
1696170 461
1696180 461
1696190 462
1696200 462
1696210 463
1696220 463
1696230 463
1696240 464
1696250 464
1696260 464
1696270 464
1696280 464
1696290 464
1696300 463
1696310 463
1696320 463
1696330 463
1696340 464
1696350 464
1696360 464
1696370 465
1696380 465
1696390 466
1696400 467
1696410 467
1696420 467
1696430 467
1696440 467
1696450 467
1696460 468
1696470 468
1696480 469
1696490 470
1696500 470
1696510 471
1696520 472
1696530 472
1696540 472
1696550 473
1696560 472
1696570 472
1696580 472
1696590 472
1696600 473
1696610 475
1696620 476
1696630 478
1696640 480
1696650 483
1696660 485
1696670 487
1696680 490
1696690 492
1696700 496
1696710 500
1696720 505
1696730 510
1696740 515
1696750 519
1696760 523
1696770 527
1696780 531
1696790 535
1696800 539
1696810 543
1696820 547
1696830 550
1696840 553
1696850 556
1696860 559
1696870 562
1696880 565
1696890 568
1696900 570
1696910 574
1696920 577
1696930 580
1696940 583
1696950 586
1696960 588
1696970 592
1696980 595
1696990 598
1697000 601
1697010 604
1697020 607
1697030 610
1697040 612
1697050 615
1697060 617
1697070 619
1697080 621
1697090 623
1697100 624
1697110 626
1697120 628
1697130 630
1697140 632
1697150 633
1697160 634
1697170 635
1697180 636
1697190 637
1697200 637
1697210 638
1697220 638
1697230 638
1697240 638
1697250 638
1697260 638
1697270 637
1697280 637
1697290 637
1697300 636
1697310 636
1697320 635
1697330 634
1697340 633
1697350 632
1697360 631
1697370 630
1697380 629
1697390 627
1697400 626
1697410 625
1697420 623
1697430 622
1697440 621
1697450 621
1697460 620
1697470 619
1697480 618
1697490 616
1697500 615
1697510 614
1697520 615
1697530 617
1697540 619
1697550 621
1697560 622
1697570 623
1697580 623
1697590 623
1697600 621
1697610 620
1697620 619
1697630 619
1697640 619
1697650 619
1697660 619
1697670 620
1697680 621
1697690 623
1697700 626
1697710 629
1697720 631
1697730 632
1697740 633
1697750 634
1697760 633
1697770 633
1697780 632
1697790 631
1697800 630
1697810 629
1697820 628
1697830 627
1697840 625
1697850 624
1697860 622
1697870 620
1697880 617
1697890 615
1697900 614
1697910 613
1697920 612
1697930 612
1697940 611
1697950 610
1697960 610
1697970 610
1697980 611
1697990 612
1698000 613
1698010 614
1698020 616
1698030 619
1698040 621
1698050 624
1698060 627
1698070 629
1698080 631
1698090 633
1698100 634
1698110 635
1698120 635
1698130 634
1698140 634
1698150 634
1698160 634
1698170 634
1698180 634
1698190 634
1698200 634
1698210 634
1698220 634
1698230 635
1698240 635
1698250 636
1698260 637
1698270 638
1698280 639
1698290 640
1698300 641
1698310 643
1698320 645
1698330 647
1698340 648
1698350 650
1698360 651
1698370 652
1698380 653
1698390 654
1698400 656
1698410 657
1698420 659
1698430 661
1698440 662
1698450 664
1698460 665
1698470 666
1698480 667
1698490 669
1698500 671
1698510 673
1698520 675
1698530 677
1698540 679
1698550 681
1698560 682
1698570 684
1698580 685
1698590 687
1698600 688
1698610 690
1698620 691
1698630 693
1698640 695
1698650 696
1698660 697
1698670 698
1698680 699
1698690 700
1698700 701
1698710 702
1698720 703
1698730 704
1698740 705
1698750 706
1698760 707
1698770 708
1698780 708
1698790 708
1698800 708
1698810 708
1698820 705
1698830 702
1698840 699
1698850 695
1698860 691
1698870 688
1698880 685
1698890 681
1698900 679
1698910 678
1698920 676
1698930 675
1698940 675
1698950 675
1698960 675
1698970 675
1698980 675
1698990 675
1699000 675
1699010 675
1699020 675
1699030 674
1699040 674
1699050 675
1699060 676
1699070 676
1699080 676
1699090 676
1699100 676
1699110 676
1699120 678
1699130 680
1699140 681
1699150 681
1699160 681
1699170 682
1699180 683
1699190 685
1699200 686
1699210 687
1699220 687
1699230 687
1699240 687
1699250 686
1699260 685
1699270 684
1699280 683
1699290 683
1699300 682
1699310 681
1699320 680
1699330 680
1699340 680
1699350 680
1699360 682
1699370 682
1699380 682
1699390 682
1699400 682
1699410 682
1699420 681
1699430 681
1699440 682
1699450 683
1699460 683
1699470 684
1699480 685
1699490 684
1699500 683
1699510 683
1699520 684
1699530 685
1699540 684
1699550 683
1699560 683
1699570 685
1699580 686
1699590 687
1699600 687
1699610 686
1699620 686
1699630 687
1699640 688
1699650 690
1699660 692
1699670 693
1699680 693
1699690 693
1699700 693
1699710 694
1699720 698
1699730 701
1699740 703
1699750 704
1699760 705
1699770 705
1699780 706
1699790 707
1699800 709
1699810 711
1699820 713
1699830 716
1699840 719
1699850 723
1699860 726
1699870 730
1699880 733
1699890 734
1699900 736
1699910 737
1699920 738
1699930 739
1699940 741
1699950 742
1699960 744
1699970 746
1699980 748
1699990 750
