1680000 364
1680010 363
1680020 363
1680030 362
1680040 362
1680050 362
1680060 362
1680070 361
1680080 361
1680090 361
1680100 361
1680110 361
1680120 361
1680130 362
1680140 362
1680150 362
1680160 363
1680170 362
1680180 362
1680190 362
1680200 362
1680210 361
1680220 361
1680230 361
1680240 360
1680250 360
1680260 360
1680270 360
1680280 360
1680290 360
1680300 360
1680310 360
1680320 360
1680330 360
1680340 360
1680350 360
1680360 360
1680370 360
1680380 359
1680390 359
1680400 359
1680410 359
1680420 359
1680430 359
1680440 359
1680450 359
1680460 359
1680470 359
1680480 359
1680490 359
1680500 359
1680510 358
1680520 358
1680530 358
1680540 358
1680550 358
1680560 357
1680570 357
1680580 356
1680590 355
1680600 355
1680610 354
1680620 353
1680630 352
1680640 350
1680650 349
1680660 347
1680670 346
1680680 344
1680690 342
1680700 341
1680710 340
1680720 339
1680730 338
1680740 338
1680750 337
1680760 337
1680770 336
1680780 336
1680790 335
1680800 335
1680810 334
1680820 334
1680830 334
1680840 334
1680850 334
1680860 334
1680870 334
1680880 334
1680890 333
1680900 333
1680910 333
1680920 333
1680930 333
1680940 332
1680950 332
1680960 332
1680970 331
1680980 331
1680990 331
1681000 331
1681010 331
1681020 331
1681030 331
1681040 330
1681050 331
1681060 332
1681070 334
1681080 336
1681090 338
1681100 340
1681110 341
1681120 343
1681130 344
1681140 346
1681150 348
1681160 349
1681170 351
1681180 352
1681190 354
1681200 355
1681210 356
1681220 357
1681230 358
1681240 359
1681250 361
1681260 362
1681270 362
1681280 363
1681290 363
1681300 363
1681310 364
1681320 365
1681330 366
1681340 368
1681350 369
1681360 370
1681370 371
1681380 372
1681390 373
1681400 374
1681410 374
1681420 374
1681430 374
1681440 376
1681450 377
1681460 379
1681470 380
1681480 382
1681490 383
1681500 385
1681510 386
1681520 387
1681530 389
1681540 390
1681550 392
1681560 393
1681570 395
1681580 395
1681590 397
1681600 398
1681610 399
1681620 400
1681630 401
1681640 402
1681650 403
1681660 404
1681670 405
1681680 406
1681690 407
1681700 408
1681710 408
1681720 409
1681730 409
1681740 410
1681750 410
1681760 411
1681770 411
1681780 411
1681790 411
1681800 412
1681810 412
1681820 412
1681830 412
1681840 412
1681850 412
1681860 412
1681870 412
1681880 412
1681890 413
1681900 413
1681910 413
1681920 413
1681930 413
1681940 413
1681950 413
1681960 413
1681970 413
1681980 413
1681990 413
1682000 413
1682010 413
1682020 413
1682030 413
1682040 413
1682050 413
1682060 413
1682070 413
1682080 413
1682090 413
1682100 413
1682110 413
1682120 412
1682130 412
1682140 412
1682150 412
1682160 411
1682170 411
1682180 411
1682190 411
1682200 410
1682210 410
1682220 409
1682230 409
1682240 408
1682250 408
1682260 408
1682270 408
1682280 408
1682290 408
1682300 408
1682310 408
1682320 408
1682330 408
1682340 408
1682350 408
1682360 408
1682370 408
1682380 408
1682390 407
1682400 407
1682410 407
1682420 406
1682430 406
1682440 406
1682450 406
1682460 405
1682470 405
1682480 404
1682490 404
1682500 403
1682510 403
1682520 402
1682530 402
1682540 401
1682550 400
1682560 399
1682570 397
1682580 396
1682590 394
1682600 393
1682610 391
1682620 390
1682630 388
1682640 386
1682650 385
1682660 383
1682670 382
1682680 380
1682690 379
1682700 378
1682710 377
1682720 376
1682730 375
1682740 374
1682750 374
1682760 374
1682770 374
1682780 374
1682790 374
1682800 374
1682810 375
1682820 375
1682830 375
1682840 374
1682850 374
1682860 373
1682870 371
1682880 370
1682890 368
1682900 366
1682910 364
1682920 361
1682930 361
1682940 363
1682950 364
1682960 365
1682970 366
1682980 367
1682990 367
1683000 367
1683010 368
1683020 369
1683030 370
1683040 371
1683050 373
1683060 374
1683070 375
1683080 376
1683090 377
1683100 377
1683110 378
1683120 378
1683130 379
1683140 380
1683150 380
1683160 381
1683170 381
1683180 382
1683190 382
1683200 383
1683210 383
1683220 384
1683230 384
1683240 385
1683250 385
1683260 386
1683270 386
1683280 387
1683290 387
1683300 387
1683310 387
1683320 387
1683330 387
1683340 387
1683350 386
1683360 386
1683370 385
1683380 384
1683390 384
1683400 384
1683410 383
1683420 382
1683430 382
1683440 381
1683450 380
1683460 379
1683470 378
1683480 377
1683490 376
1683500 375
1683510 374
1683520 374
1683530 372
1683540 371
1683550 370
1683560 369
1683570 368
1683580 367
1683590 367
1683600 366
1683610 365
1683620 364
1683630 363
1683640 362
1683650 361
1683660 360
1683670 359
1683680 358
1683690 356
1683700 354
1683710 351
1683720 349
1683730 347
1683740 346
1683750 345
1683760 345
1683770 344
1683780 343
1683790 342
1683800 342
1683810 341
1683820 341
1683830 341
1683840 340
1683850 339
1683860 337
1683870 335
1683880 334
1683890 333
1683900 333
1683910 332
1683920 332
1683930 332
1683940 332
1683950 332
1683960 331
1683970 331
1683980 330
1683990 330
1684000 329
1684010 329
1684020 328
1684030 328
1684040 327
1684050 327
1684060 326
1684070 325
1684080 325
1684090 324
1684100 324
1684110 323
1684120 323
1684130 322
1684140 321
1684150 321
1684160 321
1684170 321
1684180 320
1684190 320
1684200 320
1684210 321
1684220 321
1684230 322
1684240 322
1684250 322
1684260 323
1684270 324
1684280 324
1684290 325
1684300 326
1684310 326
1684320 327
1684330 328
1684340 328
1684350 328
1684360 328
1684370 327
1684380 326
1684390 325
1684400 323
1684410 322
1684420 320
1684430 319
1684440 318
1684450 317
1684460 316
1684470 315
1684480 314
1684490 313
1684500 312
1684510 311
1684520 310
1684530 310
1684540 309
1684550 309
1684560 308
1684570 308
1684580 308
1684590 308
1684600 307
1684610 307
1684620 307
1684630 307
1684640 307
1684650 307
1684660 307
1684670 307
1684680 307
1684690 307
1684700 307
1684710 307
1684720 307
1684730 307
1684740 307
1684750 307
1684760 307
1684770 307
1684780 307
1684790 307
1684800 307
1684810 307
1684820 307
1684830 307
1684840 307
1684850 307
1684860 306
1684870 306
1684880 306
1684890 305
1684900 304
1684910 303
1684920 302
1684930 301
1684940 299
1684950 299
1684960 300
1684970 303
1684980 304
1684990 304
1685000 304
1685010 304
1685020 304
1685030 304
1685040 304
1685050 304
1685060 304
1685070 304
1685080 305
1685090 305
1685100 305
1685110 305
1685120 305
1685130 305
1685140 305
1685150 305
1685160 305
1685170 305
1685180 305
1685190 305
1685200 305
1685210 305
1685220 306
1685230 306
1685240 306
1685250 306
1685260 306
1685270 306
1685280 306
1685290 306
1685300 306
1685310 307
1685320 307
1685330 307
1685340 307
1685350 307
1685360 307
1685370 307
1685380 307
1685390 307
1685400 307
1685410 307
1685420 307
1685430 307
1685440 306
1685450 306
1685460 306
1685470 307
1685480 309
1685490 309
1685500 310
1685510 311
1685520 312
1685530 314
1685540 315
1685550 316
1685560 317
1685570 318
1685580 319
1685590 320
1685600 321
1685610 322
1685620 323
1685630 324
1685640 325
1685650 325
1685660 326
1685670 327
1685680 328
1685690 329
1685700 330
1685710 331
1685720 332
1685730 332
1685740 333
1685750 334
1685760 334
1685770 335
1685780 336
1685790 337
1685800 338
1685810 339
1685820 340
1685830 341
1685840 342
1685850 343
1685860 344
1685870 345
1685880 346
1685890 348
1685900 349
1685910 350
1685920 351
1685930 352
1685940 353
1685950 355
1685960 356
1685970 357
1685980 358
1685990 359
1686000 361
1686010 361
1686020 362
1686030 362
1686040 363
1686050 363
1686060 364
1686070 364
1686080 365
1686090 366
1686100 367
1686110 367
1686120 368
1686130 369
1686140 370
1686150 370
1686160 370
1686170 371
1686180 371
1686190 372
1686200 372
1686210 373
1686220 373
1686230 374
1686240 375
1686250 376
1686260 377
1686270 377
1686280 378
1686290 379
1686300 380
1686310 380
1686320 381
1686330 381
1686340 382
1686350 383
1686360 383
1686370 384
1686380 384
1686390 385
1686400 385
1686410 386
1686420 387
1686430 387
1686440 388
1686450 388
1686460 389
1686470 389
1686480 389
1686490 390
1686500 390
1686510 390
1686520 391
1686530 391
1686540 391
1686550 392
1686560 392
1686570 392
1686580 392
1686590 393
1686600 393
1686610 393
1686620 393
1686630 393
1686640 394
1686650 394
1686660 394
1686670 394
1686680 394
1686690 394
1686700 394
1686710 394
1686720 394
1686730 396
1686740 396
1686750 396
1686760 397
1686770 397
1686780 397
1686790 396
1686800 395
1686810 394
1686820 394
1686830 394
1686840 394
1686850 395
1686860 395
1686870 395
1686880 395
1686890 396
1686900 397
1686910 397
1686920 397
1686930 397
1686940 397
1686950 398
1686960 398
1686970 398
1686980 399
1686990 399
1687000 399
1687010 400
1687020 400
1687030 401
1687040 401
1687050 401
1687060 401
1687070 402
1687080 402
1687090 402
1687100 403
1687110 403
1687120 404
1687130 404
1687140 404
1687150 405
1687160 405
1687170 406
1687180 406
1687190 407
1687200 407
1687210 407
1687220 407
1687230 407
1687240 407
1687250 408
1687260 408
1687270 408
1687280 409
1687290 409
1687300 410
1687310 410
1687320 410
1687330 410
1687340 410
1687350 410
1687360 411
1687370 411
1687380 412
1687390 412
1687400 413
1687410 413
1687420 413
1687430 413
1687440 413
1687450 413
1687460 414
1687470 414
1687480 414
1687490 414
1687500 415
1687510 415
1687520 415
1687530 415
1687540 415
1687550 416
1687560 416
1687570 416
1687580 416
1687590 416
1687600 416
1687610 416
1687620 416
1687630 417
1687640 417
1687650 417
1687660 417
1687670 417
1687680 417
1687690 417
1687700 417
1687710 417
1687720 417
1687730 418
1687740 418
1687750 418
1687760 418
1687770 418
1687780 418
1687790 418
1687800 417
1687810 417
1687820 417
1687830 416
1687840 416
1687850 415
1687860 415
1687870 414
1687880 413
1687890 412
1687900 411
1687910 409
1687920 408
1687930 406
1687940 405
1687950 404
1687960 403
1687970 402
1687980 401
1687990 400
1688000 398
1688010 397
1688020 396
1688030 395
1688040 393
1688050 392
1688060 391
1688070 390
1688080 389
1688090 388
1688100 387
1688110 386
1688120 385
1688130 384
1688140 383
1688150 382
1688160 381
1688170 381
1688180 380
1688190 379
1688200 378
1688210 378
1688220 377
1688230 377
1688240 377
1688250 376
1688260 376
1688270 375
1688280 375
1688290 374
1688300 373
1688310 372
1688320 370
1688330 369
1688340 368
1688350 368
1688360 368
1688370 368
1688380 368
1688390 368
1688400 367
1688410 367
1688420 367
1688430 366
1688440 366
1688450 365
1688460 364
1688470 364
1688480 363
1688490 362
1688500 362
1688510 361
1688520 361
1688530 360
1688540 360
1688550 360
1688560 360
1688570 360
1688580 360
1688590 360
1688600 359
1688610 359
1688620 359
1688630 359
1688640 360
1688650 360
1688660 361
1688670 362
1688680 363
1688690 363
1688700 363
1688710 363
1688720 363
1688730 363
1688740 362
1688750 362
1688760 362
1688770 362
1688780 362
1688790 362
1688800 362
1688810 361
1688820 361
1688830 361
1688840 361
1688850 361
1688860 360
1688870 360
1688880 360
1688890 359
1688900 359
1688910 359
1688920 359
1688930 359
1688940 358
1688950 358
1688960 357
1688970 356
1688980 355
1688990 355
1689000 354
1689010 353
1689020 353
1689030 352
1689040 351
1689050 351
1689060 350
1689070 349
1689080 348
1689090 347
1689100 346
1689110 346
1689120 345
1689130 344
1689140 344
1689150 343
1689160 343
1689170 342
1689180 341
1689190 340
1689200 339
1689210 337
1689220 334
1689230 331
1689240 328
1689250 328
1689260 328
1689270 329
1689280 329
1689290 330
1689300 330
1689310 330
1689320 331
1689330 332
1689340 335
1689350 337
1689360 340
1689370 341
1689380 342
1689390 343
1689400 344
1689410 345
1689420 346
1689430 347
1689440 348
1689450 349
1689460 350
1689470 351
1689480 351
1689490 352
1689500 353
1689510 353
1689520 354
1689530 354
1689540 355
1689550 355
1689560 355
1689570 355
1689580 356
1689590 356
1689600 357
1689610 358
1689620 359
1689630 361
1689640 363
1689650 364
1689660 365
1689670 365
1689680 366
1689690 366
1689700 367
1689710 367
1689720 368
1689730 369
1689740 369
1689750 370
1689760 370
1689770 371
1689780 371
1689790 372
1689800 373
1689810 373
1689820 373
1689830 373
1689840 374
1689850 374
1689860 374
1689870 375
1689880 375
1689890 376
1689900 376
1689910 376
1689920 376
1689930 377
1689940 377
1689950 377
1689960 378
1689970 378
1689980 378
1689990 378
1690000 378
1690010 378
1690020 378
1690030 378
1690040 378
1690050 378
1690060 378
1690070 378
1690080 379
1690090 379
1690100 379
1690110 380
1690120 380
1690130 379
1690140 379
1690150 379
1690160 379
1690170 379
1690180 379
1690190 379
1690200 379
1690210 379
1690220 379
1690230 379
1690240 379
1690250 379
1690260 379
1690270 378
1690280 378
1690290 378
1690300 378
1690310 378
1690320 378
1690330 378
1690340 378
1690350 378
1690360 378
1690370 377
1690380 377
1690390 376
1690400 376
1690410 375
1690420 375
1690430 374
1690440 374
1690450 373
1690460 372
1690470 371
1690480 370
1690490 370
1690500 370
1690510 369
1690520 369
1690530 368
1690540 367
1690550 367
1690560 368
1690570 368
1690580 367
1690590 366
1690600 367
1690610 367
1690620 368
1690630 368
1690640 368
1690650 368
1690660 368
1690670 368
1690680 368
1690690 368
1690700 368
1690710 368
1690720 369
1690730 369
1690740 369
1690750 369
1690760 369
1690770 370
1690780 370
1690790 371
1690800 371
1690810 372
1690820 372
1690830 373
1690840 373
1690850 374
1690860 374
1690870 374
1690880 374
1690890 375
1690900 375
1690910 375
1690920 375
1690930 376
1690940 376
1690950 377
1690960 377
1690970 378
1690980 378
1690990 379
1691000 379
1691010 379
1691020 379
1691030 379
1691040 379
1691050 379
1691060 379
1691070 379
1691080 379
1691090 379
1691100 379
1691110 379
1691120 379
1691130 379
1691140 379
1691150 379
1691160 379
1691170 379
1691180 379
1691190 379
1691200 379
1691210 379
1691220 379
1691230 379
1691240 379
1691250 379
1691260 379
1691270 379
1691280 379
1691290 378
1691300 378
1691310 378
1691320 378
1691330 378
1691340 378
1691350 378
1691360 377
1691370 377
1691380 377
1691390 376
1691400 376
1691410 376
1691420 375
1691430 375
1691440 375
1691450 374
1691460 374
1691470 373
1691480 373
1691490 372
1691500 371
1691510 371
1691520 370
1691530 370
1691540 369
1691550 368
1691560 367
1691570 367
1691580 366
1691590 365
1691600 364
1691610 363
1691620 362
1691630 362
1691640 361
1691650 360
1691660 359
1691670 359
1691680 358
1691690 357
1691700 356
1691710 355
1691720 354
1691730 352
1691740 351
1691750 349
1691760 347
1691770 346
1691780 345
1691790 344
1691800 342
1691810 340
1691820 337
1691830 335
1691840 332
1691850 329
1691860 328
1691870 327
1691880 326
1691890 325
1691900 324
1691910 323
1691920 322
1691930 322
1691940 321
1691950 321
1691960 320
1691970 320
1691980 320
1691990 320
1692000 320
1692010 319
1692020 319
1692030 319
1692040 321
1692050 323
1692060 324
1692070 324
1692080 324
1692090 324
1692100 324
1692110 324
1692120 324
1692130 324
1692140 324
1692150 324
1692160 324
1692170 324
1692180 324
1692190 325
1692200 325
1692210 325
1692220 326
1692230 326
1692240 327
1692250 327
1692260 328
1692270 329
1692280 330
1692290 331
1692300 332
1692310 332
1692320 333
1692330 334
1692340 336
1692350 337
1692360 338
1692370 339
1692380 340
1692390 341
1692400 342
1692410 343
1692420 345
1692430 346
1692440 347
1692450 348
1692460 349
1692470 351
1692480 351
1692490 353
1692500 354
1692510 355
1692520 357
1692530 358
1692540 360
1692550 361
1692560 361
1692570 362
1692580 363
1692590 365
1692600 367
1692610 368
1692620 369
1692630 370
1692640 372
1692650 373
1692660 374
1692670 376
1692680 377
1692690 378
1692700 379
1692710 381
1692720 382
1692730 383
1692740 384
1692750 385
1692760 386
1692770 387
1692780 388
1692790 389
1692800 390
1692810 392
1692820 393
1692830 394
1692840 395
1692850 396
1692860 397
1692870 399
1692880 400
1692890 402
1692900 404
1692910 405
1692920 406
1692930 407
1692940 408
1692950 409
1692960 411
1692970 411
1692980 412
1692990 413
1693000 415
1693010 416
1693020 417
1693030 418
1693040 419
1693050 421
1693060 422
1693070 423
1693080 424
1693090 425
1693100 425
1693110 425
1693120 426
1693130 427
1693140 428
1693150 429
1693160 430
1693170 431
1693180 433
1693190 435
1693200 437
1693210 438
1693220 439
1693230 440
1693240 441
1693250 442
1693260 442
1693270 442
1693280 442
1693290 442
1693300 442
1693310 443
1693320 443
1693330 444
1693340 445
1693350 446
1693360 447
1693370 448
1693380 449
1693390 450
1693400 451
1693410 452
1693420 454
1693430 455
1693440 457
1693450 459
1693460 460
1693470 461
1693480 462
1693490 463
1693500 464
1693510 465
1693520 466
1693530 467
1693540 468
1693550 469
1693560 469
1693570 470
1693580 471
1693590 472
1693600 473
1693610 474
1693620 475
1693630 476
1693640 476
1693650 476
1693660 477
1693670 477
1693680 477
1693690 477
1693700 476
1693710 477
1693720 477
1693730 477
1693740 477
1693750 477
1693760 478
1693770 478
1693780 478
1693790 478
1693800 479
1693810 479
1693820 479
1693830 480
1693840 480
1693850 480
1693860 480
1693870 480
1693880 481
1693890 481
1693900 482
1693910 482
1693920 482
1693930 483
1693940 483
1693950 483
1693960 483
1693970 483
1693980 483
1693990 484
1694000 484
1694010 485
1694020 485
1694030 485
1694040 485
1694050 484
1694060 485
1694070 486
1694080 487
1694090 487
1694100 487
1694110 488
1694120 487
1694130 487
1694140 487
1694150 488
1694160 488
1694170 488
1694180 489
1694190 489
1694200 490
1694210 491
1694220 493
1694230 494
1694240 495
1694250 496
1694260 497
1694270 498
1694280 499
1694290 500
1694300 501
1694310 503
1694320 504
1694330 505
1694340 506
1694350 507
1694360 509
1694370 510
1694380 511
1694390 512
1694400 514
1694410 515
1694420 516
1694430 517
1694440 518
1694450 519
1694460 520
1694470 521
1694480 522
1694490 523
1694500 523
1694510 524
1694520 525
1694530 527
1694540 528
1694550 529
1694560 530
1694570 531
1694580 532
1694590 532
1694600 533
1694610 534
1694620 535
1694630 535
1694640 536
1694650 537
1694660 537
1694670 538
1694680 539
1694690 540
1694700 540
1694710 541
1694720 542
1694730 542
1694740 543
1694750 543
1694760 544
1694770 544
1694780 545
1694790 545
1694800 546
1694810 546
1694820 547
1694830 547
1694840 548
1694850 548
1694860 549
1694870 549
1694880 549
1694890 550
1694900 550
1694910 550
1694920 550
1694930 551
1694940 551
1694950 551
1694960 552
1694970 552
1694980 553
1694990 553
1695000 553
1695010 553
1695020 553
1695030 554
1695040 554
1695050 555
1695060 556
1695070 557
1695080 557
1695090 557
1695100 558
1695110 559
1695120 560
1695130 561
1695140 562
1695150 562
1695160 562
1695170 562
1695180 562
1695190 563
1695200 564
1695210 565
1695220 566
1695230 567
1695240 568
1695250 569
1695260 570
1695270 571
1695280 571
1695290 572
1695300 573
1695310 574
1695320 575
1695330 576
1695340 577
1695350 578
1695360 579
1695370 580
1695380 581
1695390 581
1695400 582
1695410 583
1695420 583
1695430 583
1695440 583
1695450 583
1695460 582
1695470 581
1695480 581
1695490 580
1695500 579
1695510 579
1695520 578
1695530 577
1695540 576
1695550 575
1695560 574
1695570 573
1695580 572
1695590 571
1695600 570
1695610 569
1695620 568
1695630 566
1695640 565
1695650 563
1695660 561
1695670 559
1695680 557
1695690 555
1695700 553
1695710 551
1695720 549
1695730 547
1695740 545
1695750 542
1695760 540
1695770 537
1695780 534
1695790 532
1695800 530
1695810 529
1695820 528
1695830 527
1695840 525
1695850 523
1695860 521
1695870 520
1695880 519
1695890 517
1695900 516
1695910 514
1695920 513
1695930 511
1695940 510
1695950 509
1695960 507
1695970 506
1695980 504
1695990 503
1696000 502
1696010 500
1696020 499
1696030 497
1696040 496
1696050 494
1696060 493
1696070 491
1696080 490
1696090 488
1696100 486
1696110 484
1696120 482
1696130 480
1696140 479
1696150 477
1696160 475
1696170 473
1696180 472
1696190 470
1696200 469
1696210 468
1696220 466
1696230 464
1696240 463
1696250 462
1696260 461
1696270 461
1696280 460
1696290 459
1696300 457
1696310 454
1696320 452
1696330 451
1696340 451
1696350 451
1696360 451
1696370 451
1696380 450
1696390 450
1696400 450
1696410 450
1696420 450
1696430 450
1696440 449
1696450 449
1696460 448
1696470 448
1696480 447
1696490 447
1696500 446
1696510 446
1696520 445
1696530 445
1696540 445
1696550 444
1696560 443
1696570 442
1696580 442
1696590 441
1696600 440
1696610 439
1696620 438
1696630 437
1696640 436
1696650 434
1696660 432
1696670 430
1696680 428
1696690 426
1696700 424
1696710 422
1696720 421
1696730 422
1696740 424
1696750 426
1696760 428
1696770 429
1696780 431
1696790 432
1696800 433
1696810 435
1696820 436
1696830 437
1696840 438
1696850 440
1696860 441
1696870 442
1696880 444
1696890 445
1696900 446
1696910 447
1696920 448
1696930 449
1696940 450
1696950 451
1696960 452
1696970 453
1696980 454
1696990 455
1697000 456
1697010 456
1697020 457
1697030 457
1697040 457
1697050 457
1697060 457
1697070 456
1697080 456
1697090 456
1697100 455
1697110 455
1697120 454
1697130 453
1697140 453
1697150 452
1697160 451
1697170 450
1697180 449
1697190 448
1697200 447
1697210 446
1697220 445
1697230 444
1697240 443
1697250 442
1697260 440
1697270 439
1697280 437
1697290 436
1697300 434
1697310 433
1697320 431
1697330 429
1697340 427
1697350 426
1697360 425
1697370 423
1697380 422
1697390 421
1697400 420
1697410 418
1697420 417
1697430 415
1697440 412
1697450 410
1697460 407
1697470 404
1697480 402
1697490 400
1697500 397
1697510 393
1697520 389
1697530 389
1697540 391
1697550 394
1697560 397
1697570 400
1697580 403
1697590 406
1697600 410
1697610 413
1697620 416
1697630 418
1697640 420
1697650 422
1697660 424
1697670 426
1697680 427
1697690 428
1697700 430
1697710 431
1697720 432
1697730 433
1697740 434
1697750 435
1697760 436
1697770 437
1697780 438
1697790 439
1697800 440
1697810 441
1697820 442
1697830 442
1697840 443
1697850 444
1697860 445
1697870 445
1697880 446
1697890 446
1697900 447
1697910 447
1697920 448
1697930 448
1697940 448
1697950 448
1697960 448
1697970 448
1697980 448
1697990 447
1698000 447
1698010 447
1698020 447
1698030 446
1698040 446
1698050 445
1698060 444
1698070 444
1698080 443
1698090 443
1698100 442
1698110 442
1698120 442
1698130 442
1698140 442
1698150 442
1698160 442
1698170 442
1698180 442
1698190 442
1698200 443
1698210 444
1698220 444
1698230 444
1698240 444
1698250 444
1698260 444
1698270 444
1698280 444
1698290 445
1698300 445
1698310 445
1698320 445
1698330 445
1698340 445
1698350 445
1698360 445
1698370 445
1698380 445
1698390 445
1698400 445
1698410 445
1698420 445
1698430 445
1698440 445
1698450 445
1698460 445
1698470 444
1698480 444
1698490 443
1698500 442
1698510 442
1698520 441
1698530 440
1698540 440
1698550 439
1698560 438
1698570 437
1698580 437
1698590 436
1698600 435
1698610 435
1698620 434
1698630 433
1698640 432
1698650 431
1698660 430
1698670 429
1698680 428
1698690 426
1698700 425
1698710 423
1698720 421
1698730 419
1698740 418
1698750 418
1698760 417
1698770 416
1698780 415
1698790 414
1698800 414
1698810 413
1698820 413
1698830 412
1698840 412
1698850 411
1698860 411
1698870 411
1698880 411
1698890 411
1698900 411
1698910 410
1698920 410
1698930 411
1698940 411
1698950 411
1698960 410
1698970 410
1698980 410
1698990 410
1699000 410
1699010 410
1699020 410
1699030 410
1699040 411
1699050 411
1699060 411
1699070 411
1699080 410
1699090 410
1699100 410
1699110 410
1699120 410
1699130 410
1699140 410
1699150 411
1699160 411
1699170 411
1699180 411
1699190 411
1699200 411
1699210 411
1699220 412
1699230 412
1699240 412
1699250 412
1699260 412
1699270 412
1699280 412
1699290 412
1699300 413
1699310 413
1699320 413
1699330 413
1699340 413
1699350 413
1699360 414
1699370 414
1699380 414
1699390 415
1699400 416
1699410 416
1699420 417
1699430 418
1699440 418
1699450 419
1699460 419
1699470 420
1699480 420
1699490 420
1699500 421
1699510 421
1699520 421
1699530 421
1699540 422
1699550 422
1699560 423
1699570 423
1699580 423
1699590 424
1699600 424
1699610 425
1699620 425
1699630 426
1699640 427
1699650 427
1699660 428
1699670 428
1699680 429
1699690 429
1699700 430
1699710 430
1699720 430
1699730 430
1699740 431
1699750 431
1699760 431
1699770 432
1699780 432
1699790 432
1699800 432
1699810 433
1699820 433
1699830 433
1699840 433
1699850 434
1699860 434
1699870 434
1699880 434
1699890 434
1699900 434
1699910 434
1699920 434
1699930 433
1699940 433
1699950 434
1699960 435
1699970 436
1699980 437
1699990 437
