1680000 389
1680010 388
1680020 387
1680030 386
1680040 386
1680050 386
1680060 386
1680070 387
1680080 386
1680090 386
1680100 385
1680110 385
1680120 384
1680130 383
1680140 383
1680150 382
1680160 382
1680170 381
1680180 381
1680190 381
1680200 380
1680210 380
1680220 379
1680230 379
1680240 378
1680250 378
1680260 377
1680270 377
1680280 377
1680290 376
1680300 376
1680310 376
1680320 376
1680330 375
1680340 375
1680350 375
1680360 374
1680370 374
1680380 374
1680390 374
1680400 373
1680410 373
1680420 373
1680430 372
1680440 372
1680450 371
1680460 371
1680470 370
1680480 370
1680490 369
1680500 369
1680510 368
1680520 367
1680530 366
1680540 365
1680550 364
1680560 363
1680570 362
1680580 361
1680590 359
1680600 358
1680610 356
1680620 354
1680630 352
1680640 351
1680650 350
1680660 349
1680670 349
1680680 348
1680690 348
1680700 347
1680710 346
1680720 345
1680730 345
1680740 344
1680750 343
1680760 342
1680770 341
1680780 341
1680790 340
1680800 340
1680810 340
1680820 340
1680830 340
1680840 340
1680850 339
1680860 339
1680870 339
1680880 339
1680890 339
1680900 339
1680910 339
1680920 338
1680930 338
1680940 337
1680950 337
1680960 338
1680970 339
1680980 341
1680990 345
1681000 348
1681010 350
1681020 352
1681030 353
1681040 354
1681050 355
1681060 357
1681070 358
1681080 359
1681090 360
1681100 361
1681110 363
1681120 364
1681130 365
1681140 366
1681150 367
1681160 368
1681170 369
1681180 370
1681190 371
1681200 372
1681210 372
1681220 373
1681230 374
1681240 375
1681250 375
1681260 376
1681270 376
1681280 377
1681290 378
1681300 378
1681310 379
1681320 380
1681330 380
1681340 381
1681350 381
1681360 382
1681370 383
1681380 383
1681390 384
1681400 384
1681410 385
1681420 385
1681430 386
1681440 386
1681450 387
1681460 387
1681470 388
1681480 388
1681490 389
1681500 389
1681510 390
1681520 390
1681530 391
1681540 391
1681550 392
1681560 393
1681570 393
1681580 394
1681590 394
1681600 395
1681610 396
1681620 396
1681630 397
1681640 398
1681650 398
1681660 399
1681670 400
1681680 401
1681690 401
1681700 402
1681710 403
1681720 403
1681730 404
1681740 404
1681750 405
1681760 406
1681770 406
1681780 407
1681790 408
1681800 409
1681810 410
1681820 410
1681830 411
1681840 412
1681850 412
1681860 413
1681870 413
1681880 414
1681890 414
1681900 415
1681910 416
1681920 418
1681930 419
1681940 420
1681950 421
1681960 421
1681970 422
1681980 423
1681990 425
1682000 425
1682010 426
1682020 425
1682030 426
1682040 428
1682050 430
1682060 432
1682070 434
1682080 435
1682090 437
1682100 438
1682110 439
1682120 441
1682130 442
1682140 443
1682150 445
1682160 446
1682170 447
1682180 449
1682190 450
1682200 451
1682210 453
1682220 454
1682230 455
1682240 456
1682250 457
1682260 458
1682270 459
1682280 460
1682290 461
1682300 462
1682310 463
1682320 464
1682330 465
1682340 466
1682350 466
1682360 467
1682370 467
1682380 468
1682390 469
1682400 470
1682410 470
1682420 471
1682430 471
1682440 472
1682450 472
1682460 473
1682470 473
1682480 473
1682490 474
1682500 474
1682510 474
1682520 474
1682530 475
1682540 475
1682550 475
1682560 474
1682570 474
1682580 474
1682590 474
1682600 473
1682610 472
1682620 469
1682630 466
1682640 465
1682650 465
1682660 465
1682670 464
1682680 464
1682690 464
1682700 464
1682710 464
1682720 464
1682730 465
1682740 466
1682750 466
1682760 467
1682770 467
1682780 468
1682790 468
1682800 469
1682810 469
1682820 469
1682830 469
1682840 469
1682850 469
1682860 468
1682870 468
1682880 467
1682890 467
1682900 467
1682910 467
1682920 466
1682930 466
1682940 465
1682950 465
1682960 465
1682970 464
1682980 464
1682990 462
1683000 461
1683010 461
1683020 461
1683030 461
1683040 460
1683050 461
1683060 461
1683070 461
1683080 462
1683090 463
1683100 463
1683110 464
1683120 465
1683130 465
1683140 466
1683150 466
1683160 465
1683170 464
1683180 464
1683190 463
1683200 462
1683210 461
1683220 460
1683230 460
1683240 459
1683250 458
1683260 457
1683270 456
1683280 454
1683290 453
1683300 452
1683310 450
1683320 449
1683330 447
1683340 445
1683350 443
1683360 441
1683370 438
1683380 435
1683390 433
1683400 431
1683410 430
1683420 430
1683430 430
1683440 429
1683450 429
1683460 429
1683470 428
1683480 426
1683490 425
1683500 424
1683510 423
1683520 423
1683530 422
1683540 421
1683550 421
1683560 421
1683570 421
1683580 420
1683590 419
1683600 419
1683610 418
1683620 417
1683630 416
1683640 415
1683650 415
1683660 415
1683670 414
1683680 414
1683690 414
1683700 415
1683710 416
1683720 416
1683730 416
1683740 416
1683750 416
1683760 417
1683770 417
1683780 416
1683790 416
1683800 416
1683810 415
1683820 415
1683830 414
1683840 414
1683850 413
1683860 413
1683870 412
1683880 411
1683890 411
1683900 410
1683910 410
1683920 409
1683930 408
1683940 407
1683950 405
1683960 402
1683970 399
1683980 397
1683990 398
1684000 399
1684010 399
1684020 398
1684030 398
1684040 397
1684050 397
1684060 396
1684070 396
1684080 395
1684090 395
1684100 395
1684110 394
1684120 394
1684130 394
1684140 393
1684150 392
1684160 391
1684170 391
1684180 390
1684190 390
1684200 389
1684210 388
1684220 387
1684230 387
1684240 386
1684250 386
1684260 385
1684270 384
1684280 383
1684290 382
1684300 381
1684310 380
1684320 380
1684330 379
1684340 378
1684350 377
1684360 376
1684370 375
1684380 373
1684390 372
1684400 370
1684410 368
1684420 366
1684430 364
1684440 362
1684450 361
1684460 362
1684470 362
1684480 363
1684490 363
1684500 363
1684510 363
1684520 363
1684530 362
1684540 362
1684550 362
1684560 362
1684570 362
1684580 361
1684590 360
1684600 360
1684610 359
1684620 359
1684630 358
1684640 357
1684650 356
1684660 355
1684670 354
1684680 353
1684690 352
1684700 351
1684710 350
1684720 350
1684730 349
1684740 349
1684750 348
1684760 348
1684770 349
1684780 350
1684790 350
1684800 351
1684810 351
1684820 350
1684830 350
1684840 349
1684850 348
1684860 347
1684870 346
1684880 345
1684890 344
1684900 341
1684910 339
1684920 336
1684930 335
1684940 333
1684950 332
1684960 331
1684970 329
1684980 327
1684990 325
1685000 324
1685010 322
1685020 321
1685030 320
1685040 319
1685050 317
1685060 316
1685070 315
1685080 314
1685090 314
1685100 313
1685110 313
1685120 313
1685130 313
1685140 313
1685150 313
1685160 313
1685170 313
1685180 313
1685190 313
1685200 313
1685210 313
1685220 313
1685230 312
1685240 312
1685250 312
1685260 312
1685270 312
1685280 312
1685290 312
1685300 312
1685310 311
1685320 311
1685330 311
1685340 311
1685350 311
1685360 310
1685370 310
1685380 310
1685390 310
1685400 310
1685410 310
1685420 310
1685430 310
1685440 310
1685450 310
1685460 310
1685470 310
1685480 310
1685490 310
1685500 310
1685510 310
1685520 310
1685530 309
1685540 309
1685550 309
1685560 309
1685570 309
1685580 309
1685590 309
1685600 309
1685610 309
1685620 309
1685630 309
1685640 309
1685650 309
1685660 308
1685670 308
1685680 308
1685690 307
1685700 307
1685710 307
1685720 305
1685730 302
1685740 302
1685750 302
1685760 303
1685770 305
1685780 307
1685790 308
1685800 308
1685810 308
1685820 308
1685830 309
1685840 309
1685850 309
1685860 309
1685870 309
1685880 309
1685890 309
1685900 309
1685910 309
1685920 310
1685930 310
1685940 310
1685950 310
1685960 310
1685970 310
1685980 310
1685990 310
1686000 310
1686010 310
1686020 310
1686030 310
1686040 310
1686050 310
1686060 310
1686070 310
1686080 310
1686090 311
1686100 311
1686110 311
1686120 311
1686130 311
1686140 311
1686150 311
1686160 311
1686170 311
1686180 311
1686190 312
1686200 312
1686210 312
1686220 312
1686230 312
1686240 313
1686250 313
1686260 313
1686270 313
1686280 313
1686290 313
1686300 313
1686310 313
1686320 313
1686330 314
1686340 314
1686350 314
1686360 314
1686370 314
1686380 314
1686390 315
1686400 315
1686410 315
1686420 315
1686430 315
1686440 316
1686450 316
1686460 316
1686470 317
1686480 317
1686490 318
1686500 318
1686510 318
1686520 319
1686530 319
1686540 320
1686550 320
1686560 320
1686570 320
1686580 321
1686590 321
1686600 322
1686610 324
1686620 326
1686630 329
1686640 332
1686650 333
1686660 335
1686670 336
1686680 336
1686690 337
1686700 338
1686710 340
1686720 343
1686730 346
1686740 348
1686750 350
1686760 352
1686770 352
1686780 353
1686790 353
1686800 354
1686810 355
1686820 355
1686830 356
1686840 357
1686850 357
1686860 358
1686870 358
1686880 359
1686890 359
1686900 360
1686910 360
1686920 361
1686930 361
1686940 362
1686950 362
1686960 363
1686970 363
1686980 364
1686990 365
1687000 365
1687010 366
1687020 367
1687030 367
1687040 368
1687050 369
1687060 370
1687070 372
1687080 373
1687090 374
1687100 375
1687110 376
1687120 376
1687130 377
1687140 377
1687150 377
1687160 377
1687170 377
1687180 377
1687190 378
1687200 378
1687210 378
1687220 379
1687230 379
1687240 379
1687250 380
1687260 380
1687270 380
1687280 380
1687290 380
1687300 380
1687310 380
1687320 381
1687330 381
1687340 381
1687350 381
1687360 381
1687370 381
1687380 381
1687390 380
1687400 380
1687410 380
1687420 380
1687430 380
1687440 380
1687450 379
1687460 379
1687470 379
1687480 379
1687490 378
1687500 377
1687510 376
1687520 374
1687530 372
1687540 369
1687550 368
1687560 367
1687570 366
1687580 365
1687590 363
1687600 362
1687610 360
1687620 359
1687630 360
1687640 362
1687650 363
1687660 365
1687670 366
1687680 367
1687690 368
1687700 368
1687710 369
1687720 369
1687730 369
1687740 369
1687750 369
1687760 368
1687770 367
1687780 365
1687790 362
1687800 364
1687810 367
1687820 370
1687830 371
1687840 372
1687850 373
1687860 374
1687870 374
1687880 375
1687890 376
1687900 376
1687910 376
1687920 377
1687930 377
1687940 377
1687950 377
1687960 378
1687970 378
1687980 378
1687990 378
1688000 378
1688010 379
1688020 379
1688030 380
1688040 381
1688050 382
1688060 383
1688070 384
1688080 384
1688090 385
1688100 385
1688110 385
1688120 386
1688130 386
1688140 387
1688150 387
1688160 387
1688170 388
1688180 389
1688190 390
1688200 391
1688210 392
1688220 393
1688230 394
1688240 395
1688250 396
1688260 397
1688270 398
1688280 399
1688290 400
1688300 400
1688310 401
1688320 402
1688330 403
1688340 404
1688350 405
1688360 406
1688370 406
1688380 407
1688390 408
1688400 409
1688410 409
1688420 410
1688430 411
1688440 412
1688450 413
1688460 413
1688470 414
1688480 414
1688490 415
1688500 415
1688510 416
1688520 416
1688530 417
1688540 417
1688550 418
1688560 418
1688570 419
1688580 419
1688590 419
1688600 419
1688610 419
1688620 419
1688630 419
1688640 419
1688650 419
1688660 419
1688670 418
1688680 418
1688690 417
1688700 416
1688710 415
1688720 414
1688730 412
1688740 410
1688750 409
1688760 408
1688770 406
1688780 405
1688790 404
1688800 403
1688810 402
1688820 401
1688830 401
1688840 400
1688850 400
1688860 400
1688870 401
1688880 401
1688890 401
1688900 401
1688910 401
1688920 401
1688930 401
1688940 401
1688950 401
1688960 401
1688970 401
1688980 401
1688990 401
1689000 401
1689010 401
1689020 401
1689030 401
1689040 401
1689050 401
1689060 401
1689070 401
1689080 401
1689090 401
1689100 400
1689110 400
1689120 399
1689130 399
1689140 399
1689150 398
1689160 397
1689170 397
1689180 396
1689190 395
1689200 394
1689210 393
1689220 392
1689230 390
1689240 388
1689250 387
1689260 386
1689270 385
1689280 383
1689290 381
1689300 379
1689310 378
1689320 376
1689330 374
1689340 373
1689350 373
1689360 373
1689370 375
1689380 375
1689390 375
1689400 374
1689410 374
1689420 373
1689430 373
1689440 373
1689450 373
1689460 372
1689470 372
1689480 372
1689490 371
1689500 371
1689510 370
1689520 370
1689530 369
1689540 369
1689550 369
1689560 368
1689570 368
1689580 367
1689590 366
1689600 366
1689610 365
1689620 364
1689630 363
1689640 362
1689650 363
1689660 364
1689670 364
1689680 365
1689690 365
1689700 366
1689710 366
1689720 367
1689730 367
1689740 368
1689750 368
1689760 369
1689770 369
1689780 370
1689790 370
1689800 371
1689810 371
1689820 372
1689830 373
1689840 373
1689850 374
1689860 374
1689870 375
1689880 375
1689890 376
1689900 377
1689910 378
1689920 378
1689930 378
1689940 379
1689950 379
1689960 380
1689970 380
1689980 381
1689990 381
1690000 382
1690010 382
1690020 383
1690030 383
1690040 384
1690050 385
1690060 386
1690070 386
1690080 387
1690090 388
1690100 388
1690110 388
1690120 389
1690130 389
1690140 389
1690150 390
1690160 390
1690170 390
1690180 390
1690190 389
1690200 388
1690210 388
1690220 388
1690230 388
1690240 388
1690250 388
1690260 389
1690270 389
1690280 390
1690290 391
1690300 392
1690310 394
1690320 395
1690330 396
1690340 397
1690350 397
1690360 398
1690370 398
1690380 399
1690390 399
1690400 399
1690410 397
1690420 395
1690430 398
1690440 400
1690450 401
1690460 402
1690470 402
1690480 403
1690490 404
1690500 404
1690510 404
1690520 404
1690530 404
1690540 403
1690550 401
1690560 401
1690570 402
1690580 403
1690590 403
1690600 403
1690610 402
1690620 402
1690630 402
1690640 403
1690650 403
1690660 402
1690670 402
1690680 404
1690690 406
1690700 407
1690710 408
1690720 409
1690730 409
1690740 409
1690750 410
1690760 409
1690770 409
1690780 409
1690790 409
1690800 409
1690810 409
1690820 409
1690830 408
1690840 408
1690850 407
1690860 407
1690870 406
1690880 406
1690890 406
1690900 406
1690910 406
1690920 406
1690930 405
1690940 405
1690950 405
1690960 405
1690970 404
1690980 404
1690990 403
1691000 403
1691010 402
1691020 402
1691030 402
1691040 401
1691050 401
1691060 400
1691070 400
1691080 400
1691090 399
1691100 399
1691110 398
1691120 398
1691130 397
1691140 397
1691150 396
1691160 395
1691170 393
1691180 392
1691190 392
1691200 392
1691210 392
1691220 393
1691230 393
1691240 393
1691250 393
1691260 393
1691270 392
1691280 392
1691290 392
1691300 392
1691310 391
1691320 391
1691330 391
1691340 390
1691350 390
1691360 389
1691370 389
1691380 388
1691390 388
1691400 387
1691410 387
1691420 386
1691430 385
1691440 385
1691450 384
1691460 383
1691470 382
1691480 381
1691490 380
1691500 379
1691510 378
1691520 377
1691530 376
1691540 375
1691550 374
1691560 373
1691570 372
1691580 371
1691590 369
1691600 368
1691610 366
1691620 364
1691630 362
1691640 361
1691650 361
1691660 360
1691670 360
1691680 359
1691690 358
1691700 357
1691710 357
1691720 356
1691730 356
1691740 355
1691750 355
1691760 354
1691770 354
1691780 353
1691790 353
1691800 352
1691810 351
1691820 350
1691830 349
1691840 348
1691850 347
1691860 346
1691870 345
1691880 344
1691890 343
1691900 343
1691910 342
1691920 341
1691930 340
1691940 338
1691950 336
1691960 335
1691970 333
1691980 331
1691990 330
1692000 329
1692010 328
1692020 327
1692030 325
1692040 327
1692050 330
1692060 332
1692070 333
1692080 335
1692090 338
1692100 339
1692110 340
1692120 339
1692130 340
1692140 340
1692150 342
1692160 344
1692170 346
1692180 347
1692190 349
1692200 350
1692210 351
1692220 353
1692230 354
1692240 355
1692250 356
1692260 357
1692270 358
1692280 359
1692290 360
1692300 361
1692310 361
1692320 362
1692330 362
1692340 363
1692350 363
1692360 364
1692370 364
1692380 365
1692390 366
1692400 367
1692410 368
1692420 368
1692430 369
1692440 370
1692450 371
1692460 372
1692470 374
1692480 376
1692490 377
1692500 378
1692510 380
1692520 381
1692530 382
1692540 384
1692550 385
1692560 386
1692570 388
1692580 389
1692590 390
1692600 391
1692610 392
1692620 394
1692630 395
1692640 396
1692650 398
1692660 399
1692670 401
1692680 402
1692690 403
1692700 405
1692710 406
1692720 408
1692730 409
1692740 411
1692750 413
1692760 414
1692770 416
1692780 417
1692790 419
1692800 420
1692810 422
1692820 423
1692830 425
1692840 426
1692850 427
1692860 429
1692870 430
1692880 431
1692890 433
1692900 434
1692910 436
1692920 437
1692930 438
1692940 440
1692950 441
1692960 443
1692970 444
1692980 446
1692990 447
1693000 449
1693010 450
1693020 452
1693030 453
1693040 455
1693050 456
1693060 458
1693070 459
1693080 461
1693090 461
1693100 462
1693110 463
1693120 464
1693130 465
1693140 466
1693150 467
1693160 467
1693170 468
1693180 469
1693190 470
1693200 471
1693210 471
1693220 472
1693230 472
1693240 473
1693250 474
1693260 474
1693270 475
1693280 475
1693290 476
1693300 477
1693310 477
1693320 478
1693330 479
1693340 479
1693350 480
1693360 481
1693370 481
1693380 482
1693390 482
1693400 482
1693410 483
1693420 483
1693430 484
1693440 484
1693450 485
1693460 485
1693470 485
1693480 486
1693490 486
1693500 486
1693510 487
1693520 487
1693530 488
1693540 488
1693550 489
1693560 489
1693570 489
1693580 490
1693590 490
1693600 491
1693610 491
1693620 491
1693630 491
1693640 491
1693650 492
1693660 492
1693670 492
1693680 493
1693690 493
1693700 493
1693710 493
1693720 493
1693730 493
1693740 493
1693750 493
1693760 493
1693770 493
1693780 493
1693790 493
1693800 492
1693810 490
1693820 489
1693830 487
1693840 485
1693850 484
1693860 484
1693870 483
1693880 484
1693890 484
1693900 485
1693910 486
1693920 487
1693930 487
1693940 488
1693950 489
1693960 490
1693970 490
1693980 491
1693990 491
1694000 492
1694010 492
1694020 493
1694030 493
1694040 494
1694050 494
1694060 495
1694070 495
1694080 496
1694090 496
1694100 496
1694110 497
1694120 497
1694130 498
1694140 498
1694150 498
1694160 499
1694170 499
1694180 499
1694190 500
1694200 500
1694210 500
1694220 501
1694230 501
1694240 502
1694250 502
1694260 502
1694270 502
1694280 502
1694290 502
1694300 502
1694310 502
1694320 502
1694330 502
1694340 502
1694350 502
1694360 502
1694370 502
1694380 502
1694390 501
1694400 501
1694410 500
1694420 500
1694430 499
1694440 499
1694450 498
1694460 498
1694470 497
1694480 496
1694490 496
1694500 495
1694510 494
1694520 493
1694530 492
1694540 492
1694550 490
1694560 488
1694570 486
1694580 484
1694590 481
1694600 479
1694610 477
1694620 475
1694630 473
1694640 471
1694650 469
1694660 467
1694670 464
1694680 462
1694690 462
1694700 464
1694710 466
1694720 467
1694730 468
1694740 468
1694750 469
1694760 469
1694770 469
1694780 469
1694790 469
1694800 469
1694810 468
1694820 468
1694830 468
1694840 467
1694850 467
1694860 466
1694870 465
1694880 464
1694890 462
1694900 459
1694910 457
1694920 455
1694930 452
1694940 449
1694950 449
1694960 451
1694970 454
1694980 457
1694990 459
1695000 460
1695010 461
1695020 462
1695030 464
1695040 464
1695050 465
1695060 466
1695070 466
1695080 466
1695090 467
1695100 468
1695110 470
1695120 473
1695130 475
1695140 477
1695150 479
1695160 481
1695170 482
1695180 484
1695190 485
1695200 487
1695210 488
1695220 489
1695230 490
1695240 491
1695250 492
1695260 493
1695270 494
1695280 494
1695290 494
1695300 494
1695310 494
1695320 494
1695330 494
1695340 494
1695350 494
1695360 493
1695370 493
1695380 493
1695390 492
1695400 492
1695410 491
1695420 491
1695430 490
1695440 490
1695450 490
1695460 490
1695470 489
1695480 488
1695490 487
1695500 487
1695510 486
1695520 485
1695530 485
1695540 484
1695550 483
1695560 482
1695570 481
1695580 481
1695590 480
1695600 478
1695610 478
1695620 478
1695630 477
1695640 476
1695650 475
1695660 474
1695670 474
1695680 473
1695690 473
1695700 472
1695710 471
1695720 470
1695730 469
1695740 468
1695750 467
1695760 465
1695770 463
1695780 463
1695790 463
1695800 462
1695810 460
1695820 460
1695830 459
1695840 457
1695850 457
1695860 456
1695870 453
1695880 454
1695890 455
1695900 455
1695910 456
1695920 458
1695930 458
1695940 458
1695950 458
1695960 458
1695970 458
1695980 458
1695990 458
1696000 458
1696010 457
1696020 457
1696030 457
1696040 457
1696050 457
1696060 457
1696070 457
1696080 457
1696090 457
1696100 457
1696110 457
1696120 456
1696130 456
1696140 456
1696150 455
1696160 455
1696170 455
1696180 454
1696190 454
1696200 454
1696210 453
1696220 453
1696230 453
1696240 452
1696250 451
1696260 451
1696270 450
1696280 449
1696290 449
1696300 448
1696310 448
1696320 448
1696330 448
1696340 448
1696350 448
1696360 448
1696370 448
1696380 448
1696390 448
1696400 448
1696410 448
1696420 447
1696430 447
1696440 447
1696450 447
1696460 447
1696470 447
1696480 447
1696490 447
1696500 446
1696510 446
1696520 446
1696530 445
1696540 445
1696550 444
1696560 444
1696570 443
1696580 443
1696590 443
1696600 443
1696610 443
1696620 443
1696630 443
1696640 443
1696650 443
1696660 443
1696670 443
1696680 443
1696690 442
1696700 441
1696710 442
1696720 443
1696730 443
1696740 443
1696750 443
1696760 443
1696770 443
1696780 442
1696790 441
1696800 440
1696810 440
1696820 442
1696830 444
1696840 444
1696850 443
1696860 443
1696870 442
1696880 442
1696890 443
1696900 443
1696910 444
1696920 445
1696930 448
1696940 450
1696950 452
1696960 453
1696970 454
1696980 455
1696990 456
1697000 456
1697010 457
1697020 458
1697030 459
1697040 459
1697050 460
1697060 460
1697070 461
1697080 461
1697090 462
1697100 462
1697110 462
1697120 462
1697130 462
1697140 463
1697150 463
1697160 463
1697170 462
1697180 462
1697190 462
1697200 462
1697210 462
1697220 462
1697230 462
1697240 461
1697250 461
1697260 460
1697270 460
1697280 460
1697290 459
1697300 459
1697310 458
1697320 457
1697330 457
1697340 456
1697350 456
1697360 455
1697370 455
1697380 454
1697390 453
1697400 452
1697410 452
1697420 451
1697430 450
1697440 449
1697450 449
1697460 449
1697470 448
1697480 448
1697490 448
1697500 448
1697510 447
1697520 446
1697530 445
1697540 445
1697550 445
1697560 445
1697570 445
1697580 445
1697590 445
1697600 445
1697610 445
1697620 445
1697630 446
1697640 446
1697650 446
1697660 446
1697670 446
1697680 446
1697690 446
1697700 446
1697710 446
1697720 447
1697730 447
1697740 447
1697750 446
1697760 446
1697770 446
1697780 447
1697790 447
1697800 447
1697810 448
1697820 448
1697830 449
1697840 450
1697850 450
1697860 450
1697870 451
1697880 452
1697890 453
1697900 454
1697910 454
1697920 455
1697930 455
1697940 456
1697950 456
1697960 457
1697970 457
1697980 458
1697990 458
1698000 459
1698010 459
1698020 460
1698030 460
1698040 460
1698050 460
1698060 460
1698070 460
1698080 460
1698090 460
1698100 460
1698110 459
1698120 458
1698130 458
1698140 457
1698150 456
1698160 455
1698170 454
1698180 453
1698190 451
1698200 450
1698210 448
1698220 446
1698230 445
1698240 443
1698250 440
1698260 438
1698270 437
1698280 435
1698290 434
1698300 433
1698310 432
1698320 430
1698330 429
1698340 428
1698350 427
1698360 427
1698370 426
1698380 427
1698390 428
1698400 428
1698410 428
1698420 428
1698430 427
1698440 427
1698450 425
1698460 425
1698470 424
1698480 423
1698490 422
1698500 422
1698510 421
1698520 421
1698530 420
1698540 420
1698550 419
1698560 419
1698570 418
1698580 418
1698590 418
1698600 418
1698610 418
1698620 418
1698630 418
1698640 418
1698650 419
1698660 419
1698670 419
1698680 420
1698690 420
1698700 420
1698710 421
1698720 421
1698730 421
1698740 421
1698750 422
1698760 422
1698770 422
1698780 423
1698790 423
1698800 424
1698810 425
1698820 425
1698830 426
1698840 426
1698850 427
1698860 427
1698870 428
1698880 428
1698890 429
1698900 429
1698910 429
1698920 430
1698930 430
1698940 431
1698950 432
1698960 433
1698970 434
1698980 435
1698990 436
1699000 436
1699010 437
1699020 438
1699030 439
1699040 440
1699050 441
1699060 442
1699070 442
1699080 443
1699090 444
1699100 445
1699110 445
1699120 446
1699130 447
1699140 448
1699150 449
1699160 449
1699170 450
1699180 450
1699190 450
1699200 450
1699210 451
1699220 451
1699230 452
1699240 452
1699250 452
1699260 453
1699270 453
1699280 453
1699290 454
1699300 454
1699310 455
1699320 455
1699330 455
1699340 456
1699350 456
1699360 456
1699370 457
1699380 457
1699390 457
1699400 457
1699410 457
1699420 458
1699430 458
1699440 458
1699450 458
1699460 458
1699470 458
1699480 458
1699490 457
1699500 457
1699510 457
1699520 457
1699530 456
1699540 456
1699550 456
1699560 455
1699570 455
1699580 454
1699590 454
1699600 453
1699610 453
1699620 452
1699630 451
1699640 451
1699650 450
1699660 449
1699670 448
1699680 448
1699690 447
1699700 447
1699710 447
1699720 446
1699730 446
1699740 446
1699750 445
1699760 445
1699770 444
1699780 444
1699790 443
1699800 443
1699810 442
1699820 442
1699830 441
1699840 441
1699850 440
1699860 440
1699870 439
1699880 439
1699890 438
1699900 437
1699910 436
1699920 436
1699930 436
1699940 435
1699950 435
1699960 434
1699970 434
1699980 433
1699990 434
