1680000 281
1680010 280
1680020 280
1680030 280
1680040 280
1680050 279
1680060 278
1680070 278
1680080 278
1680090 279
1680100 280
1680110 280
1680120 280
1680130 280
1680140 280
1680150 280
1680160 280
1680170 280
1680180 280
1680190 280
1680200 280
1680210 280
1680220 280
1680230 281
1680240 281
1680250 281
1680260 280
1680270 280
1680280 280
1680290 280
1680300 280
1680310 280
1680320 280
1680330 280
1680340 280
1680350 280
1680360 280
1680370 280
1680380 280
1680390 280
1680400 280
1680410 280
1680420 280
1680430 280
1680440 280
1680450 280
1680460 280
1680470 280
1680480 280
1680490 280
1680500 281
1680510 281
1680520 281
1680530 282
1680540 282
1680550 282
1680560 281
1680570 281
1680580 281
1680590 281
1680600 281
1680610 281
1680620 281
1680630 281
1680640 281
1680650 281
1680660 281
1680670 281
1680680 281
1680690 281
1680700 281
1680710 281
1680720 281
1680730 281
1680740 281
1680750 281
1680760 281
1680770 281
1680780 281
1680790 281
1680800 281
1680810 281
1680820 281
1680830 281
1680840 281
1680850 281
1680860 281
1680870 281
1680880 281
1680890 281
1680900 281
1680910 281
1680920 281
1680930 281
1680940 282
1680950 282
1680960 282
1680970 282
1680980 283
1680990 283
1681000 284
1681010 284
1681020 285
1681030 285
1681040 286
1681050 288
1681060 289
1681070 291
1681080 292
1681090 294
1681100 295
1681110 297
1681120 300
1681130 302
1681140 304
1681150 306
1681160 308
1681170 310
1681180 311
1681190 313
1681200 315
1681210 316
1681220 318
1681230 319
1681240 321
1681250 322
1681260 323
1681270 324
1681280 325
1681290 326
1681300 327
1681310 329
1681320 330
1681330 331
1681340 332
1681350 333
1681360 334
1681370 335
1681380 336
1681390 337
1681400 338
1681410 338
1681420 339
1681430 339
1681440 340
1681450 340
1681460 340
1681470 340
1681480 341
1681490 341
1681500 341
1681510 341
1681520 341
1681530 341
1681540 341
1681550 341
1681560 341
1681570 341
1681580 341
1681590 341
1681600 341
1681610 341
1681620 341
1681630 340
1681640 340
1681650 340
1681660 340
1681670 340
1681680 339
1681690 339
1681700 338
1681710 338
1681720 337
1681730 337
1681740 337
1681750 337
1681760 336
1681770 336
1681780 336
1681790 335
1681800 335
1681810 335
1681820 335
1681830 334
1681840 334
1681850 334
1681860 335
1681870 335
1681880 335
1681890 335
1681900 335
1681910 335
1681920 335
1681930 335
1681940 336
1681950 336
1681960 336
1681970 336
1681980 336
1681990 336
1682000 336
1682010 336
1682020 336
1682030 336
1682040 336
1682050 336
1682060 336
1682070 336
1682080 336
1682090 336
1682100 336
1682110 336
1682120 336
1682130 336
1682140 336
1682150 336
1682160 336
1682170 335
1682180 335
1682190 335
1682200 335
1682210 335
1682220 335
1682230 335
1682240 335
1682250 335
1682260 335
1682270 334
1682280 334
1682290 334
1682300 334
1682310 334
1682320 334
1682330 334
1682340 334
1682350 334
1682360 333
1682370 333
1682380 333
1682390 333
1682400 333
1682410 333
1682420 333
1682430 333
1682440 333
1682450 333
1682460 333
1682470 332
1682480 332
1682490 332
1682500 332
1682510 332
1682520 332
1682530 332
1682540 331
1682550 331
1682560 331
1682570 331
1682580 331
1682590 330
1682600 330
1682610 330
1682620 330
1682630 330
1682640 329
1682650 329
1682660 329
1682670 329
1682680 328
1682690 328
1682700 328
1682710 327
1682720 327
1682730 327
1682740 327
1682750 326
1682760 326
1682770 326
1682780 325
1682790 325
1682800 325
1682810 324
1682820 324
1682830 323
1682840 323
1682850 322
1682860 321
1682870 321
1682880 320
1682890 320
1682900 319
1682910 319
1682920 318
1682930 317
1682940 317
1682950 316
1682960 315
1682970 315
1682980 314
1682990 313
1683000 313
1683010 312
1683020 311
1683030 311
1683040 310
1683050 310
1683060 309
1683070 308
1683080 308
1683090 307
1683100 307
1683110 306
1683120 306
1683130 306
1683140 306
1683150 306
1683160 305
1683170 305
1683180 305
1683190 304
1683200 304
1683210 304
1683220 303
1683230 303
1683240 303
1683250 302
1683260 301
1683270 300
1683280 300
1683290 299
1683300 299
1683310 299
1683320 299
1683330 299
1683340 298
1683350 298
1683360 298
1683370 298
1683380 297
1683390 297
1683400 297
1683410 296
1683420 296
1683430 295
1683440 295
1683450 295
1683460 294
1683470 294
1683480 294
1683490 293
1683500 293
1683510 293
1683520 292
1683530 292
1683540 291
1683550 291
1683560 291
1683570 291
1683580 290
1683590 290
1683600 290
1683610 289
1683620 289
1683630 288
1683640 288
1683650 287
1683660 286
1683670 286
1683680 286
1683690 286
1683700 285
1683710 286
1683720 287
1683730 287
1683740 287
1683750 287
1683760 287
1683770 287
1683780 287
1683790 287
1683800 287
1683810 287
1683820 287
1683830 287
1683840 287
1683850 287
1683860 287
1683870 287
1683880 287
1683890 288
1683900 288
1683910 289
1683920 289
1683930 290
1683940 290
1683950 291
1683960 291
1683970 291
1683980 292
1683990 292
1684000 292
1684010 292
1684020 292
1684030 293
1684040 293
1684050 293
1684060 293
1684070 293
1684080 293
1684090 293
1684100 293
1684110 293
1684120 293
1684130 293
1684140 293
1684150 293
1684160 293
1684170 293
1684180 293
1684190 293
1684200 293
1684210 293
1684220 292
1684230 292
1684240 292
1684250 292
1684260 291
1684270 291
1684280 291
1684290 290
1684300 290
1684310 289
1684320 289
1684330 289
1684340 288
1684350 288
1684360 288
1684370 288
1684380 288
1684390 288
1684400 288
1684410 288
1684420 288
1684430 288
1684440 288
1684450 288
1684460 288
1684470 288
1684480 288
1684490 288
1684500 288
1684510 288
1684520 289
1684530 289
1684540 290
1684550 290
1684560 290
1684570 290
1684580 290
1684590 290
1684600 290
1684610 290
1684620 290
1684630 290
1684640 290
1684650 290
1684660 289
1684670 289
1684680 289
1684690 289
1684700 288
1684710 288
1684720 288
1684730 287
1684740 287
1684750 287
1684760 287
1684770 287
1684780 287
1684790 287
1684800 287
1684810 287
1684820 287
1684830 287
1684840 287
1684850 287
1684860 287
1684870 287
1684880 287
1684890 287
1684900 287
1684910 287
1684920 287
1684930 287
1684940 287
1684950 287
1684960 287
1684970 287
1684980 287
1684990 287
1685000 287
1685010 287
1685020 287
1685030 287
1685040 287
1685050 287
1685060 286
1685070 286
1685080 286
1685090 285
1685100 285
1685110 285
1685120 285
1685130 285
1685140 285
1685150 285
1685160 285
1685170 285
1685180 285
1685190 285
1685200 285
1685210 285
1685220 285
1685230 285
1685240 285
1685250 285
1685260 285
1685270 284
1685280 284
1685290 284
1685300 284
1685310 284
1685320 284
1685330 284
1685340 284
1685350 284
1685360 284
1685370 284
1685380 284
1685390 284
1685400 284
1685410 284
1685420 284
1685430 283
1685440 282
1685450 282
1685460 281
1685470 281
1685480 281
1685490 281
1685500 281
1685510 281
1685520 281
1685530 281
1685540 280
1685550 277
1685560 274
1685570 270
1685580 270
1685590 271
1685600 273
1685610 277
1685620 280
1685630 282
1685640 282
1685650 282
1685660 282
1685670 282
1685680 282
1685690 282
1685700 282
1685710 282
1685720 282
1685730 282
1685740 282
1685750 282
1685760 282
1685770 282
1685780 282
1685790 282
1685800 282
1685810 281
1685820 281
1685830 281
1685840 281
1685850 281
1685860 281
1685870 281
1685880 281
1685890 281
1685900 281
1685910 281
1685920 281
1685930 281
1685940 281
1685950 281
1685960 281
1685970 281
1685980 281
1685990 281
1686000 281
1686010 281
1686020 281
1686030 281
1686040 281
1686050 281
1686060 281
1686070 280
1686080 280
1686090 280
1686100 280
1686110 280
1686120 280
1686130 280
1686140 280
1686150 281
1686160 281
1686170 281
1686180 281
1686190 281
1686200 281
1686210 281
1686220 280
1686230 280
1686240 280
1686250 281
1686260 281
1686270 281
1686280 281
1686290 282
1686300 282
1686310 282
1686320 282
1686330 282
1686340 282
1686350 282
1686360 282
1686370 282
1686380 282
1686390 282
1686400 282
1686410 282
1686420 282
1686430 282
1686440 282
1686450 282
1686460 282
1686470 282
1686480 282
1686490 282
1686500 282
1686510 282
1686520 282
1686530 283
1686540 283
1686550 283
1686560 283
1686570 283
1686580 283
1686590 283
1686600 283
1686610 283
1686620 283
1686630 283
1686640 283
1686650 283
1686660 283
1686670 283
1686680 284
1686690 284
1686700 284
1686710 284
1686720 284
1686730 284
1686740 284
1686750 284
1686760 284
1686770 284
1686780 284
1686790 284
1686800 284
1686810 284
1686820 284
1686830 284
1686840 284
1686850 284
1686860 284
1686870 284
1686880 284
1686890 284
1686900 284
1686910 284
1686920 284
1686930 284
1686940 284
1686950 284
1686960 284
1686970 284
1686980 284
1686990 284
1687000 284
1687010 284
1687020 284
1687030 284
1687040 284
1687050 284
1687060 284
1687070 284
1687080 284
1687090 284
1687100 284
1687110 284
1687120 285
1687130 285
1687140 285
1687150 286
1687160 288
1687170 289
1687180 292
1687190 295
1687200 299
1687210 302
1687220 304
1687230 306
1687240 308
1687250 310
1687260 311
1687270 313
1687280 314
1687290 315
1687300 317
1687310 318
1687320 319
1687330 320
1687340 321
1687350 323
1687360 324
1687370 325
1687380 326
1687390 328
1687400 329
1687410 330
1687420 332
1687430 333
1687440 334
1687450 335
1687460 337
1687470 338
1687480 339
1687490 340
1687500 341
1687510 343
1687520 344
1687530 345
1687540 346
1687550 347
1687560 349
1687570 350
1687580 352
1687590 353
1687600 354
1687610 355
1687620 357
1687630 358
1687640 359
1687650 360
1687660 360
1687670 361
1687680 361
1687690 361
1687700 361
1687710 361
1687720 360
1687730 360
1687740 359
1687750 359
1687760 358
1687770 357
1687780 357
1687790 356
1687800 355
1687810 354
1687820 353
1687830 352
1687840 351
1687850 350
1687860 350
1687870 349
1687880 348
1687890 347
1687900 347
1687910 347
1687920 347
1687930 348
1687940 348
1687950 348
1687960 348
1687970 349
1687980 349
1687990 349
1688000 350
1688010 350
1688020 350
1688030 351
1688040 351
1688050 351
1688060 352
1688070 352
1688080 353
1688090 353
1688100 353
1688110 354
1688120 354
1688130 354
1688140 354
1688150 355
1688160 355
1688170 355
1688180 355
1688190 355
1688200 354
1688210 354
1688220 354
1688230 353
1688240 353
1688250 352
1688260 352
1688270 352
1688280 351
1688290 351
1688300 351
1688310 351
1688320 352
1688330 353
1688340 354
1688350 355
1688360 357
1688370 359
1688380 360
1688390 361
1688400 362
1688410 363
1688420 364
1688430 365
1688440 365
1688450 366
1688460 366
1688470 367
1688480 367
1688490 368
1688500 368
1688510 369
1688520 369
1688530 370
1688540 370
1688550 370
1688560 370
1688570 370
1688580 371
1688590 371
1688600 371
1688610 371
1688620 371
1688630 371
1688640 371
1688650 371
1688660 371
1688670 371
1688680 371
1688690 371
1688700 371
1688710 371
1688720 370
1688730 370
1688740 370
1688750 369
1688760 369
1688770 368
1688780 367
1688790 367
1688800 366
1688810 366
1688820 365
1688830 364
1688840 363
1688850 363
1688860 362
1688870 361
1688880 360
1688890 359
1688900 358
1688910 357
1688920 356
1688930 355
1688940 354
1688950 353
1688960 352
1688970 351
1688980 350
1688990 348
1689000 347
1689010 346
1689020 344
1689030 343
1689040 341
1689050 340
1689060 338
1689070 337
1689080 336
1689090 335
1689100 334
1689110 333
1689120 331
1689130 330
1689140 329
1689150 328
1689160 327
1689170 325
1689180 324
1689190 322
1689200 322
1689210 322
1689220 322
1689230 323
1689240 323
1689250 324
1689260 325
1689270 325
1689280 326
1689290 327
1689300 328
1689310 329
1689320 330
1689330 332
1689340 333
1689350 334
1689360 336
1689370 337
1689380 338
1689390 339
1689400 340
1689410 341
1689420 342
1689430 343
1689440 343
1689450 344
1689460 345
1689470 346
1689480 347
1689490 347
1689500 348
1689510 349
1689520 350
1689530 352
1689540 353
1689550 354
1689560 355
1689570 355
1689580 356
1689590 356
1689600 356
1689610 357
1689620 357
1689630 357
1689640 357
1689650 357
1689660 357
1689670 357
1689680 357
1689690 357
1689700 357
1689710 357
1689720 356
1689730 356
1689740 355
1689750 354
1689760 353
1689770 352
1689780 351
1689790 350
1689800 349
1689810 347
1689820 346
1689830 344
1689840 341
1689850 339
1689860 337
1689870 335
1689880 334
1689890 335
1689900 336
1689910 338
1689920 339
1689930 340
1689940 341
1689950 342
1689960 343
1689970 344
1689980 346
1689990 347
1690000 348
1690010 349
1690020 350
1690030 351
1690040 351
1690050 352
1690060 352
1690070 352
1690080 352
1690090 351
1690100 351
1690110 350
1690120 350
1690130 349
1690140 349
1690150 348
1690160 347
1690170 346
1690180 345
1690190 344
1690200 343
1690210 342
1690220 341
1690230 340
1690240 339
1690250 338
1690260 337
1690270 336
1690280 335
1690290 334
1690300 332
1690310 330
1690320 328
1690330 327
1690340 326
1690350 325
1690360 325
1690370 324
1690380 324
1690390 324
1690400 323
1690410 323
1690420 323
1690430 322
1690440 322
1690450 322
1690460 322
1690470 322
1690480 322
1690490 322
1690500 322
1690510 321
1690520 321
1690530 321
1690540 321
1690550 321
1690560 320
1690570 320
1690580 320
1690590 320
1690600 319
1690610 319
1690620 318
1690630 318
1690640 318
1690650 317
1690660 317
1690670 317
1690680 316
1690690 316
1690700 316
1690710 315
1690720 315
1690730 314
1690740 314
1690750 313
1690760 313
1690770 312
1690780 311
1690790 311
1690800 310
1690810 310
1690820 310
1690830 309
1690840 308
1690850 308
1690860 307
1690870 307
1690880 306
1690890 306
1690900 305
1690910 305
1690920 304
1690930 304
1690940 303
1690950 303
1690960 302
1690970 302
1690980 302
1690990 302
1691000 302
1691010 302
1691020 302
1691030 301
1691040 301
1691050 301
1691060 301
1691070 301
1691080 301
1691090 300
1691100 300
1691110 300
1691120 300
1691130 300
1691140 300
1691150 300
1691160 299
1691170 300
1691180 300
1691190 299
1691200 300
1691210 300
1691220 300
1691230 301
1691240 302
1691250 303
1691260 305
1691270 307
1691280 309
1691290 311
1691300 313
1691310 314
1691320 315
1691330 315
1691340 316
1691350 317
1691360 318
1691370 319
1691380 320
1691390 320
1691400 321
1691410 322
1691420 322
1691430 323
1691440 324
1691450 324
1691460 325
1691470 325
1691480 326
1691490 326
1691500 327
1691510 328
1691520 328
1691530 329
1691540 330
1691550 331
1691560 331
1691570 332
1691580 333
1691590 334
1691600 335
1691610 336
1691620 337
1691630 338
1691640 338
1691650 339
1691660 339
1691670 339
1691680 339
1691690 339
1691700 339
1691710 339
1691720 339
1691730 338
1691740 338
1691750 337
1691760 336
1691770 335
1691780 334
1691790 333
1691800 331
1691810 329
1691820 327
1691830 325
1691840 325
1691850 325
1691860 327
1691870 328
1691880 330
1691890 330
1691900 330
1691910 330
1691920 330
1691930 331
1691940 331
1691950 333
1691960 335
1691970 337
1691980 338
1691990 339
1692000 340
1692010 341
1692020 341
1692030 342
1692040 343
1692050 343
1692060 344
1692070 344
1692080 345
1692090 345
1692100 345
1692110 346
1692120 346
1692130 346
1692140 346
1692150 346
1692160 346
1692170 347
1692180 347
1692190 347
1692200 347
1692210 347
1692220 347
1692230 347
1692240 347
1692250 347
1692260 346
1692270 346
1692280 346
1692290 346
1692300 345
1692310 345
1692320 345
1692330 344
1692340 344
1692350 344
1692360 343
1692370 343
1692380 342
1692390 342
1692400 342
1692410 341
1692420 341
1692430 341
1692440 340
1692450 340
1692460 340
1692470 339
1692480 339
1692490 339
1692500 339
1692510 338
1692520 338
1692530 338
1692540 338
1692550 338
1692560 337
1692570 337
1692580 337
1692590 337
1692600 337
1692610 336
1692620 336
1692630 336
1692640 336
1692650 336
1692660 335
1692670 335
1692680 335
1692690 335
1692700 335
1692710 335
1692720 335
1692730 334
1692740 334
1692750 334
1692760 334
1692770 333
1692780 333
1692790 333
1692800 332
1692810 332
1692820 331
1692830 331
1692840 330
1692850 330
1692860 329
1692870 329
1692880 329
1692890 328
1692900 328
1692910 327
1692920 326
1692930 325
1692940 324
1692950 323
1692960 322
1692970 321
1692980 319
1692990 318
1693000 316
1693010 314
1693020 312
1693030 310
1693040 308
1693050 306
1693060 304
1693070 303
1693080 302
1693090 300
1693100 299
1693110 298
1693120 297
1693130 297
1693140 298
1693150 298
1693160 298
1693170 298
1693180 299
1693190 299
1693200 299
1693210 299
1693220 299
1693230 299
1693240 299
1693250 299
1693260 299
1693270 299
1693280 299
1693290 299
1693300 299
1693310 299
1693320 299
1693330 299
1693340 299
1693350 298
1693360 298
1693370 298
1693380 298
1693390 297
1693400 297
1693410 297
1693420 297
1693430 296
1693440 295
1693450 295
1693460 294
1693470 294
1693480 293
1693490 293
1693500 292
1693510 291
1693520 291
1693530 290
1693540 289
1693550 289
1693560 288
1693570 287
1693580 287
1693590 286
1693600 285
1693610 284
1693620 282
1693630 281
1693640 280
1693650 280
1693660 280
1693670 280
1693680 280
1693690 280
1693700 279
1693710 279
1693720 279
1693730 279
1693740 278
1693750 278
1693760 278
1693770 278
1693780 278
1693790 278
1693800 278
1693810 278
1693820 278
1693830 278
1693840 278
1693850 278
1693860 278
1693870 278
1693880 278
1693890 278
1693900 278
1693910 278
1693920 278
1693930 278
1693940 278
1693950 278
1693960 278
1693970 278
1693980 278
1693990 278
1694000 278
1694010 277
1694020 277
1694030 277
1694040 277
1694050 277
1694060 277
1694070 278
1694080 278
1694090 278
1694100 278
1694110 278
1694120 277
1694130 277
1694140 277
1694150 277
1694160 277
1694170 277
1694180 277
1694190 277
1694200 277
1694210 277
1694220 277
1694230 277
1694240 277
1694250 277
1694260 277
1694270 277
1694280 277
1694290 277
1694300 277
1694310 277
1694320 277
1694330 277
1694340 277
1694350 278
1694360 278
1694370 278
1694380 278
1694390 278
1694400 277
1694410 277
1694420 277
1694430 277
1694440 278
1694450 278
1694460 278
1694470 277
1694480 277
1694490 277
1694500 277
1694510 277
1694520 277
1694530 277
1694540 277
1694550 277
1694560 277
1694570 277
1694580 277
1694590 277
1694600 276
1694610 276
1694620 276
1694630 276
1694640 276
1694650 276
1694660 276
1694670 276
1694680 276
1694690 275
1694700 276
1694710 275
1694720 275
1694730 275
1694740 274
1694750 274
1694760 274
1694770 274
1694780 274
1694790 274
1694800 274
1694810 274
1694820 273
1694830 273
1694840 273
1694850 272
1694860 272
1694870 273
1694880 273
1694890 273
1694900 274
1694910 275
1694920 276
1694930 276
1694940 276
1694950 276
1694960 276
1694970 276
1694980 276
1694990 276
1695000 276
1695010 276
1695020 276
1695030 276
1695040 276
1695050 276
1695060 276
1695070 276
1695080 277
1695090 277
1695100 277
1695110 277
1695120 277
1695130 277
1695140 277
1695150 277
1695160 277
1695170 277
1695180 277
1695190 277
1695200 277
1695210 277
1695220 277
1695230 277
1695240 277
1695250 277
1695260 277
1695270 277
1695280 277
1695290 277
1695300 278
1695310 278
1695320 278
1695330 278
1695340 278
1695350 278
1695360 278
1695370 278
1695380 277
1695390 277
1695400 277
1695410 277
1695420 277
1695430 277
1695440 277
1695450 277
1695460 277
1695470 278
1695480 278
1695490 278
1695500 278
1695510 278
1695520 278
1695530 278
1695540 279
1695550 279
1695560 279
1695570 279
1695580 280
1695590 279
1695600 279
1695610 279
1695620 280
1695630 281
1695640 281
1695650 281
1695660 280
1695670 280
1695680 280
1695690 281
1695700 281
1695710 282
1695720 284
1695730 285
1695740 286
1695750 286
1695760 287
1695770 288
1695780 289
1695790 290
1695800 291
1695810 292
1695820 292
1695830 293
1695840 294
1695850 295
1695860 295
1695870 296
1695880 297
1695890 298
1695900 298
1695910 298
1695920 299
1695930 299
1695940 300
1695950 300
1695960 300
1695970 300
1695980 301
1695990 301
1696000 301
1696010 301
1696020 301
1696030 301
1696040 301
1696050 301
1696060 301
1696070 301
1696080 301
1696090 301
1696100 301
1696110 301
1696120 300
1696130 299
1696140 299
1696150 298
1696160 298
1696170 298
1696180 298
1696190 297
1696200 297
1696210 297
1696220 296
1696230 295
1696240 295
1696250 294
1696260 294
1696270 294
1696280 294
1696290 294
1696300 294
1696310 293
1696320 293
1696330 293
1696340 293
1696350 294
1696360 295
1696370 296
1696380 297
1696390 298
1696400 299
1696410 300
1696420 301
1696430 302
1696440 303
1696450 303
1696460 304
1696470 305
1696480 306
1696490 306
1696500 307
1696510 307
1696520 308
1696530 308
1696540 309
1696550 309
1696560 309
1696570 309
1696580 309
1696590 309
1696600 309
1696610 309
1696620 309
1696630 309
1696640 308
1696650 308
1696660 308
1696670 307
1696680 307
1696690 306
1696700 305
1696710 305
1696720 304
1696730 304
1696740 304
1696750 303
1696760 303
1696770 303
1696780 302
1696790 302
1696800 302
1696810 302
1696820 302
1696830 303
1696840 303
1696850 304
1696860 304
1696870 304
1696880 304
1696890 304
1696900 304
1696910 304
1696920 304
1696930 304
1696940 304
1696950 303
1696960 303
1696970 302
1696980 302
1696990 301
1697000 301
1697010 300
1697020 299
1697030 299
1697040 298
1697050 298
1697060 297
1697070 296
1697080 295
1697090 295
1697100 295
1697110 295
1697120 295
1697130 295
1697140 295
1697150 295
1697160 295
1697170 295
1697180 295
1697190 295
1697200 295
1697210 295
1697220 295
1697230 295
1697240 295
1697250 294
1697260 294
1697270 293
1697280 292
1697290 292
1697300 292
1697310 292
1697320 292
1697330 292
1697340 292
1697350 292
1697360 293
1697370 293
1697380 293
1697390 294
1697400 293
1697410 293
1697420 297
1697430 300
1697440 302
1697450 304
1697460 306
1697470 308
1697480 309
1697490 310
1697500 311
1697510 312
1697520 313
1697530 314
1697540 314
1697550 315
1697560 316
1697570 316
1697580 317
1697590 318
1697600 319
1697610 320
1697620 321
1697630 321
1697640 322
1697650 323
1697660 323
1697670 324
1697680 324
1697690 325
1697700 326
1697710 326
1697720 327
1697730 328
1697740 329
1697750 329
1697760 330
1697770 330
1697780 331
1697790 331
1697800 332
1697810 332
1697820 333
1697830 333
1697840 334
1697850 334
1697860 335
1697870 335
1697880 336
1697890 336
1697900 337
1697910 337
1697920 338
1697930 338
1697940 339
1697950 339
1697960 340
1697970 340
1697980 340
1697990 341
1698000 341
1698010 341
1698020 341
1698030 342
1698040 342
1698050 343
1698060 343
1698070 343
1698080 344
1698090 344
1698100 344
1698110 345
1698120 345
1698130 345
1698140 345
1698150 346
1698160 346
1698170 346
1698180 346
1698190 346
1698200 347
1698210 347
1698220 347
1698230 347
1698240 347
1698250 347
1698260 347
1698270 346
1698280 345
1698290 344
1698300 342
1698310 341
1698320 341
1698330 340
1698340 339
1698350 337
1698360 338
1698370 338
1698380 336
1698390 337
1698400 337
1698410 339
1698420 340
1698430 341
1698440 342
1698450 344
1698460 345
1698470 346
1698480 348
1698490 349
1698500 350
1698510 350
1698520 350
1698530 351
1698540 352
1698550 353
1698560 354
1698570 356
1698580 357
1698590 359
1698600 360
1698610 362
1698620 364
1698630 365
1698640 367
1698650 369
1698660 371
1698670 372
1698680 373
1698690 374
1698700 374
1698710 375
1698720 376
1698730 376
1698740 377
1698750 378
1698760 378
1698770 378
1698780 378
1698790 378
1698800 378
1698810 379
1698820 379
1698830 379
1698840 379
1698850 379
1698860 380
1698870 379
1698880 380
1698890 380
1698900 381
1698910 381
1698920 381
1698930 381
1698940 381
1698950 381
1698960 382
1698970 382
1698980 382
1698990 382
1699000 382
1699010 383
1699020 383
1699030 383
1699040 383
1699050 383
1699060 384
1699070 384
1699080 384
1699090 384
1699100 385
1699110 385
1699120 385
1699130 385
1699140 385
1699150 385
1699160 385
1699170 385
1699180 385
1699190 385
1699200 385
1699210 384
1699220 384
1699230 383
1699240 381
1699250 380
1699260 379
1699270 377
1699280 375
1699290 374
1699300 373
1699310 371
1699320 370
1699330 369
1699340 369
1699350 368
1699360 367
1699370 366
1699380 365
1699390 363
1699400 362
1699410 360
1699420 359
1699430 359
1699440 358
1699450 356
1699460 355
1699470 354
1699480 353
1699490 352
1699500 352
1699510 351
1699520 350
1699530 350
1699540 349
1699550 349
1699560 348
1699570 348
1699580 348
1699590 347
1699600 347
1699610 346
1699620 346
1699630 345
1699640 344
1699650 343
1699660 342
1699670 341
1699680 343
1699690 344
1699700 345
1699710 345
1699720 346
1699730 346
1699740 347
1699750 347
1699760 347
1699770 347
1699780 347
1699790 347
1699800 346
1699810 346
1699820 345
1699830 345
1699840 344
1699850 343
1699860 340
1699870 336
1699880 333
1699890 331
1699900 334
1699910 337
1699920 339
1699930 340
1699940 341
1699950 341
1699960 341
1699970 342
1699980 342
1699990 343
