1680000 290
1680010 290
1680020 290
1680030 290
1680040 290
1680050 289
1680060 289
1680070 289
1680080 289
1680090 289
1680100 289
1680110 289
1680120 289
1680130 289
1680140 289
1680150 289
1680160 289
1680170 289
1680180 289
1680190 289
1680200 289
1680210 288
1680220 288
1680230 288
1680240 288
1680250 288
1680260 288
1680270 288
1680280 288
1680290 288
1680300 288
1680310 288
1680320 288
1680330 288
1680340 288
1680350 288
1680360 288
1680370 288
1680380 288
1680390 288
1680400 287
1680410 287
1680420 287
1680430 287
1680440 287
1680450 287
1680460 287
1680470 287
1680480 287
1680490 286
1680500 286
1680510 286
1680520 286
1680530 286
1680540 286
1680550 286
1680560 286
1680570 286
1680580 286
1680590 285
1680600 285
1680610 285
1680620 284
1680630 284
1680640 284
1680650 283
1680660 283
1680670 282
1680680 282
1680690 281
1680700 281
1680710 280
1680720 280
1680730 280
1680740 279
1680750 279
1680760 279
1680770 278
1680780 278
1680790 278
1680800 278
1680810 278
1680820 278
1680830 278
1680840 277
1680850 277
1680860 277
1680870 277
1680880 276
1680890 276
1680900 276
1680910 276
1680920 276
1680930 276
1680940 276
1680950 276
1680960 276
1680970 276
1680980 276
1680990 276
1681000 276
1681010 276
1681020 276
1681030 276
1681040 276
1681050 276
1681060 276
1681070 276
1681080 276
1681090 276
1681100 276
1681110 276
1681120 276
1681130 276
1681140 276
1681150 276
1681160 275
1681170 275
1681180 275
1681190 275
1681200 275
1681210 275
1681220 275
1681230 275
1681240 275
1681250 274
1681260 274
1681270 274
1681280 274
1681290 274
1681300 274
1681310 274
1681320 274
1681330 274
1681340 274
1681350 275
1681360 275
1681370 275
1681380 275
1681390 275
1681400 275
1681410 275
1681420 275
1681430 275
1681440 275
1681450 275
1681460 275
1681470 275
1681480 274
1681490 274
1681500 274
1681510 274
1681520 274
1681530 274
1681540 274
1681550 274
1681560 274
1681570 274
1681580 274
1681590 273
1681600 273
1681610 273
1681620 272
1681630 272
1681640 273
1681650 274
1681660 274
1681670 275
1681680 275
1681690 275
1681700 275
1681710 275
1681720 275
1681730 275
1681740 275
1681750 274
1681760 274
1681770 275
1681780 278
1681790 281
1681800 285
1681810 287
1681820 289
1681830 290
1681840 292
1681850 294
1681860 295
1681870 297
1681880 298
1681890 300
1681900 302
1681910 303
1681920 305
1681930 307
1681940 309
1681950 310
1681960 312
1681970 313
1681980 314
1681990 316
1682000 317
1682010 318
1682020 319
1682030 320
1682040 321
1682050 322
1682060 323
1682070 323
1682080 324
1682090 325
1682100 325
1682110 326
1682120 326
1682130 327
1682140 327
1682150 328
1682160 328
1682170 329
1682180 329
1682190 329
1682200 330
1682210 330
1682220 330
1682230 330
1682240 330
1682250 330
1682260 330
1682270 330
1682280 330
1682290 329
1682300 330
1682310 331
1682320 331
1682330 331
1682340 331
1682350 331
1682360 331
1682370 331
1682380 331
1682390 331
1682400 332
1682410 332
1682420 332
1682430 332
1682440 332
1682450 332
1682460 332
1682470 332
1682480 332
1682490 332
1682500 332
1682510 332
1682520 332
1682530 332
1682540 333
1682550 333
1682560 333
1682570 333
1682580 333
1682590 333
1682600 333
1682610 333
1682620 333
1682630 333
1682640 333
1682650 333
1682660 333
1682670 333
1682680 333
1682690 333
1682700 333
1682710 333
1682720 333
1682730 333
1682740 333
1682750 332
1682760 332
1682770 332
1682780 332
1682790 332
1682800 331
1682810 331
1682820 331
1682830 330
1682840 330
1682850 329
1682860 329
1682870 328
1682880 328
1682890 327
1682900 327
1682910 326
1682920 325
1682930 325
1682940 325
1682950 324
1682960 323
1682970 322
1682980 322
1682990 321
1683000 320
1683010 319
1683020 318
1683030 318
1683040 317
1683050 317
1683060 316
1683070 316
1683080 315
1683090 315
1683100 315
1683110 314
1683120 314
1683130 314
1683140 314
1683150 313
1683160 313
1683170 313
1683180 312
1683190 311
1683200 311
1683210 310
1683220 309
1683230 309
1683240 309
1683250 309
1683260 309
1683270 308
1683280 308
1683290 307
1683300 306
1683310 305
1683320 304
1683330 303
1683340 303
1683350 302
1683360 302
1683370 301
1683380 301
1683390 300
1683400 300
1683410 300
1683420 299
1683430 299
1683440 299
1683450 298
1683460 298
1683470 298
1683480 298
1683490 298
1683500 298
1683510 298
1683520 297
1683530 296
1683540 296
1683550 296
1683560 295
1683570 295
1683580 295
1683590 294
1683600 294
1683610 294
1683620 294
1683630 294
1683640 294
1683650 293
1683660 293
1683670 293
1683680 293
1683690 293
1683700 293
1683710 293
1683720 292
1683730 292
1683740 292
1683750 292
1683760 292
1683770 292
1683780 292
1683790 292
1683800 292
1683810 292
1683820 292
1683830 292
1683840 291
1683850 291
1683860 291
1683870 291
1683880 291
1683890 291
1683900 291
1683910 291
1683920 291
1683930 291
1683940 291
1683950 291
1683960 291
1683970 291
1683980 290
1683990 290
1684000 290
1684010 290
1684020 290
1684030 290
1684040 289
1684050 289
1684060 289
1684070 289
1684080 289
1684090 288
1684100 288
1684110 288
1684120 288
1684130 287
1684140 287
1684150 287
1684160 287
1684170 287
1684180 287
1684190 287
1684200 286
1684210 286
1684220 286
1684230 286
1684240 286
1684250 286
1684260 286
1684270 285
1684280 285
1684290 285
1684300 285
1684310 284
1684320 284
1684330 284
1684340 284
1684350 284
1684360 284
1684370 284
1684380 284
1684390 284
1684400 284
1684410 284
1684420 283
1684430 283
1684440 283
1684450 283
1684460 283
1684470 282
1684480 282
1684490 282
1684500 282
1684510 282
1684520 282
1684530 282
1684540 282
1684550 283
1684560 283
1684570 282
1684580 282
1684590 282
1684600 282
1684610 282
1684620 283
1684630 284
1684640 284
1684650 284
1684660 284
1684670 284
1684680 284
1684690 283
1684700 282
1684710 281
1684720 280
1684730 279
1684740 278
1684750 278
1684760 277
1684770 277
1684780 277
1684790 277
1684800 277
1684810 277
1684820 277
1684830 280
1684840 281
1684850 282
1684860 282
1684870 282
1684880 282
1684890 282
1684900 282
1684910 282
1684920 282
1684930 282
1684940 282
1684950 282
1684960 282
1684970 282
1684980 282
1684990 282
1685000 282
1685010 282
1685020 282
1685030 282
1685040 282
1685050 282
1685060 282
1685070 282
1685080 281
1685090 281
1685100 281
1685110 281
1685120 281
1685130 281
1685140 281
1685150 281
1685160 281
1685170 281
1685180 281
1685190 281
1685200 281
1685210 281
1685220 281
1685230 281
1685240 281
1685250 281
1685260 281
1685270 281
1685280 281
1685290 281
1685300 281
1685310 281
1685320 282
1685330 282
1685340 281
1685350 281
1685360 280
1685370 281
1685380 281
1685390 281
1685400 281
1685410 281
1685420 281
1685430 281
1685440 281
1685450 281
1685460 281
1685470 281
1685480 281
1685490 281
1685500 281
1685510 281
1685520 281
1685530 281
1685540 281
1685550 281
1685560 281
1685570 280
1685580 280
1685590 280
1685600 280
1685610 280
1685620 280
1685630 280
1685640 280
1685650 280
1685660 280
1685670 280
1685680 280
1685690 280
1685700 280
1685710 280
1685720 279
1685730 279
1685740 276
1685750 273
1685760 270
1685770 268
1685780 268
1685790 268
1685800 270
1685810 273
1685820 275
1685830 276
1685840 277
1685850 278
1685860 277
1685870 277
1685880 277
1685890 276
1685900 276
1685910 275
1685920 274
1685930 274
1685940 274
1685950 273
1685960 273
1685970 273
1685980 273
1685990 273
1686000 273
1686010 273
1686020 273
1686030 273
1686040 273
1686050 273
1686060 274
1686070 274
1686080 274
1686090 274
1686100 275
1686110 275
1686120 276
1686130 276
1686140 276
1686150 277
1686160 277
1686170 278
1686180 278
1686190 279
1686200 279
1686210 279
1686220 279
1686230 279
1686240 279
1686250 279
1686260 279
1686270 279
1686280 279
1686290 279
1686300 279
1686310 279
1686320 279
1686330 279
1686340 279
1686350 279
1686360 279
1686370 279
1686380 279
1686390 279
1686400 279
1686410 279
1686420 279
1686430 279
1686440 279
1686450 279
1686460 279
1686470 279
1686480 279
1686490 279
1686500 279
1686510 279
1686520 279
1686530 279
1686540 279
1686550 280
1686560 280
1686570 280
1686580 280
1686590 280
1686600 280
1686610 281
1686620 281
1686630 281
1686640 282
1686650 282
1686660 282
1686670 282
1686680 282
1686690 282
1686700 282
1686710 281
1686720 281
1686730 281
1686740 281
1686750 281
1686760 282
1686770 282
1686780 282
1686790 282
1686800 282
1686810 282
1686820 282
1686830 282
1686840 283
1686850 284
1686860 285
1686870 287
1686880 289
1686890 292
1686900 295
1686910 298
1686920 300
1686930 303
1686940 306
1686950 308
1686960 311
1686970 314
1686980 318
1686990 322
1687000 326
1687010 331
1687020 335
1687030 339
1687040 340
1687050 341
1687060 341
1687070 341
1687080 342
1687090 344
1687100 346
1687110 348
1687120 349
1687130 350
1687140 349
1687150 349
1687160 349
1687170 349
1687180 348
1687190 348
1687200 348
1687210 348
1687220 348
1687230 348
1687240 348
1687250 348
1687260 348
1687270 349
1687280 349
1687290 349
1687300 350
1687310 351
1687320 351
1687330 352
1687340 353
1687350 353
1687360 354
1687370 355
1687380 356
1687390 356
1687400 357
1687410 358
1687420 358
1687430 358
1687440 358
1687450 359
1687460 359
1687470 359
1687480 359
1687490 359
1687500 359
1687510 359
1687520 359
1687530 359
1687540 360
1687550 360
1687560 360
1687570 360
1687580 361
1687590 361
1687600 361
1687610 361
1687620 361
1687630 361
1687640 359
1687650 358
1687660 357
1687670 356
1687680 355
1687690 356
1687700 356
1687710 357
1687720 357
1687730 359
1687740 359
1687750 359
1687760 359
1687770 360
1687780 360
1687790 359
1687800 359
1687810 358
1687820 358
1687830 358
1687840 358
1687850 358
1687860 358
1687870 359
1687880 359
1687890 360
1687900 361
1687910 361
1687920 361
1687930 361
1687940 362
1687950 362
1687960 362
1687970 363
1687980 363
1687990 363
1688000 363
1688010 363
1688020 363
1688030 363
1688040 363
1688050 363
1688060 363
1688070 363
1688080 363
1688090 363
1688100 363
1688110 363
1688120 364
1688130 364
1688140 364
1688150 364
1688160 364
1688170 364
1688180 363
1688190 363
1688200 362
1688210 362
1688220 362
1688230 363
1688240 363
1688250 363
1688260 363
1688270 363
1688280 363
1688290 363
1688300 363
1688310 363
1688320 363
1688330 363
1688340 363
1688350 363
1688360 362
1688370 362
1688380 362
1688390 362
1688400 361
1688410 361
1688420 360
1688430 360
1688440 359
1688450 359
1688460 359
1688470 358
1688480 357
1688490 356
1688500 356
1688510 355
1688520 354
1688530 354
1688540 353
1688550 352
1688560 352
1688570 351
1688580 351
1688590 350
1688600 350
1688610 349
1688620 349
1688630 348
1688640 348
1688650 348
1688660 348
1688670 348
1688680 348
1688690 348
1688700 348
1688710 348
1688720 348
1688730 348
1688740 348
1688750 348
1688760 348
1688770 348
1688780 348
1688790 348
1688800 348
1688810 347
1688820 347
1688830 347
1688840 347
1688850 346
1688860 346
1688870 346
1688880 346
1688890 345
1688900 345
1688910 344
1688920 344
1688930 343
1688940 343
1688950 342
1688960 342
1688970 341
1688980 340
1688990 340
1689000 339
1689010 338
1689020 338
1689030 337
1689040 336
1689050 336
1689060 335
1689070 334
1689080 333
1689090 332
1689100 332
1689110 333
1689120 333
1689130 334
1689140 335
1689150 336
1689160 336
1689170 336
1689180 337
1689190 337
1689200 337
1689210 337
1689220 337
1689230 337
1689240 337
1689250 337
1689260 337
1689270 337
1689280 337
1689290 337
1689300 337
1689310 337
1689320 337
1689330 337
1689340 337
1689350 337
1689360 337
1689370 337
1689380 337
1689390 337
1689400 337
1689410 337
1689420 338
1689430 338
1689440 338
1689450 339
1689460 339
1689470 339
1689480 339
1689490 339
1689500 339
1689510 339
1689520 339
1689530 339
1689540 339
1689550 339
1689560 340
1689570 340
1689580 340
1689590 340
1689600 341
1689610 341
1689620 341
1689630 341
1689640 341
1689650 342
1689660 342
1689670 342
1689680 342
1689690 343
1689700 343
1689710 343
1689720 343
1689730 344
1689740 345
1689750 345
1689760 345
1689770 345
1689780 345
1689790 345
1689800 346
1689810 346
1689820 346
1689830 347
1689840 347
1689850 347
1689860 347
1689870 347
1689880 347
1689890 348
1689900 348
1689910 348
1689920 348
1689930 349
1689940 349
1689950 348
1689960 348
1689970 348
1689980 348
1689990 348
1690000 348
1690010 348
1690020 348
1690030 348
1690040 347
1690050 347
1690060 347
1690070 346
1690080 346
1690090 346
1690100 345
1690110 345
1690120 344
1690130 344
1690140 343
1690150 343
1690160 342
1690170 342
1690180 341
1690190 341
1690200 340
1690210 339
1690220 339
1690230 338
1690240 338
1690250 337
1690260 337
1690270 336
1690280 336
1690290 335
1690300 335
1690310 335
1690320 334
1690330 333
1690340 332
1690350 331
1690360 331
1690370 331
1690380 330
1690390 330
1690400 330
1690410 330
1690420 328
1690430 327
1690440 325
1690450 323
1690460 322
1690470 321
1690480 320
1690490 320
1690500 319
1690510 318
1690520 317
1690530 316
1690540 315
1690550 315
1690560 314
1690570 313
1690580 312
1690590 312
1690600 311
1690610 310
1690620 309
1690630 309
1690640 308
1690650 308
1690660 308
1690670 308
1690680 307
1690690 307
1690700 307
1690710 307
1690720 307
1690730 307
1690740 306
1690750 306
1690760 306
1690770 307
1690780 307
1690790 307
1690800 308
1690810 308
1690820 308
1690830 309
1690840 309
1690850 309
1690860 309
1690870 309
1690880 309
1690890 309
1690900 309
1690910 309
1690920 309
1690930 309
1690940 309
1690950 309
1690960 309
1690970 308
1690980 308
1690990 307
1691000 307
1691010 307
1691020 307
1691030 308
1691040 309
1691050 311
1691060 313
1691070 314
1691080 315
1691090 316
1691100 317
1691110 318
1691120 319
1691130 320
1691140 322
1691150 322
1691160 323
1691170 324
1691180 325
1691190 326
1691200 327
1691210 328
1691220 328
1691230 329
1691240 329
1691250 330
1691260 331
1691270 331
1691280 332
1691290 332
1691300 333
1691310 333
1691320 334
1691330 334
1691340 335
1691350 335
1691360 336
1691370 336
1691380 337
1691390 337
1691400 338
1691410 338
1691420 338
1691430 339
1691440 339
1691450 339
1691460 339
1691470 339
1691480 339
1691490 339
1691500 339
1691510 339
1691520 338
1691530 338
1691540 338
1691550 337
1691560 337
1691570 336
1691580 335
1691590 334
1691600 333
1691610 331
1691620 330
1691630 328
1691640 327
1691650 325
1691660 323
1691670 321
1691680 320
1691690 318
1691700 318
1691710 318
1691720 318
1691730 318
1691740 319
1691750 319
1691760 320
1691770 321
1691780 321
1691790 321
1691800 322
1691810 322
1691820 323
1691830 323
1691840 324
1691850 325
1691860 325
1691870 326
1691880 327
1691890 328
1691900 329
1691910 329
1691920 330
1691930 331
1691940 332
1691950 333
1691960 334
1691970 334
1691980 335
1691990 336
1692000 336
1692010 337
1692020 338
1692030 338
1692040 339
1692050 339
1692060 340
1692070 340
1692080 340
1692090 341
1692100 341
1692110 341
1692120 341
1692130 341
1692140 342
1692150 342
1692160 341
1692170 341
1692180 341
1692190 341
1692200 341
1692210 341
1692220 340
1692230 340
1692240 340
1692250 339
1692260 339
1692270 339
1692280 338
1692290 338
1692300 337
1692310 336
1692320 336
1692330 335
1692340 335
1692350 334
1692360 333
1692370 333
1692380 332
1692390 331
1692400 331
1692410 330
1692420 329
1692430 328
1692440 328
1692450 327
1692460 326
1692470 326
1692480 325
1692490 324
1692500 324
1692510 323
1692520 322
1692530 322
1692540 321
1692550 320
1692560 319
1692570 318
1692580 317
1692590 316
1692600 315
1692610 314
1692620 313
1692630 311
1692640 310
1692650 310
1692660 309
1692670 308
1692680 307
1692690 307
1692700 306
1692710 306
1692720 305
1692730 304
1692740 303
1692750 303
1692760 302
1692770 302
1692780 301
1692790 301
1692800 301
1692810 300
1692820 300
1692830 300
1692840 299
1692850 299
1692860 298
1692870 298
1692880 297
1692890 297
1692900 296
1692910 295
1692920 293
1692930 293
1692940 293
1692950 293
1692960 293
1692970 293
1692980 293
1692990 294
1693000 295
1693010 296
1693020 297
1693030 298
1693040 299
1693050 300
1693060 302
1693070 305
1693080 307
1693090 309
1693100 311
1693110 312
1693120 314
1693130 315
1693140 317
1693150 318
1693160 319
1693170 321
1693180 322
1693190 324
1693200 325
1693210 327
1693220 328
1693230 329
1693240 330
1693250 331
1693260 332
1693270 332
1693280 333
1693290 333
1693300 333
1693310 333
1693320 333
1693330 333
1693340 333
1693350 333
1693360 333
1693370 333
1693380 333
1693390 332
1693400 332
1693410 332
1693420 332
1693430 332
1693440 331
1693450 331
1693460 330
1693470 330
1693480 330
1693490 329
1693500 329
1693510 329
1693520 328
1693530 328
1693540 328
1693550 327
1693560 327
1693570 327
1693580 327
1693590 326
1693600 326
1693610 326
1693620 326
1693630 326
1693640 326
1693650 326
1693660 326
1693670 325
1693680 325
1693690 325
1693700 325
1693710 325
1693720 325
1693730 325
1693740 325
1693750 325
1693760 325
1693770 325
1693780 325
1693790 325
1693800 325
1693810 325
1693820 325
1693830 325
1693840 325
1693850 324
1693860 324
1693870 324
1693880 324
1693890 324
1693900 324
1693910 324
1693920 324
1693930 323
1693940 323
1693950 323
1693960 322
1693970 322
1693980 322
1693990 321
1694000 321
1694010 321
1694020 320
1694030 320
1694040 320
1694050 320
1694060 319
1694070 319
1694080 318
1694090 318
1694100 318
1694110 317
1694120 317
1694130 316
1694140 316
1694150 316
1694160 315
1694170 315
1694180 315
1694190 315
1694200 314
1694210 314
1694220 313
1694230 313
1694240 313
1694250 312
1694260 312
1694270 312
1694280 312
1694290 311
1694300 311
1694310 311
1694320 310
1694330 310
1694340 310
1694350 309
1694360 309
1694370 309
1694380 309
1694390 309
1694400 308
1694410 308
1694420 308
1694430 308
1694440 308
1694450 307
1694460 307
1694470 307
1694480 307
1694490 307
1694500 307
1694510 306
1694520 306
1694530 306
1694540 306
1694550 306
1694560 305
1694570 305
1694580 305
1694590 305
1694600 304
1694610 304
1694620 304
1694630 303
1694640 303
1694650 303
1694660 302
1694670 302
1694680 302
1694690 302
1694700 301
1694710 301
1694720 300
1694730 300
1694740 299
1694750 299
1694760 298
1694770 298
1694780 297
1694790 297
1694800 296
1694810 296
1694820 295
1694830 294
1694840 294
1694850 293
1694860 292
1694870 292
1694880 291
1694890 291
1694900 290
1694910 289
1694920 288
1694930 288
1694940 287
1694950 286
1694960 285
1694970 284
1694980 283
1694990 282
1695000 281
1695010 280
1695020 280
1695030 279
1695040 278
1695050 278
1695060 277
1695070 276
1695080 275
1695090 274
1695100 274
1695110 273
1695120 273
1695130 273
1695140 273
1695150 272
1695160 272
1695170 272
1695180 272
1695190 272
1695200 272
1695210 272
1695220 272
1695230 272
1695240 272
1695250 272
1695260 272
1695270 272
1695280 272
1695290 272
1695300 272
1695310 272
1695320 272
1695330 272
1695340 272
1695350 272
1695360 271
1695370 271
1695380 271
1695390 271
1695400 271
1695410 271
1695420 271
1695430 271
1695440 271
1695450 271
1695460 271
1695470 271
1695480 271
1695490 271
1695500 271
1695510 271
1695520 271
1695530 271
1695540 271
1695550 271
1695560 271
1695570 271
1695580 270
1695590 270
1695600 270
1695610 270
1695620 269
1695630 269
1695640 269
1695650 270
1695660 270
1695670 269
1695680 269
1695690 269
1695700 269
1695710 268
1695720 268
1695730 268
1695740 268
1695750 269
1695760 269
1695770 268
1695780 267
1695790 266
1695800 267
1695810 268
1695820 268
1695830 268
1695840 268
1695850 268
1695860 269
1695870 269
1695880 269
1695890 269
1695900 269
1695910 269
1695920 269
1695930 269
1695940 269
1695950 269
1695960 269
1695970 269
1695980 269
1695990 269
1696000 269
1696010 269
1696020 269
1696030 269
1696040 269
1696050 269
1696060 269
1696070 269
1696080 269
1696090 269
1696100 269
1696110 269
1696120 270
1696130 270
1696140 270
1696150 270
1696160 270
1696170 270
1696180 270
1696190 270
1696200 270
1696210 270
1696220 271
1696230 271
1696240 271
1696250 271
1696260 271
1696270 271
1696280 271
1696290 271
1696300 271
1696310 271
1696320 271
1696330 271
1696340 271
1696350 272
1696360 272
1696370 272
1696380 272
1696390 272
1696400 272
1696410 272
1696420 273
1696430 273
1696440 274
1696450 274
1696460 274
1696470 274
1696480 275
1696490 276
1696500 277
1696510 278
1696520 280
1696530 281
1696540 282
1696550 283
1696560 284
1696570 285
1696580 285
1696590 286
1696600 286
1696610 287
1696620 288
1696630 288
1696640 289
1696650 289
1696660 289
1696670 288
1696680 289
1696690 289
1696700 289
1696710 290
1696720 290
1696730 290
1696740 290
1696750 290
1696760 290
1696770 289
1696780 289
1696790 289
1696800 288
1696810 288
1696820 287
1696830 286
1696840 285
1696850 283
1696860 282
1696870 281
1696880 280
1696890 279
1696900 278
1696910 278
1696920 278
1696930 278
1696940 278
1696950 279
1696960 280
1696970 280
1696980 281
1696990 282
1697000 283
1697010 283
1697020 284
1697030 284
1697040 285
1697050 285
1697060 285
1697070 285
1697080 285
1697090 285
1697100 286
1697110 286
1697120 286
1697130 286
1697140 287
1697150 287
1697160 287
1697170 287
1697180 288
1697190 288
1697200 288
1697210 289
1697220 289
1697230 290
1697240 290
1697250 291
1697260 292
1697270 293
1697280 294
1697290 295
1697300 296
1697310 297
1697320 298
1697330 299
1697340 300
1697350 301
1697360 302
1697370 303
1697380 304
1697390 305
1697400 306
1697410 306
1697420 307
1697430 308
1697440 308
1697450 309
1697460 309
1697470 310
1697480 311
1697490 311
1697500 312
1697510 313
1697520 314
1697530 314
1697540 315
1697550 316
1697560 317
1697570 317
1697580 318
1697590 319
1697600 319
1697610 320
1697620 320
1697630 321
1697640 321
1697650 321
1697660 322
1697670 322
1697680 322
1697690 322
1697700 322
1697710 322
1697720 322
1697730 322
1697740 321
1697750 321
1697760 321
1697770 321
1697780 321
1697790 321
1697800 321
1697810 321
1697820 321
1697830 321
1697840 320
1697850 320
1697860 320
1697870 320
1697880 319
1697890 319
1697900 318
1697910 317
1697920 316
1697930 315
1697940 314
1697950 312
1697960 310
1697970 308
1697980 306
1697990 304
1698000 302
1698010 301
1698020 300
1698030 299
1698040 299
1698050 300
1698060 301
1698070 301
1698080 302
1698090 303
1698100 304
1698110 306
1698120 307
1698130 308
1698140 309
1698150 310
1698160 311
1698170 312
1698180 313
1698190 313
1698200 314
1698210 315
1698220 315
1698230 315
1698240 315
1698250 315
1698260 314
1698270 314
1698280 313
1698290 312
1698300 311
1698310 310
1698320 309
1698330 309
1698340 308
1698350 307
1698360 306
1698370 305
1698380 304
1698390 304
1698400 303
1698410 302
1698420 301
1698430 300
1698440 300
1698450 299
1698460 298
1698470 298
1698480 297
1698490 297
1698500 296
1698510 295
1698520 294
1698530 293
1698540 292
1698550 292
1698560 292
1698570 292
1698580 290
1698590 289
1698600 289
1698610 289
1698620 289
1698630 289
1698640 289
1698650 289
1698660 288
1698670 288
1698680 289
1698690 289
1698700 289
1698710 289
1698720 290
1698730 290
1698740 290
1698750 290
1698760 290
1698770 290
1698780 290
1698790 289
1698800 289
1698810 289
1698820 290
1698830 291
1698840 292
1698850 294
1698860 295
1698870 296
1698880 297
1698890 298
1698900 298
1698910 299
1698920 299
1698930 299
1698940 299
1698950 299
1698960 299
1698970 299
1698980 299
1698990 299
1699000 299
1699010 299
1699020 299
1699030 298
1699040 298
1699050 299
1699060 298
1699070 298
1699080 298
1699090 298
1699100 298
1699110 298
1699120 298
1699130 298
1699140 298
1699150 298
1699160 298
1699170 298
1699180 298
1699190 298
1699200 298
1699210 298
1699220 298
1699230 298
1699240 298
1699250 298
1699260 298
1699270 298
1699280 298
1699290 298
1699300 298
1699310 298
1699320 298
1699330 297
1699340 297
1699350 296
1699360 295
1699370 294
1699380 294
1699390 294
1699400 294
1699410 294
1699420 294
1699430 294
1699440 294
1699450 295
1699460 295
1699470 295
1699480 295
1699490 294
1699500 294
1699510 293
1699520 292
1699530 291
1699540 290
1699550 289
1699560 288
1699570 289
1699580 289
1699590 289
1699600 289
1699610 290
1699620 291
1699630 292
1699640 294
1699650 297
1699660 300
1699670 303
1699680 307
1699690 310
1699700 312
1699710 315
1699720 317
1699730 318
1699740 320
1699750 320
1699760 320
1699770 321
1699780 321
1699790 321
1699800 321
1699810 320
1699820 320
1699830 320
1699840 320
1699850 319
1699860 319
1699870 318
1699880 318
1699890 317
1699900 317
1699910 317
1699920 316
1699930 316
1699940 315
1699950 315
1699960 315
1699970 315
1699980 314
1699990 314
