1680000 289
1680010 289
1680020 289
1680030 289
1680040 289
1680050 289
1680060 289
1680070 289
1680080 289
1680090 289
1680100 289
1680110 289
1680120 289
1680130 289
1680140 289
1680150 289
1680160 289
1680170 289
1680180 289
1680190 289
1680200 289
1680210 289
1680220 289
1680230 289
1680240 289
1680250 288
1680260 288
1680270 288
1680280 288
1680290 288
1680300 288
1680310 288
1680320 288
1680330 288
1680340 288
1680350 288
1680360 288
1680370 288
1680380 288
1680390 288
1680400 288
1680410 288
1680420 288
1680430 288
1680440 288
1680450 288
1680460 288
1680470 287
1680480 287
1680490 287
1680500 287
1680510 287
1680520 287
1680530 287
1680540 287
1680550 287
1680560 287
1680570 287
1680580 287
1680590 287
1680600 287
1680610 286
1680620 286
1680630 286
1680640 286
1680650 286
1680660 286
1680670 286
1680680 286
1680690 286
1680700 286
1680710 286
1680720 286
1680730 285
1680740 285
1680750 285
1680760 285
1680770 284
1680780 284
1680790 283
1680800 283
1680810 282
1680820 281
1680830 281
1680840 280
1680850 280
1680860 280
1680870 279
1680880 279
1680890 279
1680900 279
1680910 279
1680920 279
1680930 279
1680940 278
1680950 278
1680960 278
1680970 278
1680980 278
1680990 278
1681000 277
1681010 276
1681020 276
1681030 275
1681040 275
1681050 275
1681060 275
1681070 275
1681080 275
1681090 276
1681100 276
1681110 276
1681120 276
1681130 276
1681140 275
1681150 275
1681160 275
1681170 275
1681180 275
1681190 275
1681200 275
1681210 275
1681220 275
1681230 275
1681240 275
1681250 274
1681260 274
1681270 273
1681280 273
1681290 273
1681300 273
1681310 273
1681320 274
1681330 274
1681340 274
1681350 274
1681360 274
1681370 274
1681380 274
1681390 274
1681400 274
1681410 274
1681420 274
1681430 274
1681440 274
1681450 274
1681460 274
1681470 274
1681480 274
1681490 274
1681500 274
1681510 274
1681520 274
1681530 274
1681540 274
1681550 274
1681560 273
1681570 273
1681580 273
1681590 274
1681600 273
1681610 273
1681620 273
1681630 273
1681640 273
1681650 273
1681660 272
1681670 272
1681680 273
1681690 273
1681700 273
1681710 273
1681720 273
1681730 273
1681740 273
1681750 273
1681760 273
1681770 273
1681780 273
1681790 273
1681800 272
1681810 273
1681820 273
1681830 273
1681840 273
1681850 273
1681860 273
1681870 273
1681880 274
1681890 274
1681900 275
1681910 276
1681920 278
1681930 282
1681940 286
1681950 291
1681960 295
1681970 297
1681980 298
1681990 299
1682000 300
1682010 301
1682020 301
1682030 302
1682040 303
1682050 304
1682060 304
1682070 305
1682080 306
1682090 306
1682100 307
1682110 307
1682120 308
1682130 308
1682140 308
1682150 309
1682160 309
1682170 309
1682180 309
1682190 310
1682200 310
1682210 310
1682220 311
1682230 311
1682240 310
1682250 310
1682260 310
1682270 310
1682280 310
1682290 310
1682300 309
1682310 309
1682320 307
1682330 306
1682340 307
1682350 310
1682360 312
1682370 313
1682380 314
1682390 316
1682400 317
1682410 319
1682420 320
1682430 321
1682440 322
1682450 323
1682460 324
1682470 325
1682480 325
1682490 326
1682500 327
1682510 328
1682520 328
1682530 328
1682540 329
1682550 329
1682560 329
1682570 330
1682580 330
1682590 330
1682600 330
1682610 330
1682620 331
1682630 331
1682640 331
1682650 331
1682660 331
1682670 331
1682680 331
1682690 331
1682700 331
1682710 331
1682720 331
1682730 331
1682740 331
1682750 331
1682760 331
1682770 331
1682780 331
1682790 331
1682800 331
1682810 331
1682820 331
1682830 331
1682840 331
1682850 330
1682860 330
1682870 330
1682880 330
1682890 330
1682900 330
1682910 330
1682920 329
1682930 329
1682940 329
1682950 328
1682960 328
1682970 328
1682980 327
1682990 327
1683000 327
1683010 326
1683020 326
1683030 326
1683040 325
1683050 325
1683060 325
1683070 324
1683080 323
1683090 323
1683100 322
1683110 321
1683120 321
1683130 320
1683140 319
1683150 318
1683160 318
1683170 317
1683180 317
1683190 316
1683200 316
1683210 315
1683220 314
1683230 313
1683240 312
1683250 311
1683260 310
1683270 309
1683280 308
1683290 307
1683300 306
1683310 305
1683320 304
1683330 303
1683340 302
1683350 301
1683360 301
1683370 300
1683380 299
1683390 299
1683400 299
1683410 298
1683420 298
1683430 298
1683440 298
1683450 298
1683460 297
1683470 297
1683480 296
1683490 295
1683500 295
1683510 295
1683520 294
1683530 294
1683540 294
1683550 294
1683560 293
1683570 293
1683580 293
1683590 293
1683600 293
1683610 293
1683620 293
1683630 293
1683640 292
1683650 292
1683660 292
1683670 292
1683680 292
1683690 292
1683700 292
1683710 292
1683720 292
1683730 292
1683740 292
1683750 292
1683760 292
1683770 292
1683780 292
1683790 292
1683800 292
1683810 292
1683820 292
1683830 291
1683840 291
1683850 291
1683860 291
1683870 291
1683880 291
1683890 291
1683900 291
1683910 291
1683920 291
1683930 291
1683940 291
1683950 291
1683960 291
1683970 291
1683980 291
1683990 290
1684000 290
1684010 290
1684020 290
1684030 290
1684040 290
1684050 290
1684060 290
1684070 290
1684080 290
1684090 290
1684100 290
1684110 289
1684120 289
1684130 289
1684140 289
1684150 289
1684160 289
1684170 289
1684180 289
1684190 289
1684200 289
1684210 289
1684220 289
1684230 289
1684240 289
1684250 288
1684260 288
1684270 288
1684280 288
1684290 288
1684300 288
1684310 288
1684320 288
1684330 288
1684340 288
1684350 288
1684360 288
1684370 288
1684380 288
1684390 288
1684400 288
1684410 288
1684420 288
1684430 287
1684440 287
1684450 287
1684460 287
1684470 287
1684480 287
1684490 287
1684500 287
1684510 287
1684520 287
1684530 286
1684540 286
1684550 286
1684560 286
1684570 286
1684580 286
1684590 286
1684600 285
1684610 285
1684620 285
1684630 284
1684640 283
1684650 282
1684660 282
1684670 281
1684680 281
1684690 280
1684700 279
1684710 279
1684720 278
1684730 278
1684740 277
1684750 276
1684760 276
1684770 276
1684780 276
1684790 276
1684800 275
1684810 274
1684820 274
1684830 274
1684840 274
1684850 275
1684860 275
1684870 275
1684880 275
1684890 276
1684900 278
1684910 280
1684920 281
1684930 281
1684940 281
1684950 281
1684960 281
1684970 281
1684980 281
1684990 281
1685000 281
1685010 281
1685020 281
1685030 281
1685040 281
1685050 280
1685060 280
1685070 280
1685080 280
1685090 280
1685100 280
1685110 280
1685120 280
1685130 280
1685140 280
1685150 280
1685160 280
1685170 280
1685180 280
1685190 280
1685200 280
1685210 280
1685220 280
1685230 280
1685240 280
1685250 280
1685260 280
1685270 280
1685280 280
1685290 280
1685300 280
1685310 280
1685320 280
1685330 281
1685340 281
1685350 281
1685360 280
1685370 280
1685380 280
1685390 280
1685400 280
1685410 280
1685420 280
1685430 280
1685440 280
1685450 280
1685460 280
1685470 280
1685480 280
1685490 280
1685500 280
1685510 280
1685520 280
1685530 280
1685540 280
1685550 280
1685560 280
1685570 280
1685580 280
1685590 280
1685600 280
1685610 280
1685620 280
1685630 280
1685640 280
1685650 280
1685660 279
1685670 279
1685680 279
1685690 278
1685700 277
1685710 277
1685720 277
1685730 277
1685740 278
1685750 278
1685760 278
1685770 278
1685780 278
1685790 278
1685800 278
1685810 278
1685820 278
1685830 278
1685840 278
1685850 278
1685860 277
1685870 276
1685880 273
1685890 271
1685900 269
1685910 268
1685920 267
1685930 267
1685940 268
1685950 271
1685960 274
1685970 277
1685980 278
1685990 278
1686000 278
1686010 278
1686020 278
1686030 278
1686040 278
1686050 278
1686060 278
1686070 278
1686080 278
1686090 278
1686100 278
1686110 278
1686120 278
1686130 278
1686140 278
1686150 278
1686160 278
1686170 278
1686180 278
1686190 278
1686200 278
1686210 278
1686220 278
1686230 278
1686240 278
1686250 279
1686260 279
1686270 279
1686280 279
1686290 279
1686300 279
1686310 279
1686320 279
1686330 279
1686340 279
1686350 279
1686360 279
1686370 279
1686380 279
1686390 279
1686400 279
1686410 279
1686420 279
1686430 279
1686440 279
1686450 279
1686460 279
1686470 279
1686480 279
1686490 279
1686500 279
1686510 279
1686520 279
1686530 279
1686540 279
1686550 279
1686560 279
1686570 279
1686580 279
1686590 280
1686600 280
1686610 280
1686620 281
1686630 281
1686640 281
1686650 281
1686660 282
1686670 282
1686680 283
1686690 283
1686700 283
1686710 284
1686720 285
1686730 285
1686740 286
1686750 286
1686760 286
1686770 287
1686780 287
1686790 287
1686800 288
1686810 288
1686820 291
1686830 293
1686840 296
1686850 299
1686860 301
1686870 302
1686880 304
1686890 306
1686900 307
1686910 309
1686920 310
1686930 311
1686940 312
1686950 313
1686960 314
1686970 315
1686980 315
1686990 315
1687000 316
1687010 316
1687020 317
1687030 317
1687040 318
1687050 318
1687060 319
1687070 319
1687080 321
1687090 321
1687100 322
1687110 322
1687120 323
1687130 324
1687140 325
1687150 326
1687160 327
1687170 328
1687180 329
1687190 330
1687200 330
1687210 331
1687220 332
1687230 332
1687240 333
1687250 334
1687260 335
1687270 336
1687280 337
1687290 338
1687300 339
1687310 340
1687320 341
1687330 341
1687340 342
1687350 343
1687360 344
1687370 345
1687380 347
1687390 348
1687400 349
1687410 350
1687420 351
1687430 352
1687440 353
1687450 355
1687460 356
1687470 357
1687480 358
1687490 359
1687500 361
1687510 362
1687520 363
1687530 364
1687540 365
1687550 367
1687560 368
1687570 369
1687580 370
1687590 371
1687600 373
1687610 374
1687620 374
1687630 375
1687640 375
1687650 376
1687660 376
1687670 377
1687680 377
1687690 378
1687700 378
1687710 379
1687720 379
1687730 379
1687740 380
1687750 380
1687760 380
1687770 380
1687780 380
1687790 380
1687800 380
1687810 380
1687820 380
1687830 380
1687840 380
1687850 380
1687860 380
1687870 381
1687880 381
1687890 381
1687900 381
1687910 381
1687920 381
1687930 382
1687940 382
1687950 382
1687960 382
1687970 382
1687980 382
1687990 381
1688000 381
1688010 381
1688020 381
1688030 381
1688040 381
1688050 381
1688060 381
1688070 381
1688080 380
1688090 380
1688100 380
1688110 380
1688120 380
1688130 380
1688140 379
1688150 379
1688160 379
1688170 378
1688180 378
1688190 377
1688200 377
1688210 376
1688220 376
1688230 375
1688240 375
1688250 374
1688260 373
1688270 372
1688280 372
1688290 371
1688300 370
1688310 369
1688320 369
1688330 368
1688340 367
1688350 367
1688360 366
1688370 366
1688380 365
1688390 365
1688400 364
1688410 364
1688420 364
1688430 364
1688440 364
1688450 364
1688460 364
1688470 364
1688480 364
1688490 364
1688500 364
1688510 364
1688520 364
1688530 364
1688540 364
1688550 364
1688560 363
1688570 363
1688580 363
1688590 363
1688600 363
1688610 363
1688620 363
1688630 362
1688640 362
1688650 362
1688660 361
1688670 361
1688680 360
1688690 360
1688700 360
1688710 359
1688720 359
1688730 359
1688740 359
1688750 358
1688760 357
1688770 356
1688780 356
1688790 355
1688800 353
1688810 352
1688820 350
1688830 349
1688840 347
1688850 345
1688860 344
1688870 342
1688880 342
1688890 342
1688900 343
1688910 344
1688920 344
1688930 344
1688940 345
1688950 345
1688960 346
1688970 346
1688980 347
1688990 347
1689000 348
1689010 348
1689020 348
1689030 349
1689040 349
1689050 349
1689060 350
1689070 350
1689080 351
1689090 352
1689100 352
1689110 353
1689120 353
1689130 353
1689140 353
1689150 353
1689160 353
1689170 354
1689180 354
1689190 354
1689200 354
1689210 354
1689220 354
1689230 354
1689240 354
1689250 354
1689260 354
1689270 354
1689280 354
1689290 354
1689300 354
1689310 354
1689320 354
1689330 354
1689340 354
1689350 354
1689360 355
1689370 355
1689380 355
1689390 355
1689400 355
1689410 355
1689420 355
1689430 355
1689440 355
1689450 355
1689460 356
1689470 355
1689480 355
1689490 355
1689500 355
1689510 355
1689520 355
1689530 355
1689540 355
1689550 356
1689560 356
1689570 356
1689580 356
1689590 356
1689600 356
1689610 356
1689620 356
1689630 356
1689640 356
1689650 355
1689660 355
1689670 355
1689680 355
1689690 354
1689700 354
1689710 354
1689720 353
1689730 353
1689740 353
1689750 353
1689760 352
1689770 352
1689780 352
1689790 351
1689800 351
1689810 350
1689820 350
1689830 349
1689840 348
1689850 347
1689860 346
1689870 346
1689880 345
1689890 345
1689900 345
1689910 345
1689920 345
1689930 344
1689940 344
1689950 344
1689960 343
1689970 342
1689980 342
1689990 341
1690000 340
1690010 339
1690020 338
1690030 337
1690040 336
1690050 335
1690060 335
1690070 334
1690080 334
1690090 333
1690100 332
1690110 332
1690120 331
1690130 330
1690140 330
1690150 329
1690160 328
1690170 328
1690180 327
1690190 326
1690200 326
1690210 325
1690220 325
1690230 324
1690240 323
1690250 322
1690260 321
1690270 320
1690280 320
1690290 319
1690300 318
1690310 317
1690320 317
1690330 316
1690340 315
1690350 315
1690360 314
1690370 313
1690380 312
1690390 312
1690400 311
1690410 311
1690420 310
1690430 310
1690440 310
1690450 310
1690460 310
1690470 309
1690480 309
1690490 309
1690500 309
1690510 308
1690520 308
1690530 309
1690540 309
1690550 310
1690560 311
1690570 312
1690580 313
1690590 315
1690600 316
1690610 317
1690620 317
1690630 317
1690640 318
1690650 318
1690660 319
1690670 320
1690680 321
1690690 322
1690700 322
1690710 323
1690720 324
1690730 324
1690740 325
1690750 325
1690760 325
1690770 326
1690780 326
1690790 326
1690800 326
1690810 326
1690820 326
1690830 326
1690840 326
1690850 326
1690860 325
1690870 325
1690880 324
1690890 324
1690900 323
1690910 323
1690920 322
1690930 321
1690940 321
1690950 320
1690960 319
1690970 319
1690980 318
1690990 317
1691000 315
1691010 313
1691020 311
1691030 310
1691040 310
1691050 310
1691060 311
1691070 311
1691080 312
1691090 312
1691100 313
1691110 313
1691120 315
1691130 316
1691140 318
1691150 320
1691160 321
1691170 323
1691180 324
1691190 325
1691200 326
1691210 327
1691220 328
1691230 329
1691240 330
1691250 331
1691260 331
1691270 332
1691280 333
1691290 334
1691300 334
1691310 335
1691320 335
1691330 336
1691340 336
1691350 336
1691360 337
1691370 337
1691380 337
1691390 337
1691400 337
1691410 338
1691420 338
1691430 338
1691440 338
1691450 338
1691460 338
1691470 339
1691480 339
1691490 339
1691500 338
1691510 338
1691520 338
1691530 338
1691540 337
1691550 336
1691560 335
1691570 334
1691580 333
1691590 332
1691600 331
1691610 329
1691620 329
1691630 329
1691640 329
1691650 330
1691660 331
1691670 332
1691680 333
1691690 334
1691700 335
1691710 336
1691720 337
1691730 338
1691740 339
1691750 339
1691760 340
1691770 341
1691780 341
1691790 342
1691800 342
1691810 343
1691820 343
1691830 344
1691840 344
1691850 345
1691860 345
1691870 346
1691880 346
1691890 346
1691900 347
1691910 347
1691920 347
1691930 347
1691940 347
1691950 348
1691960 348
1691970 348
1691980 348
1691990 348
1692000 347
1692010 347
1692020 347
1692030 347
1692040 346
1692050 346
1692060 345
1692070 345
1692080 344
1692090 344
1692100 343
1692110 342
1692120 342
1692130 341
1692140 340
1692150 340
1692160 339
1692170 338
1692180 338
1692190 337
1692200 336
1692210 336
1692220 335
1692230 334
1692240 333
1692250 333
1692260 332
1692270 331
1692280 330
1692290 329
1692300 328
1692310 327
1692320 326
1692330 325
1692340 324
1692350 323
1692360 322
1692370 321
1692380 320
1692390 319
1692400 318
1692410 317
1692420 316
1692430 315
1692440 314
1692450 313
1692460 312
1692470 312
1692480 311
1692490 311
1692500 310
1692510 310
1692520 310
1692530 309
1692540 309
1692550 309
1692560 309
1692570 309
1692580 308
1692590 308
1692600 308
1692610 308
1692620 307
1692630 307
1692640 307
1692650 306
1692660 306
1692670 306
1692680 305
1692690 304
1692700 303
1692710 303
1692720 302
1692730 301
1692740 300
1692750 298
1692760 297
1692770 296
1692780 296
1692790 296
1692800 296
1692810 296
1692820 295
1692830 295
1692840 295
1692850 295
1692860 296
1692870 297
1692880 298
1692890 301
1692900 303
1692910 306
1692920 307
1692930 309
1692940 310
1692950 311
1692960 312
1692970 313
1692980 315
1692990 317
1693000 319
1693010 320
1693020 321
1693030 323
1693040 324
1693050 326
1693060 327
1693070 329
1693080 330
1693090 331
1693100 332
1693110 332
1693120 333
1693130 334
1693140 335
1693150 336
1693160 336
1693170 337
1693180 338
1693190 339
1693200 339
1693210 340
1693220 340
1693230 340
1693240 340
1693250 341
1693260 341
1693270 341
1693280 341
1693290 340
1693300 340
1693310 340
1693320 339
1693330 339
1693340 338
1693350 338
1693360 338
1693370 337
1693380 337
1693390 337
1693400 336
1693410 336
1693420 335
1693430 335
1693440 334
1693450 334
1693460 334
1693470 333
1693480 333
1693490 333
1693500 332
1693510 332
1693520 331
1693530 331
1693540 330
1693550 330
1693560 329
1693570 329
1693580 328
1693590 328
1693600 327
1693610 327
1693620 326
1693630 326
1693640 325
1693650 325
1693660 324
1693670 324
1693680 323
1693690 323
1693700 322
1693710 322
1693720 321
1693730 320
1693740 320
1693750 319
1693760 318
1693770 318
1693780 317
1693790 317
1693800 316
1693810 315
1693820 315
1693830 314
1693840 313
1693850 313
1693860 312
1693870 311
1693880 311
1693890 310
1693900 309
1693910 309
1693920 308
1693930 307
1693940 307
1693950 306
1693960 305
1693970 305
1693980 304
1693990 303
1694000 303
1694010 302
1694020 302
1694030 301
1694040 301
1694050 300
1694060 299
1694070 299
1694080 298
1694090 297
1694100 297
1694110 296
1694120 296
1694130 295
1694140 295
1694150 295
1694160 294
1694170 293
1694180 293
1694190 292
1694200 292
1694210 291
1694220 291
1694230 290
1694240 290
1694250 290
1694260 289
1694270 289
1694280 288
1694290 288
1694300 288
1694310 288
1694320 288
1694330 288
1694340 287
1694350 287
1694360 287
1694370 287
1694380 287
1694390 287
1694400 287
1694410 287
1694420 287
1694430 287
1694440 287
1694450 287
1694460 287
1694470 287
1694480 287
1694490 287
1694500 287
1694510 286
1694520 286
1694530 286
1694540 286
1694550 286
1694560 286
1694570 285
1694580 285
1694590 285
1694600 285
1694610 284
1694620 284
1694630 283
1694640 283
1694650 283
1694660 282
1694670 282
1694680 281
1694690 281
1694700 280
1694710 280
1694720 279
1694730 278
1694740 278
1694750 278
1694760 278
1694770 277
1694780 277
1694790 277
1694800 276
1694810 276
1694820 275
1694830 274
1694840 274
1694850 274
1694860 274
1694870 274
1694880 274
1694890 274
1694900 274
1694910 274
1694920 274
1694930 274
1694940 274
1694950 274
1694960 274
1694970 275
1694980 275
1694990 275
1695000 276
1695010 276
1695020 277
1695030 278
1695040 279
1695050 279
1695060 280
1695070 281
1695080 282
1695090 282
1695100 283
1695110 283
1695120 284
1695130 284
1695140 285
1695150 285
1695160 285
1695170 286
1695180 286
1695190 286
1695200 287
1695210 287
1695220 287
1695230 287
1695240 287
1695250 287
1695260 287
1695270 287
1695280 287
1695290 287
1695300 287
1695310 287
1695320 287
1695330 287
1695340 287
1695350 286
1695360 286
1695370 286
1695380 286
1695390 286
1695400 285
1695410 284
1695420 283
1695430 283
1695440 283
1695450 280
1695460 277
1695470 275
1695480 273
1695490 272
1695500 271
1695510 271
1695520 271
1695530 271
1695540 271
1695550 271
1695560 270
1695570 270
1695580 270
1695590 270
1695600 270
1695610 270
1695620 270
1695630 270
1695640 270
1695650 269
1695660 269
1695670 269
1695680 269
1695690 269
1695700 269
1695710 269
1695720 269
1695730 269
1695740 269
1695750 269
1695760 269
1695770 269
1695780 269
1695790 269
1695800 269
1695810 268
1695820 268
1695830 268
1695840 268
1695850 267
1695860 266
1695870 265
1695880 266
1695890 267
1695900 268
1695910 268
1695920 268
1695930 268
1695940 268
1695950 268
1695960 268
1695970 268
1695980 268
1695990 268
1696000 268
1696010 268
1696020 268
1696030 268
1696040 268
1696050 267
1696060 267
1696070 267
1696080 267
1696090 267
1696100 267
1696110 267
1696120 267
1696130 267
1696140 267
1696150 267
1696160 267
1696170 267
1696180 267
1696190 267
1696200 267
1696210 267
1696220 267
1696230 267
1696240 267
1696250 267
1696260 267
1696270 267
1696280 267
1696290 267
1696300 267
1696310 267
1696320 268
1696330 268
1696340 268
1696350 269
1696360 269
1696370 269
1696380 269
1696390 269
1696400 269
1696410 269
1696420 269
1696430 269
1696440 269
1696450 269
1696460 270
1696470 270
1696480 270
1696490 270
1696500 270
1696510 270
1696520 270
1696530 270
1696540 270
1696550 270
1696560 270
1696570 270
1696580 270
1696590 271
1696600 271
1696610 271
1696620 272
1696630 272
1696640 272
1696650 273
1696660 273
1696670 274
1696680 274
1696690 274
1696700 273
1696710 273
1696720 273
1696730 272
1696740 272
1696750 272
1696760 273
1696770 273
1696780 274
1696790 274
1696800 275
1696810 276
1696820 277
1696830 278
1696840 279
1696850 280
1696860 281
1696870 282
1696880 284
1696890 285
1696900 286
1696910 287
1696920 288
1696930 289
1696940 290
1696950 291
1696960 292
1696970 293
1696980 294
1696990 295
1697000 296
1697010 297
1697020 298
1697030 299
1697040 299
1697050 300
1697060 301
1697070 302
1697080 302
1697090 303
1697100 303
1697110 304
1697120 305
1697130 305
1697140 306
1697150 307
1697160 307
1697170 308
1697180 309
1697190 309
1697200 310
1697210 310
1697220 311
1697230 311
1697240 312
1697250 313
1697260 313
1697270 314
1697280 314
1697290 315
1697300 315
1697310 315
1697320 315
1697330 315
1697340 315
1697350 314
1697360 314
1697370 314
1697380 313
1697390 313
1697400 312
1697410 311
1697420 311
1697430 310
1697440 310
1697450 309
1697460 309
1697470 308
1697480 308
1697490 307
1697500 307
1697510 307
1697520 307
1697530 307
1697540 307
1697550 307
1697560 307
1697570 307
1697580 307
1697590 307
1697600 307
1697610 307
1697620 307
1697630 308
1697640 308
1697650 308
1697660 308
1697670 308
1697680 308
1697690 308
1697700 307
1697710 307
1697720 306
1697730 306
1697740 305
1697750 304
1697760 303
1697770 303
1697780 302
1697790 301
1697800 300
1697810 300
1697820 299
1697830 298
1697840 297
1697850 297
1697860 296
1697870 295
1697880 294
1697890 294
1697900 295
1697910 296
1697920 296
1697930 296
1697940 296
1697950 296
1697960 295
1697970 295
1697980 295
1697990 295
1698000 294
1698010 294
1698020 293
1698030 293
1698040 292
1698050 291
1698060 291
1698070 290
1698080 290
1698090 290
1698100 291
1698110 292
1698120 293
1698130 294
1698140 295
1698150 296
1698160 297
1698170 298
1698180 299
1698190 300
1698200 301
1698210 302
1698220 303
1698230 304
1698240 305
1698250 306
1698260 307
1698270 307
1698280 307
1698290 307
1698300 307
1698310 306
1698320 306
1698330 305
1698340 305
1698350 304
1698360 304
1698370 303
1698380 303
1698390 303
1698400 302
1698410 302
1698420 302
1698430 301
1698440 301
1698450 300
1698460 300
1698470 299
1698480 298
1698490 297
1698500 296
1698510 296
1698520 295
1698530 295
1698540 294
1698550 293
1698560 293
1698570 292
1698580 292
1698590 291
1698600 291
1698610 291
1698620 291
1698630 290
1698640 290
1698650 289
1698660 288
1698670 288
1698680 287
1698690 287
1698700 286
1698710 286
1698720 286
1698730 285
1698740 285
1698750 284
1698760 283
1698770 283
1698780 282
1698790 282
1698800 282
1698810 282
1698820 282
1698830 282
1698840 282
1698850 283
1698860 283
1698870 283
1698880 283
1698890 283
1698900 283
1698910 283
1698920 283
1698930 283
1698940 282
1698950 282
1698960 282
1698970 281
1698980 281
1698990 281
1699000 281
1699010 281
1699020 281
1699030 281
1699040 281
1699050 281
1699060 281
1699070 281
1699080 280
1699090 281
1699100 282
1699110 281
1699120 281
1699130 282
1699140 282
1699150 283
1699160 283
1699170 283
1699180 283
1699190 283
1699200 283
1699210 283
1699220 283
1699230 284
1699240 284
1699250 284
1699260 284
1699270 285
1699280 285
1699290 286
1699300 286
1699310 286
1699320 287
1699330 287
1699340 288
1699350 289
1699360 290
1699370 290
1699380 291
1699390 291
1699400 292
1699410 292
1699420 293
1699430 293
1699440 294
1699450 294
1699460 294
1699470 295
1699480 295
1699490 295
1699500 295
1699510 295
1699520 295
1699530 295
1699540 295
1699550 295
1699560 295
1699570 295
1699580 294
1699590 294
1699600 293
1699610 293
1699620 292
1699630 292
1699640 292
1699650 292
1699660 292
1699670 293
1699680 294
1699690 295
1699700 296
1699710 297
1699720 298
1699730 299
1699740 299
1699750 300
1699760 301
1699770 302
1699780 303
1699790 304
1699800 305
1699810 306
1699820 307
1699830 308
1699840 309
1699850 310
1699860 311
1699870 312
1699880 314
1699890 315
1699900 316
1699910 317
1699920 319
1699930 320
1699940 321
1699950 322
1699960 323
1699970 324
1699980 325
1699990 326
