1680000 299
1680010 299
1680020 298
1680030 298
1680040 298
1680050 298
1680060 297
1680070 297
1680080 296
1680090 295
1680100 294
1680110 294
1680120 294
1680130 295
1680140 295
1680150 296
1680160 296
1680170 297
1680180 298
1680190 298
1680200 298
1680210 299
1680220 299
1680230 300
1680240 300
1680250 300
1680260 300
1680270 300
1680280 301
1680290 301
1680300 301
1680310 301
1680320 301
1680330 301
1680340 301
1680350 301
1680360 300
1680370 300
1680380 300
1680390 300
1680400 299
1680410 299
1680420 299
1680430 298
1680440 298
1680450 298
1680460 297
1680470 297
1680480 296
1680490 295
1680500 295
1680510 295
1680520 295
1680530 296
1680540 296
1680550 297
1680560 298
1680570 298
1680580 299
1680590 299
1680600 300
1680610 300
1680620 301
1680630 301
1680640 302
1680650 302
1680660 303
1680670 303
1680680 304
1680690 304
1680700 305
1680710 305
1680720 305
1680730 306
1680740 306
1680750 307
1680760 307
1680770 308
1680780 308
1680790 308
1680800 309
1680810 309
1680820 309
1680830 310
1680840 310
1680850 311
1680860 311
1680870 311
1680880 311
1680890 311
1680900 311
1680910 311
1680920 311
1680930 311
1680940 311
1680950 311
1680960 311
1680970 311
1680980 311
1680990 311
1681000 311
1681010 311
1681020 311
1681030 311
1681040 311
1681050 311
1681060 310
1681070 310
1681080 310
1681090 310
1681100 310
1681110 310
1681120 310
1681130 310
1681140 309
1681150 309
1681160 309
1681170 308
1681180 308
1681190 308
1681200 308
1681210 307
1681220 307
1681230 307
1681240 307
1681250 307
1681260 306
1681270 306
1681280 306
1681290 306
1681300 306
1681310 305
1681320 305
1681330 305
1681340 304
1681350 304
1681360 304
1681370 304
1681380 303
1681390 303
1681400 303
1681410 303
1681420 303
1681430 302
1681440 301
1681450 300
1681460 298
1681470 298
1681480 298
1681490 300
1681500 302
1681510 304
1681520 305
1681530 306
1681540 307
1681550 308
1681560 309
1681570 310
1681580 311
1681590 312
1681600 312
1681610 313
1681620 314
1681630 315
1681640 316
1681650 316
1681660 317
1681670 318
1681680 318
1681690 319
1681700 319
1681710 320
1681720 320
1681730 321
1681740 321
1681750 322
1681760 322
1681770 322
1681780 323
1681790 323
1681800 323
1681810 323
1681820 324
1681830 324
1681840 324
1681850 324
1681860 325
1681870 325
1681880 325
1681890 325
1681900 325
1681910 325
1681920 325
1681930 325
1681940 325
1681950 324
1681960 324
1681970 324
1681980 324
1681990 324
1682000 324
1682010 323
1682020 323
1682030 323
1682040 322
1682050 322
1682060 321
1682070 321
1682080 320
1682090 320
1682100 319
1682110 318
1682120 318
1682130 317
1682140 316
1682150 315
1682160 314
1682170 313
1682180 311
1682190 310
1682200 308
1682210 306
1682220 305
1682230 303
1682240 302
1682250 300
1682260 299
1682270 298
1682280 297
1682290 296
1682300 295
1682310 294
1682320 293
1682330 291
1682340 290
1682350 289
1682360 287
1682370 286
1682380 285
1682390 284
1682400 284
1682410 283
1682420 283
1682430 283
1682440 283
1682450 283
1682460 282
1682470 282
1682480 282
1682490 282
1682500 282
1682510 282
1682520 282
1682530 281
1682540 281
1682550 281
1682560 281
1682570 281
1682580 281
1682590 280
1682600 280
1682610 280
1682620 280
1682630 280
1682640 279
1682650 279
1682660 279
1682670 278
1682680 278
1682690 277
1682700 277
1682710 277
1682720 276
1682730 276
1682740 276
1682750 276
1682760 276
1682770 275
1682780 275
1682790 275
1682800 274
1682810 274
1682820 274
1682830 273
1682840 273
1682850 273
1682860 273
1682870 272
1682880 272
1682890 272
1682900 272
1682910 272
1682920 272
1682930 271
1682940 271
1682950 271
1682960 271
1682970 271
1682980 271
1682990 271
1683000 271
1683010 271
1683020 271
1683030 270
1683040 270
1683050 270
1683060 269
1683070 269
1683080 269
1683090 269
1683100 269
1683110 269
1683120 268
1683130 268
1683140 268
1683150 268
1683160 268
1683170 268
1683180 268
1683190 267
1683200 267
1683210 267
1683220 267
1683230 267
1683240 266
1683250 266
1683260 266
1683270 266
1683280 265
1683290 265
1683300 265
1683310 265
1683320 265
1683330 264
1683340 264
1683350 264
1683360 264
1683370 264
1683380 263
1683390 263
1683400 263
1683410 263
1683420 263
1683430 263
1683440 263
1683450 263
1683460 263
1683470 262
1683480 262
1683490 262
1683500 261
1683510 261
1683520 261
1683530 260
1683540 260
1683550 260
1683560 260
1683570 260
1683580 259
1683590 258
1683600 255
1683610 254
1683620 254
1683630 254
1683640 254
1683650 254
1683660 254
1683670 254
1683680 254
1683690 254
1683700 254
1683710 254
1683720 254
1683730 254
1683740 254
1683750 254
1683760 254
1683770 254
1683780 254
1683790 254
1683800 254
1683810 254
1683820 254
1683830 254
1683840 254
1683850 254
1683860 254
1683870 253
1683880 253
1683890 252
1683900 252
1683910 252
1683920 252
1683930 253
1683940 253
1683950 253
1683960 253
1683970 253
1683980 253
1683990 253
1684000 253
1684010 253
1684020 253
1684030 253
1684040 253
1684050 253
1684060 253
1684070 253
1684080 253
1684090 253
1684100 253
1684110 252
1684120 252
1684130 252
1684140 252
1684150 252
1684160 252
1684170 252
1684180 252
1684190 252
1684200 252
1684210 255
1684220 259
1684230 264
1684240 265
1684250 266
1684260 266
1684270 266
1684280 266
1684290 266
1684300 266
1684310 266
1684320 265
1684330 265
1684340 265
1684350 264
1684360 264
1684370 263
1684380 263
1684390 262
1684400 262
1684410 262
1684420 263
1684430 264
1684440 264
1684450 265
1684460 265
1684470 266
1684480 266
1684490 267
1684500 267
1684510 268
1684520 268
1684530 268
1684540 269
1684550 269
1684560 269
1684570 270
1684580 270
1684590 270
1684600 270
1684610 271
1684620 271
1684630 271
1684640 271
1684650 271
1684660 271
1684670 271
1684680 271
1684690 271
1684700 271
1684710 271
1684720 271
1684730 271
1684740 271
1684750 271
1684760 271
1684770 271
1684780 271
1684790 271
1684800 271
1684810 271
1684820 271
1684830 271
1684840 271
1684850 271
1684860 271
1684870 271
1684880 271
1684890 271
1684900 271
1684910 271
1684920 271
1684930 271
1684940 271
1684950 271
1684960 270
1684970 270
1684980 270
1684990 270
1685000 270
1685010 270
1685020 269
1685030 269
1685040 269
1685050 269
1685060 268
1685070 268
1685080 263
1685090 259
1685100 256
1685110 256
1685120 256
1685130 256
1685140 256
1685150 255
1685160 255
1685170 255
1685180 255
1685190 255
1685200 255
1685210 255
1685220 255
1685230 255
1685240 255
1685250 255
1685260 255
1685270 255
1685280 255
1685290 255
1685300 255
1685310 255
1685320 255
1685330 255
1685340 255
1685350 254
1685360 254
1685370 253
1685380 252
1685390 251
1685400 250
1685410 250
1685420 250
1685430 250
1685440 252
1685450 253
1685460 254
1685470 254
1685480 255
1685490 255
1685500 255
1685510 255
1685520 255
1685530 255
1685540 255
1685550 255
1685560 255
1685570 255
1685580 255
1685590 255
1685600 255
1685610 255
1685620 255
1685630 255
1685640 255
1685650 256
1685660 256
1685670 256
1685680 257
1685690 258
1685700 258
1685710 260
1685720 261
1685730 263
1685740 264
1685750 266
1685760 268
1685770 270
1685780 270
1685790 269
1685800 269
1685810 269
1685820 270
1685830 273
1685840 278
1685850 283
1685860 285
1685870 287
1685880 287
1685890 288
1685900 289
1685910 289
1685920 290
1685930 291
1685940 291
1685950 291
1685960 291
1685970 291
1685980 291
1685990 290
1686000 290
1686010 289
1686020 288
1686030 287
1686040 285
1686050 284
1686060 283
1686070 283
1686080 283
1686090 283
1686100 283
1686110 284
1686120 284
1686130 284
1686140 284
1686150 284
1686160 284
1686170 284
1686180 284
1686190 285
1686200 286
1686210 286
1686220 287
1686230 288
1686240 289
1686250 290
1686260 291
1686270 293
1686280 294
1686290 296
1686300 297
1686310 299
1686320 300
1686330 301
1686340 302
1686350 302
1686360 301
1686370 296
1686380 286
1686390 278
1686400 273
1686410 273
1686420 273
1686430 273
1686440 274
1686450 275
1686460 277
1686470 279
1686480 280
1686490 279
1686500 277
1686510 276
1686520 276
1686530 278
1686540 281
1686550 287
1686560 293
1686570 297
1686580 298
1686590 299
1686600 300
1686610 300
1686620 300
1686630 299
1686640 297
1686650 296
1686660 294
1686670 294
1686680 293
1686690 292
1686700 292
1686710 291
1686720 291
1686730 290
1686740 290
1686750 289
1686760 288
1686770 288
1686780 287
1686790 287
1686800 286
1686810 285
1686820 285
1686830 284
1686840 284
1686850 283
1686860 282
1686870 282
1686880 281
1686890 281
1686900 280
1686910 280
1686920 279
1686930 278
1686940 278
1686950 277
1686960 277
1686970 276
1686980 276
1686990 275
1687000 274
1687010 274
1687020 273
1687030 272
1687040 272
1687050 271
1687060 271
1687070 270
1687080 270
1687090 269
1687100 269
1687110 269
1687120 268
1687130 269
1687140 269
1687150 269
1687160 269
1687170 269
1687180 269
1687190 269
1687200 269
1687210 269
1687220 269
1687230 269
1687240 269
1687250 270
1687260 270
1687270 270
1687280 270
1687290 269
1687300 269
1687310 269
1687320 268
1687330 268
1687340 268
1687350 267
1687360 267
1687370 267
1687380 267
1687390 267
1687400 266
1687410 266
1687420 266
1687430 267
1687440 267
1687450 267
1687460 267
1687470 267
1687480 267
1687490 268
1687500 268
1687510 268
1687520 268
1687530 268
1687540 269
1687550 269
1687560 269
1687570 270
1687580 270
1687590 270
1687600 270
1687610 270
1687620 271
1687630 271
1687640 272
1687650 272
1687660 273
1687670 273
1687680 273
1687690 273
1687700 273
1687710 273
1687720 273
1687730 273
1687740 273
1687750 274
1687760 274
1687770 274
1687780 274
1687790 275
1687800 275
1687810 275
1687820 276
1687830 276
1687840 277
1687850 277
1687860 278
1687870 278
1687880 278
1687890 279
1687900 279
1687910 279
1687920 280
1687930 280
1687940 281
1687950 281
1687960 281
1687970 282
1687980 282
1687990 282
1688000 282
1688010 283
1688020 283
1688030 283
1688040 284
1688050 284
1688060 284
1688070 285
1688080 285
1688090 286
1688100 286
1688110 286
1688120 287
1688130 287
1688140 287
1688150 288
1688160 288
1688170 289
1688180 289
1688190 289
1688200 290
1688210 290
1688220 290
1688230 291
1688240 291
1688250 291
1688260 292
1688270 292
1688280 293
1688290 293
1688300 294
1688310 294
1688320 294
1688330 294
1688340 295
1688350 295
1688360 295
1688370 295
1688380 296
1688390 296
1688400 296
1688410 296
1688420 296
1688430 297
1688440 297
1688450 297
1688460 296
1688470 296
1688480 296
1688490 296
1688500 296
1688510 295
1688520 295
1688530 295
1688540 295
1688550 294
1688560 294
1688570 294
1688580 294
1688590 294
1688600 293
1688610 293
1688620 293
1688630 293
1688640 293
1688650 292
1688660 292
1688670 292
1688680 292
1688690 292
1688700 292
1688710 291
1688720 291
1688730 291
1688740 291
1688750 290
1688760 290
1688770 290
1688780 289
1688790 289
1688800 289
1688810 288
1688820 288
1688830 288
1688840 289
1688850 288
1688860 288
1688870 287
1688880 287
1688890 286
1688900 286
1688910 286
1688920 286
1688930 286
1688940 285
1688950 285
1688960 285
1688970 285
1688980 285
1688990 285
1689000 285
1689010 285
1689020 285
1689030 285
1689040 285
1689050 285
1689060 284
1689070 284
1689080 284
1689090 284
1689100 284
1689110 284
1689120 283
1689130 282
1689140 282
1689150 281
1689160 280
1689170 279
1689180 278
1689190 278
1689200 277
1689210 276
1689220 276
1689230 276
1689240 276
1689250 276
1689260 277
1689270 278
1689280 278
1689290 279
1689300 280
1689310 281
1689320 282
1689330 283
1689340 283
1689350 284
1689360 284
1689370 285
1689380 285
1689390 285
1689400 286
1689410 286
1689420 286
1689430 286
1689440 287
1689450 288
1689460 288
1689470 289
1689480 290
1689490 291
1689500 292
1689510 293
1689520 294
1689530 295
1689540 297
1689550 298
1689560 299
1689570 299
1689580 300
1689590 301
1689600 302
1689610 302
1689620 303
1689630 304
1689640 305
1689650 306
1689660 307
1689670 309
1689680 310
1689690 311
1689700 313
1689710 314
1689720 315
1689730 317
1689740 318
1689750 319
1689760 320
1689770 321
1689780 322
1689790 323
1689800 323
1689810 324
1689820 324
1689830 324
1689840 324
1689850 325
1689860 325
1689870 325
1689880 326
1689890 327
1689900 327
1689910 328
1689920 328
1689930 328
1689940 329
1689950 329
1689960 329
1689970 330
1689980 330
1689990 330
1690000 330
1690010 330
1690020 330
1690030 330
1690040 330
1690050 330
1690060 329
1690070 329
1690080 329
1690090 328
1690100 328
1690110 327
1690120 327
1690130 326
1690140 326
1690150 325
1690160 324
1690170 324
1690180 323
1690190 323
1690200 322
1690210 321
1690220 320
1690230 318
1690240 318
1690250 317
1690260 316
1690270 315
1690280 313
1690290 312
1690300 311
1690310 311
1690320 312
1690330 313
1690340 314
1690350 315
1690360 316
1690370 317
1690380 319
1690390 320
1690400 321
1690410 323
1690420 324
1690430 325
1690440 326
1690450 327
1690460 327
1690470 328
1690480 328
1690490 329
1690500 328
1690510 328
1690520 329
1690530 329
1690540 329
1690550 329
1690560 329
1690570 329
1690580 329
1690590 329
1690600 329
1690610 329
1690620 329
1690630 328
1690640 328
1690650 328
1690660 328
1690670 327
1690680 327
1690690 326
1690700 326
1690710 326
1690720 325
1690730 324
1690740 323
1690750 321
1690760 319
1690770 317
1690780 316
1690790 314
1690800 312
1690810 311
1690820 310
1690830 310
1690840 308
1690850 307
1690860 305
1690870 304
1690880 303
1690890 302
1690900 302
1690910 302
1690920 302
1690930 303
1690940 303
1690950 303
1690960 303
1690970 305
1690980 307
1690990 309
1691000 311
1691010 311
1691020 312
1691030 313
1691040 314
1691050 315
1691060 315
1691070 316
1691080 317
1691090 318
1691100 319
1691110 319
1691120 319
1691130 318
1691140 318
1691150 317
1691160 317
1691170 317
1691180 318
1691190 318
1691200 318
1691210 317
1691220 317
1691230 317
1691240 316
1691250 315
1691260 314
1691270 313
1691280 313
1691290 313
1691300 312
1691310 312
1691320 311
1691330 311
1691340 311
1691350 310
1691360 310
1691370 311
1691380 311
1691390 311
1691400 310
1691410 309
1691420 309
1691430 310
1691440 310
1691450 307
1691460 302
1691470 299
1691480 297
1691490 295
1691500 294
1691510 294
1691520 293
1691530 293
1691540 294
1691550 294
1691560 296
1691570 297
1691580 298
1691590 298
1691600 298
1691610 298
1691620 298
1691630 296
1691640 295
1691650 293
1691660 292
1691670 291
1691680 290
1691690 289
1691700 289
1691710 288
1691720 288
1691730 287
1691740 287
1691750 286
1691760 286
1691770 285
1691780 284
1691790 283
1691800 283
1691810 282
1691820 282
1691830 281
1691840 280
1691850 280
1691860 279
1691870 279
1691880 278
1691890 278
1691900 278
1691910 277
1691920 277
1691930 277
1691940 276
1691950 276
1691960 276
1691970 276
1691980 276
1691990 275
1692000 275
1692010 275
1692020 275
1692030 274
1692040 274
1692050 274
1692060 274
1692070 273
1692080 273
1692090 273
1692100 272
1692110 272
1692120 272
1692130 271
1692140 271
1692150 271
1692160 271
1692170 270
1692180 270
1692190 270
1692200 270
1692210 269
1692220 269
1692230 268
1692240 268
1692250 268
1692260 268
1692270 267
1692280 267
1692290 267
1692300 267
1692310 267
1692320 267
1692330 267
1692340 267
1692350 267
1692360 267
1692370 267
1692380 267
1692390 266
1692400 266
1692410 266
1692420 266
1692430 266
1692440 266
1692450 266
1692460 266
1692470 266
1692480 266
1692490 266
1692500 266
1692510 266
1692520 266
1692530 266
1692540 266
1692550 266
1692560 266
1692570 266
1692580 266
1692590 266
1692600 267
1692610 267
1692620 267
1692630 267
1692640 267
1692650 267
1692660 268
1692670 268
1692680 268
1692690 268
1692700 268
1692710 269
1692720 269
1692730 269
1692740 269
1692750 269
1692760 269
1692770 269
1692780 270
1692790 270
1692800 270
1692810 270
1692820 271
1692830 271
1692840 271
1692850 272
1692860 272
1692870 272
1692880 272
1692890 272
1692900 272
1692910 272
1692920 272
1692930 272
1692940 273
1692950 273
1692960 273
1692970 274
1692980 274
1692990 274
1693000 275
1693010 275
1693020 275
1693030 275
1693040 274
1693050 274
1693060 273
1693070 273
1693080 273
1693090 273
1693100 273
1693110 273
1693120 273
1693130 273
1693140 273
1693150 273
1693160 273
1693170 273
1693180 273
1693190 273
1693200 273
1693210 274
1693220 274
1693230 274
1693240 275
1693250 275
1693260 276
1693270 276
1693280 277
1693290 277
1693300 278
1693310 279
1693320 279
1693330 280
1693340 281
1693350 282
1693360 283
1693370 283
1693380 284
1693390 285
1693400 286
1693410 286
1693420 287
1693430 288
1693440 288
1693450 289
1693460 289
1693470 290
1693480 291
1693490 291
1693500 292
1693510 292
1693520 293
1693530 293
1693540 294
1693550 294
1693560 295
1693570 295
1693580 295
1693590 296
1693600 296
1693610 296
1693620 296
1693630 297
1693640 297
1693650 296
1693660 296
1693670 296
1693680 296
1693690 297
1693700 297
1693710 297
1693720 297
1693730 297
1693740 296
1693750 295
1693760 293
1693770 291
1693780 290
1693790 288
1693800 286
1693810 284
1693820 282
1693830 281
1693840 280
1693850 280
1693860 281
1693870 283
1693880 284
1693890 285
1693900 286
1693910 287
1693920 288
1693930 288
1693940 289
1693950 290
1693960 291
1693970 292
1693980 293
1693990 294
1694000 295
1694010 296
1694020 297
1694030 298
1694040 299
1694050 300
1694060 301
1694070 301
1694080 302
1694090 303
1694100 304
1694110 305
1694120 307
1694130 308
1694140 310
1694150 311
1694160 313
1694170 314
1694180 316
1694190 317
1694200 318
1694210 319
1694220 320
1694230 321
1694240 322
1694250 323
1694260 323
1694270 324
1694280 325
1694290 325
1694300 326
1694310 327
1694320 327
1694330 328
1694340 329
1694350 329
1694360 330
1694370 330
1694380 331
1694390 331
1694400 332
1694410 332
1694420 332
1694430 332
1694440 333
1694450 333
1694460 334
1694470 334
1694480 334
1694490 334
1694500 334
1694510 334
1694520 335
1694530 335
1694540 335
1694550 335
1694560 335
1694570 335
1694580 335
1694590 336
1694600 336
1694610 336
1694620 336
1694630 336
1694640 336
1694650 336
1694660 336
1694670 336
1694680 336
1694690 336
1694700 335
1694710 335
1694720 335
1694730 335
1694740 335
1694750 335
1694760 335
1694770 335
1694780 335
1694790 335
1694800 335
1694810 335
1694820 335
1694830 335
1694840 335
1694850 335
1694860 335
1694870 335
1694880 335
1694890 335
1694900 335
1694910 335
1694920 335
1694930 335
1694940 334
1694950 334
1694960 334
1694970 334
1694980 333
1694990 333
1695000 333
1695010 333
1695020 333
1695030 333
1695040 332
1695050 332
1695060 332
1695070 331
1695080 331
1695090 330
1695100 330
1695110 329
1695120 329
1695130 328
1695140 328
1695150 327
1695160 326
1695170 325
1695180 324
1695190 323
1695200 323
1695210 322
1695220 321
1695230 320
1695240 319
1695250 319
1695260 318
1695270 318
1695280 317
1695290 316
1695300 316
1695310 315
1695320 315
1695330 314
1695340 313
1695350 312
1695360 311
1695370 310
1695380 309
1695390 308
1695400 307
1695410 307
1695420 306
1695430 305
1695440 304
1695450 304
1695460 303
1695470 303
1695480 304
1695490 304
1695500 304
1695510 304
1695520 304
1695530 304
1695540 305
1695550 305
1695560 305
1695570 306
1695580 307
1695590 307
1695600 308
1695610 308
1695620 309
1695630 310
1695640 310
1695650 311
1695660 312
1695670 313
1695680 314
1695690 315
1695700 316
1695710 316
1695720 317
1695730 318
1695740 319
1695750 320
1695760 320
1695770 321
1695780 322
1695790 322
1695800 323
1695810 324
1695820 324
1695830 325
1695840 325
1695850 326
1695860 326
1695870 326
1695880 327
1695890 327
1695900 327
1695910 328
1695920 328
1695930 328
1695940 328
1695950 328
1695960 328
1695970 328
1695980 328
1695990 328
1696000 328
1696010 328
1696020 328
1696030 328
1696040 328
1696050 327
1696060 327
1696070 327
1696080 327
1696090 327
1696100 326
1696110 326
1696120 326
1696130 326
1696140 326
1696150 325
1696160 325
1696170 325
1696180 325
1696190 324
1696200 324
1696210 323
1696220 323
1696230 323
1696240 322
1696250 321
1696260 321
1696270 320
1696280 320
1696290 319
1696300 319
1696310 318
1696320 318
1696330 318
1696340 317
1696350 317
1696360 316
1696370 316
1696380 315
1696390 315
1696400 314
1696410 314
1696420 313
1696430 312
1696440 312
1696450 311
1696460 311
1696470 310
1696480 310
1696490 309
1696500 308
1696510 308
1696520 307
1696530 307
1696540 306
1696550 306
1696560 305
1696570 305
1696580 304
1696590 304
1696600 303
1696610 303
1696620 302
1696630 301
1696640 301
1696650 300
1696660 300
1696670 299
1696680 298
1696690 298
1696700 297
1696710 296
1696720 296
1696730 295
1696740 295
1696750 295
1696760 295
1696770 295
1696780 295
1696790 294
1696800 294
1696810 294
1696820 294
1696830 295
1696840 295
1696850 295
1696860 295
1696870 295
1696880 296
1696890 296
1696900 296
1696910 297
1696920 297
1696930 297
1696940 298
1696950 298
1696960 299
1696970 299
1696980 299
1696990 300
1697000 300
1697010 301
1697020 301
1697030 302
1697040 302
1697050 302
1697060 303
1697070 303
1697080 303
1697090 303
1697100 304
1697110 304
1697120 304
1697130 305
1697140 305
1697150 305
1697160 305
1697170 305
1697180 306
1697190 306
1697200 306
1697210 306
1697220 306
1697230 306
1697240 306
1697250 306
1697260 306
1697270 306
1697280 306
1697290 306
1697300 305
1697310 305
1697320 305
1697330 305
1697340 305
1697350 305
1697360 305
1697370 304
1697380 304
1697390 304
1697400 304
1697410 304
1697420 303
1697430 303
1697440 303
1697450 303
1697460 302
1697470 302
1697480 302
1697490 302
1697500 301
1697510 301
1697520 301
1697530 301
1697540 301
1697550 300
1697560 300
1697570 300
1697580 299
1697590 299
1697600 299
1697610 298
1697620 298
1697630 297
1697640 297
1697650 296
1697660 296
1697670 295
1697680 295
1697690 294
1697700 294
1697710 293
1697720 293
1697730 292
1697740 292
1697750 292
1697760 291
1697770 291
1697780 290
1697790 290
1697800 289
1697810 289
1697820 288
1697830 288
1697840 288
1697850 288
1697860 287
1697870 287
1697880 286
1697890 286
1697900 286
1697910 285
1697920 285
1697930 284
1697940 284
1697950 283
1697960 283
1697970 282
1697980 282
1697990 281
1698000 281
1698010 280
1698020 280
1698030 279
1698040 279
1698050 278
1698060 278
1698070 277
1698080 277
1698090 277
1698100 276
1698110 276
1698120 275
1698130 275
1698140 274
1698150 274
1698160 273
1698170 273
1698180 272
1698190 271
1698200 271
1698210 270
1698220 270
1698230 270
1698240 270
1698250 270
1698260 270
1698270 270
1698280 271
1698290 271
1698300 271
1698310 271
1698320 271
1698330 271
1698340 271
1698350 271
1698360 271
1698370 272
1698380 272
1698390 272
1698400 272
1698410 272
1698420 272
1698430 272
1698440 273
1698450 273
1698460 273
1698470 273
1698480 274
1698490 274
1698500 274
1698510 274
1698520 274
1698530 274
1698540 274
1698550 273
1698560 273
1698570 273
1698580 273
1698590 272
1698600 272
1698610 272
1698620 271
1698630 271
1698640 271
1698650 270
1698660 270
1698670 270
1698680 270
1698690 270
1698700 270
1698710 270
1698720 270
1698730 271
1698740 271
1698750 271
1698760 270
1698770 270
1698780 270
1698790 269
1698800 269
1698810 269
1698820 268
1698830 268
1698840 268
1698850 267
1698860 267
1698870 267
1698880 267
1698890 267
1698900 266
1698910 266
1698920 266
1698930 266
1698940 266
1698950 266
1698960 266
1698970 266
1698980 266
1698990 266
1699000 265
1699010 265
1699020 265
1699030 265
1699040 265
1699050 265
1699060 265
1699070 265
1699080 265
1699090 264
1699100 264
1699110 264
1699120 264
1699130 264
1699140 264
1699150 264
1699160 263
1699170 263
1699180 263
1699190 263
1699200 263
1699210 263
1699220 263
1699230 262
1699240 262
1699250 262
1699260 261
1699270 261
1699280 261
1699290 260
1699300 260
1699310 260
1699320 260
1699330 259
1699340 259
1699350 259
1699360 259
1699370 259
1699380 258
1699390 258
1699400 258
1699410 258
1699420 258
1699430 258
1699440 257
1699450 257
1699460 257
1699470 257
1699480 257
1699490 256
1699500 256
1699510 256
1699520 256
1699530 255
1699540 255
1699550 255
1699560 255
1699570 255
1699580 254
1699590 254
1699600 254
1699610 254
1699620 254
1699630 254
1699640 254
1699650 253
1699660 253
1699670 253
1699680 253
1699690 253
1699700 253
1699710 253
1699720 253
1699730 253
1699740 253
1699750 253
1699760 253
1699770 253
1699780 253
1699790 253
1699800 253
1699810 252
1699820 252
1699830 252
1699840 252
1699850 253
1699860 253
1699870 253
1699880 252
1699890 252
1699900 251
1699910 251
1699920 251
1699930 251
1699940 251
1699950 251
1699960 251
1699970 251
1699980 251
1699990 251
