1680000 294
1680010 293
1680020 293
1680030 292
1680040 292
1680050 291
1680060 291
1680070 290
1680080 289
1680090 288
1680100 287
1680110 286
1680120 284
1680130 283
1680140 283
1680150 284
1680160 284
1680170 286
1680180 287
1680190 288
1680200 290
1680210 291
1680220 292
1680230 293
1680240 294
1680250 295
1680260 296
1680270 297
1680280 297
1680290 298
1680300 299
1680310 300
1680320 300
1680330 301
1680340 302
1680350 303
1680360 303
1680370 303
1680380 304
1680390 304
1680400 304
1680410 305
1680420 305
1680430 305
1680440 306
1680450 306
1680460 306
1680470 307
1680480 307
1680490 307
1680500 307
1680510 307
1680520 308
1680530 308
1680540 308
1680550 308
1680560 308
1680570 308
1680580 308
1680590 308
1680600 308
1680610 307
1680620 307
1680630 307
1680640 307
1680650 307
1680660 307
1680670 306
1680680 306
1680690 306
1680700 305
1680710 305
1680720 304
1680730 304
1680740 303
1680750 303
1680760 302
1680770 302
1680780 301
1680790 301
1680800 300
1680810 300
1680820 299
1680830 299
1680840 298
1680850 298
1680860 298
1680870 298
1680880 297
1680890 296
1680900 295
1680910 294
1680920 294
1680930 293
1680940 293
1680950 292
1680960 292
1680970 291
1680980 291
1680990 290
1681000 290
1681010 289
1681020 289
1681030 288
1681040 288
1681050 288
1681060 287
1681070 287
1681080 287
1681090 287
1681100 286
1681110 286
1681120 285
1681130 284
1681140 283
1681150 282
1681160 280
1681170 279
1681180 278
1681190 278
1681200 279
1681210 281
1681220 283
1681230 285
1681240 286
1681250 288
1681260 289
1681270 291
1681280 292
1681290 294
1681300 295
1681310 296
1681320 297
1681330 299
1681340 300
1681350 300
1681360 301
1681370 302
1681380 303
1681390 303
1681400 304
1681410 304
1681420 305
1681430 305
1681440 306
1681450 306
1681460 306
1681470 306
1681480 307
1681490 307
1681500 306
1681510 307
1681520 306
1681530 306
1681540 306
1681550 306
1681560 305
1681570 305
1681580 304
1681590 303
1681600 302
1681610 301
1681620 300
1681630 299
1681640 297
1681650 294
1681660 291
1681670 288
1681680 286
1681690 286
1681700 288
1681710 291
1681720 293
1681730 294
1681740 295
1681750 296
1681760 298
1681770 299
1681780 300
1681790 302
1681800 303
1681810 305
1681820 307
1681830 308
1681840 309
1681850 311
1681860 312
1681870 313
1681880 314
1681890 314
1681900 315
1681910 316
1681920 316
1681930 316
1681940 317
1681950 317
1681960 317
1681970 317
1681980 317
1681990 317
1682000 317
1682010 317
1682020 317
1682030 317
1682040 317
1682050 316
1682060 316
1682070 316
1682080 316
1682090 316
1682100 316
1682110 315
1682120 315
1682130 315
1682140 315
1682150 314
1682160 314
1682170 314
1682180 314
1682190 314
1682200 313
1682210 313
1682220 313
1682230 313
1682240 312
1682250 312
1682260 312
1682270 312
1682280 312
1682290 312
1682300 311
1682310 311
1682320 311
1682330 310
1682340 310
1682350 310
1682360 309
1682370 309
1682380 308
1682390 308
1682400 308
1682410 307
1682420 307
1682430 307
1682440 306
1682450 305
1682460 305
1682470 304
1682480 304
1682490 303
1682500 302
1682510 302
1682520 302
1682530 301
1682540 300
1682550 300
1682560 299
1682570 299
1682580 298
1682590 297
1682600 297
1682610 296
1682620 296
1682630 295
1682640 295
1682650 294
1682660 293
1682670 293
1682680 292
1682690 291
1682700 290
1682710 290
1682720 289
1682730 288
1682740 287
1682750 286
1682760 285
1682770 283
1682780 282
1682790 282
1682800 283
1682810 285
1682820 286
1682830 287
1682840 288
1682850 288
1682860 288
1682870 288
1682880 288
1682890 288
1682900 288
1682910 289
1682920 289
1682930 289
1682940 289
1682950 289
1682960 288
1682970 288
1682980 288
1682990 288
1683000 288
1683010 288
1683020 288
1683030 287
1683040 287
1683050 287
1683060 286
1683070 286
1683080 286
1683090 285
1683100 285
1683110 284
1683120 284
1683130 283
1683140 282
1683150 282
1683160 281
1683170 281
1683180 280
1683190 280
1683200 280
1683210 279
1683220 279
1683230 278
1683240 278
1683250 278
1683260 277
1683270 277
1683280 277
1683290 276
1683300 276
1683310 276
1683320 276
1683330 276
1683340 275
1683350 275
1683360 274
1683370 273
1683380 273
1683390 273
1683400 272
1683410 272
1683420 272
1683430 272
1683440 272
1683450 272
1683460 272
1683470 272
1683480 272
1683490 272
1683500 272
1683510 272
1683520 272
1683530 272
1683540 271
1683550 269
1683560 268
1683570 268
1683580 268
1683590 268
1683600 268
1683610 267
1683620 267
1683630 267
1683640 267
1683650 267
1683660 267
1683670 267
1683680 266
1683690 266
1683700 265
1683710 265
1683720 265
1683730 264
1683740 263
1683750 263
1683760 262
1683770 262
1683780 262
1683790 262
1683800 262
1683810 262
1683820 262
1683830 262
1683840 262
1683850 261
1683860 261
1683870 261
1683880 261
1683890 261
1683900 260
1683910 260
1683920 260
1683930 260
1683940 260
1683950 260
1683960 260
1683970 259
1683980 259
1683990 259
1684000 259
1684010 259
1684020 259
1684030 259
1684040 259
1684050 259
1684060 259
1684070 259
1684080 259
1684090 259
1684100 259
1684110 258
1684120 258
1684130 258
1684140 258
1684150 258
1684160 258
1684170 258
1684180 258
1684190 257
1684200 257
1684210 257
1684220 257
1684230 257
1684240 257
1684250 257
1684260 256
1684270 256
1684280 256
1684290 256
1684300 256
1684310 256
1684320 256
1684330 256
1684340 255
1684350 255
1684360 255
1684370 255
1684380 255
1684390 254
1684400 254
1684410 254
1684420 254
1684430 254
1684440 254
1684450 253
1684460 253
1684470 253
1684480 253
1684490 253
1684500 252
1684510 252
1684520 252
1684530 252
1684540 252
1684550 252
1684560 252
1684570 252
1684580 252
1684590 252
1684600 251
1684610 251
1684620 251
1684630 250
1684640 250
1684650 250
1684660 251
1684670 252
1684680 252
1684690 252
1684700 252
1684710 252
1684720 252
1684730 253
1684740 253
1684750 255
1684760 257
1684770 260
1684780 262
1684790 264
1684800 265
1684810 266
1684820 266
1684830 267
1684840 267
1684850 267
1684860 267
1684870 267
1684880 267
1684890 267
1684900 267
1684910 267
1684920 267
1684930 267
1684940 268
1684950 268
1684960 268
1684970 268
1684980 268
1684990 268
1685000 269
1685010 269
1685020 269
1685030 269
1685040 269
1685050 269
1685060 269
1685070 269
1685080 269
1685090 269
1685100 269
1685110 268
1685120 268
1685130 266
1685140 262
1685150 258
1685160 256
1685170 254
1685180 253
1685190 253
1685200 253
1685210 252
1685220 252
1685230 252
1685240 252
1685250 251
1685260 251
1685270 251
1685280 251
1685290 251
1685300 251
1685310 251
1685320 251
1685330 251
1685340 251
1685350 251
1685360 251
1685370 251
1685380 251
1685390 251
1685400 252
1685410 251
1685420 250
1685430 249
1685440 249
1685450 249
1685460 250
1685470 251
1685480 252
1685490 252
1685500 252
1685510 252
1685520 252
1685530 252
1685540 252
1685550 252
1685560 252
1685570 252
1685580 252
1685590 252
1685600 252
1685610 253
1685620 253
1685630 253
1685640 253
1685650 253
1685660 253
1685670 253
1685680 254
1685690 254
1685700 254
1685710 254
1685720 254
1685730 254
1685740 254
1685750 254
1685760 254
1685770 254
1685780 254
1685790 254
1685800 255
1685810 255
1685820 255
1685830 255
1685840 255
1685850 255
1685860 255
1685870 255
1685880 255
1685890 255
1685900 255
1685910 256
1685920 256
1685930 256
1685940 256
1685950 256
1685960 257
1685970 257
1685980 257
1685990 257
1686000 257
1686010 257
1686020 257
1686030 257
1686040 257
1686050 257
1686060 257
1686070 257
1686080 257
1686090 257
1686100 257
1686110 257
1686120 258
1686130 258
1686140 258
1686150 258
1686160 258
1686170 258
1686180 259
1686190 259
1686200 259
1686210 260
1686220 260
1686230 260
1686240 260
1686250 261
1686260 261
1686270 261
1686280 261
1686290 261
1686300 261
1686310 261
1686320 261
1686330 261
1686340 261
1686350 261
1686360 261
1686370 261
1686380 261
1686390 261
1686400 261
1686410 261
1686420 261
1686430 261
1686440 261
1686450 261
1686460 261
1686470 261
1686480 261
1686490 261
1686500 261
1686510 261
1686520 261
1686530 261
1686540 261
1686550 260
1686560 260
1686570 260
1686580 261
1686590 261
1686600 261
1686610 261
1686620 261
1686630 261
1686640 261
1686650 261
1686660 261
1686670 262
1686680 262
1686690 262
1686700 262
1686710 262
1686720 262
1686730 262
1686740 262
1686750 262
1686760 263
1686770 263
1686780 263
1686790 263
1686800 263
1686810 263
1686820 263
1686830 263
1686840 263
1686850 263
1686860 263
1686870 263
1686880 263
1686890 263
1686900 263
1686910 263
1686920 263
1686930 263
1686940 263
1686950 263
1686960 263
1686970 263
1686980 263
1686990 263
1687000 263
1687010 262
1687020 262
1687030 262
1687040 262
1687050 262
1687060 262
1687070 262
1687080 261
1687090 261
1687100 261
1687110 261
1687120 261
1687130 261
1687140 260
1687150 260
1687160 260
1687170 260
1687180 260
1687190 260
1687200 260
1687210 260
1687220 260
1687230 260
1687240 260
1687250 260
1687260 260
1687270 261
1687280 261
1687290 261
1687300 261
1687310 261
1687320 261
1687330 261
1687340 262
1687350 262
1687360 262
1687370 262
1687380 263
1687390 263
1687400 263
1687410 264
1687420 264
1687430 264
1687440 264
1687450 264
1687460 264
1687470 265
1687480 265
1687490 265
1687500 265
1687510 265
1687520 265
1687530 266
1687540 266
1687550 266
1687560 266
1687570 266
1687580 267
1687590 267
1687600 267
1687610 268
1687620 268
1687630 268
1687640 268
1687650 269
1687660 269
1687670 270
1687680 270
1687690 270
1687700 270
1687710 271
1687720 271
1687730 271
1687740 271
1687750 272
1687760 272
1687770 272
1687780 272
1687790 273
1687800 273
1687810 273
1687820 273
1687830 273
1687840 274
1687850 274
1687860 274
1687870 274
1687880 274
1687890 274
1687900 274
1687910 275
1687920 275
1687930 275
1687940 275
1687950 275
1687960 275
1687970 275
1687980 275
1687990 275
1688000 275
1688010 275
1688020 276
1688030 276
1688040 275
1688050 275
1688060 275
1688070 275
1688080 275
1688090 275
1688100 275
1688110 275
1688120 275
1688130 275
1688140 274
1688150 274
1688160 273
1688170 273
1688180 272
1688190 272
1688200 271
1688210 271
1688220 270
1688230 270
1688240 269
1688250 269
1688260 268
1688270 268
1688280 267
1688290 266
1688300 266
1688310 266
1688320 266
1688330 266
1688340 265
1688350 264
1688360 264
1688370 263
1688380 263
1688390 263
1688400 264
1688410 264
1688420 264
1688430 264
1688440 264
1688450 264
1688460 263
1688470 263
1688480 264
1688490 264
1688500 264
1688510 264
1688520 264
1688530 264
1688540 264
1688550 264
1688560 264
1688570 264
1688580 264
1688590 264
1688600 264
1688610 264
1688620 264
1688630 265
1688640 265
1688650 265
1688660 265
1688670 265
1688680 266
1688690 267
1688700 268
1688710 269
1688720 270
1688730 271
1688740 272
1688750 272
1688760 272
1688770 273
1688780 274
1688790 274
1688800 275
1688810 276
1688820 277
1688830 277
1688840 278
1688850 279
1688860 280
1688870 280
1688880 281
1688890 281
1688900 281
1688910 282
1688920 282
1688930 283
1688940 283
1688950 283
1688960 284
1688970 284
1688980 284
1688990 284
1689000 285
1689010 285
1689020 285
1689030 285
1689040 285
1689050 286
1689060 286
1689070 286
1689080 286
1689090 286
1689100 286
1689110 286
1689120 286
1689130 286
1689140 285
1689150 285
1689160 285
1689170 284
1689180 284
1689190 284
1689200 284
1689210 283
1689220 283
1689230 283
1689240 283
1689250 283
1689260 282
1689270 282
1689280 282
1689290 282
1689300 282
1689310 282
1689320 282
1689330 282
1689340 282
1689350 282
1689360 281
1689370 281
1689380 281
1689390 281
1689400 281
1689410 281
1689420 281
1689430 281
1689440 281
1689450 281
1689460 281
1689470 280
1689480 280
1689490 280
1689500 280
1689510 280
1689520 279
1689530 279
1689540 278
1689550 277
1689560 277
1689570 276
1689580 276
1689590 277
1689600 277
1689610 277
1689620 277
1689630 278
1689640 278
1689650 278
1689660 279
1689670 279
1689680 280
1689690 281
1689700 281
1689710 282
1689720 282
1689730 282
1689740 282
1689750 282
1689760 283
1689770 283
1689780 283
1689790 284
1689800 284
1689810 285
1689820 285
1689830 286
1689840 286
1689850 286
1689860 286
1689870 287
1689880 287
1689890 288
1689900 289
1689910 289
1689920 290
1689930 290
1689940 291
1689950 291
1689960 292
1689970 292
1689980 292
1689990 293
1690000 294
1690010 294
1690020 295
1690030 296
1690040 296
1690050 296
1690060 296
1690070 297
1690080 297
1690090 297
1690100 297
1690110 299
1690120 300
1690130 301
1690140 301
1690150 302
1690160 302
1690170 302
1690180 301
1690190 301
1690200 301
1690210 301
1690220 301
1690230 301
1690240 301
1690250 302
1690260 302
1690270 302
1690280 303
1690290 303
1690300 304
1690310 304
1690320 305
1690330 306
1690340 307
1690350 307
1690360 308
1690370 309
1690380 309
1690390 310
1690400 311
1690410 311
1690420 312
1690430 313
1690440 313
1690450 314
1690460 314
1690470 315
1690480 315
1690490 316
1690500 316
1690510 317
1690520 317
1690530 317
1690540 318
1690550 318
1690560 319
1690570 319
1690580 320
1690590 320
1690600 321
1690610 321
1690620 321
1690630 322
1690640 322
1690650 323
1690660 323
1690670 323
1690680 324
1690690 324
1690700 325
1690710 325
1690720 325
1690730 326
1690740 326
1690750 326
1690760 327
1690770 327
1690780 327
1690790 328
1690800 328
1690810 328
1690820 328
1690830 328
1690840 327
1690850 327
1690860 327
1690870 327
1690880 327
1690890 326
1690900 326
1690910 326
1690920 325
1690930 325
1690940 324
1690950 324
1690960 323
1690970 322
1690980 321
1690990 321
1691000 320
1691010 319
1691020 318
1691030 318
1691040 317
1691050 316
1691060 316
1691070 315
1691080 315
1691090 314
1691100 313
1691110 313
1691120 312
1691130 312
1691140 311
1691150 310
1691160 310
1691170 309
1691180 309
1691190 308
1691200 308
1691210 308
1691220 307
1691230 307
1691240 306
1691250 306
1691260 305
1691270 305
1691280 304
1691290 303
1691300 303
1691310 302
1691320 302
1691330 301
1691340 301
1691350 300
1691360 300
1691370 300
1691380 300
1691390 300
1691400 300
1691410 300
1691420 300
1691430 300
1691440 300
1691450 300
1691460 300
1691470 301
1691480 301
1691490 302
1691500 302
1691510 302
1691520 302
1691530 302
1691540 302
1691550 302
1691560 302
1691570 302
1691580 301
1691590 300
1691600 300
1691610 299
1691620 298
1691630 297
1691640 296
1691650 295
1691660 295
1691670 294
1691680 293
1691690 292
1691700 291
1691710 290
1691720 288
1691730 287
1691740 286
1691750 285
1691760 284
1691770 283
1691780 282
1691790 281
1691800 280
1691810 280
1691820 279
1691830 278
1691840 277
1691850 277
1691860 277
1691870 276
1691880 276
1691890 276
1691900 276
1691910 276
1691920 276
1691930 276
1691940 276
1691950 277
1691960 277
1691970 277
1691980 278
1691990 278
1692000 278
1692010 279
1692020 279
1692030 280
1692040 280
1692050 280
1692060 281
1692070 282
1692080 282
1692090 283
1692100 283
1692110 284
1692120 284
1692130 284
1692140 284
1692150 284
1692160 284
1692170 284
1692180 283
1692190 283
1692200 282
1692210 282
1692220 282
1692230 281
1692240 280
1692250 279
1692260 279
1692270 278
1692280 277
1692290 277
1692300 276
1692310 275
1692320 275
1692330 274
1692340 274
1692350 273
1692360 272
1692370 272
1692380 271
1692390 270
1692400 270
1692410 269
1692420 268
1692430 267
1692440 267
1692450 266
1692460 266
1692470 265
1692480 265
1692490 264
1692500 263
1692510 263
1692520 262
1692530 262
1692540 262
1692550 262
1692560 262
1692570 262
1692580 262
1692590 261
1692600 262
1692610 262
1692620 262
1692630 263
1692640 263
1692650 264
1692660 265
1692670 265
1692680 266
1692690 266
1692700 267
1692710 267
1692720 268
1692730 268
1692740 268
1692750 269
1692760 269
1692770 269
1692780 269
1692790 269
1692800 269
1692810 269
1692820 269
1692830 269
1692840 269
1692850 269
1692860 269
1692870 269
1692880 269
1692890 269
1692900 268
1692910 268
1692920 268
1692930 268
1692940 268
1692950 268
1692960 267
1692970 267
1692980 267
1692990 266
1693000 266
1693010 266
1693020 265
1693030 265
1693040 264
1693050 264
1693060 263
1693070 263
1693080 262
1693090 262
1693100 262
1693110 261
1693120 261
1693130 261
1693140 260
1693150 260
1693160 260
1693170 260
1693180 260
1693190 260
1693200 260
1693210 260
1693220 260
1693230 259
1693240 259
1693250 259
1693260 259
1693270 259
1693280 259
1693290 258
1693300 258
1693310 258
1693320 258
1693330 258
1693340 257
1693350 257
1693360 257
1693370 257
1693380 256
1693390 256
1693400 256
1693410 256
1693420 256
1693430 256
1693440 255
1693450 255
1693460 255
1693470 255
1693480 255
1693490 255
1693500 255
1693510 255
1693520 256
1693530 256
1693540 256
1693550 257
1693560 257
1693570 258
1693580 258
1693590 258
1693600 259
1693610 259
1693620 260
1693630 260
1693640 260
1693650 261
1693660 261
1693670 261
1693680 261
1693690 261
1693700 261
1693710 261
1693720 261
1693730 262
1693740 262
1693750 262
1693760 262
1693770 262
1693780 262
1693790 262
1693800 262
1693810 262
1693820 261
1693830 261
1693840 261
1693850 261
1693860 260
1693870 260
1693880 260
1693890 260
1693900 259
1693910 259
1693920 259
1693930 259
1693940 259
1693950 259
1693960 259
1693970 259
1693980 259
1693990 259
1694000 259
1694010 259
1694020 260
1694030 260
1694040 260
1694050 260
1694060 261
1694070 261
1694080 261
1694090 261
1694100 262
1694110 262
1694120 262
1694130 263
1694140 263
1694150 263
1694160 264
1694170 264
1694180 265
1694190 265
1694200 265
1694210 266
1694220 266
1694230 267
1694240 267
1694250 267
1694260 268
1694270 268
1694280 268
1694290 269
1694300 269
1694310 269
1694320 270
1694330 270
1694340 271
1694350 271
1694360 271
1694370 271
1694380 271
1694390 271
1694400 271
1694410 271
1694420 271
1694430 271
1694440 271
1694450 271
1694460 271
1694470 271
1694480 271
1694490 271
1694500 270
1694510 270
1694520 270
1694530 270
1694540 270
1694550 270
1694560 270
1694570 270
1694580 270
1694590 270
1694600 270
1694610 270
1694620 270
1694630 269
1694640 269
1694650 269
1694660 268
1694670 268
1694680 267
1694690 266
1694700 266
1694710 265
1694720 264
1694730 264
1694740 264
1694750 264
1694760 264
1694770 264
1694780 264
1694790 265
1694800 265
1694810 265
1694820 265
1694830 265
1694840 265
1694850 265
1694860 265
1694870 265
1694880 265
1694890 265
1694900 265
1694910 265
1694920 265
1694930 265
1694940 265
1694950 266
1694960 266
1694970 266
1694980 267
1694990 267
1695000 267
1695010 268
1695020 268
1695030 267
1695040 268
1695050 268
1695060 268
1695070 268
1695080 268
1695090 268
1695100 268
1695110 268
1695120 269
1695130 270
1695140 272
1695150 274
1695160 277
1695170 279
1695180 281
1695190 282
1695200 283
1695210 284
1695220 285
1695230 286
1695240 286
1695250 287
1695260 287
1695270 288
1695280 289
1695290 289
1695300 289
1695310 290
1695320 290
1695330 291
1695340 291
1695350 292
1695360 292
1695370 292
1695380 293
1695390 293
1695400 294
1695410 294
1695420 294
1695430 294
1695440 295
1695450 295
1695460 295
1695470 295
1695480 295
1695490 296
1695500 296
1695510 295
1695520 295
1695530 295
1695540 295
1695550 294
1695560 294
1695570 294
1695580 294
1695590 294
1695600 293
1695610 292
1695620 290
1695630 289
1695640 287
1695650 285
1695660 284
1695670 282
1695680 281
1695690 279
1695700 278
1695710 277
1695720 276
1695730 276
1695740 275
1695750 274
1695760 273
1695770 273
1695780 275
1695790 277
1695800 279
1695810 280
1695820 281
1695830 283
1695840 285
1695850 287
1695860 288
1695870 290
1695880 291
1695890 292
1695900 293
1695910 293
1695920 293
1695930 293
1695940 293
1695950 293
1695960 293
1695970 293
1695980 293
1695990 293
1696000 293
1696010 293
1696020 293
1696030 293
1696040 293
1696050 293
1696060 293
1696070 293
1696080 293
1696090 293
1696100 293
1696110 293
1696120 293
1696130 293
1696140 293
1696150 292
1696160 292
1696170 292
1696180 291
1696190 291
1696200 291
1696210 290
1696220 290
1696230 290
1696240 289
1696250 289
1696260 288
1696270 288
1696280 288
1696290 288
1696300 287
1696310 287
1696320 287
1696330 286
1696340 286
1696350 285
1696360 285
1696370 284
1696380 283
1696390 283
1696400 282
1696410 281
1696420 280
1696430 278
1696440 275
1696450 272
1696460 269
1696470 266
1696480 265
1696490 265
1696500 265
1696510 266
1696520 266
1696530 267
1696540 267
1696550 268
1696560 270
1696570 272
1696580 274
1696590 276
1696600 278
1696610 279
1696620 280
1696630 282
1696640 283
1696650 285
1696660 286
1696670 287
1696680 289
1696690 290
1696700 291
1696710 292
1696720 292
1696730 293
1696740 294
1696750 294
1696760 294
1696770 295
1696780 295
1696790 296
1696800 296
1696810 297
1696820 297
1696830 297
1696840 298
1696850 298
1696860 298
1696870 299
1696880 299
1696890 299
1696900 299
1696910 300
1696920 300
1696930 300
1696940 300
1696950 300
1696960 300
1696970 300
1696980 300
1696990 300
1697000 300
1697010 300
1697020 300
1697030 299
1697040 299
1697050 299
1697060 299
1697070 299
1697080 299
1697090 298
1697100 298
1697110 298
1697120 298
1697130 297
1697140 297
1697150 297
1697160 297
1697170 297
1697180 296
1697190 296
1697200 295
1697210 295
1697220 295
1697230 295
1697240 294
1697250 294
1697260 294
1697270 293
1697280 293
1697290 292
1697300 292
1697310 291
1697320 291
1697330 290
1697340 290
1697350 289
1697360 288
1697370 288
1697380 287
1697390 286
1697400 284
1697410 283
1697420 282
1697430 281
1697440 280
1697450 279
1697460 279
1697470 278
1697480 278
1697490 277
1697500 277
1697510 277
1697520 276
1697530 276
1697540 275
1697550 275
1697560 275
1697570 274
1697580 274
1697590 274
1697600 273
1697610 273
1697620 273
1697630 273
1697640 273
1697650 273
1697660 273
1697670 272
1697680 272
1697690 272
1697700 271
1697710 271
1697720 271
1697730 270
1697740 270
1697750 270
1697760 270
1697770 270
1697780 271
1697790 271
1697800 270
1697810 270
1697820 269
1697830 269
1697840 269
1697850 269
1697860 269
1697870 269
1697880 269
1697890 269
1697900 269
1697910 269
1697920 269
1697930 269
1697940 269
1697950 270
1697960 270
1697970 270
1697980 271
1697990 271
1698000 271
1698010 272
1698020 272
1698030 272
1698040 273
1698050 273
1698060 274
1698070 275
1698080 276
1698090 277
1698100 278
1698110 278
1698120 279
1698130 280
1698140 280
1698150 281
1698160 282
1698170 283
1698180 283
1698190 284
1698200 285
1698210 285
1698220 286
1698230 287
1698240 287
1698250 287
1698260 288
1698270 288
1698280 289
1698290 289
1698300 289
1698310 289
1698320 290
1698330 290
1698340 290
1698350 290
1698360 290
1698370 290
1698380 290
1698390 290
1698400 290
1698410 290
1698420 290
1698430 290
1698440 290
1698450 290
1698460 289
1698470 289
1698480 289
1698490 289
1698500 289
1698510 289
1698520 288
1698530 288
1698540 288
1698550 288
1698560 288
1698570 288
1698580 287
1698590 287
1698600 287
1698610 287
1698620 287
1698630 287
1698640 286
1698650 286
1698660 286
1698670 285
1698680 285
1698690 284
1698700 284
1698710 283
1698720 283
1698730 282
1698740 282
1698750 281
1698760 281
1698770 280
1698780 280
1698790 279
1698800 278
1698810 277
1698820 276
1698830 275
1698840 274
1698850 273
1698860 273
1698870 272
1698880 272
1698890 271
1698900 270
1698910 269
1698920 269
1698930 268
1698940 267
1698950 267
1698960 266
1698970 265
1698980 265
1698990 264
1699000 264
1699010 264
1699020 264
1699030 264
1699040 264
1699050 263
1699060 263
1699070 262
1699080 262
1699090 262
1699100 262
1699110 262
1699120 262
1699130 262
1699140 262
1699150 262
1699160 262
1699170 263
1699180 263
1699190 263
1699200 264
1699210 264
1699220 265
1699230 266
1699240 266
1699250 267
1699260 267
1699270 268
1699280 268
1699290 269
1699300 269
1699310 270
1699320 270
1699330 270
1699340 271
1699350 271
1699360 271
1699370 271
1699380 271
1699390 271
1699400 271
1699410 271
1699420 271
1699430 271
1699440 270
1699450 270
1699460 270
1699470 270
1699480 269
1699490 269
1699500 269
1699510 268
1699520 268
1699530 268
1699540 268
1699550 267
1699560 267
1699570 267
1699580 266
1699590 266
1699600 266
1699610 265
1699620 265
1699630 265
1699640 264
1699650 264
1699660 263
1699670 263
1699680 262
1699690 262
1699700 261
1699710 261
1699720 260
1699730 260
1699740 260
1699750 260
1699760 259
1699770 258
1699780 258
1699790 257
1699800 257
1699810 256
1699820 256
1699830 256
1699840 255
1699850 255
1699860 255
1699870 254
1699880 254
1699890 254
1699900 253
1699910 253
1699920 253
1699930 252
1699940 252
1699950 252
1699960 252
1699970 252
1699980 252
1699990 251
