1680000 283
1680010 283
1680020 283
1680030 283
1680040 283
1680050 283
1680060 283
1680070 283
1680080 283
1680090 282
1680100 282
1680110 282
1680120 282
1680130 281
1680140 281
1680150 281
1680160 280
1680170 280
1680180 279
1680190 279
1680200 279
1680210 278
1680220 278
1680230 277
1680240 277
1680250 277
1680260 276
1680270 276
1680280 275
1680290 275
1680300 275
1680310 274
1680320 274
1680330 273
1680340 273
1680350 272
1680360 271
1680370 270
1680380 270
1680390 269
1680400 268
1680410 268
1680420 267
1680430 267
1680440 266
1680450 266
1680460 265
1680470 265
1680480 264
1680490 264
1680500 263
1680510 263
1680520 262
1680530 262
1680540 262
1680550 261
1680560 261
1680570 260
1680580 260
1680590 259
1680600 259
1680610 258
1680620 257
1680630 257
1680640 256
1680650 256
1680660 255
1680670 255
1680680 254
1680690 254
1680700 253
1680710 253
1680720 253
1680730 253
1680740 253
1680750 253
1680760 253
1680770 251
1680780 251
1680790 250
1680800 249
1680810 249
1680820 248
1680830 247
1680840 247
1680850 247
1680860 246
1680870 246
1680880 246
1680890 247
1680900 247
1680910 246
1680920 246
1680930 246
1680940 245
1680950 244
1680960 243
1680970 242
1680980 242
1680990 241
1681000 241
1681010 241
1681020 241
1681030 241
1681040 243
1681050 245
1681060 246
1681070 248
1681080 249
1681090 250
1681100 250
1681110 250
1681120 250
1681130 251
1681140 251
1681150 252
1681160 253
1681170 254
1681180 255
1681190 255
1681200 256
1681210 256
1681220 256
1681230 256
1681240 257
1681250 257
1681260 257
1681270 258
1681280 258
1681290 259
1681300 259
1681310 260
1681320 260
1681330 261
1681340 262
1681350 262
1681360 263
1681370 263
1681380 264
1681390 265
1681400 265
1681410 266
1681420 267
1681430 267
1681440 268
1681450 269
1681460 269
1681470 270
1681480 270
1681490 271
1681500 271
1681510 272
1681520 273
1681530 273
1681540 275
1681550 276
1681560 279
1681570 282
1681580 283
1681590 284
1681600 285
1681610 285
1681620 286
1681630 286
1681640 287
1681650 287
1681660 288
1681670 289
1681680 289
1681690 290
1681700 290
1681710 291
1681720 291
1681730 291
1681740 292
1681750 292
1681760 293
1681770 293
1681780 293
1681790 294
1681800 294
1681810 294
1681820 294
1681830 294
1681840 294
1681850 294
1681860 294
1681870 294
1681880 295
1681890 295
1681900 295
1681910 295
1681920 295
1681930 295
1681940 294
1681950 294
1681960 294
1681970 294
1681980 294
1681990 293
1682000 293
1682010 293
1682020 292
1682030 292
1682040 291
1682050 290
1682060 290
1682070 290
1682080 290
1682090 289
1682100 289
1682110 288
1682120 288
1682130 288
1682140 287
1682150 286
1682160 286
1682170 286
1682180 286
1682190 287
1682200 288
1682210 289
1682220 290
1682230 290
1682240 291
1682250 291
1682260 292
1682270 292
1682280 293
1682290 293
1682300 294
1682310 294
1682320 295
1682330 295
1682340 296
1682350 296
1682360 296
1682370 297
1682380 298
1682390 298
1682400 299
1682410 299
1682420 300
1682430 300
1682440 301
1682450 301
1682460 301
1682470 302
1682480 302
1682490 302
1682500 303
1682510 303
1682520 304
1682530 304
1682540 304
1682550 305
1682560 305
1682570 305
1682580 305
1682590 306
1682600 306
1682610 306
1682620 306
1682630 306
1682640 306
1682650 306
1682660 307
1682670 307
1682680 307
1682690 307
1682700 307
1682710 307
1682720 307
1682730 307
1682740 307
1682750 307
1682760 307
1682770 307
1682780 307
1682790 307
1682800 307
1682810 307
1682820 307
1682830 307
1682840 307
1682850 307
1682860 308
1682870 308
1682880 308
1682890 308
1682900 308
1682910 308
1682920 308
1682930 308
1682940 308
1682950 308
1682960 308
1682970 308
1682980 308
1682990 309
1683000 309
1683010 309
1683020 309
1683030 309
1683040 309
1683050 308
1683060 308
1683070 307
1683080 307
1683090 307
1683100 307
1683110 308
1683120 309
1683130 310
1683140 311
1683150 312
1683160 313
1683170 313
1683180 314
1683190 314
1683200 314
1683210 315
1683220 315
1683230 316
1683240 316
1683250 316
1683260 317
1683270 317
1683280 317
1683290 318
1683300 318
1683310 318
1683320 318
1683330 319
1683340 319
1683350 319
1683360 319
1683370 320
1683380 320
1683390 320
1683400 320
1683410 320
1683420 321
1683430 321
1683440 321
1683450 321
1683460 322
1683470 322
1683480 323
1683490 323
1683500 323
1683510 323
1683520 324
1683530 324
1683540 324
1683550 324
1683560 324
1683570 325
1683580 325
1683590 325
1683600 325
1683610 325
1683620 326
1683630 326
1683640 326
1683650 326
1683660 326
1683670 327
1683680 327
1683690 327
1683700 327
1683710 327
1683720 327
1683730 327
1683740 328
1683750 328
1683760 328
1683770 328
1683780 328
1683790 328
1683800 328
1683810 328
1683820 328
1683830 328
1683840 328
1683850 328
1683860 328
1683870 327
1683880 327
1683890 327
1683900 327
1683910 327
1683920 327
1683930 327
1683940 327
1683950 327
1683960 327
1683970 326
1683980 326
1683990 326
1684000 326
1684010 326
1684020 326
1684030 325
1684040 324
1684050 321
1684060 318
1684070 315
1684080 314
1684090 313
1684100 312
1684110 311
1684120 311
1684130 310
1684140 310
1684150 309
1684160 309
1684170 309
1684180 309
1684190 309
1684200 309
1684210 309
1684220 309
1684230 309
1684240 308
1684250 308
1684260 307
1684270 307
1684280 308
1684290 309
1684300 310
1684310 310
1684320 311
1684330 311
1684340 310
1684350 310
1684360 310
1684370 310
1684380 310
1684390 311
1684400 311
1684410 310
1684420 309
1684430 308
1684440 307
1684450 307
1684460 307
1684470 307
1684480 306
1684490 306
1684500 306
1684510 306
1684520 305
1684530 305
1684540 305
1684550 304
1684560 303
1684570 303
1684580 302
1684590 301
1684600 301
1684610 300
1684620 299
1684630 299
1684640 298
1684650 298
1684660 297
1684670 297
1684680 296
1684690 295
1684700 294
1684710 293
1684720 292
1684730 291
1684740 290
1684750 290
1684760 289
1684770 289
1684780 289
1684790 288
1684800 287
1684810 287
1684820 286
1684830 285
1684840 285
1684850 284
1684860 284
1684870 284
1684880 283
1684890 283
1684900 283
1684910 283
1684920 283
1684930 282
1684940 282
1684950 282
1684960 282
1684970 282
1684980 282
1684990 282
1685000 281
1685010 281
1685020 280
1685030 280
1685040 279
1685050 279
1685060 279
1685070 278
1685080 278
1685090 278
1685100 277
1685110 277
1685120 277
1685130 276
1685140 276
1685150 276
1685160 275
1685170 275
1685180 274
1685190 274
1685200 274
1685210 273
1685220 273
1685230 273
1685240 273
1685250 273
1685260 273
1685270 272
1685280 272
1685290 272
1685300 272
1685310 271
1685320 271
1685330 271
1685340 270
1685350 270
1685360 270
1685370 269
1685380 269
1685390 269
1685400 269
1685410 268
1685420 268
1685430 268
1685440 268
1685450 268
1685460 267
1685470 267
1685480 267
1685490 266
1685500 266
1685510 266
1685520 266
1685530 265
1685540 265
1685550 265
1685560 264
1685570 264
1685580 264
1685590 264
1685600 264
1685610 264
1685620 263
1685630 263
1685640 263
1685650 263
1685660 263
1685670 263
1685680 263
1685690 263
1685700 263
1685710 263
1685720 263
1685730 263
1685740 263
1685750 263
1685760 263
1685770 263
1685780 263
1685790 263
1685800 263
1685810 263
1685820 263
1685830 263
1685840 263
1685850 263
1685860 263
1685870 263
1685880 263
1685890 263
1685900 263
1685910 262
1685920 262
1685930 262
1685940 262
1685950 262
1685960 262
1685970 261
1685980 261
1685990 261
1686000 261
1686010 261
1686020 261
1686030 261
1686040 261
1686050 261
1686060 261
1686070 261
1686080 261
1686090 261
1686100 260
1686110 260
1686120 260
1686130 260
1686140 260
1686150 260
1686160 260
1686170 260
1686180 260
1686190 260
1686200 260
1686210 260
1686220 260
1686230 260
1686240 259
1686250 259
1686260 259
1686270 259
1686280 259
1686290 260
1686300 260
1686310 260
1686320 260
1686330 259
1686340 259
1686350 259
1686360 259
1686370 259
1686380 259
1686390 259
1686400 259
1686410 259
1686420 259
1686430 259
1686440 259
1686450 258
1686460 258
1686470 258
1686480 258
1686490 258
1686500 258
1686510 259
1686520 259
1686530 258
1686540 258
1686550 259
1686560 258
1686570 258
1686580 258
1686590 258
1686600 258
1686610 258
1686620 258
1686630 258
1686640 257
1686650 257
1686660 257
1686670 257
1686680 257
1686690 257
1686700 257
1686710 257
1686720 257
1686730 257
1686740 257
1686750 257
1686760 257
1686770 257
1686780 257
1686790 257
1686800 257
1686810 257
1686820 257
1686830 257
1686840 257
1686850 257
1686860 257
1686870 257
1686880 257
1686890 258
1686900 258
1686910 258
1686920 258
1686930 258
1686940 258
1686950 258
1686960 258
1686970 258
1686980 258
1686990 258
1687000 258
1687010 258
1687020 258
1687030 258
1687040 257
1687050 257
1687060 257
1687070 257
1687080 257
1687090 257
1687100 257
1687110 257
1687120 257
1687130 257
1687140 257
1687150 257
1687160 256
1687170 256
1687180 256
1687190 255
1687200 252
1687210 249
1687220 246
1687230 244
1687240 244
1687250 243
1687260 243
1687270 243
1687280 243
1687290 243
1687300 243
1687310 243
1687320 243
1687330 243
1687340 243
1687350 243
1687360 243
1687370 242
1687380 242
1687390 242
1687400 242
1687410 242
1687420 242
1687430 242
1687440 242
1687450 242
1687460 242
1687470 242
1687480 242
1687490 242
1687500 242
1687510 242
1687520 242
1687530 242
1687540 242
1687550 242
1687560 241
1687570 241
1687580 241
1687590 241
1687600 241
1687610 241
1687620 241
1687630 241
1687640 241
1687650 241
1687660 241
1687670 241
1687680 241
1687690 241
1687700 241
1687710 241
1687720 241
1687730 242
1687740 242
1687750 242
1687760 241
1687770 241
1687780 241
1687790 241
1687800 241
1687810 241
1687820 241
1687830 241
1687840 241
1687850 241
1687860 241
1687870 241
1687880 241
1687890 241
1687900 241
1687910 242
1687920 242
1687930 242
1687940 242
1687950 242
1687960 241
1687970 242
1687980 242
1687990 242
1688000 242
1688010 242
1688020 242
1688030 242
1688040 242
1688050 242
1688060 242
1688070 242
1688080 241
1688090 241
1688100 241
1688110 241
1688120 241
1688130 241
1688140 241
1688150 241
1688160 241
1688170 241
1688180 241
1688190 241
1688200 240
1688210 240
1688220 240
1688230 240
1688240 240
1688250 240
1688260 240
1688270 241
1688280 241
1688290 241
1688300 241
1688310 241
1688320 240
1688330 240
1688340 240
1688350 240
1688360 240
1688370 240
1688380 240
1688390 240
1688400 240
1688410 239
1688420 238
1688430 238
1688440 238
1688450 238
1688460 238
1688470 238
1688480 238
1688490 238
1688500 238
1688510 238
1688520 238
1688530 238
1688540 238
1688550 238
1688560 239
1688570 240
1688580 240
1688590 240
1688600 240
1688610 240
1688620 240
1688630 240
1688640 239
1688650 239
1688660 239
1688670 238
1688680 237
1688690 237
1688700 237
1688710 237
1688720 238
1688730 239
1688740 239
1688750 239
1688760 239
1688770 239
1688780 239
1688790 240
1688800 240
1688810 240
1688820 239
1688830 239
1688840 239
1688850 239
1688860 239
1688870 239
1688880 239
1688890 241
1688900 244
1688910 249
1688920 254
1688930 259
1688940 262
1688950 265
1688960 267
1688970 268
1688980 268
1688990 269
1689000 269
1689010 270
1689020 271
1689030 271
1689040 272
1689050 272
1689060 272
1689070 273
1689080 273
1689090 274
1689100 274
1689110 275
1689120 275
1689130 275
1689140 276
1689150 276
1689160 277
1689170 277
1689180 278
1689190 278
1689200 278
1689210 279
1689220 279
1689230 280
1689240 280
1689250 280
1689260 281
1689270 281
1689280 281
1689290 282
1689300 282
1689310 283
1689320 283
1689330 283
1689340 283
1689350 283
1689360 284
1689370 284
1689380 284
1689390 284
1689400 284
1689410 284
1689420 283
1689430 283
1689440 283
1689450 283
1689460 283
1689470 282
1689480 282
1689490 282
1689500 281
1689510 281
1689520 280
1689530 280
1689540 280
1689550 279
1689560 279
1689570 278
1689580 278
1689590 278
1689600 277
1689610 277
1689620 276
1689630 276
1689640 276
1689650 275
1689660 275
1689670 274
1689680 274
1689690 273
1689700 272
1689710 272
1689720 271
1689730 271
1689740 271
1689750 271
1689760 271
1689770 270
1689780 270
1689790 270
1689800 270
1689810 269
1689820 269
1689830 269
1689840 269
1689850 269
1689860 268
1689870 268
1689880 268
1689890 268
1689900 267
1689910 267
1689920 267
1689930 267
1689940 267
1689950 267
1689960 266
1689970 266
1689980 266
1689990 265
1690000 265
1690010 265
1690020 265
1690030 264
1690040 264
1690050 264
1690060 263
1690070 263
1690080 263
1690090 263
1690100 262
1690110 262
1690120 262
1690130 262
1690140 262
1690150 262
1690160 261
1690170 261
1690180 261
1690190 261
1690200 260
1690210 260
1690220 260
1690230 260
1690240 260
1690250 260
1690260 260
1690270 260
1690280 260
1690290 259
1690300 259
1690310 259
1690320 259
1690330 259
1690340 259
1690350 259
1690360 259
1690370 259
1690380 259
1690390 258
1690400 258
1690410 258
1690420 258
1690430 258
1690440 258
1690450 258
1690460 258
1690470 258
1690480 258
1690490 258
1690500 258
1690510 257
1690520 257
1690530 257
1690540 257
1690550 257
1690560 257
1690570 256
1690580 256
1690590 256
1690600 256
1690610 255
1690620 255
1690630 255
1690640 255
1690650 254
1690660 254
1690670 254
1690680 253
1690690 253
1690700 252
1690710 252
1690720 252
1690730 251
1690740 251
1690750 251
1690760 251
1690770 250
1690780 250
1690790 250
1690800 250
1690810 250
1690820 250
1690830 250
1690840 249
1690850 249
1690860 249
1690870 249
1690880 248
1690890 248
1690900 248
1690910 248
1690920 247
1690930 247
1690940 247
1690950 247
1690960 247
1690970 248
1690980 248
1690990 248
1691000 249
1691010 249
1691020 249
1691030 249
1691040 249
1691050 250
1691060 250
1691070 250
1691080 250
1691090 250
1691100 250
1691110 249
1691120 249
1691130 249
1691140 248
1691150 248
1691160 248
1691170 248
1691180 248
1691190 248
1691200 248
1691210 248
1691220 248
1691230 249
1691240 250
1691250 251
1691260 251
1691270 252
1691280 252
1691290 252
1691300 253
1691310 253
1691320 254
1691330 255
1691340 255
1691350 256
1691360 257
1691370 257
1691380 258
1691390 258
1691400 258
1691410 258
1691420 259
1691430 259
1691440 259
1691450 260
1691460 260
1691470 260
1691480 261
1691490 261
1691500 261
1691510 261
1691520 260
1691530 260
1691540 260
1691550 260
1691560 260
1691570 260
1691580 260
1691590 260
1691600 260
1691610 260
1691620 260
1691630 259
1691640 259
1691650 259
1691660 259
1691670 259
1691680 259
1691690 259
1691700 260
1691710 260
1691720 260
1691730 260
1691740 260
1691750 260
1691760 260
1691770 260
1691780 260
1691790 260
1691800 261
1691810 261
1691820 261
1691830 261
1691840 261
1691850 262
1691860 262
1691870 262
1691880 262
1691890 262
1691900 263
1691910 263
1691920 263
1691930 263
1691940 263
1691950 263
1691960 263
1691970 263
1691980 263
1691990 263
1692000 263
1692010 263
1692020 263
1692030 263
1692040 263
1692050 263
1692060 263
1692070 263
1692080 263
1692090 263
1692100 264
1692110 264
1692120 264
1692130 264
1692140 264
1692150 264
1692160 264
1692170 264
1692180 264
1692190 264
1692200 264
1692210 264
1692220 264
1692230 264
1692240 264
1692250 264
1692260 264
1692270 264
1692280 264
1692290 264
1692300 264
1692310 264
1692320 264
1692330 264
1692340 264
1692350 264
1692360 264
1692370 264
1692380 264
1692390 264
1692400 264
1692410 264
1692420 264
1692430 264
1692440 264
1692450 264
1692460 263
1692470 263
1692480 263
1692490 263
1692500 263
1692510 263
1692520 263
1692530 262
1692540 262
1692550 262
1692560 262
1692570 262
1692580 262
1692590 262
1692600 262
1692610 262
1692620 262
1692630 262
1692640 262
1692650 262
1692660 262
1692670 262
1692680 262
1692690 262
1692700 262
1692710 262
1692720 262
1692730 263
1692740 263
1692750 263
1692760 263
1692770 263
1692780 263
1692790 264
1692800 264
1692810 264
1692820 264
1692830 264
1692840 264
1692850 265
1692860 265
1692870 265
1692880 265
1692890 265
1692900 265
1692910 265
1692920 265
1692930 265
1692940 265
1692950 265
1692960 265
1692970 265
1692980 265
1692990 266
1693000 266
1693010 266
1693020 266
1693030 267
1693040 267
1693050 268
1693060 268
1693070 268
1693080 268
1693090 268
1693100 268
1693110 268
1693120 268
1693130 268
1693140 268
1693150 268
1693160 268
1693170 268
1693180 268
1693190 269
1693200 269
1693210 269
1693220 269
1693230 270
1693240 270
1693250 270
1693260 270
1693270 270
1693280 270
1693290 270
1693300 270
1693310 270
1693320 270
1693330 270
1693340 270
1693350 270
1693360 271
1693370 271
1693380 271
1693390 271
1693400 271
1693410 272
1693420 272
1693430 272
1693440 273
1693450 273
1693460 273
1693470 274
1693480 274
1693490 275
1693500 275
1693510 276
1693520 276
1693530 276
1693540 277
1693550 277
1693560 278
1693570 278
1693580 279
1693590 279
1693600 280
1693610 280
1693620 281
1693630 281
1693640 281
1693650 282
1693660 282
1693670 281
1693680 281
1693690 281
1693700 280
1693710 281
1693720 281
1693730 282
1693740 283
1693750 283
1693760 283
1693770 284
1693780 285
1693790 285
1693800 286
1693810 288
1693820 289
1693830 290
1693840 291
1693850 291
1693860 292
1693870 292
1693880 293
1693890 293
1693900 293
1693910 294
1693920 294
1693930 294
1693940 294
1693950 294
1693960 294
1693970 294
1693980 294
1693990 294
1694000 294
1694010 294
1694020 294
1694030 293
1694040 293
1694050 292
1694060 292
1694070 292
1694080 291
1694090 291
1694100 290
1694110 289
1694120 289
1694130 288
1694140 288
1694150 287
1694160 287
1694170 286
1694180 285
1694190 285
1694200 284
1694210 283
1694220 282
1694230 282
1694240 281
1694250 281
1694260 281
1694270 281
1694280 280
1694290 280
1694300 280
1694310 280
1694320 280
1694330 279
1694340 279
1694350 279
1694360 278
1694370 278
1694380 278
1694390 277
1694400 277
1694410 277
1694420 276
1694430 276
1694440 276
1694450 275
1694460 274
1694470 274
1694480 273
1694490 272
1694500 271
1694510 271
1694520 270
1694530 269
1694540 268
1694550 267
1694560 266
1694570 266
1694580 265
1694590 264
1694600 263
1694610 263
1694620 262
1694630 262
1694640 261
1694650 261
1694660 260
1694670 260
1694680 259
1694690 259
1694700 259
1694710 259
1694720 259
1694730 259
1694740 259
1694750 259
1694760 259
1694770 260
1694780 260
1694790 260
1694800 260
1694810 260
1694820 260
1694830 261
1694840 261
1694850 261
1694860 261
1694870 261
1694880 261
1694890 261
1694900 261
1694910 261
1694920 262
1694930 262
1694940 262
1694950 262
1694960 262
1694970 262
1694980 261
1694990 261
1695000 261
1695010 260
1695020 260
1695030 261
1695040 260
1695050 260
1695060 259
1695070 259
1695080 259
1695090 258
1695100 258
1695110 258
1695120 258
1695130 257
1695140 257
1695150 256
1695160 256
1695170 255
1695180 255
1695190 254
1695200 254
1695210 253
1695220 253
1695230 253
1695240 252
1695250 252
1695260 252
1695270 252
1695280 251
1695290 251
1695300 251
1695310 250
1695320 250
1695330 250
1695340 249
1695350 249
1695360 249
1695370 248
1695380 248
1695390 248
1695400 248
1695410 248
1695420 247
1695430 247
1695440 247
1695450 247
1695460 247
1695470 247
1695480 247
1695490 247
1695500 247
1695510 247
1695520 247
1695530 247
1695540 247
1695550 247
1695560 247
1695570 247
1695580 247
1695590 247
1695600 247
1695610 247
1695620 247
1695630 247
1695640 247
1695650 248
1695660 248
1695670 248
1695680 248
1695690 248
1695700 248
1695710 249
1695720 249
1695730 249
1695740 250
1695750 250
1695760 251
1695770 252
1695780 253
1695790 254
1695800 255
1695810 256
1695820 257
1695830 257
1695840 259
1695850 260
1695860 261
1695870 261
1695880 262
1695890 262
1695900 263
1695910 264
1695920 265
1695930 266
1695940 267
1695950 268
1695960 269
1695970 270
1695980 270
1695990 271
1696000 271
1696010 271
1696020 271
1696030 271
1696040 271
1696050 271
1696060 271
1696070 271
1696080 271
1696090 271
1696100 271
1696110 270
1696120 270
1696130 270
1696140 270
1696150 270
1696160 270
1696170 270
1696180 269
1696190 269
1696200 268
1696210 267
1696220 267
1696230 266
1696240 265
1696250 265
1696260 264
1696270 263
1696280 263
1696290 262
1696300 261
1696310 261
1696320 261
1696330 260
1696340 260
1696350 261
1696360 261
1696370 261
1696380 261
1696390 262
1696400 262
1696410 262
1696420 263
1696430 263
1696440 264
1696450 265
1696460 266
1696470 266
1696480 266
1696490 267
1696500 267
1696510 267
1696520 267
1696530 267
1696540 267
1696550 267
1696560 267
1696570 267
1696580 268
1696590 268
1696600 268
1696610 268
1696620 268
1696630 268
1696640 269
1696650 269
1696660 269
1696670 269
1696680 269
1696690 269
1696700 270
1696710 270
1696720 270
1696730 270
1696740 270
1696750 270
1696760 270
1696770 271
1696780 271
1696790 271
1696800 271
1696810 271
1696820 271
1696830 271
1696840 271
1696850 271
1696860 271
1696870 272
1696880 272
1696890 272
1696900 272
1696910 272
1696920 272
1696930 273
1696940 273
1696950 273
1696960 273
1696970 274
1696980 274
1696990 274
1697000 274
1697010 274
1697020 274
1697030 274
1697040 275
1697050 275
1697060 275
1697070 275
1697080 276
1697090 276
1697100 276
1697110 276
1697120 276
1697130 276
1697140 276
1697150 276
1697160 276
1697170 276
1697180 276
1697190 276
1697200 276
1697210 277
1697220 277
1697230 277
1697240 277
1697250 277
1697260 277
1697270 277
1697280 277
1697290 277
1697300 276
1697310 276
1697320 276
1697330 276
1697340 276
1697350 276
1697360 276
1697370 276
1697380 276
1697390 276
1697400 276
1697410 275
1697420 275
1697430 275
1697440 275
1697450 275
1697460 275
1697470 275
1697480 275
1697490 275
1697500 274
1697510 274
1697520 274
1697530 273
1697540 273
1697550 272
1697560 272
1697570 272
1697580 271
1697590 271
1697600 270
1697610 270
1697620 269
1697630 269
1697640 269
1697650 269
1697660 269
1697670 268
1697680 268
1697690 268
1697700 267
1697710 266
1697720 266
1697730 265
1697740 265
1697750 264
1697760 264
1697770 263
1697780 263
1697790 262
1697800 261
1697810 261
1697820 260
1697830 260
1697840 259
1697850 259
1697860 258
1697870 258
1697880 257
1697890 257
1697900 256
1697910 255
1697920 255
1697930 254
1697940 254
1697950 253
1697960 252
1697970 252
1697980 251
1697990 251
1698000 250
1698010 249
1698020 249
1698030 248
1698040 247
1698050 247
1698060 246
1698070 246
1698080 245
1698090 245
1698100 244
1698110 244
1698120 243
1698130 243
1698140 241
1698150 239
1698160 239
1698170 238
1698180 238
1698190 238
1698200 238
1698210 237
1698220 237
1698230 237
1698240 237
1698250 237
1698260 237
1698270 236
1698280 236
1698290 236
1698300 236
1698310 236
1698320 236
1698330 236
1698340 236
1698350 236
1698360 236
1698370 236
1698380 236
1698390 236
1698400 236
1698410 236
1698420 236
1698430 236
1698440 236
1698450 236
1698460 236
1698470 237
1698480 237
1698490 237
1698500 237
1698510 236
1698520 236
1698530 236
1698540 236
1698550 236
1698560 236
1698570 236
1698580 236
1698590 236
1698600 236
1698610 236
1698620 236
1698630 236
1698640 236
1698650 236
1698660 236
1698670 236
1698680 237
1698690 237
1698700 237
1698710 237
1698720 237
1698730 237
1698740 237
1698750 237
1698760 237
1698770 236
1698780 236
1698790 236
1698800 236
1698810 236
1698820 236
1698830 236
1698840 236
1698850 236
1698860 236
1698870 235
1698880 235
1698890 235
1698900 235
1698910 235
1698920 235
1698930 234
1698940 234
1698950 234
1698960 234
1698970 234
1698980 234
1698990 234
1699000 234
1699010 234
1699020 234
1699030 234
1699040 234
1699050 234
1699060 234
1699070 234
1699080 234
1699090 234
1699100 234
1699110 234
1699120 234
1699130 234
1699140 234
1699150 234
1699160 234
1699170 234
1699180 234
1699190 234
1699200 234
1699210 234
1699220 234
1699230 234
1699240 234
1699250 234
1699260 234
1699270 234
1699280 234
1699290 234
1699300 234
1699310 235
1699320 235
1699330 235
1699340 235
1699350 235
1699360 235
1699370 235
1699380 235
1699390 235
1699400 235
1699410 235
1699420 235
1699430 235
1699440 235
1699450 235
1699460 235
1699470 235
1699480 235
1699490 235
1699500 235
1699510 235
1699520 235
1699530 235
1699540 235
1699550 235
1699560 235
1699570 235
1699580 235
1699590 235
1699600 235
1699610 235
1699620 235
1699630 235
1699640 235
1699650 235
1699660 235
1699670 235
1699680 236
1699690 236
1699700 236
1699710 236
1699720 236
1699730 236
1699740 236
1699750 236
1699760 236
1699770 236
1699780 236
1699790 236
1699800 236
1699810 236
1699820 236
1699830 236
1699840 236
1699850 236
1699860 236
1699870 236
1699880 236
1699890 236
1699900 236
1699910 236
1699920 236
1699930 236
1699940 236
1699950 236
1699960 236
1699970 236
1699980 236
1699990 236
