1680000 259
1680010 258
1680020 258
1680030 257
1680040 257
1680050 256
1680060 255
1680070 254
1680080 252
1680090 251
1680100 249
1680110 247
1680120 244
1680130 243
1680140 242
1680150 241
1680160 240
1680170 239
1680180 239
1680190 241
1680200 243
1680210 246
1680220 249
1680230 253
1680240 256
1680250 257
1680260 258
1680270 258
1680280 258
1680290 257
1680300 257
1680310 257
1680320 257
1680330 256
1680340 256
1680350 255
1680360 253
1680370 250
1680380 247
1680390 245
1680400 243
1680410 242
1680420 241
1680430 240
1680440 239
1680450 238
1680460 237
1680470 236
1680480 236
1680490 236
1680500 236
1680510 236
1680520 235
1680530 235
1680540 234
1680550 234
1680560 234
1680570 233
1680580 233
1680590 233
1680600 232
1680610 232
1680620 232
1680630 232
1680640 231
1680650 231
1680660 231
1680670 230
1680680 230
1680690 230
1680700 230
1680710 229
1680720 229
1680730 229
1680740 230
1680750 230
1680760 231
1680770 231
1680780 230
1680790 230
1680800 230
1680810 229
1680820 229
1680830 229
1680840 229
1680850 228
1680860 228
1680870 228
1680880 228
1680890 228
1680900 228
1680910 227
1680920 227
1680930 227
1680940 227
1680950 227
1680960 226
1680970 226
1680980 226
1680990 226
1681000 226
1681010 226
1681020 226
1681030 226
1681040 225
1681050 225
1681060 225
1681070 225
1681080 225
1681090 225
1681100 225
1681110 224
1681120 224
1681130 224
1681140 224
1681150 224
1681160 224
1681170 224
1681180 225
1681190 224
1681200 224
1681210 224
1681220 224
1681230 224
1681240 224
1681250 224
1681260 224
1681270 224
1681280 224
1681290 224
1681300 224
1681310 224
1681320 224
1681330 224
1681340 223
1681350 223
1681360 223
1681370 223
1681380 223
1681390 223
1681400 223
1681410 223
1681420 223
1681430 223
1681440 223
1681450 223
1681460 223
1681470 223
1681480 223
1681490 223
1681500 223
1681510 223
1681520 223
1681530 223
1681540 223
1681550 223
1681560 223
1681570 223
1681580 223
1681590 223
1681600 223
1681610 223
1681620 223
1681630 223
1681640 223
1681650 223
1681660 223
1681670 223
1681680 223
1681690 223
1681700 222
1681710 222
1681720 222
1681730 222
1681740 222
1681750 221
1681760 220
1681770 219
1681780 219
1681790 219
1681800 219
1681810 219
1681820 219
1681830 219
1681840 219
1681850 218
1681860 218
1681870 218
1681880 218
1681890 218
1681900 218
1681910 217
1681920 216
1681930 215
1681940 214
1681950 214
1681960 214
1681970 214
1681980 214
1681990 214
1682000 214
1682010 214
1682020 214
1682030 214
1682040 214
1682050 214
1682060 214
1682070 214
1682080 214
1682090 214
1682100 214
1682110 214
1682120 214
1682130 214
1682140 214
1682150 214
1682160 214
1682170 214
1682180 214
1682190 214
1682200 214
1682210 214
1682220 214
1682230 214
1682240 214
1682250 214
1682260 214
1682270 214
1682280 214
1682290 214
1682300 214
1682310 214
1682320 214
1682330 214
1682340 214
1682350 214
1682360 214
1682370 214
1682380 214
1682390 214
1682400 214
1682410 214
1682420 214
1682430 214
1682440 214
1682450 214
1682460 214
1682470 214
1682480 216
1682490 218
1682500 219
1682510 220
1682520 221
1682530 222
1682540 222
1682550 222
1682560 222
1682570 223
1682580 223
1682590 224
1682600 225
1682610 226
1682620 227
1682630 227
1682640 228
1682650 228
1682660 229
1682670 230
1682680 231
1682690 232
1682700 234
1682710 235
1682720 235
1682730 236
1682740 237
1682750 238
1682760 239
1682770 240
1682780 241
1682790 242
1682800 243
1682810 243
1682820 244
1682830 244
1682840 244
1682850 244
1682860 245
1682870 246
1682880 246
1682890 247
1682900 247
1682910 247
1682920 248
1682930 249
1682940 250
1682950 251
1682960 251
1682970 252
1682980 252
1682990 252
1683000 252
1683010 252
1683020 252
1683030 252
1683040 252
1683050 253
1683060 253
1683070 254
1683080 255
1683090 255
1683100 256
1683110 257
1683120 258
1683130 259
1683140 259
1683150 260
1683160 261
1683170 262
1683180 263
1683190 264
1683200 265
1683210 266
1683220 266
1683230 267
1683240 268
1683250 268
1683260 269
1683270 269
1683280 270
1683290 271
1683300 271
1683310 272
1683320 273
1683330 274
1683340 275
1683350 275
1683360 276
1683370 277
1683380 278
1683390 279
1683400 280
1683410 281
1683420 282
1683430 282
1683440 283
1683450 284
1683460 285
1683470 286
1683480 287
1683490 288
1683500 289
1683510 290
1683520 291
1683530 292
1683540 293
1683550 294
1683560 295
1683570 295
1683580 296
1683590 297
1683600 297
1683610 298
1683620 299
1683630 300
1683640 301
1683650 301
1683660 302
1683670 303
1683680 303
1683690 304
1683700 304
1683710 305
1683720 305
1683730 305
1683740 306
1683750 306
1683760 306
1683770 307
1683780 307
1683790 307
1683800 307
1683810 307
1683820 308
1683830 308
1683840 308
1683850 308
1683860 308
1683870 308
1683880 308
1683890 308
1683900 308
1683910 308
1683920 308
1683930 308
1683940 308
1683950 308
1683960 308
1683970 308
1683980 308
1683990 309
1684000 309
1684010 309
1684020 309
1684030 310
1684040 310
1684050 310
1684060 310
1684070 310
1684080 311
1684090 311
1684100 311
1684110 312
1684120 312
1684130 312
1684140 312
1684150 312
1684160 312
1684170 312
1684180 312
1684190 313
1684200 313
1684210 313
1684220 313
1684230 313
1684240 313
1684250 313
1684260 313
1684270 313
1684280 313
1684290 313
1684300 313
1684310 313
1684320 313
1684330 312
1684340 313
1684350 313
1684360 313
1684370 313
1684380 313
1684390 313
1684400 313
1684410 313
1684420 313
1684430 312
1684440 312
1684450 312
1684460 311
1684470 311
1684480 310
1684490 310
1684500 310
1684510 310
1684520 309
1684530 309
1684540 309
1684550 309
1684560 309
1684570 309
1684580 309
1684590 309
1684600 310
1684610 310
1684620 310
1684630 310
1684640 309
1684650 309
1684660 309
1684670 309
1684680 308
1684690 308
1684700 309
1684710 309
1684720 309
1684730 310
1684740 310
1684750 311
1684760 312
1684770 312
1684780 313
1684790 314
1684800 314
1684810 315
1684820 315
1684830 315
1684840 315
1684850 315
1684860 316
1684870 316
1684880 316
1684890 316
1684900 317
1684910 317
1684920 317
1684930 317
1684940 317
1684950 317
1684960 318
1684970 318
1684980 318
1684990 318
1685000 318
1685010 318
1685020 318
1685030 319
1685040 319
1685050 319
1685060 319
1685070 319
1685080 319
1685090 319
1685100 319
1685110 320
1685120 320
1685130 320
1685140 320
1685150 320
1685160 320
1685170 320
1685180 320
1685190 320
1685200 320
1685210 320
1685220 320
1685230 320
1685240 320
1685250 320
1685260 320
1685270 320
1685280 320
1685290 320
1685300 320
1685310 320
1685320 320
1685330 320
1685340 320
1685350 320
1685360 320
1685370 320
1685380 320
1685390 320
1685400 320
1685410 320
1685420 320
1685430 319
1685440 319
1685450 319
1685460 319
1685470 319
1685480 319
1685490 319
1685500 319
1685510 319
1685520 319
1685530 318
1685540 318
1685550 318
1685560 318
1685570 317
1685580 317
1685590 317
1685600 316
1685610 316
1685620 315
1685630 315
1685640 315
1685650 314
1685660 314
1685670 313
1685680 313
1685690 313
1685700 313
1685710 312
1685720 312
1685730 312
1685740 312
1685750 312
1685760 312
1685770 312
1685780 313
1685790 313
1685800 313
1685810 314
1685820 314
1685830 314
1685840 315
1685850 315
1685860 315
1685870 315
1685880 315
1685890 315
1685900 315
1685910 315
1685920 316
1685930 316
1685940 316
1685950 316
1685960 316
1685970 316
1685980 316
1685990 317
1686000 317
1686010 317
1686020 317
1686030 317
1686040 317
1686050 318
1686060 318
1686070 318
1686080 318
1686090 319
1686100 319
1686110 319
1686120 319
1686130 319
1686140 320
1686150 320
1686160 320
1686170 321
1686180 321
1686190 321
1686200 322
1686210 322
1686220 323
1686230 323
1686240 323
1686250 324
1686260 324
1686270 324
1686280 325
1686290 325
1686300 325
1686310 325
1686320 326
1686330 326
1686340 326
1686350 326
1686360 327
1686370 327
1686380 327
1686390 327
1686400 327
1686410 327
1686420 328
1686430 328
1686440 328
1686450 328
1686460 328
1686470 329
1686480 329
1686490 329
1686500 330
1686510 330
1686520 330
1686530 330
1686540 331
1686550 331
1686560 331
1686570 331
1686580 331
1686590 332
1686600 332
1686610 332
1686620 332
1686630 332
1686640 333
1686650 333
1686660 333
1686670 333
1686680 334
1686690 334
1686700 334
1686710 334
1686720 334
1686730 334
1686740 335
1686750 335
1686760 335
1686770 335
1686780 335
1686790 336
1686800 336
1686810 336
1686820 336
1686830 336
1686840 337
1686850 337
1686860 336
1686870 337
1686880 337
1686890 337
1686900 337
1686910 337
1686920 337
1686930 337
1686940 337
1686950 337
1686960 338
1686970 338
1686980 338
1686990 338
1687000 338
1687010 338
1687020 338
1687030 338
1687040 338
1687050 338
1687060 338
1687070 338
1687080 338
1687090 338
1687100 338
1687110 338
1687120 338
1687130 338
1687140 338
1687150 338
1687160 338
1687170 338
1687180 338
1687190 338
1687200 338
1687210 338
1687220 338
1687230 338
1687240 338
1687250 338
1687260 338
1687270 338
1687280 338
1687290 338
1687300 337
1687310 337
1687320 337
1687330 337
1687340 337
1687350 337
1687360 337
1687370 336
1687380 336
1687390 336
1687400 336
1687410 335
1687420 335
1687430 335
1687440 335
1687450 335
1687460 335
1687470 335
1687480 335
1687490 335
1687500 335
1687510 335
1687520 335
1687530 335
1687540 335
1687550 335
1687560 335
1687570 335
1687580 335
1687590 335
1687600 335
1687610 335
1687620 335
1687630 335
1687640 335
1687650 335
1687660 335
1687670 335
1687680 335
1687690 335
1687700 335
1687710 335
1687720 335
1687730 335
1687740 335
1687750 335
1687760 335
1687770 335
1687780 335
1687790 335
1687800 335
1687810 335
1687820 335
1687830 334
1687840 334
1687850 334
1687860 334
1687870 333
1687880 333
1687890 332
1687900 332
1687910 331
1687920 331
1687930 330
1687940 329
1687950 329
1687960 328
1687970 327
1687980 326
1687990 326
1688000 325
1688010 325
1688020 324
1688030 324
1688040 323
1688050 322
1688060 322
1688070 321
1688080 320
1688090 319
1688100 319
1688110 318
1688120 317
1688130 316
1688140 314
1688150 313
1688160 311
1688170 309
1688180 307
1688190 304
1688200 302
1688210 300
1688220 299
1688230 297
1688240 296
1688250 295
1688260 294
1688270 293
1688280 293
1688290 292
1688300 292
1688310 291
1688320 290
1688330 290
1688340 289
1688350 289
1688360 288
1688370 288
1688380 287
1688390 287
1688400 286
1688410 286
1688420 286
1688430 286
1688440 285
1688450 285
1688460 285
1688470 285
1688480 285
1688490 285
1688500 285
1688510 284
1688520 283
1688530 283
1688540 282
1688550 281
1688560 281
1688570 280
1688580 279
1688590 278
1688600 277
1688610 276
1688620 276
1688630 275
1688640 274
1688650 273
1688660 272
1688670 272
1688680 271
1688690 271
1688700 271
1688710 270
1688720 270
1688730 270
1688740 269
1688750 269
1688760 268
1688770 267
1688780 266
1688790 265
1688800 265
1688810 264
1688820 263
1688830 263
1688840 262
1688850 262
1688860 261
1688870 261
1688880 260
1688890 259
1688900 258
1688910 258
1688920 257
1688930 256
1688940 256
1688950 255
1688960 254
1688970 253
1688980 253
1688990 252
1689000 251
1689010 250
1689020 250
1689030 249
1689040 249
1689050 249
1689060 248
1689070 248
1689080 248
1689090 248
1689100 247
1689110 247
1689120 246
1689130 246
1689140 245
1689150 244
1689160 243
1689170 242
1689180 240
1689190 239
1689200 237
1689210 235
1689220 233
1689230 231
1689240 228
1689250 226
1689260 225
1689270 224
1689280 223
1689290 222
1689300 222
1689310 222
1689320 222
1689330 222
1689340 222
1689350 222
1689360 222
1689370 222
1689380 221
1689390 221
1689400 221
1689410 221
1689420 221
1689430 221
1689440 221
1689450 221
1689460 221
1689470 221
1689480 221
1689490 221
1689500 221
1689510 221
1689520 221
1689530 221
1689540 221
1689550 221
1689560 222
1689570 221
1689580 221
1689590 221
1689600 221
1689610 221
1689620 221
1689630 221
1689640 221
1689650 221
1689660 221
1689670 221
1689680 221
1689690 221
1689700 221
1689710 221
1689720 221
1689730 221
1689740 221
1689750 221
1689760 221
1689770 221
1689780 221
1689790 221
1689800 221
1689810 220
1689820 220
1689830 220
1689840 220
1689850 220
1689860 220
1689870 220
1689880 220
1689890 220
1689900 220
1689910 220
1689920 220
1689930 220
1689940 220
1689950 220
1689960 220
1689970 220
1689980 220
1689990 220
1690000 220
1690010 220
1690020 220
1690030 220
1690040 221
1690050 220
1690060 220
1690070 220
1690080 220
1690090 220
1690100 220
1690110 220
1690120 220
1690130 221
1690140 221
1690150 221
1690160 221
1690170 221
1690180 220
1690190 219
1690200 219
1690210 219
1690220 219
1690230 219
1690240 219
1690250 219
1690260 220
1690270 220
1690280 220
1690290 220
1690300 220
1690310 220
1690320 221
1690330 221
1690340 221
1690350 220
1690360 220
1690370 220
1690380 220
1690390 220
1690400 220
1690410 220
1690420 221
1690430 223
1690440 224
1690450 226
1690460 228
1690470 231
1690480 234
1690490 235
1690500 236
1690510 236
1690520 237
1690530 237
1690540 237
1690550 237
1690560 237
1690570 237
1690580 238
1690590 238
1690600 238
1690610 238
1690620 239
1690630 239
1690640 239
1690650 239
1690660 239
1690670 240
1690680 240
1690690 240
1690700 240
1690710 240
1690720 240
1690730 240
1690740 240
1690750 240
1690760 240
1690770 240
1690780 240
1690790 240
1690800 240
1690810 240
1690820 240
1690830 240
1690840 240
1690850 239
1690860 239
1690870 239
1690880 239
1690890 238
1690900 238
1690910 238
1690920 237
1690930 237
1690940 237
1690950 236
1690960 236
1690970 236
1690980 236
1690990 236
1691000 235
1691010 235
1691020 235
1691030 235
1691040 235
1691050 236
1691060 236
1691070 236
1691080 236
1691090 236
1691100 236
1691110 236
1691120 237
1691130 237
1691140 237
1691150 237
1691160 237
1691170 238
1691180 238
1691190 238
1691200 239
1691210 240
1691220 240
1691230 240
1691240 240
1691250 240
1691260 240
1691270 241
1691280 241
1691290 241
1691300 241
1691310 241
1691320 241
1691330 240
1691340 240
1691350 240
1691360 240
1691370 240
1691380 240
1691390 240
1691400 240
1691410 240
1691420 240
1691430 240
1691440 240
1691450 240
1691460 240
1691470 240
1691480 240
1691490 240
1691500 240
1691510 240
1691520 240
1691530 240
1691540 240
1691550 240
1691560 240
1691570 240
1691580 240
1691590 240
1691600 240
1691610 240
1691620 240
1691630 240
1691640 240
1691650 240
1691660 240
1691670 240
1691680 240
1691690 240
1691700 240
1691710 240
1691720 240
1691730 240
1691740 240
1691750 240
1691760 240
1691770 240
1691780 240
1691790 240
1691800 240
1691810 240
1691820 240
1691830 240
1691840 240
1691850 240
1691860 240
1691870 240
1691880 240
1691890 240
1691900 240
1691910 240
1691920 240
1691930 240
1691940 240
1691950 240
1691960 240
1691970 240
1691980 240
1691990 240
1692000 240
1692010 240
1692020 240
1692030 240
1692040 239
1692050 238
1692060 238
1692070 239
1692080 239
1692090 240
1692100 241
1692110 242
1692120 243
1692130 244
1692140 244
1692150 244
1692160 245
1692170 245
1692180 245
1692190 245
1692200 245
1692210 245
1692220 244
1692230 244
1692240 244
1692250 244
1692260 243
1692270 243
1692280 243
1692290 243
1692300 242
1692310 242
1692320 242
1692330 242
1692340 242
1692350 242
1692360 242
1692370 242
1692380 242
1692390 243
1692400 243
1692410 243
1692420 243
1692430 243
1692440 243
1692450 243
1692460 243
1692470 243
1692480 243
1692490 243
1692500 243
1692510 242
1692520 242
1692530 242
1692540 242
1692550 242
1692560 242
1692570 242
1692580 242
1692590 242
1692600 242
1692610 242
1692620 243
1692630 243
1692640 243
1692650 244
1692660 245
1692670 245
1692680 246
1692690 247
1692700 248
1692710 249
1692720 250
1692730 251
1692740 252
1692750 253
1692760 253
1692770 254
1692780 255
1692790 256
1692800 257
1692810 258
1692820 259
1692830 260
1692840 260
1692850 261
1692860 262
1692870 263
1692880 264
1692890 265
1692900 267
1692910 268
1692920 269
1692930 270
1692940 271
1692950 271
1692960 272
1692970 273
1692980 272
1692990 271
1693000 273
1693010 275
1693020 277
1693030 278
1693040 279
1693050 280
1693060 280
1693070 281
1693080 282
1693090 282
1693100 283
1693110 284
1693120 285
1693130 285
1693140 286
1693150 286
1693160 287
1693170 287
1693180 288
1693190 288
1693200 289
1693210 289
1693220 290
1693230 290
1693240 291
1693250 292
1693260 293
1693270 293
1693280 294
1693290 294
1693300 295
1693310 296
1693320 296
1693330 297
1693340 297
1693350 298
1693360 298
1693370 299
1693380 299
1693390 300
1693400 300
1693410 300
1693420 301
1693430 301
1693440 302
1693450 302
1693460 302
1693470 303
1693480 303
1693490 303
1693500 303
1693510 303
1693520 304
1693530 304
1693540 304
1693550 304
1693560 303
1693570 303
1693580 303
1693590 303
1693600 303
1693610 303
1693620 303
1693630 303
1693640 302
1693650 302
1693660 301
1693670 301
1693680 301
1693690 301
1693700 301
1693710 301
1693720 300
1693730 300
1693740 300
1693750 300
1693760 299
1693770 298
1693780 298
1693790 297
1693800 296
1693810 295
1693820 293
1693830 292
1693840 291
1693850 290
1693860 290
1693870 288
1693880 287
1693890 287
1693900 286
1693910 285
1693920 283
1693930 281
1693940 280
1693950 279
1693960 278
1693970 278
1693980 278
1693990 279
1694000 279
1694010 279
1694020 280
1694030 280
1694040 280
1694050 281
1694060 281
1694070 281
1694080 282
1694090 282
1694100 282
1694110 283
1694120 284
1694130 286
1694140 287
1694150 287
1694160 288
1694170 288
1694180 289
1694190 289
1694200 290
1694210 290
1694220 291
1694230 291
1694240 292
1694250 293
1694260 293
1694270 294
1694280 294
1694290 295
1694300 296
1694310 296
1694320 297
1694330 297
1694340 298
1694350 299
1694360 299
1694370 300
1694380 301
1694390 301
1694400 302
1694410 302
1694420 303
1694430 303
1694440 304
1694450 304
1694460 304
1694470 305
1694480 305
1694490 305
1694500 305
1694510 306
1694520 306
1694530 306
1694540 306
1694550 307
1694560 307
1694570 307
1694580 307
1694590 308
1694600 308
1694610 308
1694620 308
1694630 309
1694640 309
1694650 309
1694660 310
1694670 310
1694680 310
1694690 310
1694700 311
1694710 311
1694720 311
1694730 312
1694740 312
1694750 312
1694760 312
1694770 313
1694780 313
1694790 313
1694800 313
1694810 314
1694820 314
1694830 314
1694840 314
1694850 315
1694860 315
1694870 315
1694880 315
1694890 315
1694900 316
1694910 316
1694920 316
1694930 316
1694940 316
1694950 316
1694960 317
1694970 317
1694980 317
1694990 317
1695000 317
1695010 317
1695020 317
1695030 317
1695040 317
1695050 317
1695060 317
1695070 317
1695080 317
1695090 317
1695100 317
1695110 317
1695120 317
1695130 317
1695140 317
1695150 317
1695160 317
1695170 317
1695180 317
1695190 317
1695200 317
1695210 317
1695220 317
1695230 317
1695240 316
1695250 316
1695260 316
1695270 316
1695280 316
1695290 316
1695300 316
1695310 316
1695320 316
1695330 316
1695340 316
1695350 316
1695360 316
1695370 315
1695380 315
1695390 315
1695400 315
1695410 315
1695420 315
1695430 315
1695440 314
1695450 314
1695460 314
1695470 314
1695480 314
1695490 313
1695500 313
1695510 313
1695520 313
1695530 313
1695540 313
1695550 313
1695560 312
1695570 312
1695580 312
1695590 312
1695600 312
1695610 311
1695620 311
1695630 311
1695640 310
1695650 310
1695660 310
1695670 309
1695680 309
1695690 308
1695700 308
1695710 307
1695720 307
1695730 306
1695740 306
1695750 305
1695760 305
1695770 304
1695780 304
1695790 303
1695800 302
1695810 302
1695820 301
1695830 301
1695840 300
1695850 300
1695860 299
1695870 299
1695880 298
1695890 298
1695900 298
1695910 297
1695920 297
1695930 296
1695940 296
1695950 296
1695960 295
1695970 295
1695980 295
1695990 295
1696000 295
1696010 294
1696020 294
1696030 293
1696040 293
1696050 292
1696060 291
1696070 290
1696080 289
1696090 288
1696100 287
1696110 287
1696120 286
1696130 286
1696140 285
1696150 285
1696160 285
1696170 284
1696180 284
1696190 284
1696200 284
1696210 284
1696220 284
1696230 284
1696240 284
1696250 284
1696260 283
1696270 283
1696280 283
1696290 282
1696300 282
1696310 281
1696320 281
1696330 280
1696340 279
1696350 278
1696360 278
1696370 277
1696380 276
1696390 275
1696400 274
1696410 273
1696420 273
1696430 273
1696440 273
1696450 274
1696460 275
1696470 276
1696480 277
1696490 279
1696500 280
1696510 281
1696520 283
1696530 284
1696540 285
1696550 287
1696560 288
1696570 289
1696580 290
1696590 291
1696600 293
1696610 294
1696620 295
1696630 295
1696640 296
1696650 296
1696660 297
1696670 298
1696680 298
1696690 299
1696700 299
1696710 300
1696720 300
1696730 301
1696740 301
1696750 302
1696760 302
1696770 302
1696780 302
1696790 303
1696800 303
1696810 303
1696820 303
1696830 304
1696840 304
1696850 304
1696860 304
1696870 304
1696880 303
1696890 303
1696900 303
1696910 303
1696920 303
1696930 302
1696940 302
1696950 301
1696960 301
1696970 300
1696980 299
1696990 299
1697000 298
1697010 297
1697020 295
1697030 293
1697040 291
1697050 289
1697060 287
1697070 287
1697080 287
1697090 287
1697100 287
1697110 288
1697120 288
1697130 289
1697140 289
1697150 290
1697160 290
1697170 291
1697180 291
1697190 291
1697200 291
1697210 291
1697220 292
1697230 292
1697240 292
1697250 293
1697260 293
1697270 293
1697280 293
1697290 293
1697300 294
1697310 294
1697320 295
1697330 295
1697340 296
1697350 296
1697360 297
1697370 297
1697380 298
1697390 299
1697400 299
1697410 299
1697420 300
1697430 300
1697440 301
1697450 301
1697460 302
1697470 302
1697480 302
1697490 303
1697500 303
1697510 303
1697520 303
1697530 303
1697540 304
1697550 304
1697560 304
1697570 304
1697580 304
1697590 304
1697600 304
1697610 304
1697620 304
1697630 305
1697640 305
1697650 305
1697660 306
1697670 306
1697680 306
1697690 306
1697700 307
1697710 307
1697720 307
1697730 307
1697740 307
1697750 307
1697760 307
1697770 307
1697780 307
1697790 307
1697800 307
1697810 307
1697820 307
1697830 307
1697840 307
1697850 307
1697860 307
1697870 306
1697880 306
1697890 306
1697900 306
1697910 306
1697920 305
1697930 305
1697940 305
1697950 305
1697960 304
1697970 304
1697980 303
1697990 303
1698000 303
1698010 302
1698020 302
1698030 301
1698040 300
1698050 299
1698060 298
1698070 296
1698080 293
1698090 291
1698100 289
1698110 287
1698120 286
1698130 284
1698140 283
1698150 281
1698160 280
1698170 280
1698180 279
1698190 278
1698200 277
1698210 276
1698220 276
1698230 275
1698240 275
1698250 275
1698260 275
1698270 274
1698280 274
1698290 274
1698300 274
1698310 274
1698320 274
1698330 275
1698340 275
1698350 276
1698360 277
1698370 277
1698380 278
1698390 278
1698400 277
1698410 277
1698420 276
1698430 276
1698440 275
1698450 274
1698460 274
1698470 272
1698480 272
1698490 271
1698500 270
1698510 270
1698520 269
1698530 268
1698540 267
1698550 267
1698560 266
1698570 266
1698580 266
1698590 265
1698600 265
1698610 265
1698620 263
1698630 261
1698640 260
1698650 258
1698660 257
1698670 255
1698680 253
1698690 252
1698700 251
1698710 250
1698720 249
1698730 248
1698740 247
1698750 246
1698760 245
1698770 244
1698780 243
1698790 242
1698800 241
1698810 241
1698820 240
1698830 239
1698840 238
1698850 237
1698860 237
1698870 236
1698880 235
1698890 235
1698900 234
1698910 234
1698920 233
1698930 232
1698940 232
1698950 231
1698960 230
1698970 229
1698980 228
1698990 227
1699000 226
1699010 226
1699020 225
1699030 224
1699040 224
1699050 223
1699060 223
1699070 223
1699080 222
1699090 222
1699100 222
1699110 222
1699120 222
1699130 222
1699140 222
1699150 222
1699160 222
1699170 222
1699180 222
1699190 222
1699200 222
1699210 222
1699220 222
1699230 222
1699240 222
1699250 222
1699260 222
1699270 222
1699280 222
1699290 222
1699300 222
1699310 222
1699320 222
1699330 222
1699340 222
1699350 222
1699360 222
1699370 222
1699380 222
1699390 222
1699400 222
1699410 222
1699420 222
1699430 222
1699440 222
1699450 221
1699460 221
1699470 221
1699480 221
1699490 222
1699500 222
1699510 222
1699520 223
1699530 223
1699540 223
1699550 222
1699560 222
1699570 222
1699580 222
1699590 222
1699600 222
1699610 222
1699620 222
1699630 222
1699640 221
1699650 221
1699660 221
1699670 221
1699680 221
1699690 221
1699700 221
1699710 221
1699720 221
1699730 221
1699740 221
1699750 221
1699760 221
1699770 221
1699780 221
1699790 221
1699800 221
1699810 221
1699820 221
1699830 221
1699840 221
1699850 221
1699860 221
1699870 221
1699880 221
1699890 221
1699900 220
1699910 220
1699920 219
1699930 219
1699940 219
1699950 219
1699960 219
1699970 220
1699980 220
1699990 220
