1680000 293
1680010 293
1680020 293
1680030 294
1680040 294
1680050 294
1680060 294
1680070 294
1680080 294
1680090 294
1680100 294
1680110 294
1680120 293
1680130 293
1680140 292
1680150 291
1680160 290
1680170 290
1680180 289
1680190 289
1680200 290
1680210 290
1680220 291
1680230 291
1680240 291
1680250 291
1680260 291
1680270 290
1680280 290
1680290 289
1680300 289
1680310 289
1680320 288
1680330 288
1680340 288
1680350 287
1680360 287
1680370 286
1680380 285
1680390 284
1680400 283
1680410 283
1680420 283
1680430 282
1680440 282
1680450 282
1680460 282
1680470 281
1680480 281
1680490 281
1680500 281
1680510 281
1680520 281
1680530 280
1680540 279
1680550 279
1680560 278
1680570 277
1680580 277
1680590 276
1680600 276
1680610 275
1680620 275
1680630 275
1680640 274
1680650 273
1680660 273
1680670 272
1680680 272
1680690 272
1680700 272
1680710 272
1680720 272
1680730 272
1680740 272
1680750 272
1680760 272
1680770 272
1680780 271
1680790 271
1680800 271
1680810 271
1680820 271
1680830 270
1680840 270
1680850 270
1680860 269
1680870 269
1680880 269
1680890 268
1680900 268
1680910 268
1680920 268
1680930 268
1680940 268
1680950 268
1680960 268
1680970 268
1680980 268
1680990 268
1681000 267
1681010 267
1681020 267
1681030 267
1681040 267
1681050 267
1681060 267
1681070 267
1681080 266
1681090 266
1681100 266
1681110 266
1681120 265
1681130 265
1681140 265
1681150 265
1681160 264
1681170 264
1681180 264
1681190 263
1681200 263
1681210 263
1681220 262
1681230 262
1681240 262
1681250 261
1681260 261
1681270 261
1681280 260
1681290 259
1681300 258
1681310 256
1681320 254
1681330 252
1681340 250
1681350 247
1681360 244
1681370 241
1681380 238
1681390 236
1681400 235
1681410 235
1681420 234
1681430 234
1681440 234
1681450 233
1681460 234
1681470 234
1681480 234
1681490 233
1681500 233
1681510 233
1681520 232
1681530 232
1681540 233
1681550 234
1681560 234
1681570 234
1681580 231
1681590 230
1681600 229
1681610 229
1681620 228
1681630 227
1681640 226
1681650 226
1681660 225
1681670 223
1681680 221
1681690 220
1681700 219
1681710 219
1681720 218
1681730 218
1681740 218
1681750 218
1681760 218
1681770 218
1681780 217
1681790 217
1681800 217
1681810 217
1681820 216
1681830 216
1681840 216
1681850 216
1681860 216
1681870 215
1681880 214
1681890 214
1681900 214
1681910 214
1681920 214
1681930 214
1681940 214
1681950 214
1681960 214
1681970 214
1681980 214
1681990 214
1682000 214
1682010 214
1682020 214
1682030 214
1682040 214
1682050 214
1682060 214
1682070 214
1682080 214
1682090 214
1682100 214
1682110 214
1682120 214
1682130 214
1682140 214
1682150 214
1682160 214
1682170 214
1682180 214
1682190 214
1682200 214
1682210 214
1682220 214
1682230 214
1682240 214
1682250 214
1682260 214
1682270 214
1682280 214
1682290 214
1682300 214
1682310 214
1682320 214
1682330 214
1682340 214
1682350 214
1682360 215
1682370 216
1682380 218
1682390 218
1682400 218
1682410 218
1682420 218
1682430 218
1682440 218
1682450 218
1682460 218
1682470 218
1682480 218
1682490 220
1682500 221
1682510 220
1682520 218
1682530 217
1682540 217
1682550 217
1682560 218
1682570 218
1682580 218
1682590 218
1682600 218
1682610 219
1682620 219
1682630 219
1682640 220
1682650 220
1682660 221
1682670 222
1682680 223
1682690 224
1682700 225
1682710 226
1682720 228
1682730 230
1682740 231
1682750 233
1682760 235
1682770 236
1682780 237
1682790 238
1682800 239
1682810 240
1682820 241
1682830 242
1682840 243
1682850 244
1682860 246
1682870 246
1682880 248
1682890 249
1682900 249
1682910 250
1682920 250
1682930 250
1682940 250
1682950 250
1682960 251
1682970 251
1682980 251
1682990 252
1683000 252
1683010 252
1683020 253
1683030 253
1683040 253
1683050 254
1683060 254
1683070 255
1683080 255
1683090 255
1683100 256
1683110 256
1683120 256
1683130 257
1683140 257
1683150 257
1683160 257
1683170 258
1683180 258
1683190 258
1683200 259
1683210 259
1683220 260
1683230 260
1683240 260
1683250 261
1683260 261
1683270 261
1683280 262
1683290 262
1683300 262
1683310 263
1683320 263
1683330 263
1683340 264
1683350 265
1683360 265
1683370 265
1683380 266
1683390 267
1683400 267
1683410 268
1683420 268
1683430 269
1683440 269
1683450 270
1683460 270
1683470 271
1683480 271
1683490 272
1683500 272
1683510 272
1683520 273
1683530 273
1683540 274
1683550 274
1683560 275
1683570 275
1683580 276
1683590 276
1683600 276
1683610 277
1683620 277
1683630 278
1683640 278
1683650 279
1683660 279
1683670 280
1683680 280
1683690 281
1683700 282
1683710 282
1683720 283
1683730 283
1683740 284
1683750 285
1683760 285
1683770 286
1683780 287
1683790 288
1683800 289
1683810 289
1683820 290
1683830 291
1683840 291
1683850 292
1683860 292
1683870 292
1683880 292
1683890 293
1683900 293
1683910 293
1683920 293
1683930 293
1683940 293
1683950 292
1683960 292
1683970 291
1683980 291
1683990 290
1684000 290
1684010 289
1684020 289
1684030 288
1684040 288
1684050 287
1684060 287
1684070 287
1684080 287
1684090 286
1684100 285
1684110 284
1684120 284
1684130 283
1684140 283
1684150 284
1684160 286
1684170 287
1684180 288
1684190 289
1684200 290
1684210 291
1684220 292
1684230 293
1684240 294
1684250 295
1684260 295
1684270 296
1684280 297
1684290 298
1684300 298
1684310 299
1684320 300
1684330 300
1684340 301
1684350 302
1684360 302
1684370 303
1684380 303
1684390 304
1684400 304
1684410 305
1684420 305
1684430 306
1684440 306
1684450 307
1684460 307
1684470 307
1684480 308
1684490 308
1684500 308
1684510 309
1684520 309
1684530 310
1684540 310
1684550 310
1684560 310
1684570 310
1684580 310
1684590 310
1684600 310
1684610 310
1684620 310
1684630 310
1684640 309
1684650 309
1684660 308
1684670 308
1684680 307
1684690 306
1684700 306
1684710 305
1684720 304
1684730 303
1684740 302
1684750 301
1684760 300
1684770 299
1684780 297
1684790 296
1684800 295
1684810 293
1684820 292
1684830 291
1684840 289
1684850 288
1684860 287
1684870 287
1684880 288
1684890 288
1684900 289
1684910 289
1684920 288
1684930 288
1684940 287
1684950 288
1684960 288
1684970 288
1684980 288
1684990 288
1685000 288
1685010 288
1685020 287
1685030 287
1685040 287
1685050 287
1685060 288
1685070 289
1685080 289
1685090 288
1685100 288
1685110 287
1685120 286
1685130 285
1685140 284
1685150 283
1685160 282
1685170 282
1685180 282
1685190 282
1685200 281
1685210 281
1685220 281
1685230 280
1685240 280
1685250 279
1685260 278
1685270 277
1685280 277
1685290 276
1685300 276
1685310 276
1685320 277
1685330 278
1685340 279
1685350 279
1685360 280
1685370 280
1685380 280
1685390 281
1685400 281
1685410 281
1685420 282
1685430 282
1685440 283
1685450 284
1685460 285
1685470 286
1685480 286
1685490 287
1685500 287
1685510 288
1685520 288
1685530 289
1685540 289
1685550 289
1685560 290
1685570 290
1685580 291
1685590 292
1685600 292
1685610 293
1685620 294
1685630 294
1685640 295
1685650 295
1685660 295
1685670 296
1685680 296
1685690 297
1685700 298
1685710 299
1685720 299
1685730 300
1685740 301
1685750 302
1685760 303
1685770 303
1685780 304
1685790 305
1685800 306
1685810 306
1685820 307
1685830 307
1685840 308
1685850 309
1685860 309
1685870 310
1685880 311
1685890 311
1685900 311
1685910 312
1685920 313
1685930 313
1685940 313
1685950 314
1685960 314
1685970 314
1685980 315
1685990 315
1686000 315
1686010 315
1686020 316
1686030 316
1686040 316
1686050 316
1686060 316
1686070 316
1686080 316
1686090 316
1686100 316
1686110 316
1686120 317
1686130 317
1686140 317
1686150 317
1686160 317
1686170 317
1686180 317
1686190 317
1686200 317
1686210 317
1686220 317
1686230 317
1686240 317
1686250 317
1686260 317
1686270 317
1686280 317
1686290 317
1686300 317
1686310 317
1686320 317
1686330 317
1686340 317
1686350 317
1686360 317
1686370 317
1686380 317
1686390 317
1686400 317
1686410 317
1686420 317
1686430 317
1686440 317
1686450 317
1686460 317
1686470 317
1686480 317
1686490 317
1686500 317
1686510 317
1686520 317
1686530 317
1686540 317
1686550 317
1686560 317
1686570 316
1686580 316
1686590 316
1686600 316
1686610 316
1686620 316
1686630 316
1686640 316
1686650 316
1686660 316
1686670 316
1686680 316
1686690 316
1686700 316
1686710 316
1686720 316
1686730 316
1686740 316
1686750 316
1686760 316
1686770 315
1686780 315
1686790 315
1686800 316
1686810 316
1686820 316
1686830 315
1686840 315
1686850 315
1686860 315
1686870 315
1686880 315
1686890 315
1686900 315
1686910 315
1686920 315
1686930 315
1686940 315
1686950 315
1686960 315
1686970 315
1686980 315
1686990 315
1687000 315
1687010 315
1687020 315
1687030 315
1687040 314
1687050 314
1687060 314
1687070 314
1687080 314
1687090 314
1687100 313
1687110 313
1687120 313
1687130 312
1687140 311
1687150 311
1687160 310
1687170 310
1687180 310
1687190 309
1687200 309
1687210 308
1687220 308
1687230 307
1687240 307
1687250 307
1687260 307
1687270 306
1687280 306
1687290 306
1687300 306
1687310 305
1687320 304
1687330 303
1687340 302
1687350 300
1687360 299
1687370 298
1687380 298
1687390 298
1687400 299
1687410 299
1687420 299
1687430 299
1687440 299
1687450 299
1687460 298
1687470 297
1687480 297
1687490 297
1687500 299
1687510 301
1687520 302
1687530 303
1687540 303
1687550 304
1687560 304
1687570 305
1687580 305
1687590 305
1687600 306
1687610 306
1687620 306
1687630 306
1687640 307
1687650 307
1687660 307
1687670 307
1687680 307
1687690 307
1687700 307
1687710 307
1687720 307
1687730 307
1687740 307
1687750 307
1687760 306
1687770 306
1687780 306
1687790 306
1687800 306
1687810 306
1687820 307
1687830 307
1687840 307
1687850 307
1687860 307
1687870 307
1687880 307
1687890 307
1687900 306
1687910 306
1687920 306
1687930 306
1687940 306
1687950 306
1687960 306
1687970 306
1687980 306
1687990 306
1688000 306
1688010 306
1688020 305
1688030 305
1688040 305
1688050 305
1688060 304
1688070 304
1688080 304
1688090 303
1688100 303
1688110 302
1688120 302
1688130 302
1688140 301
1688150 301
1688160 300
1688170 300
1688180 299
1688190 299
1688200 298
1688210 298
1688220 297
1688230 297
1688240 296
1688250 296
1688260 295
1688270 295
1688280 295
1688290 294
1688300 294
1688310 293
1688320 293
1688330 293
1688340 292
1688350 292
1688360 291
1688370 291
1688380 290
1688390 289
1688400 289
1688410 288
1688420 288
1688430 288
1688440 287
1688450 287
1688460 286
1688470 286
1688480 285
1688490 285
1688500 284
1688510 284
1688520 283
1688530 283
1688540 283
1688550 282
1688560 282
1688570 281
1688580 280
1688590 280
1688600 279
1688610 280
1688620 279
1688630 279
1688640 279
1688650 278
1688660 278
1688670 277
1688680 277
1688690 277
1688700 276
1688710 276
1688720 275
1688730 275
1688740 274
1688750 274
1688760 273
1688770 272
1688780 271
1688790 270
1688800 271
1688810 271
1688820 271
1688830 271
1688840 271
1688850 270
1688860 270
1688870 270
1688880 269
1688890 269
1688900 268
1688910 268
1688920 267
1688930 267
1688940 266
1688950 265
1688960 265
1688970 264
1688980 263
1688990 262
1689000 261
1689010 260
1689020 259
1689030 258
1689040 257
1689050 256
1689060 255
1689070 254
1689080 253
1689090 252
1689100 251
1689110 249
1689120 248
1689130 246
1689140 244
1689150 243
1689160 243
1689170 242
1689180 242
1689190 241
1689200 240
1689210 239
1689220 239
1689230 238
1689240 237
1689250 236
1689260 234
1689270 233
1689280 231
1689290 230
1689300 230
1689310 230
1689320 230
1689330 229
1689340 229
1689350 229
1689360 229
1689370 229
1689380 230
1689390 230
1689400 231
1689410 231
1689420 232
1689430 231
1689440 231
1689450 230
1689460 229
1689470 228
1689480 227
1689490 226
1689500 226
1689510 226
1689520 225
1689530 225
1689540 225
1689550 224
1689560 224
1689570 224
1689580 223
1689590 223
1689600 222
1689610 222
1689620 222
1689630 222
1689640 222
1689650 222
1689660 222
1689670 221
1689680 221
1689690 221
1689700 221
1689710 221
1689720 221
1689730 221
1689740 221
1689750 221
1689760 221
1689770 220
1689780 220
1689790 220
1689800 220
1689810 220
1689820 220
1689830 220
1689840 219
1689850 219
1689860 219
1689870 219
1689880 219
1689890 219
1689900 219
1689910 219
1689920 219
1689930 219
1689940 219
1689950 219
1689960 218
1689970 218
1689980 218
1689990 218
1690000 218
1690010 218
1690020 218
1690030 218
1690040 218
1690050 218
1690060 218
1690070 218
1690080 218
1690090 218
1690100 218
1690110 218
1690120 218
1690130 218
1690140 218
1690150 218
1690160 218
1690170 219
1690180 219
1690190 219
1690200 219
1690210 219
1690220 218
1690230 218
1690240 218
1690250 218
1690260 218
1690270 218
1690280 217
1690290 216
1690300 215
1690310 214
1690320 214
1690330 214
1690340 214
1690350 214
1690360 214
1690370 216
1690380 217
1690390 218
1690400 219
1690410 218
1690420 218
1690430 218
1690440 218
1690450 218
1690460 218
1690470 218
1690480 218
1690490 217
1690500 217
1690510 217
1690520 217
1690530 217
1690540 217
1690550 218
1690560 218
1690570 219
1690580 219
1690590 218
1690600 218
1690610 218
1690620 219
1690630 221
1690640 224
1690650 227
1690660 228
1690670 229
1690680 229
1690690 229
1690700 229
1690710 229
1690720 229
1690730 229
1690740 229
1690750 229
1690760 229
1690770 229
1690780 229
1690790 229
1690800 229
1690810 230
1690820 230
1690830 230
1690840 230
1690850 230
1690860 230
1690870 231
1690880 231
1690890 231
1690900 231
1690910 231
1690920 231
1690930 232
1690940 232
1690950 232
1690960 232
1690970 233
1690980 233
1690990 233
1691000 233
1691010 233
1691020 234
1691030 234
1691040 234
1691050 234
1691060 234
1691070 234
1691080 234
1691090 234
1691100 235
1691110 235
1691120 235
1691130 235
1691140 235
1691150 235
1691160 235
1691170 235
1691180 235
1691190 236
1691200 235
1691210 235
1691220 235
1691230 235
1691240 235
1691250 235
1691260 235
1691270 234
1691280 234
1691290 234
1691300 234
1691310 234
1691320 234
1691330 234
1691340 234
1691350 232
1691360 232
1691370 232
1691380 235
1691390 236
1691400 236
1691410 236
1691420 236
1691430 236
1691440 236
1691450 236
1691460 236
1691470 236
1691480 236
1691490 236
1691500 236
1691510 236
1691520 236
1691530 236
1691540 236
1691550 236
1691560 236
1691570 236
1691580 236
1691590 236
1691600 236
1691610 235
1691620 235
1691630 235
1691640 235
1691650 235
1691660 235
1691670 235
1691680 234
1691690 234
1691700 234
1691710 234
1691720 234
1691730 234
1691740 234
1691750 233
1691760 233
1691770 233
1691780 233
1691790 231
1691800 228
1691810 225
1691820 221
1691830 218
1691840 217
1691850 217
1691860 216
1691870 216
1691880 216
1691890 216
1691900 216
1691910 216
1691920 216
1691930 216
1691940 217
1691950 217
1691960 217
1691970 217
1691980 217
1691990 216
1692000 216
1692010 216
1692020 216
1692030 216
1692040 216
1692050 216
1692060 216
1692070 216
1692080 216
1692090 216
1692100 216
1692110 216
1692120 216
1692130 216
1692140 216
1692150 216
1692160 216
1692170 216
1692180 216
1692190 216
1692200 216
1692210 216
1692220 217
1692230 217
1692240 217
1692250 216
1692260 216
1692270 216
1692280 216
1692290 216
1692300 216
1692310 216
1692320 216
1692330 216
1692340 216
1692350 216
1692360 216
1692370 216
1692380 216
1692390 216
1692400 216
1692410 216
1692420 216
1692430 216
1692440 216
1692450 216
1692460 216
1692470 216
1692480 216
1692490 217
1692500 217
1692510 217
1692520 217
1692530 216
1692540 216
1692550 216
1692560 216
1692570 216
1692580 216
1692590 216
1692600 215
1692610 215
1692620 215
1692630 215
1692640 215
1692650 215
1692660 215
1692670 215
1692680 215
1692690 215
1692700 215
1692710 215
1692720 215
1692730 215
1692740 215
1692750 215
1692760 215
1692770 215
1692780 215
1692790 215
1692800 215
1692810 215
1692820 215
1692830 215
1692840 215
1692850 215
1692860 216
1692870 216
1692880 216
1692890 216
1692900 216
1692910 216
1692920 216
1692930 216
1692940 216
1692950 216
1692960 216
1692970 217
1692980 217
1692990 217
1693000 217
1693010 216
1693020 216
1693030 216
1693040 216
1693050 216
1693060 216
1693070 216
1693080 216
1693090 216
1693100 216
1693110 217
1693120 217
1693130 217
1693140 217
1693150 217
1693160 217
1693170 216
1693180 216
1693190 216
1693200 216
1693210 216
1693220 216
1693230 216
1693240 216
1693250 215
1693260 215
1693270 215
1693280 215
1693290 215
1693300 215
1693310 215
1693320 215
1693330 215
1693340 215
1693350 215
1693360 215
1693370 215
1693380 215
1693390 216
1693400 216
1693410 216
1693420 216
1693430 216
1693440 216
1693450 216
1693460 216
1693470 216
1693480 216
1693490 216
1693500 216
1693510 216
1693520 215
1693530 215
1693540 215
1693550 215
1693560 215
1693570 215
1693580 215
1693590 215
1693600 215
1693610 215
1693620 215
1693630 216
1693640 216
1693650 215
1693660 215
1693670 215
1693680 215
1693690 215
1693700 215
1693710 215
1693720 215
1693730 215
1693740 215
1693750 215
1693760 215
1693770 215
1693780 215
1693790 215
1693800 215
1693810 215
1693820 215
1693830 214
1693840 214
1693850 214
1693860 214
1693870 214
1693880 214
1693890 214
1693900 214
1693910 214
1693920 215
1693930 215
1693940 215
1693950 215
1693960 215
1693970 215
1693980 215
1693990 215
1694000 215
1694010 215
1694020 215
1694030 215
1694040 215
1694050 215
1694060 215
1694070 215
1694080 215
1694090 215
1694100 215
1694110 215
1694120 215
1694130 215
1694140 215
1694150 215
1694160 215
1694170 215
1694180 215
1694190 215
1694200 215
1694210 215
1694220 215
1694230 215
1694240 215
1694250 216
1694260 216
1694270 216
1694280 216
1694290 216
1694300 216
1694310 216
1694320 217
1694330 217
1694340 217
1694350 218
1694360 218
1694370 218
1694380 219
1694390 219
1694400 219
1694410 219
1694420 219
1694430 219
1694440 219
1694450 219
1694460 219
1694470 219
1694480 219
1694490 219
1694500 219
1694510 219
1694520 219
1694530 219
1694540 219
1694550 219
1694560 220
1694570 220
1694580 221
1694590 221
1694600 221
1694610 221
1694620 221
1694630 221
1694640 221
1694650 222
1694660 222
1694670 222
1694680 222
1694690 223
1694700 223
1694710 224
1694720 224
1694730 224
1694740 225
1694750 225
1694760 226
1694770 226
1694780 226
1694790 227
1694800 227
1694810 228
1694820 228
1694830 229
1694840 230
1694850 231
1694860 232
1694870 233
1694880 234
1694890 234
1694900 235
1694910 236
1694920 237
1694930 238
1694940 239
1694950 240
1694960 240
1694970 241
1694980 242
1694990 242
1695000 243
1695010 244
1695020 245
1695030 245
1695040 246
1695050 246
1695060 246
1695070 246
1695080 246
1695090 245
1695100 245
1695110 244
1695120 242
1695130 241
1695140 240
1695150 240
1695160 240
1695170 240
1695180 240
1695190 241
1695200 241
1695210 241
1695220 241
1695230 242
1695240 242
1695250 243
1695260 243
1695270 242
1695280 242
1695290 242
1695300 242
1695310 242
1695320 242
1695330 242
1695340 243
1695350 243
1695360 243
1695370 243
1695380 243
1695390 243
1695400 244
1695410 244
1695420 245
1695430 245
1695440 245
1695450 245
1695460 245
1695470 245
1695480 245
1695490 245
1695500 245
1695510 245
1695520 245
1695530 245
1695540 245
1695550 245
1695560 245
1695570 245
1695580 245
1695590 245
1695600 245
1695610 245
1695620 245
1695630 244
1695640 244
1695650 244
1695660 244
1695670 244
1695680 244
1695690 244
1695700 244
1695710 243
1695720 243
1695730 243
1695740 243
1695750 243
1695760 242
1695770 242
1695780 242
1695790 242
1695800 242
1695810 242
1695820 242
1695830 242
1695840 241
1695850 241
1695860 241
1695870 240
1695880 239
1695890 238
1695900 239
1695910 240
1695920 240
1695930 241
1695940 240
1695950 240
1695960 240
1695970 240
1695980 240
1695990 240
1696000 240
1696010 241
1696020 241
1696030 241
1696040 241
1696050 241
1696060 242
1696070 242
1696080 242
1696090 242
1696100 242
1696110 243
1696120 243
1696130 243
1696140 243
1696150 243
1696160 243
1696170 243
1696180 243
1696190 243
1696200 243
1696210 243
1696220 243
1696230 243
1696240 243
1696250 243
1696260 243
1696270 243
1696280 243
1696290 243
1696300 243
1696310 243
1696320 243
1696330 243
1696340 243
1696350 243
1696360 243
1696370 243
1696380 243
1696390 243
1696400 243
1696410 243
1696420 243
1696430 243
1696440 243
1696450 243
1696460 242
1696470 242
1696480 242
1696490 242
1696500 242
1696510 242
1696520 242
1696530 243
1696540 243
1696550 243
1696560 243
1696570 243
1696580 244
1696590 244
1696600 244
1696610 244
1696620 244
1696630 244
1696640 244
1696650 244
1696660 245
1696670 245
1696680 245
1696690 245
1696700 244
1696710 244
1696720 244
1696730 244
1696740 244
1696750 244
1696760 244
1696770 244
1696780 244
1696790 244
1696800 244
1696810 244
1696820 243
1696830 243
1696840 243
1696850 243
1696860 243
1696870 243
1696880 242
1696890 242
1696900 242
1696910 241
1696920 241
1696930 241
1696940 240
1696950 239
1696960 239
1696970 238
1696980 238
1696990 237
1697000 236
1697010 234
1697020 233
1697030 232
1697040 231
1697050 229
1697060 227
1697070 226
1697080 227
1697090 228
1697100 228
1697110 229
1697120 229
1697130 231
1697140 232
1697150 233
1697160 235
1697170 236
1697180 236
1697190 236
1697200 237
1697210 237
1697220 237
1697230 237
1697240 237
1697250 237
1697260 237
1697270 236
1697280 236
1697290 235
1697300 234
1697310 232
1697320 231
1697330 229
1697340 228
1697350 227
1697360 227
1697370 228
1697380 228
1697390 229
1697400 231
1697410 232
1697420 234
1697430 234
1697440 235
1697450 235
1697460 236
1697470 236
1697480 237
1697490 238
1697500 238
1697510 239
1697520 239
1697530 239
1697540 240
1697550 240
1697560 240
1697570 240
1697580 240
1697590 240
1697600 240
1697610 240
1697620 240
1697630 240
1697640 240
1697650 239
1697660 239
1697670 239
1697680 238
1697690 238
1697700 237
1697710 237
1697720 236
1697730 235
1697740 234
1697750 233
1697760 230
1697770 230
1697780 231
1697790 232
1697800 233
1697810 234
1697820 234
1697830 235
1697840 235
1697850 236
1697860 236
1697870 236
1697880 237
1697890 237
1697900 238
1697910 238
1697920 238
1697930 239
1697940 240
1697950 242
1697960 243
1697970 244
1697980 245
1697990 246
1698000 246
1698010 247
1698020 247
1698030 248
1698040 248
1698050 248
1698060 248
1698070 248
1698080 248
1698090 248
1698100 247
1698110 246
1698120 245
1698130 244
1698140 244
1698150 243
1698160 243
1698170 243
1698180 243
1698190 244
1698200 244
1698210 245
1698220 245
1698230 245
1698240 246
1698250 247
1698260 248
1698270 248
1698280 249
1698290 249
1698300 249
1698310 249
1698320 249
1698330 249
1698340 249
1698350 248
1698360 248
1698370 248
1698380 247
1698390 247
1698400 248
1698410 249
1698420 250
1698430 251
1698440 252
1698450 253
1698460 254
1698470 255
1698480 255
1698490 255
1698500 256
1698510 256
1698520 256
1698530 256
1698540 257
1698550 257
1698560 257
1698570 258
1698580 258
1698590 259
1698600 260
1698610 260
1698620 261
1698630 261
1698640 262
1698650 262
1698660 262
1698670 263
1698680 263
1698690 264
1698700 264
1698710 264
1698720 265
1698730 265
1698740 265
1698750 266
1698760 266
1698770 266
1698780 267
1698790 267
1698800 267
1698810 267
1698820 268
1698830 268
1698840 268
1698850 269
1698860 269
1698870 269
1698880 269
1698890 269
1698900 269
1698910 270
1698920 270
1698930 270
1698940 270
1698950 271
1698960 271
1698970 271
1698980 271
1698990 271
1699000 271
1699010 272
1699020 272
1699030 272
1699040 272
1699050 272
1699060 273
1699070 273
1699080 273
1699090 273
1699100 274
1699110 274
1699120 274
1699130 274
1699140 274
1699150 274
1699160 274
1699170 275
1699180 275
1699190 275
1699200 275
1699210 275
1699220 276
1699230 276
1699240 276
1699250 276
1699260 276
1699270 276
1699280 276
1699290 276
1699300 276
1699310 276
1699320 276
1699330 276
1699340 275
1699350 275
1699360 275
1699370 275
1699380 274
1699390 274
1699400 273
1699410 273
1699420 272
1699430 271
1699440 271
1699450 270
1699460 270
1699470 270
1699480 270
1699490 269
1699500 269
1699510 268
1699520 267
1699530 266
1699540 265
1699550 264
1699560 264
1699570 263
1699580 262
1699590 262
1699600 261
1699610 261
1699620 260
1699630 259
1699640 259
1699650 258
1699660 257
1699670 256
1699680 256
1699690 255
1699700 255
1699710 254
1699720 254
1699730 254
1699740 255
1699750 255
1699760 255
1699770 255
1699780 256
1699790 256
1699800 257
1699810 257
1699820 257
1699830 258
1699840 258
1699850 259
1699860 259
1699870 259
1699880 259
1699890 259
1699900 259
1699910 259
1699920 259
1699930 258
1699940 258
1699950 258
1699960 258
1699970 257
1699980 257
1699990 257
