1680000 526
1680010 526
1680020 525
1680030 525
1680040 525
1680050 524
1680060 524
1680070 524
1680080 524
1680090 524
1680100 524
1680110 524
1680120 525
1680130 526
1680140 527
1680150 528
1680160 530
1680170 531
1680180 533
1680190 534
1680200 535
1680210 536
1680220 537
1680230 538
1680240 539
1680250 539
1680260 540
1680270 540
1680280 541
1680290 541
1680300 541
1680310 541
1680320 541
1680330 541
1680340 541
1680350 541
1680360 541
1680370 541
1680380 541
1680390 541
1680400 541
1680410 541
1680420 541
1680430 540
1680440 541
1680450 541
1680460 542
1680470 542
1680480 542
1680490 543
1680500 543
1680510 543
1680520 544
1680530 544
1680540 544
1680550 545
1680560 545
1680570 545
1680580 545
1680590 546
1680600 546
1680610 547
1680620 547
1680630 547
1680640 547
1680650 548
1680660 548
1680670 549
1680680 549
1680690 549
1680700 550
1680710 550
1680720 550
1680730 550
1680740 550
1680750 551
1680760 550
1680770 550
1680780 549
1680790 549
1680800 548
1680810 548
1680820 547
1680830 546
1680840 546
1680850 545
1680860 545
1680870 544
1680880 543
1680890 542
1680900 541
1680910 540
1680920 539
1680930 538
1680940 537
1680950 537
1680960 536
1680970 535
1680980 535
1680990 535
1681000 534
1681010 533
1681020 533
1681030 532
1681040 531
1681050 530
1681060 530
1681070 529
1681080 529
1681090 529
1681100 528
1681110 528
1681120 527
1681130 526
1681140 525
1681150 523
1681160 522
1681170 520
1681180 518
1681190 517
1681200 516
1681210 516
1681220 515
1681230 515
1681240 514
1681250 514
1681260 515
1681270 516
1681280 517
1681290 517
1681300 518
1681310 518
1681320 518
1681330 518
1681340 518
1681350 519
1681360 519
1681370 520
1681380 520
1681390 520
1681400 520
1681410 520
1681420 519
1681430 519
1681440 519
1681450 519
1681460 519
1681470 518
1681480 518
1681490 518
1681500 518
1681510 518
1681520 518
1681530 518
1681540 518
1681550 518
1681560 518
1681570 518
1681580 517
1681590 516
1681600 516
1681610 515
1681620 514
1681630 514
1681640 513
1681650 512
1681660 511
1681670 510
1681680 509
1681690 508
1681700 507
1681710 505
1681720 504
1681730 502
1681740 502
1681750 502
1681760 502
1681770 502
1681780 502
1681790 502
1681800 502
1681810 502
1681820 502
1681830 502
1681840 503
1681850 503
1681860 503
1681870 503
1681880 503
1681890 503
1681900 503
1681910 503
1681920 503
1681930 503
1681940 503
1681950 503
1681960 503
1681970 503
1681980 503
1681990 502
1682000 502
1682010 502
1682020 502
1682030 502
1682040 502
1682050 502
1682060 502
1682070 502
1682080 502
1682090 502
1682100 501
1682110 501
1682120 501
1682130 501
1682140 501
1682150 500
1682160 500
1682170 499
1682180 499
1682190 498
1682200 498
1682210 498
1682220 497
1682230 496
1682240 496
1682250 495
1682260 494
1682270 492
1682280 491
1682290 490
1682300 489
1682310 488
1682320 487
1682330 486
1682340 486
1682350 486
1682360 486
1682370 486
1682380 485
1682390 485
1682400 484
1682410 483
1682420 481
1682430 480
1682440 478
1682450 476
1682460 474
1682470 472
1682480 469
1682490 466
1682500 463
1682510 459
1682520 456
1682530 453
1682540 450
1682550 447
1682560 444
1682570 441
1682580 439
1682590 436
1682600 434
1682610 432
1682620 431
1682630 429
1682640 427
1682650 424
1682660 422
1682670 419
1682680 415
1682690 412
1682700 408
1682710 405
1682720 402
1682730 402
1682740 401
1682750 402
1682760 403
1682770 405
1682780 407
1682790 410
1682800 412
1682810 415
1682820 418
1682830 422
1682840 425
1682850 428
1682860 432
1682870 435
1682880 439
1682890 442
1682900 445
1682910 447
1682920 450
1682930 453
1682940 456
1682950 459
1682960 462
1682970 465
1682980 467
1682990 470
1683000 472
1683010 474
1683020 475
1683030 477
1683040 478
1683050 479
1683060 479
1683070 480
1683080 480
1683090 481
1683100 481
1683110 481
1683120 481
1683130 481
1683140 480
1683150 479
1683160 479
1683170 479
1683180 478
1683190 478
1683200 478
1683210 477
1683220 476
1683230 475
1683240 475
1683250 474
1683260 473
1683270 472
1683280 470
1683290 469
1683300 467
1683310 466
1683320 466
1683330 465
1683340 465
1683350 464
1683360 462
1683370 461
1683380 459
1683390 458
1683400 457
1683410 457
1683420 456
1683430 454
1683440 452
1683450 450
1683460 448
1683470 446
1683480 444
1683490 442
1683500 441
1683510 439
1683520 437
1683530 435
1683540 433
1683550 431
1683560 429
1683570 426
1683580 423
1683590 419
1683600 416
1683610 414
1683620 411
1683630 409
1683640 407
1683650 404
1683660 402
1683670 399
1683680 396
1683690 395
1683700 394
1683710 394
1683720 395
1683730 396
1683740 398
1683750 400
1683760 401
1683770 403
1683780 404
1683790 406
1683800 407
1683810 409
1683820 411
1683830 412
1683840 414
1683850 415
1683860 416
1683870 417
1683880 418
1683890 418
1683900 419
1683910 419
1683920 420
1683930 420
1683940 421
1683950 421
1683960 421
1683970 421
1683980 420
1683990 419
1684000 419
1684010 418
1684020 417
1684030 415
1684040 414
1684050 413
1684060 411
1684070 410
1684080 409
1684090 408
1684100 406
1684110 405
1684120 404
1684130 402
1684140 401
1684150 400
1684160 398
1684170 397
1684180 395
1684190 394
1684200 392
1684210 391
1684220 389
1684230 388
1684240 387
1684250 385
1684260 384
1684270 383
1684280 382
1684290 380
1684300 379
1684310 378
1684320 376
1684330 375
1684340 374
1684350 373
1684360 372
1684370 371
1684380 370
1684390 369
1684400 368
1684410 367
1684420 366
1684430 365
1684440 364
1684450 364
1684460 363
1684470 363
1684480 362
1684490 362
1684500 362
1684510 362
1684520 363
1684530 363
1684540 363
1684550 363
1684560 363
1684570 363
1684580 363
1684590 362
1684600 362
1684610 361
1684620 360
1684630 360
1684640 360
1684650 360
1684660 360
1684670 361
1684680 361
1684690 360
1684700 360
1684710 360
1684720 359
1684730 359
1684740 358
1684750 358
1684760 357
1684770 356
1684780 356
1684790 355
1684800 355
1684810 354
1684820 353
1684830 353
1684840 352
1684850 351
1684860 350
1684870 350
1684880 349
1684890 348
1684900 347
1684910 346
1684920 345
1684930 344
1684940 344
1684950 343
1684960 342
1684970 342
1684980 341
1684990 341
1685000 340
1685010 339
1685020 339
1685030 338
1685040 337
1685050 337
1685060 336
1685070 335
1685080 335
1685090 334
1685100 334
1685110 333
1685120 333
1685130 332
1685140 332
1685150 332
1685160 332
1685170 332
1685180 331
1685190 331
1685200 331
1685210 330
1685220 330
1685230 330
1685240 329
1685250 329
1685260 328
1685270 328
1685280 327
1685290 326
1685300 326
1685310 325
1685320 325
1685330 324
1685340 323
1685350 322
1685360 321
1685370 321
1685380 320
1685390 319
1685400 319
1685410 318
1685420 317
1685430 316
1685440 315
1685450 313
1685460 312
1685470 311
1685480 310
1685490 309
1685500 308
1685510 307
1685520 306
1685530 305
1685540 302
1685550 299
1685560 297
1685570 296
1685580 295
1685590 295
1685600 294
1685610 295
1685620 296
1685630 297
1685640 298
1685650 298
1685660 298
1685670 298
1685680 297
1685690 297
1685700 296
1685710 295
1685720 294
1685730 293
1685740 292
1685750 291
1685760 289
1685770 288
1685780 287
1685790 286
1685800 284
1685810 283
1685820 282
1685830 281
1685840 279
1685850 277
1685860 274
1685870 271
1685880 269
1685890 268
1685900 266
1685910 265
1685920 264
1685930 263
1685940 263
1685950 263
1685960 264
1685970 264
1685980 266
1685990 269
1686000 273
1686010 277
1686020 280
1686030 283
1686040 287
1686050 291
1686060 295
1686070 297
1686080 299
1686090 300
1686100 302
1686110 305
1686120 308
1686130 310
1686140 311
1686150 312
1686160 313
1686170 314
1686180 315
1686190 315
1686200 316
1686210 318
1686220 318
1686230 319
1686240 320
1686250 320
1686260 320
1686270 319
1686280 318
1686290 317
1686300 315
1686310 313
1686320 311
1686330 308
1686340 304
1686350 300
1686360 297
1686370 294
1686380 291
1686390 288
1686400 286
1686410 284
1686420 282
1686430 280
1686440 278
1686450 276
1686460 275
1686470 274
1686480 274
1686490 273
1686500 272
1686510 270
1686520 269
1686530 269
1686540 273
1686550 277
1686560 281
1686570 284
1686580 288
1686590 294
1686600 299
1686610 304
1686620 309
1686630 313
1686640 317
1686650 320
1686660 322
1686670 325
1686680 327
1686690 329
1686700 332
1686710 334
1686720 337
1686730 340
1686740 343
1686750 345
1686760 346
1686770 347
1686780 348
1686790 349
1686800 350
1686810 351
1686820 352
1686830 352
1686840 352
1686850 353
1686860 353
1686870 353
1686880 353
1686890 354
1686900 354
1686910 354
1686920 354
1686930 353
1686940 353
1686950 353
1686960 352
1686970 352
1686980 351
1686990 351
1687000 350
1687010 350
1687020 349
1687030 348
1687040 348
1687050 348
1687060 347
1687070 347
1687080 347
1687090 346
1687100 346
1687110 345
1687120 344
1687130 343
1687140 342
1687150 341
1687160 340
1687170 339
1687180 338
1687190 337
1687200 337
1687210 336
1687220 336
1687230 336
1687240 336
1687250 336
1687260 335
1687270 335
1687280 334
1687290 333
1687300 333
1687310 332
1687320 330
1687330 329
1687340 328
1687350 327
1687360 326
1687370 324
1687380 322
1687390 320
1687400 318
1687410 317
1687420 316
1687430 315
1687440 316
1687450 316
1687460 315
1687470 314
1687480 314
1687490 314
1687500 315
1687510 315
1687520 315
1687530 314
1687540 314
1687550 313
1687560 313
1687570 312
1687580 311
1687590 311
1687600 310
1687610 310
1687620 309
1687630 309
1687640 308
1687650 307
1687660 305
1687670 304
1687680 303
1687690 303
1687700 302
1687710 301
1687720 299
1687730 298
1687740 295
1687750 294
1687760 295
1687770 297
1687780 298
1687790 298
1687800 298
1687810 298
1687820 298
1687830 297
1687840 296
1687850 295
1687860 296
1687870 297
1687880 296
1687890 296
1687900 295
1687910 294
1687920 294
1687930 294
1687940 293
1687950 293
1687960 293
1687970 292
1687980 292
1687990 292
1688000 291
1688010 290
1688020 290
1688030 289
1688040 289
1688050 288
1688060 288
1688070 287
1688080 286
1688090 286
1688100 285
1688110 284
1688120 282
1688130 279
1688140 279
1688150 279
1688160 280
1688170 282
1688180 283
1688190 284
1688200 284
1688210 284
1688220 284
1688230 284
1688240 284
1688250 284
1688260 284
1688270 285
1688280 285
1688290 284
1688300 284
1688310 284
1688320 284
1688330 284
1688340 284
1688350 284
1688360 284
1688370 284
1688380 284
1688390 285
1688400 285
1688410 285
1688420 285
1688430 285
1688440 283
1688450 282
1688460 284
1688470 284
1688480 285
1688490 285
1688500 285
1688510 285
1688520 286
1688530 286
1688540 286
1688550 286
1688560 286
1688570 286
1688580 286
1688590 286
1688600 286
1688610 286
1688620 286
1688630 286
1688640 286
1688650 286
1688660 285
1688670 285
1688680 284
1688690 284
1688700 284
1688710 284
1688720 283
1688730 283
1688740 283
1688750 282
1688760 283
1688770 282
1688780 282
1688790 282
1688800 282
1688810 282
1688820 282
1688830 282
1688840 282
1688850 282
1688860 282
1688870 282
1688880 282
1688890 282
1688900 282
1688910 282
1688920 282
1688930 282
1688940 282
1688950 282
1688960 282
1688970 282
1688980 283
1688990 283
1689000 283
1689010 283
1689020 283
1689030 284
1689040 284
1689050 284
1689060 284
1689070 284
1689080 284
1689090 284
1689100 283
1689110 283
1689120 283
1689130 283
1689140 283
1689150 282
1689160 282
1689170 282
1689180 282
1689190 281
1689200 281
1689210 280
1689220 279
1689230 278
1689240 277
1689250 275
1689260 272
1689270 270
1689280 267
1689290 265
1689300 263
1689310 261
1689320 259
1689330 258
1689340 258
1689350 256
1689360 254
1689370 253
1689380 255
1689390 259
1689400 262
1689410 266
1689420 268
1689430 271
1689440 274
1689450 275
1689460 276
1689470 277
1689480 278
1689490 279
1689500 280
1689510 281
1689520 282
1689530 284
1689540 286
1689550 287
1689560 287
1689570 287
1689580 288
1689590 288
1689600 288
1689610 289
1689620 290
1689630 291
1689640 292
1689650 293
1689660 293
1689670 294
1689680 295
1689690 295
1689700 296
1689710 296
1689720 297
1689730 298
1689740 298
1689750 298
1689760 298
1689770 299
1689780 299
1689790 300
1689800 301
1689810 301
1689820 301
1689830 302
1689840 302
1689850 302
1689860 302
1689870 303
1689880 303
1689890 303
1689900 303
1689910 303
1689920 303
1689930 303
1689940 302
1689950 301
1689960 299
1689970 298
1689980 297
1689990 295
1690000 293
1690010 290
1690020 288
1690030 285
1690040 283
1690050 280
1690060 277
1690070 274
1690080 272
1690090 273
1690100 275
1690110 276
1690120 277
1690130 279
1690140 280
1690150 281
1690160 283
1690170 285
1690180 286
1690190 288
1690200 290
1690210 292
1690220 293
1690230 295
1690240 296
1690250 297
1690260 299
1690270 300
1690280 300
1690290 301
1690300 302
1690310 302
1690320 303
1690330 304
1690340 304
1690350 305
1690360 305
1690370 305
1690380 305
1690390 305
1690400 306
1690410 306
1690420 306
1690430 306
1690440 306
1690450 306
1690460 306
1690470 306
1690480 306
1690490 306
1690500 306
1690510 306
1690520 307
1690530 307
1690540 307
1690550 307
1690560 306
1690570 306
1690580 305
1690590 304
1690600 302
1690610 300
1690620 298
1690630 295
1690640 292
1690650 289
1690660 291
1690670 294
1690680 296
1690690 299
1690700 301
1690710 304
1690720 306
1690730 309
1690740 311
1690750 313
1690760 315
1690770 318
1690780 320
1690790 321
1690800 323
1690810 325
1690820 326
1690830 328
1690840 329
1690850 331
1690860 332
1690870 334
1690880 335
1690890 337
1690900 338
1690910 339
1690920 340
1690930 341
1690940 342
1690950 342
1690960 343
1690970 344
1690980 345
1690990 346
1691000 347
1691010 347
1691020 348
1691030 348
1691040 349
1691050 349
1691060 349
1691070 349
1691080 349
1691090 349
1691100 349
1691110 349
1691120 349
1691130 349
1691140 348
1691150 348
1691160 347
1691170 347
1691180 347
1691190 346
1691200 346
1691210 345
1691220 344
1691230 343
1691240 343
1691250 342
1691260 341
1691270 341
1691280 340
1691290 339
1691300 338
1691310 338
1691320 337
1691330 336
1691340 335
1691350 335
1691360 334
1691370 334
1691380 333
1691390 333
1691400 332
1691410 332
1691420 332
1691430 331
1691440 331
1691450 330
1691460 330
1691470 330
1691480 329
1691490 329
1691500 328
1691510 328
1691520 327
1691530 327
1691540 326
1691550 325
1691560 325
1691570 324
1691580 324
1691590 323
1691600 323
1691610 322
1691620 322
1691630 321
1691640 320
1691650 320
1691660 319
1691670 318
1691680 318
1691690 317
1691700 317
1691710 316
1691720 315
1691730 315
1691740 314
1691750 314
1691760 314
1691770 313
1691780 313
1691790 312
1691800 311
1691810 311
1691820 310
1691830 310
1691840 309
1691850 309
1691860 308
1691870 308
1691880 307
1691890 307
1691900 306
1691910 306
1691920 305
1691930 305
1691940 304
1691950 303
1691960 302
1691970 301
1691980 301
1691990 299
1692000 298
1692010 297
1692020 296
1692030 295
1692040 293
1692050 292
1692060 291
1692070 290
1692080 289
1692090 290
1692100 290
1692110 291
1692120 292
1692130 293
1692140 294
1692150 296
1692160 297
1692170 298
1692180 298
1692190 299
1692200 299
1692210 299
1692220 299
1692230 299
1692240 299
1692250 299
1692260 298
1692270 298
1692280 298
1692290 297
1692300 297
1692310 296
1692320 295
1692330 294
1692340 294
1692350 293
1692360 292
1692370 291
1692380 290
1692390 290
1692400 289
1692410 288
1692420 287
1692430 285
1692440 284
1692450 282
1692460 280
1692470 279
1692480 279
1692490 278
1692500 278
1692510 278
1692520 277
1692530 277
1692540 276
1692550 276
1692560 275
1692570 274
1692580 274
1692590 273
1692600 272
1692610 271
1692620 270
1692630 268
1692640 265
1692650 262
1692660 258
1692670 254
1692680 249
1692690 244
1692700 240
1692710 236
1692720 232
1692730 229
1692740 228
1692750 227
1692760 230
1692770 234
1692780 238
1692790 243
1692800 247
1692810 250
1692820 253
1692830 255
1692840 257
1692850 258
1692860 259
1692870 259
1692880 260
1692890 261
1692900 261
1692910 262
1692920 262
1692930 262
1692940 262
1692950 262
1692960 263
1692970 263
1692980 263
1692990 263
1693000 263
1693010 263
1693020 263
1693030 263
1693040 263
1693050 263
1693060 263
1693070 263
1693080 263
1693090 263
1693100 263
1693110 263
1693120 263
1693130 263
1693140 263
1693150 263
1693160 263
1693170 263
1693180 263
1693190 263
1693200 263
1693210 263
1693220 262
1693230 262
1693240 262
1693250 262
1693260 261
1693270 261
1693280 261
1693290 260
1693300 260
1693310 260
1693320 260
1693330 259
1693340 259
1693350 259
1693360 259
1693370 259
1693380 259
1693390 259
1693400 259
1693410 259
1693420 258
1693430 258
1693440 258
1693450 257
1693460 255
1693470 254
1693480 252
1693490 251
1693500 249
1693510 247
1693520 245
1693530 243
1693540 241
1693550 239
1693560 237
1693570 235
1693580 235
1693590 236
1693600 236
1693610 236
1693620 235
1693630 233
1693640 231
1693650 228
1693660 226
1693670 223
1693680 221
1693690 220
1693700 219
1693710 219
1693720 220
1693730 220
1693740 220
1693750 222
1693760 223
1693770 224
1693780 225
1693790 225
1693800 226
1693810 226
1693820 227
1693830 228
1693840 228
1693850 229
1693860 229
1693870 230
1693880 230
1693890 231
1693900 231
1693910 232
1693920 232
1693930 233
1693940 233
1693950 233
1693960 234
1693970 234
1693980 233
1693990 232
1694000 231
1694010 229
1694020 228
1694030 227
1694040 226
1694050 226
1694060 226
1694070 225
1694080 225
1694090 225
1694100 226
1694110 226
1694120 226
1694130 227
1694140 227
1694150 227
1694160 227
1694170 228
1694180 229
1694190 229
1694200 229
1694210 229
1694220 229
1694230 230
1694240 230
1694250 230
1694260 231
1694270 231
1694280 231
1694290 232
1694300 233
1694310 233
1694320 234
1694330 234
1694340 235
1694350 235
1694360 234
1694370 234
1694380 236
1694390 237
1694400 239
1694410 240
1694420 240
1694430 240
1694440 240
1694450 240
1694460 240
1694470 240
1694480 240
1694490 240
1694500 240
1694510 241
1694520 241
1694530 242
1694540 243
1694550 244
1694560 246
1694570 247
1694580 248
1694590 248
1694600 250
1694610 251
1694620 251
1694630 252
1694640 252
1694650 253
1694660 254
1694670 254
1694680 254
1694690 255
1694700 255
1694710 255
1694720 255
1694730 255
1694740 255
1694750 255
1694760 255
1694770 255
1694780 255
1694790 255
1694800 255
1694810 255
1694820 255
1694830 254
1694840 255
1694850 255
1694860 255
1694870 255
1694880 255
1694890 255
1694900 255
1694910 255
1694920 255
1694930 256
1694940 256
1694950 256
1694960 256
1694970 256
1694980 256
1694990 256
1695000 256
1695010 256
1695020 256
1695030 256
1695040 256
1695050 256
1695060 256
1695070 256
1695080 256
1695090 257
1695100 257
1695110 257
1695120 257
1695130 257
1695140 257
1695150 257
1695160 257
1695170 257
1695180 257
1695190 257
1695200 257
1695210 257
1695220 257
1695230 257
1695240 257
1695250 257
1695260 257
1695270 258
1695280 258
1695290 257
1695300 257
1695310 257
1695320 257
1695330 257
1695340 257
1695350 257
1695360 257
1695370 257
1695380 257
1695390 257
1695400 257
1695410 257
1695420 257
1695430 257
1695440 257
1695450 257
1695460 257
1695470 257
1695480 257
1695490 257
1695500 257
1695510 257
1695520 257
1695530 256
1695540 256
1695550 256
1695560 256
1695570 255
1695580 255
1695590 255
1695600 255
1695610 254
1695620 253
1695630 252
1695640 251
1695650 249
1695660 248
1695670 248
1695680 249
1695690 250
1695700 250
1695710 251
1695720 251
1695730 251
1695740 251
1695750 250
1695760 249
1695770 248
1695780 246
1695790 244
1695800 242
1695810 241
1695820 240
1695830 238
1695840 236
1695850 233
1695860 232
1695870 230
1695880 230
1695890 228
1695900 226
1695910 224
1695920 223
1695930 223
1695940 221
1695950 221
1695960 220
1695970 219
1695980 218
1695990 217
1696000 216
1696010 216
1696020 215
1696030 215
1696040 215
1696050 214
1696060 214
1696070 213
1696080 213
1696090 213
1696100 212
1696110 212
1696120 211
1696130 211
1696140 211
1696150 211
1696160 210
1696170 209
1696180 209
1696190 210
1696200 211
1696210 211
1696220 212
1696230 212
1696240 212
1696250 211
1696260 211
1696270 211
1696280 211
1696290 211
1696300 211
1696310 211
1696320 211
1696330 211
1696340 211
1696350 211
1696360 211
1696370 211
1696380 211
1696390 211
1696400 211
1696410 211
1696420 211
1696430 211
1696440 211
1696450 211
1696460 211
1696470 211
1696480 211
1696490 211
1696500 211
1696510 211
1696520 211
1696530 212
1696540 212
1696550 212
1696560 212
1696570 212
1696580 212
1696590 212
1696600 212
1696610 212
1696620 212
1696630 212
1696640 212
1696650 212
1696660 212
1696670 212
1696680 213
1696690 213
1696700 213
1696710 213
1696720 214
1696730 214
1696740 214
1696750 215
1696760 215
1696770 216
1696780 216
1696790 216
1696800 216
1696810 216
1696820 215
1696830 215
1696840 214
1696850 214
1696860 214
1696870 214
1696880 214
1696890 214
1696900 214
1696910 214
1696920 214
1696930 214
1696940 214
1696950 214
1696960 214
1696970 214
1696980 214
1696990 214
1697000 214
1697010 214
1697020 214
1697030 214
1697040 214
1697050 214
1697060 214
1697070 214
1697080 214
1697090 214
1697100 214
1697110 214
1697120 214
1697130 214
1697140 214
1697150 214
1697160 214
1697170 214
1697180 214
1697190 214
1697200 214
1697210 214
1697220 214
1697230 214
1697240 214
1697250 214
1697260 214
1697270 214
1697280 214
1697290 214
1697300 214
1697310 214
1697320 214
1697330 214
1697340 214
1697350 214
1697360 214
1697370 214
1697380 214
1697390 214
1697400 214
1697410 214
1697420 214
1697430 214
1697440 214
1697450 214
1697460 214
1697470 214
1697480 214
1697490 214
1697500 214
1697510 214
1697520 214
1697530 214
1697540 214
1697550 214
1697560 214
1697570 214
1697580 214
1697590 214
1697600 214
1697610 214
1697620 214
1697630 214
1697640 214
1697650 214
1697660 214
1697670 214
1697680 214
1697690 214
1697700 214
1697710 214
1697720 214
1697730 214
1697740 214
1697750 214
1697760 214
1697770 214
1697780 214
1697790 214
1697800 214
1697810 214
1697820 214
1697830 214
1697840 214
1697850 214
1697860 214
1697870 214
1697880 214
1697890 214
1697900 214
1697910 214
1697920 214
1697930 214
1697940 214
1697950 214
1697960 214
1697970 214
1697980 214
1697990 214
1698000 214
1698010 214
1698020 214
1698030 214
1698040 214
1698050 214
1698060 214
1698070 214
1698080 214
1698090 214
1698100 214
1698110 214
1698120 214
1698130 214
1698140 214
1698150 214
1698160 214
1698170 214
1698180 214
1698190 214
1698200 214
1698210 214
1698220 214
1698230 214
1698240 214
1698250 214
1698260 214
1698270 214
1698280 214
1698290 214
1698300 214
1698310 214
1698320 214
1698330 214
1698340 214
1698350 214
1698360 214
1698370 214
1698380 214
1698390 214
1698400 214
1698410 214
1698420 214
1698430 214
1698440 214
1698450 214
1698460 214
1698470 214
1698480 214
1698490 214
1698500 214
1698510 214
1698520 214
1698530 214
1698540 214
1698550 214
1698560 214
1698570 214
1698580 214
1698590 214
1698600 214
1698610 214
1698620 214
1698630 214
1698640 214
1698650 214
1698660 214
1698670 214
1698680 214
1698690 214
1698700 214
1698710 214
1698720 215
1698730 215
1698740 215
1698750 215
1698760 216
1698770 216
1698780 216
1698790 216
1698800 216
1698810 216
1698820 216
1698830 216
1698840 216
1698850 216
1698860 216
1698870 216
1698880 216
1698890 216
1698900 216
1698910 216
1698920 216
1698930 216
1698940 216
1698950 216
1698960 216
1698970 216
1698980 215
1698990 215
1699000 215
1699010 215
1699020 215
1699030 215
1699040 215
1699050 214
1699060 214
1699070 214
1699080 214
1699090 214
1699100 214
1699110 213
1699120 213
1699130 213
1699140 213
1699150 213
1699160 213
1699170 213
1699180 213
1699190 212
1699200 212
1699210 212
1699220 212
1699230 212
1699240 212
1699250 212
1699260 212
1699270 212
1699280 212
1699290 212
1699300 212
1699310 212
1699320 212
1699330 212
1699340 212
1699350 212
1699360 212
1699370 212
1699380 212
1699390 212
1699400 212
1699410 212
1699420 212
1699430 212
1699440 212
1699450 212
1699460 212
1699470 212
1699480 212
1699490 212
1699500 212
1699510 212
1699520 212
1699530 212
1699540 212
1699550 212
1699560 212
1699570 212
1699580 212
1699590 212
1699600 212
1699610 212
1699620 212
1699630 212
1699640 212
1699650 212
1699660 212
1699670 212
1699680 212
1699690 212
1699700 212
1699710 212
1699720 212
1699730 212
1699740 212
1699750 212
1699760 212
1699770 212
1699780 212
1699790 211
1699800 211
1699810 211
1699820 211
1699830 211
1699840 211
1699850 211
1699860 211
1699870 211
1699880 211
1699890 212
1699900 212
1699910 212
1699920 212
1699930 211
1699940 211
1699950 211
1699960 212
1699970 212
1699980 212
1699990 212
