1680000 542
1680010 541
1680020 539
1680030 537
1680040 535
1680050 533
1680060 531
1680070 529
1680080 527
1680090 525
1680100 524
1680110 522
1680120 520
1680130 519
1680140 518
1680150 517
1680160 516
1680170 515
1680180 515
1680190 514
1680200 513
1680210 511
1680220 508
1680230 507
1680240 506
1680250 508
1680260 510
1680270 513
1680280 516
1680290 518
1680300 520
1680310 521
1680320 523
1680330 524
1680340 526
1680350 527
1680360 529
1680370 530
1680380 531
1680390 533
1680400 534
1680410 534
1680420 535
1680430 536
1680440 536
1680450 536
1680460 536
1680470 537
1680480 537
1680490 537
1680500 537
1680510 536
1680520 536
1680530 536
1680540 535
1680550 535
1680560 535
1680570 535
1680580 534
1680590 534
1680600 533
1680610 533
1680620 533
1680630 532
1680640 532
1680650 531
1680660 531
1680670 531
1680680 530
1680690 530
1680700 530
1680710 530
1680720 529
1680730 529
1680740 529
1680750 528
1680760 528
1680770 528
1680780 528
1680790 527
1680800 527
1680810 527
1680820 526
1680830 526
1680840 526
1680850 526
1680860 525
1680870 525
1680880 525
1680890 524
1680900 524
1680910 523
1680920 523
1680930 522
1680940 522
1680950 521
1680960 520
1680970 520
1680980 519
1680990 519
1681000 518
1681010 518
1681020 517
1681030 516
1681040 516
1681050 515
1681060 514
1681070 514
1681080 513
1681090 513
1681100 512
1681110 511
1681120 511
1681130 510
1681140 509
1681150 509
1681160 508
1681170 508
1681180 507
1681190 506
1681200 504
1681210 503
1681220 501
1681230 499
1681240 498
1681250 497
1681260 496
1681270 495
1681280 494
1681290 494
1681300 494
1681310 494
1681320 493
1681330 492
1681340 493
1681350 494
1681360 495
1681370 496
1681380 497
1681390 498
1681400 498
1681410 498
1681420 498
1681430 498
1681440 498
1681450 497
1681460 497
1681470 496
1681480 495
1681490 495
1681500 494
1681510 494
1681520 494
1681530 494
1681540 493
1681550 493
1681560 493
1681570 493
1681580 493
1681590 493
1681600 492
1681610 492
1681620 491
1681630 491
1681640 491
1681650 490
1681660 490
1681670 490
1681680 490
1681690 490
1681700 490
1681710 490
1681720 490
1681730 489
1681740 489
1681750 490
1681760 491
1681770 492
1681780 492
1681790 493
1681800 493
1681810 494
1681820 494
1681830 494
1681840 495
1681850 495
1681860 495
1681870 494
1681880 494
1681890 494
1681900 494
1681910 494
1681920 494
1681930 494
1681940 493
1681950 493
1681960 493
1681970 493
1681980 492
1681990 492
1682000 491
1682010 491
1682020 490
1682030 490
1682040 490
1682050 489
1682060 488
1682070 488
1682080 487
1682090 486
1682100 486
1682110 485
1682120 484
1682130 483
1682140 483
1682150 482
1682160 481
1682170 480
1682180 478
1682190 477
1682200 476
1682210 475
1682220 473
1682230 472
1682240 470
1682250 469
1682260 467
1682270 464
1682280 462
1682290 459
1682300 457
1682310 454
1682320 452
1682330 449
1682340 447
1682350 444
1682360 442
1682370 439
1682380 437
1682390 434
1682400 432
1682410 430
1682420 428
1682430 426
1682440 426
1682450 425
1682460 424
1682470 424
1682480 424
1682490 424
1682500 424
1682510 425
1682520 425
1682530 425
1682540 425
1682550 425
1682560 423
1682570 420
1682580 416
1682590 411
1682600 407
1682610 404
1682620 400
1682630 396
1682640 393
1682650 389
1682660 386
1682670 383
1682680 381
1682690 381
1682700 381
1682710 382
1682720 384
1682730 386
1682740 389
1682750 392
1682760 396
1682770 399
1682780 403
1682790 406
1682800 410
1682810 413
1682820 416
1682830 419
1682840 422
1682850 424
1682860 427
1682870 429
1682880 431
1682890 433
1682900 434
1682910 436
1682920 437
1682930 437
1682940 438
1682950 438
1682960 437
1682970 437
1682980 436
1682990 436
1683000 435
1683010 434
1683020 433
1683030 432
1683040 431
1683050 429
1683060 427
1683070 425
1683080 425
1683090 425
1683100 425
1683110 424
1683120 423
1683130 422
1683140 421
1683150 420
1683160 420
1683170 419
1683180 418
1683190 417
1683200 417
1683210 417
1683220 417
1683230 416
1683240 416
1683250 416
1683260 415
1683270 415
1683280 415
1683290 414
1683300 414
1683310 414
1683320 414
1683330 414
1683340 414
1683350 414
1683360 414
1683370 414
1683380 414
1683390 414
1683400 414
1683410 413
1683420 413
1683430 412
1683440 412
1683450 411
1683460 410
1683470 409
1683480 407
1683490 406
1683500 405
1683510 404
1683520 403
1683530 402
1683540 401
1683550 400
1683560 398
1683570 397
1683580 395
1683590 394
1683600 392
1683610 391
1683620 389
1683630 386
1683640 383
1683650 380
1683660 377
1683670 374
1683680 370
1683690 367
1683700 364
1683710 362
1683720 359
1683730 357
1683740 355
1683750 354
1683760 355
1683770 355
1683780 356
1683790 357
1683800 359
1683810 361
1683820 362
1683830 363
1683840 364
1683850 365
1683860 366
1683870 367
1683880 368
1683890 369
1683900 370
1683910 371
1683920 372
1683930 372
1683940 373
1683950 373
1683960 372
1683970 372
1683980 372
1683990 372
1684000 372
1684010 372
1684020 371
1684030 371
1684040 371
1684050 371
1684060 371
1684070 371
1684080 371
1684090 371
1684100 371
1684110 371
1684120 371
1684130 371
1684140 370
1684150 370
1684160 369
1684170 369
1684180 368
1684190 368
1684200 367
1684210 367
1684220 367
1684230 367
1684240 367
1684250 367
1684260 367
1684270 367
1684280 367
1684290 366
1684300 366
1684310 366
1684320 366
1684330 365
1684340 364
1684350 364
1684360 363
1684370 362
1684380 362
1684390 361
1684400 360
1684410 359
1684420 358
1684430 357
1684440 355
1684450 354
1684460 353
1684470 352
1684480 351
1684490 349
1684500 347
1684510 345
1684520 343
1684530 341
1684540 339
1684550 337
1684560 335
1684570 332
1684580 330
1684590 328
1684600 326
1684610 324
1684620 323
1684630 321
1684640 321
1684650 321
1684660 322
1684670 323
1684680 323
1684690 324
1684700 325
1684710 326
1684720 327
1684730 327
1684740 327
1684750 327
1684760 328
1684770 328
1684780 327
1684790 327
1684800 326
1684810 326
1684820 325
1684830 324
1684840 323
1684850 323
1684860 323
1684870 324
1684880 324
1684890 325
1684900 326
1684910 326
1684920 326
1684930 326
1684940 326
1684950 326
1684960 326
1684970 325
1684980 325
1684990 325
1685000 325
1685010 325
1685020 324
1685030 324
1685040 324
1685050 324
1685060 324
1685070 323
1685080 323
1685090 323
1685100 322
1685110 322
1685120 322
1685130 322
1685140 321
1685150 321
1685160 321
1685170 320
1685180 320
1685190 320
1685200 320
1685210 319
1685220 319
1685230 319
1685240 319
1685250 320
1685260 320
1685270 320
1685280 320
1685290 320
1685300 321
1685310 321
1685320 321
1685330 321
1685340 321
1685350 321
1685360 322
1685370 322
1685380 322
1685390 322
1685400 322
1685410 322
1685420 322
1685430 322
1685440 322
1685450 322
1685460 322
1685470 322
1685480 322
1685490 322
1685500 322
1685510 322
1685520 322
1685530 322
1685540 322
1685550 322
1685560 321
1685570 321
1685580 321
1685590 321
1685600 321
1685610 321
1685620 321
1685630 321
1685640 321
1685650 320
1685660 320
1685670 319
1685680 318
1685690 318
1685700 317
1685710 317
1685720 316
1685730 316
1685740 315
1685750 315
1685760 314
1685770 314
1685780 313
1685790 312
1685800 311
1685810 310
1685820 309
1685830 309
1685840 308
1685850 307
1685860 305
1685870 303
1685880 300
1685890 298
1685900 295
1685910 292
1685920 289
1685930 287
1685940 284
1685950 281
1685960 277
1685970 273
1685980 269
1685990 265
1686000 262
1686010 259
1686020 257
1686030 255
1686040 254
1686050 252
1686060 251
1686070 250
1686080 249
1686090 248
1686100 248
1686110 249
1686120 250
1686130 252
1686140 256
1686150 260
1686160 264
1686170 268
1686180 273
1686190 277
1686200 281
1686210 285
1686220 288
1686230 290
1686240 292
1686250 292
1686260 292
1686270 293
1686280 294
1686290 296
1686300 298
1686310 299
1686320 300
1686330 301
1686340 302
1686350 302
1686360 302
1686370 303
1686380 303
1686390 302
1686400 300
1686410 301
1686420 301
1686430 301
1686440 300
1686450 297
1686460 295
1686470 292
1686480 289
1686490 286
1686500 282
1686510 278
1686520 272
1686530 267
1686540 263
1686550 259
1686560 255
1686570 252
1686580 252
1686590 254
1686600 256
1686610 257
1686620 258
1686630 259
1686640 261
1686650 264
1686660 267
1686670 270
1686680 274
1686690 278
1686700 281
1686710 284
1686720 287
1686730 289
1686740 291
1686750 292
1686760 293
1686770 294
1686780 295
1686790 296
1686800 296
1686810 296
1686820 296
1686830 296
1686840 296
1686850 296
1686860 296
1686870 296
1686880 296
1686890 296
1686900 296
1686910 295
1686920 295
1686930 294
1686940 294
1686950 294
1686960 294
1686970 294
1686980 293
1686990 291
1687000 290
1687010 290
1687020 289
1687030 289
1687040 289
1687050 289
1687060 288
1687070 288
1687080 288
1687090 288
1687100 288
1687110 288
1687120 287
1687130 287
1687140 287
1687150 287
1687160 287
1687170 287
1687180 286
1687190 286
1687200 286
1687210 286
1687220 286
1687230 285
1687240 285
1687250 285
1687260 285
1687270 285
1687280 285
1687290 285
1687300 284
1687310 284
1687320 283
1687330 283
1687340 283
1687350 282
1687360 282
1687370 282
1687380 281
1687390 281
1687400 281
1687410 280
1687420 280
1687430 280
1687440 279
1687450 279
1687460 277
1687470 275
1687480 273
1687490 273
1687500 273
1687510 273
1687520 273
1687530 273
1687540 272
1687550 271
1687560 271
1687570 270
1687580 268
1687590 267
1687600 266
1687610 265
1687620 265
1687630 265
1687640 264
1687650 264
1687660 264
1687670 264
1687680 264
1687690 263
1687700 262
1687710 262
1687720 262
1687730 261
1687740 261
1687750 260
1687760 260
1687770 260
1687780 260
1687790 260
1687800 260
1687810 259
1687820 257
1687830 254
1687840 250
1687850 250
1687860 253
1687870 257
1687880 257
1687890 257
1687900 256
1687910 256
1687920 256
1687930 257
1687940 257
1687950 257
1687960 257
1687970 257
1687980 257
1687990 256
1688000 256
1688010 255
1688020 253
1688030 253
1688040 253
1688050 254
1688060 254
1688070 253
1688080 253
1688090 253
1688100 252
1688110 251
1688120 251
1688130 250
1688140 250
1688150 250
1688160 250
1688170 250
1688180 250
1688190 251
1688200 252
1688210 252
1688220 252
1688230 252
1688240 252
1688250 252
1688260 253
1688270 253
1688280 253
1688290 253
1688300 253
1688310 253
1688320 253
1688330 252
1688340 252
1688350 252
1688360 251
1688370 251
1688380 251
1688390 250
1688400 250
1688410 249
1688420 247
1688430 246
1688440 247
1688450 247
1688460 248
1688470 248
1688480 247
1688490 246
1688500 246
1688510 246
1688520 246
1688530 246
1688540 246
1688550 245
1688560 245
1688570 244
1688580 244
1688590 244
1688600 243
1688610 243
1688620 243
1688630 242
1688640 242
1688650 241
1688660 241
1688670 241
1688680 240
1688690 240
1688700 239
1688710 238
1688720 238
1688730 237
1688740 237
1688750 236
1688760 236
1688770 235
1688780 235
1688790 234
1688800 234
1688810 234
1688820 234
1688830 234
1688840 233
1688850 233
1688860 233
1688870 233
1688880 232
1688890 232
1688900 232
1688910 232
1688920 232
1688930 232
1688940 232
1688950 232
1688960 231
1688970 231
1688980 231
1688990 230
1689000 230
1689010 230
1689020 230
1689030 229
1689040 229
1689050 229
1689060 229
1689070 229
1689080 229
1689090 229
1689100 229
1689110 229
1689120 229
1689130 229
1689140 228
1689150 228
1689160 228
1689170 229
1689180 229
1689190 229
1689200 229
1689210 229
1689220 229
1689230 229
1689240 229
1689250 230
1689260 230
1689270 230
1689280 230
1689290 230
1689300 230
1689310 230
1689320 231
1689330 231
1689340 230
1689350 231
1689360 232
1689370 233
1689380 235
1689390 236
1689400 238
1689410 240
1689420 241
1689430 243
1689440 243
1689450 244
1689460 245
1689470 245
1689480 245
1689490 246
1689500 248
1689510 250
1689520 252
1689530 253
1689540 254
1689550 255
1689560 256
1689570 257
1689580 258
1689590 260
1689600 261
1689610 262
1689620 262
1689630 263
1689640 263
1689650 263
1689660 264
1689670 264
1689680 265
1689690 265
1689700 265
1689710 263
1689720 263
1689730 263
1689740 263
1689750 263
1689760 263
1689770 265
1689780 267
1689790 269
1689800 270
1689810 270
1689820 270
1689830 271
1689840 271
1689850 271
1689860 271
1689870 271
1689880 271
1689890 271
1689900 272
1689910 272
1689920 272
1689930 273
1689940 273
1689950 273
1689960 273
1689970 273
1689980 274
1689990 274
1690000 274
1690010 275
1690020 275
1690030 276
1690040 276
1690050 276
1690060 277
1690070 277
1690080 277
1690090 277
1690100 277
1690110 278
1690120 278
1690130 278
1690140 278
1690150 278
1690160 278
1690170 277
1690180 276
1690190 273
1690200 270
1690210 266
1690220 262
1690230 258
1690240 255
1690250 255
1690260 258
1690270 261
1690280 264
1690290 267
1690300 270
1690310 272
1690320 275
1690330 277
1690340 279
1690350 281
1690360 282
1690370 283
1690380 284
1690390 285
1690400 286
1690410 286
1690420 287
1690430 287
1690440 288
1690450 288
1690460 288
1690470 288
1690480 289
1690490 289
1690500 289
1690510 289
1690520 289
1690530 290
1690540 290
1690550 290
1690560 290
1690570 290
1690580 290
1690590 290
1690600 290
1690610 290
1690620 290
1690630 290
1690640 290
1690650 290
1690660 290
1690670 290
1690680 290
1690690 290
1690700 290
1690710 290
1690720 290
1690730 289
1690740 289
1690750 288
1690760 288
1690770 286
1690780 285
1690790 283
1690800 280
1690810 277
1690820 274
1690830 270
1690840 267
1690850 267
1690860 269
1690870 271
1690880 274
1690890 276
1690900 277
1690910 279
1690920 280
1690930 282
1690940 283
1690950 285
1690960 286
1690970 287
1690980 288
1690990 288
1691000 289
1691010 289
1691020 289
1691030 289
1691040 289
1691050 289
1691060 289
1691070 289
1691080 288
1691090 288
1691100 288
1691110 287
1691120 287
1691130 286
1691140 286
1691150 285
1691160 284
1691170 284
1691180 283
1691190 283
1691200 283
1691210 282
1691220 282
1691230 282
1691240 282
1691250 282
1691260 282
1691270 281
1691280 281
1691290 281
1691300 281
1691310 281
1691320 281
1691330 281
1691340 280
1691350 280
1691360 280
1691370 279
1691380 279
1691390 279
1691400 279
1691410 278
1691420 278
1691430 278
1691440 278
1691450 278
1691460 278
1691470 278
1691480 278
1691490 278
1691500 278
1691510 277
1691520 277
1691530 277
1691540 277
1691550 277
1691560 277
1691570 277
1691580 276
1691590 276
1691600 276
1691610 276
1691620 276
1691630 276
1691640 276
1691650 276
1691660 276
1691670 275
1691680 275
1691690 275
1691700 275
1691710 275
1691720 275
1691730 275
1691740 275
1691750 275
1691760 275
1691770 275
1691780 275
1691790 275
1691800 275
1691810 275
1691820 275
1691830 275
1691840 275
1691850 275
1691860 275
1691870 274
1691880 274
1691890 274
1691900 274
1691910 274
1691920 274
1691930 273
1691940 273
1691950 273
1691960 273
1691970 272
1691980 272
1691990 272
1692000 272
1692010 272
1692020 271
1692030 271
1692040 271
1692050 271
1692060 270
1692070 270
1692080 270
1692090 270
1692100 269
1692110 269
1692120 269
1692130 269
1692140 268
1692150 268
1692160 268
1692170 267
1692180 267
1692190 267
1692200 266
1692210 266
1692220 266
1692230 265
1692240 265
1692250 264
1692260 264
1692270 263
1692280 263
1692290 262
1692300 261
1692310 260
1692320 260
1692330 259
1692340 258
1692350 258
1692360 257
1692370 257
1692380 257
1692390 257
1692400 257
1692410 257
1692420 257
1692430 257
1692440 257
1692450 257
1692460 257
1692470 257
1692480 257
1692490 256
1692500 256
1692510 256
1692520 256
1692530 255
1692540 255
1692550 255
1692560 254
1692570 254
1692580 254
1692590 253
1692600 253
1692610 252
1692620 251
1692630 250
1692640 249
1692650 249
1692660 248
1692670 248
1692680 248
1692690 247
1692700 247
1692710 247
1692720 245
1692730 244
1692740 243
1692750 243
1692760 243
1692770 242
1692780 241
1692790 240
1692800 241
1692810 241
1692820 241
1692830 242
1692840 241
1692850 239
1692860 238
1692870 236
1692880 234
1692890 232
1692900 230
1692910 228
1692920 227
1692930 226
1692940 225
1692950 225
1692960 223
1692970 221
1692980 219
1692990 217
1693000 215
1693010 214
1693020 214
1693030 214
1693040 215
1693050 219
1693060 224
1693070 227
1693080 229
1693090 231
1693100 232
1693110 233
1693120 233
1693130 233
1693140 232
1693150 232
1693160 232
1693170 231
1693180 231
1693190 230
1693200 229
1693210 228
1693220 227
1693230 227
1693240 226
1693250 224
1693260 223
1693270 221
1693280 220
1693290 219
1693300 218
1693310 218
1693320 217
1693330 217
1693340 216
1693350 216
1693360 215
1693370 215
1693380 214
1693390 214
1693400 214
1693410 214
1693420 214
1693430 213
1693440 213
1693450 214
1693460 214
1693470 214
1693480 214
1693490 214
1693500 214
1693510 214
1693520 214
1693530 214
1693540 215
1693550 215
1693560 215
1693570 214
1693580 214
1693590 214
1693600 214
1693610 215
1693620 215
1693630 215
1693640 215
1693650 215
1693660 215
1693670 215
1693680 215
1693690 215
1693700 215
1693710 216
1693720 216
1693730 215
1693740 215
1693750 215
1693760 215
1693770 215
1693780 215
1693790 215
1693800 215
1693810 215
1693820 215
1693830 214
1693840 214
1693850 214
1693860 214
1693870 214
1693880 215
1693890 215
1693900 215
1693910 215
1693920 215
1693930 215
1693940 215
1693950 214
1693960 214
1693970 214
1693980 214
1693990 214
1694000 214
1694010 214
1694020 214
1694030 213
1694040 213
1694050 213
1694060 213
1694070 213
1694080 213
1694090 214
1694100 214
1694110 213
1694120 213
1694130 213
1694140 213
1694150 213
1694160 213
1694170 213
1694180 213
1694190 213
1694200 214
1694210 213
1694220 213
1694230 213
1694240 213
1694250 213
1694260 213
1694270 213
1694280 213
1694290 213
1694300 213
1694310 213
1694320 213
1694330 213
1694340 213
1694350 213
1694360 213
1694370 213
1694380 213
1694390 213
1694400 214
1694410 214
1694420 214
1694430 214
1694440 214
1694450 214
1694460 215
1694470 215
1694480 216
1694490 216
1694500 217
1694510 217
1694520 218
1694530 218
1694540 219
1694550 219
1694560 219
1694570 219
1694580 221
1694590 223
1694600 224
1694610 225
1694620 226
1694630 227
1694640 228
1694650 228
1694660 229
1694670 229
1694680 230
1694690 231
1694700 232
1694710 234
1694720 235
1694730 236
1694740 238
1694750 239
1694760 240
1694770 242
1694780 243
1694790 244
1694800 246
1694810 247
1694820 248
1694830 249
1694840 250
1694850 251
1694860 251
1694870 252
1694880 252
1694890 252
1694900 252
1694910 253
1694920 253
1694930 253
1694940 253
1694950 253
1694960 253
1694970 253
1694980 253
1694990 253
1695000 253
1695010 253
1695020 253
1695030 253
1695040 253
1695050 253
1695060 253
1695070 253
1695080 253
1695090 253
1695100 253
1695110 253
1695120 253
1695130 253
1695140 253
1695150 253
1695160 253
1695170 253
1695180 253
1695190 253
1695200 253
1695210 253
1695220 253
1695230 252
1695240 252
1695250 251
1695260 251
1695270 250
1695280 250
1695290 250
1695300 250
1695310 249
1695320 248
1695330 248
1695340 247
1695350 246
1695360 245
1695370 244
1695380 243
1695390 241
1695400 239
1695410 238
1695420 237
1695430 235
1695440 234
1695450 232
1695460 231
1695470 229
1695480 227
1695490 226
1695500 225
1695510 223
1695520 222
1695530 221
1695540 220
1695550 219
1695560 218
1695570 217
1695580 216
1695590 216
1695600 215
1695610 214
1695620 213
1695630 213
1695640 213
1695650 213
1695660 213
1695670 213
1695680 213
1695690 212
1695700 210
1695710 209
1695720 209
1695730 210
1695740 211
1695750 212
1695760 212
1695770 212
1695780 212
1695790 212
1695800 212
1695810 212
1695820 213
1695830 213
1695840 213
1695850 213
1695860 213
1695870 213
1695880 213
1695890 213
1695900 212
1695910 212
1695920 212
1695930 212
1695940 212
1695950 212
1695960 212
1695970 212
1695980 212
1695990 212
1696000 212
1696010 212
1696020 212
1696030 212
1696040 212
1696050 212
1696060 213
1696070 214
1696080 215
1696090 215
1696100 216
1696110 216
1696120 216
1696130 216
1696140 215
1696150 215
1696160 214
1696170 214
1696180 214
1696190 214
1696200 214
1696210 214
1696220 214
1696230 214
1696240 214
1696250 214
1696260 214
1696270 214
1696280 214
1696290 214
1696300 214
1696310 214
1696320 214
1696330 214
1696340 214
1696350 214
1696360 214
1696370 214
1696380 214
1696390 214
1696400 214
1696410 214
1696420 214
1696430 214
1696440 214
1696450 214
1696460 214
1696470 214
1696480 214
1696490 214
1696500 214
1696510 214
1696520 214
1696530 214
1696540 214
1696550 214
1696560 214
1696570 214
1696580 214
1696590 214
1696600 214
1696610 214
1696620 214
1696630 214
1696640 214
1696650 214
1696660 214
1696670 214
1696680 214
1696690 214
1696700 214
1696710 214
1696720 214
1696730 214
1696740 214
1696750 214
1696760 214
1696770 214
1696780 214
1696790 214
1696800 214
1696810 214
1696820 214
1696830 214
1696840 214
1696850 214
1696860 214
1696870 214
1696880 214
1696890 214
1696900 214
1696910 214
1696920 214
1696930 214
1696940 214
1696950 214
1696960 214
1696970 214
1696980 214
1696990 214
1697000 214
1697010 214
1697020 214
1697030 214
1697040 214
1697050 214
1697060 214
1697070 214
1697080 214
1697090 214
1697100 214
1697110 214
1697120 214
1697130 214
1697140 214
1697150 214
1697160 214
1697170 214
1697180 214
1697190 214
1697200 214
1697210 214
1697220 214
1697230 214
1697240 214
1697250 214
1697260 214
1697270 214
1697280 214
1697290 214
1697300 214
1697310 214
1697320 214
1697330 214
1697340 214
1697350 214
1697360 214
1697370 214
1697380 214
1697390 214
1697400 214
1697410 214
1697420 214
1697430 214
1697440 214
1697450 214
1697460 214
1697470 214
1697480 214
1697490 214
1697500 214
1697510 214
1697520 214
1697530 214
1697540 214
1697550 214
1697560 214
1697570 214
1697580 214
1697590 214
1697600 214
1697610 214
1697620 214
1697630 214
1697640 214
1697650 214
1697660 214
1697670 214
1697680 214
1697690 214
1697700 215
1697710 215
1697720 216
1697730 216
1697740 216
1697750 216
1697760 216
1697770 215
1697780 215
1697790 215
1697800 214
1697810 213
1697820 213
1697830 212
1697840 212
1697850 212
1697860 211
1697870 211
1697880 211
1697890 211
1697900 211
1697910 211
1697920 211
1697930 211
1697940 211
1697950 211
1697960 211
1697970 211
1697980 211
1697990 211
1698000 212
1698010 211
1698020 211
1698030 211
1698040 211
1698050 211
1698060 211
1698070 211
1698080 211
1698090 211
1698100 211
1698110 211
1698120 211
1698130 211
1698140 211
1698150 211
1698160 211
1698170 211
1698180 211
1698190 211
1698200 211
1698210 211
1698220 211
1698230 211
1698240 211
1698250 210
1698260 210
1698270 210
1698280 209
1698290 209
1698300 209
1698310 209
1698320 209
1698330 209
1698340 210
1698350 210
1698360 211
1698370 211
1698380 211
1698390 211
1698400 211
1698410 211
1698420 211
1698430 210
1698440 210
1698450 209
1698460 209
1698470 209
1698480 209
1698490 209
1698500 209
1698510 210
1698520 210
1698530 210
1698540 210
1698550 211
1698560 211
1698570 211
1698580 210
1698590 210
1698600 210
1698610 210
1698620 210
1698630 210
1698640 210
1698650 210
1698660 210
1698670 210
1698680 210
1698690 210
1698700 209
1698710 209
1698720 209
1698730 209
1698740 209
1698750 209
1698760 209
1698770 209
1698780 209
1698790 209
1698800 209
1698810 210
1698820 210
1698830 210
1698840 210
1698850 210
1698860 211
1698870 211
1698880 211
1698890 211
1698900 211
1698910 211
1698920 211
1698930 211
1698940 211
1698950 211
1698960 211
1698970 211
1698980 211
1698990 211
1699000 211
1699010 211
1699020 211
1699030 211
1699040 211
1699050 211
1699060 210
1699070 210
1699080 210
1699090 210
1699100 211
1699110 211
1699120 211
1699130 210
1699140 210
1699150 210
1699160 210
1699170 210
1699180 210
1699190 210
1699200 210
1699210 210
1699220 210
1699230 210
1699240 210
1699250 210
1699260 210
1699270 210
1699280 210
1699290 210
1699300 210
1699310 210
1699320 210
1699330 210
1699340 210
1699350 210
1699360 210
1699370 210
1699380 210
1699390 210
1699400 210
1699410 210
1699420 210
1699430 210
1699440 210
1699450 210
1699460 210
1699470 210
1699480 210
1699490 210
1699500 210
1699510 210
1699520 210
1699530 210
1699540 210
1699550 210
1699560 210
1699570 210
1699580 210
1699590 210
1699600 210
1699610 210
1699620 210
1699630 210
1699640 210
1699650 210
1699660 210
1699670 210
1699680 210
1699690 210
1699700 210
1699710 210
1699720 210
1699730 210
1699740 210
1699750 210
1699760 210
1699770 210
1699780 210
1699790 210
1699800 210
1699810 210
1699820 210
1699830 210
1699840 210
1699850 210
1699860 210
1699870 210
1699880 210
1699890 210
1699900 210
1699910 210
1699920 211
1699930 211
1699940 211
1699950 211
1699960 211
1699970 211
1699980 211
1699990 211
