1680000 696
1680010 696
1680020 696
1680030 696
1680040 695
1680050 695
1680060 694
1680070 693
1680080 692
1680090 691
1680100 691
1680110 690
1680120 690
1680130 689
1680140 688
1680150 688
1680160 687
1680170 687
1680180 686
1680190 686
1680200 685
1680210 685
1680220 684
1680230 684
1680240 683
1680250 683
1680260 682
1680270 682
1680280 681
1680290 681
1680300 680
1680310 680
1680320 679
1680330 679
1680340 678
1680350 678
1680360 677
1680370 676
1680380 675
1680390 674
1680400 674
1680410 673
1680420 673
1680430 672
1680440 671
1680450 671
1680460 671
1680470 670
1680480 670
1680490 670
1680500 670
1680510 669
1680520 669
1680530 668
1680540 668
1680550 667
1680560 666
1680570 666
1680580 666
1680590 666
1680600 666
1680610 666
1680620 665
1680630 665
1680640 664
1680650 664
1680660 663
1680670 663
1680680 662
1680690 661
1680700 661
1680710 660
1680720 659
1680730 658
1680740 657
1680750 657
1680760 656
1680770 656
1680780 656
1680790 657
1680800 656
1680810 656
1680820 656
1680830 655
1680840 654
1680850 654
1680860 653
1680870 652
1680880 651
1680890 650
1680900 648
1680910 647
1680920 647
1680930 646
1680940 645
1680950 644
1680960 643
1680970 642
1680980 641
1680990 640
1681000 639
1681010 638
1681020 638
1681030 637
1681040 636
1681050 634
1681060 633
1681070 631
1681080 630
1681090 629
1681100 629
1681110 628
1681120 628
1681130 626
1681140 624
1681150 622
1681160 620
1681170 618
1681180 616
1681190 614
1681200 613
1681210 613
1681220 612
1681230 611
1681240 611
1681250 610
1681260 609
1681270 608
1681280 607
1681290 605
1681300 604
1681310 602
1681320 599
1681330 597
1681340 596
1681350 595
1681360 594
1681370 593
1681380 592
1681390 591
1681400 590
1681410 588
1681420 587
1681430 586
1681440 585
1681450 585
1681460 584
1681470 583
1681480 581
1681490 580
1681500 578
1681510 576
1681520 574
1681530 573
1681540 572
1681550 571
1681560 570
1681570 569
1681580 569
1681590 568
1681600 566
1681610 565
1681620 566
1681630 566
1681640 567
1681650 568
1681660 569
1681670 570
1681680 570
1681690 572
1681700 573
1681710 574
1681720 575
1681730 576
1681740 577
1681750 578
1681760 579
1681770 580
1681780 580
1681790 581
1681800 581
1681810 582
1681820 582
1681830 583
1681840 583
1681850 583
1681860 584
1681870 584
1681880 584
1681890 585
1681900 585
1681910 585
1681920 586
1681930 586
1681940 586
1681950 587
1681960 587
1681970 588
1681980 588
1681990 589
1682000 589
1682010 590
1682020 590
1682030 591
1682040 591
1682050 591
1682060 591
1682070 591
1682080 591
1682090 591
1682100 591
1682110 591
1682120 591
1682130 590
1682140 590
1682150 590
1682160 589
1682170 589
1682180 588
1682190 588
1682200 588
1682210 587
1682220 587
1682230 587
1682240 587
1682250 586
1682260 586
1682270 586
1682280 585
1682290 585
1682300 585
1682310 584
1682320 584
1682330 584
1682340 583
1682350 583
1682360 582
1682370 582
1682380 581
1682390 580
1682400 580
1682410 579
1682420 579
1682430 579
1682440 578
1682450 578
1682460 578
1682470 577
1682480 577
1682490 576
1682500 576
1682510 575
1682520 575
1682530 574
1682540 574
1682550 573
1682560 573
1682570 572
1682580 572
1682590 571
1682600 570
1682610 570
1682620 570
1682630 569
1682640 569
1682650 568
1682660 568
1682670 567
1682680 566
1682690 566
1682700 565
1682710 565
1682720 564
1682730 563
1682740 562
1682750 562
1682760 561
1682770 561
1682780 560
1682790 560
1682800 560
1682810 559
1682820 559
1682830 559
1682840 558
1682850 558
1682860 557
1682870 557
1682880 557
1682890 557
1682900 556
1682910 556
1682920 556
1682930 556
1682940 555
1682950 555
1682960 555
1682970 555
1682980 555
1682990 555
1683000 555
1683010 555
1683020 555
1683030 554
1683040 554
1683050 554
1683060 554
1683070 554
1683080 553
1683090 553
1683100 553
1683110 553
1683120 552
1683130 552
1683140 552
1683150 552
1683160 551
1683170 551
1683180 551
1683190 551
1683200 551
1683210 551
1683220 551
1683230 552
1683240 552
1683250 552
1683260 553
1683270 553
1683280 553
1683290 552
1683300 552
1683310 551
1683320 551
1683330 550
1683340 550
1683350 550
1683360 549
1683370 549
1683380 549
1683390 548
1683400 547
1683410 547
1683420 546
1683430 545
1683440 545
1683450 544
1683460 544
1683470 543
1683480 543
1683490 542
1683500 542
1683510 541
1683520 540
1683530 539
1683540 538
1683550 538
1683560 537
1683570 536
1683580 535
1683590 534
1683600 532
1683610 531
1683620 529
1683630 527
1683640 524
1683650 521
1683660 518
1683670 515
1683680 511
1683690 508
1683700 506
1683710 503
1683720 501
1683730 499
1683740 498
1683750 498
1683760 497
1683770 497
1683780 496
1683790 494
1683800 491
1683810 486
1683820 482
1683830 477
1683840 472
1683850 468
1683860 463
1683870 458
1683880 453
1683890 448
1683900 445
1683910 442
1683920 441
1683930 442
1683940 443
1683950 445
1683960 447
1683970 449
1683980 451
1683990 454
1684000 458
1684010 462
1684020 467
1684030 471
1684040 473
1684050 476
1684060 479
1684070 482
1684080 485
1684090 488
1684100 491
1684110 494
1684120 496
1684130 499
1684140 501
1684150 504
1684160 506
1684170 508
1684180 510
1684190 513
1684200 515
1684210 517
1684220 519
1684230 520
1684240 522
1684250 523
1684260 524
1684270 525
1684280 525
1684290 526
1684300 527
1684310 527
1684320 527
1684330 528
1684340 528
1684350 528
1684360 528
1684370 528
1684380 528
1684390 528
1684400 528
1684410 528
1684420 528
1684430 528
1684440 528
1684450 528
1684460 528
1684470 528
1684480 528
1684490 528
1684500 528
1684510 528
1684520 528
1684530 528
1684540 528
1684550 528
1684560 528
1684570 527
1684580 527
1684590 527
1684600 527
1684610 527
1684620 526
1684630 526
1684640 526
1684650 526
1684660 525
1684670 525
1684680 524
1684690 523
1684700 522
1684710 521
1684720 520
1684730 520
1684740 519
1684750 518
1684760 518
1684770 517
1684780 517
1684790 516
1684800 515
1684810 515
1684820 514
1684830 515
1684840 516
1684850 516
1684860 515
1684870 515
1684880 515
1684890 515
1684900 515
1684910 515
1684920 515
1684930 514
1684940 514
1684950 513
1684960 513
1684970 513
1684980 513
1684990 513
1685000 513
1685010 513
1685020 512
1685030 512
1685040 511
1685050 510
1685060 509
1685070 508
1685080 508
1685090 507
1685100 506
1685110 506
1685120 505
1685130 505
1685140 504
1685150 503
1685160 502
1685170 501
1685180 500
1685190 500
1685200 499
1685210 499
1685220 498
1685230 498
1685240 498
1685250 497
1685260 496
1685270 496
1685280 495
1685290 494
1685300 493
1685310 491
1685320 490
1685330 490
1685340 490
1685350 489
1685360 489
1685370 489
1685380 490
1685390 490
1685400 490
1685410 489
1685420 489
1685430 488
1685440 487
1685450 486
1685460 486
1685470 486
1685480 485
1685490 485
1685500 485
1685510 485
1685520 485
1685530 485
1685540 485
1685550 485
1685560 485
1685570 485
1685580 484
1685590 483
1685600 483
1685610 482
1685620 480
1685630 479
1685640 478
1685650 477
1685660 477
1685670 476
1685680 475
1685690 475
1685700 474
1685710 473
1685720 473
1685730 473
1685740 472
1685750 472
1685760 471
1685770 471
1685780 470
1685790 470
1685800 470
1685810 469
1685820 468
1685830 467
1685840 467
1685850 466
1685860 465
1685870 465
1685880 465
1685890 465
1685900 465
1685910 464
1685920 464
1685930 463
1685940 462
1685950 461
1685960 460
1685970 459
1685980 458
1685990 458
1686000 457
1686010 456
1686020 455
1686030 454
1686040 454
1686050 453
1686060 451
1686070 450
1686080 449
1686090 447
1686100 446
1686110 446
1686120 445
1686130 444
1686140 443
1686150 442
1686160 441
1686170 440
1686180 439
1686190 438
1686200 437
1686210 436
1686220 434
1686230 433
1686240 432
1686250 431
1686260 429
1686270 427
1686280 426
1686290 424
1686300 423
1686310 421
1686320 419
1686330 418
1686340 417
1686350 416
1686360 414
1686370 413
1686380 412
1686390 411
1686400 410
1686410 408
1686420 407
1686430 406
1686440 405
1686450 404
1686460 403
1686470 402
1686480 401
1686490 400
1686500 399
1686510 397
1686520 396
1686530 394
1686540 391
1686550 388
1686560 384
1686570 380
1686580 377
1686590 374
1686600 372
1686610 370
1686620 370
1686630 369
1686640 370
1686650 371
1686660 374
1686670 377
1686680 379
1686690 382
1686700 385
1686710 388
1686720 391
1686730 394
1686740 397
1686750 399
1686760 401
1686770 402
1686780 403
1686790 404
1686800 405
1686810 406
1686820 407
1686830 408
1686840 408
1686850 409
1686860 409
1686870 410
1686880 410
1686890 411
1686900 411
1686910 412
1686920 412
1686930 413
1686940 413
1686950 414
1686960 414
1686970 415
1686980 415
1686990 416
1687000 416
1687010 416
1687020 417
1687030 417
1687040 417
1687050 417
1687060 418
1687070 417
1687080 418
1687090 418
1687100 417
1687110 417
1687120 417
1687130 417
1687140 417
1687150 417
1687160 416
1687170 416
1687180 416
1687190 416
1687200 415
1687210 415
1687220 415
1687230 415
1687240 415
1687250 414
1687260 414
1687270 414
1687280 414
1687290 414
1687300 413
1687310 413
1687320 413
1687330 412
1687340 412
1687350 412
1687360 412
1687370 412
1687380 412
1687390 411
1687400 411
1687410 411
1687420 411
1687430 411
1687440 411
1687450 411
1687460 411
1687470 410
1687480 410
1687490 410
1687500 410
1687510 410
1687520 410
1687530 410
1687540 410
1687550 411
1687560 411
1687570 411
1687580 410
1687590 409
1687600 409
1687610 408
1687620 408
1687630 407
1687640 407
1687650 407
1687660 406
1687670 406
1687680 406
1687690 406
1687700 405
1687710 405
1687720 405
1687730 405
1687740 404
1687750 404
1687760 404
1687770 404
1687780 404
1687790 403
1687800 403
1687810 403
1687820 403
1687830 403
1687840 402
1687850 402
1687860 402
1687870 401
1687880 401
1687890 401
1687900 401
1687910 400
1687920 400
1687930 400
1687940 400
1687950 399
1687960 399
1687970 399
1687980 398
1687990 398
1688000 398
1688010 398
1688020 397
1688030 397
1688040 397
1688050 397
1688060 396
1688070 396
1688080 396
1688090 395
1688100 395
1688110 395
1688120 394
1688130 394
1688140 394
1688150 394
1688160 393
1688170 393
1688180 392
1688190 392
1688200 392
1688210 391
1688220 391
1688230 391
1688240 391
1688250 391
1688260 391
1688270 391
1688280 390
1688290 390
1688300 390
1688310 390
1688320 389
1688330 389
1688340 389
1688350 389
1688360 389
1688370 388
1688380 388
1688390 388
1688400 388
1688410 388
1688420 387
1688430 386
1688440 386
1688450 385
1688460 385
1688470 384
1688480 384
1688490 383
1688500 383
1688510 382
1688520 381
1688530 380
1688540 380
1688550 379
1688560 378
1688570 378
1688580 377
1688590 377
1688600 377
1688610 376
1688620 376
1688630 376
1688640 375
1688650 375
1688660 374
1688670 374
1688680 374
1688690 374
1688700 373
1688710 373
1688720 374
1688730 374
1688740 374
1688750 375
1688760 376
1688770 377
1688780 378
1688790 378
1688800 379
1688810 379
1688820 379
1688830 379
1688840 379
1688850 379
1688860 378
1688870 378
1688880 378
1688890 377
1688900 376
1688910 376
1688920 376
1688930 375
1688940 374
1688950 374
1688960 373
1688970 372
1688980 371
1688990 371
1689000 370
1689010 369
1689020 369
1689030 368
1689040 368
1689050 367
1689060 366
1689070 366
1689080 365
1689090 364
1689100 364
1689110 363
1689120 362
1689130 361
1689140 361
1689150 360
1689160 360
1689170 359
1689180 358
1689190 357
1689200 356
1689210 355
1689220 354
1689230 353
1689240 353
1689250 352
1689260 352
1689270 352
1689280 351
1689290 351
1689300 351
1689310 351
1689320 350
1689330 350
1689340 349
1689350 349
1689360 349
1689370 348
1689380 348
1689390 347
1689400 347
1689410 346
1689420 345
1689430 345
1689440 344
1689450 343
1689460 342
1689470 342
1689480 341
1689490 341
1689500 340
1689510 340
1689520 340
1689530 339
1689540 339
1689550 339
1689560 339
1689570 338
1689580 338
1689590 337
1689600 336
1689610 336
1689620 336
1689630 335
1689640 335
1689650 335
1689660 334
1689670 334
1689680 334
1689690 334
1689700 334
1689710 334
1689720 335
1689730 336
1689740 337
1689750 338
1689760 338
1689770 339
1689780 339
1689790 339
1689800 339
1689810 340
1689820 340
1689830 340
1689840 340
1689850 341
1689860 341
1689870 342
1689880 343
1689890 343
1689900 344
1689910 345
1689920 345
1689930 346
1689940 346
1689950 346
1689960 347
1689970 347
1689980 347
1689990 347
1690000 346
1690010 346
1690020 346
1690030 345
1690040 345
1690050 344
1690060 344
1690070 343
1690080 342
1690090 341
1690100 340
1690110 339
1690120 338
1690130 337
1690140 337
1690150 336
1690160 335
1690170 334
1690180 334
1690190 333
1690200 333
1690210 332
1690220 331
1690230 331
1690240 331
1690250 330
1690260 330
1690270 329
1690280 329
1690290 328
1690300 327
1690310 327
1690320 327
1690330 327
1690340 328
1690350 327
1690360 327
1690370 327
1690380 327
1690390 326
1690400 326
1690410 327
1690420 327
1690430 327
1690440 327
1690450 327
1690460 327
1690470 326
1690480 326
1690490 326
1690500 326
1690510 325
1690520 325
1690530 324
1690540 324
1690550 323
1690560 323
1690570 322
1690580 322
1690590 322
1690600 321
1690610 321
1690620 320
1690630 319
1690640 319
1690650 318
1690660 317
1690670 317
1690680 316
1690690 316
1690700 315
1690710 315
1690720 314
1690730 314
1690740 313
1690750 313
1690760 312
1690770 311
1690780 310
1690790 309
1690800 308
1690810 307
1690820 306
1690830 305
1690840 304
1690850 303
1690860 302
1690870 302
1690880 302
1690890 301
1690900 301
1690910 301
1690920 301
1690930 301
1690940 301
1690950 302
1690960 302
1690970 302
1690980 302
1690990 301
1691000 301
1691010 301
1691020 301
1691030 300
1691040 300
1691050 300
1691060 300
1691070 300
1691080 300
1691090 301
1691100 301
1691110 301
1691120 302
1691130 302
1691140 302
1691150 302
1691160 302
1691170 302
1691180 303
1691190 303
1691200 302
1691210 302
1691220 302
1691230 303
1691240 303
1691250 303
1691260 303
1691270 303
1691280 303
1691290 303
1691300 304
1691310 304
1691320 305
1691330 305
1691340 306
1691350 306
1691360 307
1691370 307
1691380 307
1691390 307
1691400 307
1691410 308
1691420 308
1691430 309
1691440 311
1691450 312
1691460 314
1691470 316
1691480 318
1691490 319
1691500 320
1691510 321
1691520 321
1691530 322
1691540 322
1691550 322
1691560 322
1691570 322
1691580 322
1691590 322
1691600 322
1691610 322
1691620 321
1691630 320
1691640 320
1691650 319
1691660 318
1691670 318
1691680 317
1691690 317
1691700 316
1691710 316
1691720 315
1691730 315
1691740 314
1691750 314
1691760 313
1691770 313
1691780 313
1691790 315
1691800 316
1691810 317
1691820 318
1691830 319
1691840 319
1691850 320
1691860 320
1691870 320
1691880 321
1691890 321
1691900 321
1691910 322
1691920 322
1691930 322
1691940 323
1691950 323
1691960 323
1691970 323
1691980 324
1691990 324
1692000 324
1692010 324
1692020 324
1692030 324
1692040 324
1692050 323
1692060 323
1692070 323
1692080 323
1692090 322
1692100 322
1692110 322
1692120 322
1692130 321
1692140 321
1692150 321
1692160 321
1692170 320
1692180 320
1692190 320
1692200 319
1692210 319
1692220 318
1692230 318
1692240 317
1692250 316
1692260 316
1692270 315
1692280 314
1692290 313
1692300 313
1692310 312
1692320 311
1692330 310
1692340 309
1692350 308
1692360 308
1692370 307
1692380 306
1692390 305
1692400 304
1692410 302
1692420 301
1692430 300
1692440 298
1692450 297
1692460 295
1692470 294
1692480 294
1692490 294
1692500 295
1692510 295
1692520 295
1692530 295
1692540 295
1692550 295
1692560 295
1692570 296
1692580 296
1692590 297
1692600 298
1692610 299
1692620 300
1692630 300
1692640 301
1692650 302
1692660 303
1692670 303
1692680 303
1692690 305
1692700 306
1692710 306
1692720 307
1692730 306
1692740 306
1692750 304
1692760 305
1692770 305
1692780 307
1692790 308
1692800 309
1692810 309
1692820 310
1692830 310
1692840 311
1692850 311
1692860 310
1692870 310
1692880 309
1692890 308
1692900 307
1692910 305
1692920 304
1692930 302
1692940 300
1692950 299
1692960 297
1692970 296
1692980 295
1692990 293
1693000 292
1693010 293
1693020 298
1693030 303
1693040 307
1693050 310
1693060 313
1693070 315
1693080 317
1693090 318
1693100 319
1693110 320
1693120 321
1693130 322
1693140 323
1693150 323
1693160 324
1693170 325
1693180 325
1693190 326
1693200 326
1693210 326
1693220 326
1693230 327
1693240 327
1693250 327
1693260 327
1693270 327
1693280 326
1693290 326
1693300 326
1693310 325
1693320 325
1693330 325
1693340 324
1693350 324
1693360 324
1693370 323
1693380 323
1693390 323
1693400 322
1693410 322
1693420 322
1693430 322
1693440 321
1693450 321
1693460 321
1693470 321
1693480 321
1693490 320
1693500 320
1693510 320
1693520 320
1693530 320
1693540 320
1693550 320
1693560 319
1693570 319
1693580 319
1693590 319
1693600 319
1693610 319
1693620 318
1693630 318
1693640 318
1693650 318
1693660 317
1693670 317
1693680 317
1693690 317
1693700 317
1693710 317
1693720 317
1693730 316
1693740 316
1693750 316
1693760 315
1693770 315
1693780 315
1693790 315
1693800 315
1693810 314
1693820 314
1693830 314
1693840 314
1693850 314
1693860 313
1693870 313
1693880 313
1693890 313
1693900 313
1693910 313
1693920 313
1693930 312
1693940 312
1693950 312
1693960 312
1693970 311
1693980 311
1693990 311
1694000 311
1694010 311
1694020 311
1694030 310
1694040 310
1694050 310
1694060 310
1694070 310
1694080 309
1694090 309
1694100 309
1694110 309
1694120 309
1694130 308
1694140 308
1694150 308
1694160 308
1694170 307
1694180 307
1694190 307
1694200 307
1694210 306
1694220 306
1694230 306
1694240 305
1694250 305
1694260 305
1694270 305
1694280 305
1694290 304
1694300 304
1694310 304
1694320 303
1694330 303
1694340 303
1694350 302
1694360 302
1694370 302
1694380 301
1694390 301
1694400 301
1694410 300
1694420 300
1694430 300
1694440 299
1694450 299
1694460 298
1694470 298
1694480 297
1694490 297
1694500 296
1694510 296
1694520 295
1694530 295
1694540 295
1694550 294
1694560 294
1694570 294
1694580 293
1694590 292
1694600 292
1694610 291
1694620 290
1694630 290
1694640 289
1694650 288
1694660 287
1694670 286
1694680 285
1694690 284
1694700 283
1694710 282
1694720 282
1694730 281
1694740 281
1694750 282
1694760 283
1694770 283
1694780 283
1694790 284
1694800 284
1694810 284
1694820 285
1694830 285
1694840 286
1694850 287
1694860 289
1694870 292
1694880 294
1694890 295
1694900 297
1694910 298
1694920 299
1694930 300
1694940 300
1694950 301
1694960 302
1694970 303
1694980 303
1694990 304
1695000 305
1695010 305
1695020 306
1695030 307
1695040 308
1695050 308
1695060 309
1695070 309
1695080 310
1695090 310
1695100 311
1695110 312
1695120 313
1695130 313
1695140 314
1695150 314
1695160 315
1695170 315
1695180 316
1695190 316
1695200 317
1695210 317
1695220 318
1695230 318
1695240 319
1695250 319
1695260 319
1695270 320
1695280 320
1695290 320
1695300 320
1695310 320
1695320 320
1695330 321
1695340 321
1695350 321
1695360 321
1695370 321
1695380 321
1695390 321
1695400 321
1695410 321
1695420 321
1695430 321
1695440 321
1695450 321
1695460 322
1695470 322
1695480 322
1695490 322
1695500 322
1695510 322
1695520 321
1695530 321
1695540 321
1695550 321
1695560 321
1695570 321
1695580 321
1695590 321
1695600 321
1695610 321
1695620 321
1695630 321
1695640 321
1695650 321
1695660 320
1695670 320
1695680 320
1695690 320
1695700 320
1695710 320
1695720 320
1695730 320
1695740 320
1695750 320
1695760 320
1695770 320
1695780 320
1695790 320
1695800 320
1695810 320
1695820 320
1695830 320
1695840 320
1695850 320
1695860 320
1695870 319
1695880 319
1695890 319
1695900 319
1695910 319
1695920 319
1695930 319
1695940 319
1695950 319
1695960 319
1695970 319
1695980 319
1695990 319
1696000 319
1696010 319
1696020 319
1696030 319
1696040 319
1696050 318
1696060 318
1696070 318
1696080 318
1696090 318
1696100 318
1696110 318
1696120 318
1696130 318
1696140 318
1696150 318
1696160 318
1696170 318
1696180 319
1696190 319
1696200 319
1696210 319
1696220 319
1696230 319
1696240 319
1696250 319
1696260 319
1696270 319
1696280 319
1696290 319
1696300 319
1696310 319
1696320 319
1696330 319
1696340 319
1696350 319
1696360 320
1696370 320
1696380 320
1696390 320
1696400 320
1696410 320
1696420 320
1696430 320
1696440 320
1696450 320
1696460 320
1696470 320
1696480 320
1696490 320
1696500 320
1696510 320
1696520 320
1696530 320
1696540 320
1696550 320
1696560 320
1696570 320
1696580 320
1696590 320
1696600 320
1696610 320
1696620 320
1696630 320
1696640 320
1696650 320
1696660 320
1696670 320
1696680 320
1696690 320
1696700 320
1696710 320
1696720 320
1696730 320
1696740 320
1696750 321
1696760 321
1696770 321
1696780 321
1696790 321
1696800 321
1696810 321
1696820 321
1696830 321
1696840 321
1696850 321
1696860 321
1696870 321
1696880 321
1696890 321
1696900 321
1696910 321
1696920 321
1696930 321
1696940 321
1696950 321
1696960 321
1696970 321
1696980 321
1696990 321
1697000 321
1697010 321
1697020 320
1697030 320
1697040 320
1697050 320
1697060 320
1697070 320
1697080 320
1697090 320
1697100 320
1697110 320
1697120 320
1697130 320
1697140 320
1697150 320
1697160 320
1697170 320
1697180 320
1697190 320
1697200 320
1697210 320
1697220 320
1697230 320
1697240 320
1697250 320
1697260 320
1697270 320
1697280 320
1697290 320
1697300 320
1697310 320
1697320 320
1697330 319
1697340 319
1697350 319
1697360 319
1697370 319
1697380 319
1697390 319
1697400 319
1697410 319
1697420 319
1697430 320
1697440 320
1697450 320
1697460 320
1697470 320
1697480 320
1697490 320
1697500 320
1697510 320
1697520 320
1697530 320
1697540 319
1697550 319
1697560 319
1697570 319
1697580 319
1697590 319
1697600 319
1697610 319
1697620 319
1697630 319
1697640 318
1697650 318
1697660 318
1697670 318
1697680 318
1697690 318
1697700 317
1697710 317
1697720 317
1697730 317
1697740 317
1697750 316
1697760 316
1697770 316
1697780 315
1697790 315
1697800 315
1697810 315
1697820 315
1697830 314
1697840 314
1697850 314
1697860 314
1697870 313
1697880 313
1697890 313
1697900 313
1697910 313
1697920 312
1697930 312
1697940 312
1697950 312
1697960 312
1697970 311
1697980 311
1697990 311
1698000 311
1698010 310
1698020 310
1698030 310
1698040 310
1698050 310
1698060 309
1698070 309
1698080 309
1698090 309
1698100 308
1698110 308
1698120 308
1698130 308
1698140 307
1698150 307
1698160 306
1698170 306
1698180 305
1698190 305
1698200 305
1698210 304
1698220 304
1698230 304
1698240 304
1698250 303
1698260 303
1698270 303
1698280 303
1698290 302
1698300 302
1698310 302
1698320 301
1698330 301
1698340 301
1698350 301
1698360 300
1698370 300
1698380 300
1698390 300
1698400 299
1698410 299
1698420 299
1698430 298
1698440 298
1698450 297
1698460 297
1698470 297
1698480 296
1698490 296
1698500 295
1698510 295
1698520 295
1698530 295
1698540 294
1698550 293
1698560 293
1698570 293
1698580 292
1698590 292
1698600 291
1698610 290
1698620 289
1698630 289
1698640 288
1698650 287
1698660 286
1698670 286
1698680 286
1698690 286
1698700 286
1698710 285
1698720 284
1698730 283
1698740 282
1698750 282
1698760 281
1698770 280
1698780 279
1698790 278
1698800 277
1698810 276
1698820 276
1698830 275
1698840 275
1698850 274
1698860 273
1698870 271
1698880 269
1698890 266
1698900 263
1698910 261
1698920 260
1698930 260
1698940 261
1698950 262
1698960 263
1698970 263
1698980 263
1698990 264
1699000 265
1699010 266
1699020 268
1699030 270
1699040 272
1699050 275
1699060 278
1699070 281
1699080 283
1699090 284
1699100 286
1699110 288
1699120 289
1699130 290
1699140 291
1699150 292
1699160 292
1699170 292
1699180 293
1699190 293
1699200 293
1699210 294
1699220 294
1699230 294
1699240 295
1699250 295
1699260 295
1699270 294
1699280 294
1699290 294
1699300 295
1699310 295
1699320 295
1699330 294
1699340 294
1699350 295
1699360 295
1699370 295
1699380 295
1699390 295
1699400 295
1699410 295
1699420 295
1699430 295
1699440 294
1699450 294
1699460 294
1699470 294
1699480 294
1699490 294
1699500 295
1699510 295
1699520 295
1699530 295
1699540 295
1699550 295
1699560 295
1699570 295
1699580 295
1699590 295
1699600 295
1699610 295
1699620 295
1699630 296
1699640 296
1699650 296
1699660 296
1699670 296
1699680 297
1699690 297
1699700 297
1699710 297
1699720 297
1699730 297
1699740 297
1699750 297
1699760 298
1699770 298
1699780 298
1699790 298
1699800 298
1699810 298
1699820 298
1699830 297
1699840 297
1699850 297
1699860 297
1699870 298
1699880 298
1699890 298
1699900 298
1699910 298
1699920 299
1699930 299
1699940 299
1699950 299
1699960 300
1699970 300
1699980 300
1699990 300
