1680000 804
1680010 804
1680020 804
1680030 804
1680040 804
1680050 804
1680060 804
1680070 804
1680080 804
1680090 804
1680100 803
1680110 803
1680120 803
1680130 802
1680140 802
1680150 802
1680160 801
1680170 801
1680180 801
1680190 800
1680200 800
1680210 800
1680220 799
1680230 799
1680240 799
1680250 799
1680260 799
1680270 798
1680280 798
1680290 797
1680300 797
1680310 796
1680320 796
1680330 796
1680340 795
1680350 795
1680360 794
1680370 794
1680380 793
1680390 793
1680400 792
1680410 792
1680420 791
1680430 790
1680440 790
1680450 789
1680460 789
1680470 788
1680480 788
1680490 787
1680500 786
1680510 786
1680520 785
1680530 784
1680540 784
1680550 783
1680560 782
1680570 781
1680580 780
1680590 780
1680600 779
1680610 778
1680620 777
1680630 776
1680640 775
1680650 773
1680660 772
1680670 771
1680680 770
1680690 769
1680700 768
1680710 767
1680720 766
1680730 765
1680740 764
1680750 763
1680760 762
1680770 761
1680780 760
1680790 759
1680800 758
1680810 757
1680820 756
1680830 755
1680840 754
1680850 753
1680860 752
1680870 751
1680880 750
1680890 749
1680900 748
1680910 747
1680920 747
1680930 746
1680940 745
1680950 744
1680960 743
1680970 742
1680980 741
1680990 741
1681000 740
1681010 739
1681020 738
1681030 737
1681040 736
1681050 735
1681060 734
1681070 733
1681080 732
1681090 732
1681100 731
1681110 730
1681120 729
1681130 728
1681140 727
1681150 726
1681160 725
1681170 724
1681180 723
1681190 723
1681200 722
1681210 721
1681220 721
1681230 720
1681240 719
1681250 719
1681260 718
1681270 718
1681280 717
1681290 716
1681300 716
1681310 715
1681320 715
1681330 714
1681340 713
1681350 713
1681360 712
1681370 711
1681380 711
1681390 710
1681400 709
1681410 709
1681420 708
1681430 708
1681440 707
1681450 707
1681460 706
1681470 705
1681480 705
1681490 704
1681500 704
1681510 703
1681520 702
1681530 702
1681540 701
1681550 700
1681560 699
1681570 699
1681580 698
1681590 697
1681600 696
1681610 695
1681620 694
1681630 693
1681640 692
1681650 691
1681660 690
1681670 690
1681680 689
1681690 689
1681700 688
1681710 687
1681720 687
1681730 686
1681740 686
1681750 685
1681760 685
1681770 684
1681780 684
1681790 683
1681800 683
1681810 682
1681820 681
1681830 681
1681840 680
1681850 680
1681860 679
1681870 679
1681880 678
1681890 677
1681900 677
1681910 677
1681920 676
1681930 676
1681940 675
1681950 674
1681960 674
1681970 673
1681980 672
1681990 671
1682000 671
1682010 670
1682020 669
1682030 669
1682040 668
1682050 668
1682060 667
1682070 667
1682080 667
1682090 666
1682100 666
1682110 665
1682120 664
1682130 664
1682140 663
1682150 663
1682160 662
1682170 662
1682180 661
1682190 661
1682200 660
1682210 660
1682220 659
1682230 659
1682240 658
1682250 658
1682260 657
1682270 656
1682280 656
1682290 656
1682300 655
1682310 655
1682320 654
1682330 654
1682340 653
1682350 653
1682360 652
1682370 651
1682380 651
1682390 650
1682400 649
1682410 648
1682420 648
1682430 647
1682440 647
1682450 646
1682460 646
1682470 646
1682480 646
1682490 645
1682500 645
1682510 645
1682520 644
1682530 644
1682540 643
1682550 643
1682560 642
1682570 642
1682580 641
1682590 641
1682600 641
1682610 640
1682620 640
1682630 640
1682640 639
1682650 639
1682660 639
1682670 638
1682680 638
1682690 638
1682700 637
1682710 636
1682720 636
1682730 636
1682740 635
1682750 635
1682760 635
1682770 634
1682780 634
1682790 634
1682800 633
1682810 633
1682820 633
1682830 633
1682840 632
1682850 632
1682860 632
1682870 632
1682880 632
1682890 632
1682900 632
1682910 631
1682920 631
1682930 631
1682940 631
1682950 630
1682960 630
1682970 630
1682980 630
1682990 629
1683000 629
1683010 629
1683020 629
1683030 629
1683040 629
1683050 628
1683060 628
1683070 628
1683080 628
1683090 628
1683100 628
1683110 628
1683120 627
1683130 627
1683140 627
1683150 627
1683160 626
1683170 626
1683180 626
1683190 626
1683200 626
1683210 625
1683220 625
1683230 625
1683240 625
1683250 624
1683260 624
1683270 624
1683280 624
1683290 624
1683300 624
1683310 624
1683320 624
1683330 624
1683340 624
1683350 624
1683360 624
1683370 624
1683380 624
1683390 624
1683400 624
1683410 625
1683420 625
1683430 625
1683440 625
1683450 625
1683460 626
1683470 626
1683480 627
1683490 628
1683500 629
1683510 630
1683520 631
1683530 632
1683540 632
1683550 633
1683560 634
1683570 635
1683580 636
1683590 637
1683600 638
1683610 638
1683620 639
1683630 640
1683640 640
1683650 640
1683660 640
1683670 639
1683680 639
1683690 638
1683700 637
1683710 636
1683720 635
1683730 634
1683740 634
1683750 633
1683760 632
1683770 632
1683780 632
1683790 631
1683800 631
1683810 630
1683820 630
1683830 629
1683840 628
1683850 627
1683860 627
1683870 626
1683880 625
1683890 624
1683900 624
1683910 623
1683920 623
1683930 622
1683940 621
1683950 620
1683960 619
1683970 618
1683980 617
1683990 617
1684000 616
1684010 615
1684020 614
1684030 613
1684040 612
1684050 611
1684060 610
1684070 609
1684080 608
1684090 606
1684100 605
1684110 603
1684120 601
1684130 599
1684140 597
1684150 595
1684160 593
1684170 591
1684180 590
1684190 588
1684200 587
1684210 586
1684220 585
1684230 585
1684240 584
1684250 584
1684260 583
1684270 583
1684280 582
1684290 581
1684300 581
1684310 579
1684320 578
1684330 578
1684340 579
1684350 579
1684360 579
1684370 578
1684380 577
1684390 573
1684400 572
1684410 572
1684420 572
1684430 572
1684440 573
1684450 573
1684460 573
1684470 574
1684480 574
1684490 575
1684500 576
1684510 576
1684520 577
1684530 578
1684540 578
1684550 579
1684560 579
1684570 580
1684580 580
1684590 580
1684600 581
1684610 581
1684620 582
1684630 582
1684640 583
1684650 583
1684660 584
1684670 585
1684680 585
1684690 586
1684700 586
1684710 587
1684720 587
1684730 588
1684740 588
1684750 589
1684760 589
1684770 590
1684780 590
1684790 591
1684800 592
1684810 592
1684820 593
1684830 594
1684840 594
1684850 595
1684860 595
1684870 596
1684880 596
1684890 597
1684900 598
1684910 598
1684920 599
1684930 599
1684940 600
1684950 601
1684960 601
1684970 602
1684980 602
1684990 603
1685000 604
1685010 605
1685020 606
1685030 607
1685040 607
1685050 608
1685060 609
1685070 610
1685080 612
1685090 613
1685100 614
1685110 615
1685120 615
1685130 615
1685140 615
1685150 616
1685160 617
1685170 618
1685180 618
1685190 619
1685200 620
1685210 620
1685220 621
1685230 622
1685240 622
1685250 623
1685260 623
1685270 623
1685280 623
1685290 623
1685300 623
1685310 623
1685320 623
1685330 623
1685340 622
1685350 622
1685360 622
1685370 621
1685380 620
1685390 620
1685400 619
1685410 618
1685420 618
1685430 618
1685440 617
1685450 617
1685460 617
1685470 616
1685480 616
1685490 616
1685500 617
1685510 617
1685520 617
1685530 618
1685540 618
1685550 619
1685560 619
1685570 620
1685580 621
1685590 622
1685600 623
1685610 625
1685620 627
1685630 629
1685640 630
1685650 632
1685660 633
1685670 634
1685680 634
1685690 635
1685700 635
1685710 636
1685720 636
1685730 637
1685740 637
1685750 638
1685760 639
1685770 639
1685780 639
1685790 639
1685800 638
1685810 637
1685820 636
1685830 636
1685840 635
1685850 634
1685860 633
1685870 632
1685880 632
1685890 631
1685900 631
1685910 630
1685920 630
1685930 629
1685940 629
1685950 629
1685960 629
1685970 629
1685980 630
1685990 630
1686000 630
1686010 629
1686020 629
1686030 629
1686040 628
1686050 628
1686060 627
1686070 627
1686080 627
1686090 626
1686100 626
1686110 626
1686120 625
1686130 625
1686140 624
1686150 624
1686160 623
1686170 622
1686180 621
1686190 620
1686200 619
1686210 618
1686220 617
1686230 616
1686240 616
1686250 615
1686260 614
1686270 613
1686280 612
1686290 611
1686300 610
1686310 609
1686320 608
1686330 607
1686340 605
1686350 603
1686360 602
1686370 599
1686380 596
1686390 594
1686400 593
1686410 592
1686420 590
1686430 588
1686440 587
1686450 586
1686460 585
1686470 584
1686480 582
1686490 580
1686500 579
1686510 578
1686520 577
1686530 576
1686540 574
1686550 572
1686560 570
1686570 567
1686580 565
1686590 564
1686600 563
1686610 562
1686620 561
1686630 560
1686640 560
1686650 561
1686660 561
1686670 560
1686680 560
1686690 560
1686700 561
1686710 561
1686720 562
1686730 562
1686740 562
1686750 562
1686760 562
1686770 562
1686780 563
1686790 563
1686800 563
1686810 563
1686820 563
1686830 564
1686840 565
1686850 565
1686860 566
1686870 566
1686880 567
1686890 567
1686900 568
1686910 568
1686920 569
1686930 569
1686940 570
1686950 571
1686960 572
1686970 572
1686980 573
1686990 574
1687000 574
1687010 575
1687020 576
1687030 577
1687040 578
1687050 579
1687060 580
1687070 580
1687080 581
1687090 581
1687100 582
1687110 582
1687120 583
1687130 583
1687140 583
1687150 584
1687160 584
1687170 584
1687180 585
1687190 585
1687200 585
1687210 585
1687220 585
1687230 585
1687240 585
1687250 585
1687260 585
1687270 585
1687280 585
1687290 585
1687300 585
1687310 585
1687320 585
1687330 585
1687340 585
1687350 586
1687360 586
1687370 586
1687380 586
1687390 586
1687400 587
1687410 587
1687420 587
1687430 587
1687440 588
1687450 588
1687460 588
1687470 588
1687480 588
1687490 589
1687500 589
1687510 589
1687520 590
1687530 590
1687540 590
1687550 590
1687560 591
1687570 591
1687580 591
1687590 592
1687600 592
1687610 592
1687620 593
1687630 593
1687640 594
1687650 594
1687660 594
1687670 595
1687680 595
1687690 595
1687700 596
1687710 596
1687720 597
1687730 597
1687740 597
1687750 598
1687760 598
1687770 598
1687780 599
1687790 599
1687800 600
1687810 600
1687820 600
1687830 601
1687840 601
1687850 602
1687860 602
1687870 603
1687880 603
1687890 604
1687900 604
1687910 605
1687920 605
1687930 606
1687940 606
1687950 607
1687960 607
1687970 608
1687980 608
1687990 609
1688000 610
1688010 610
1688020 611
1688030 611
1688040 612
1688050 612
1688060 613
1688070 613
1688080 614
1688090 615
1688100 615
1688110 616
1688120 617
1688130 617
1688140 618
1688150 619
1688160 619
1688170 620
1688180 621
1688190 621
1688200 622
1688210 623
1688220 623
1688230 624
1688240 625
1688250 625
1688260 626
1688270 627
1688280 627
1688290 628
1688300 629
1688310 629
1688320 630
1688330 631
1688340 631
1688350 632
1688360 632
1688370 633
1688380 633
1688390 633
1688400 634
1688410 634
1688420 634
1688430 634
1688440 633
1688450 633
1688460 633
1688470 633
1688480 632
1688490 632
1688500 632
1688510 631
1688520 631
1688530 630
1688540 630
1688550 629
1688560 629
1688570 629
1688580 628
1688590 628
1688600 627
1688610 627
1688620 626
1688630 626
1688640 625
1688650 624
1688660 624
1688670 623
1688680 622
1688690 622
1688700 621
1688710 620
1688720 619
1688730 618
1688740 617
1688750 616
1688760 614
1688770 613
1688780 610
1688790 608
1688800 607
1688810 606
1688820 606
1688830 606
1688840 605
1688850 604
1688860 604
1688870 603
1688880 603
1688890 603
1688900 602
1688910 602
1688920 601
1688930 600
1688940 599
1688950 598
1688960 597
1688970 596
1688980 596
1688990 596
1689000 595
1689010 595
1689020 595
1689030 595
1689040 595
1689050 594
1689060 594
1689070 594
1689080 594
1689090 594
1689100 594
1689110 594
1689120 594
1689130 595
1689140 595
1689150 595
1689160 595
1689170 595
1689180 595
1689190 595
1689200 595
1689210 595
1689220 595
1689230 595
1689240 595
1689250 594
1689260 594
1689270 594
1689280 594
1689290 594
1689300 594
1689310 594
1689320 594
1689330 593
1689340 593
1689350 593
1689360 592
1689370 592
1689380 592
1689390 592
1689400 591
1689410 591
1689420 591
1689430 590
1689440 590
1689450 590
1689460 590
1689470 589
1689480 589
1689490 589
1689500 588
1689510 588
1689520 588
1689530 588
1689540 587
1689550 587
1689560 586
1689570 585
1689580 584
1689590 583
1689600 582
1689610 581
1689620 579
1689630 578
1689640 576
1689650 574
1689660 572
1689670 569
1689680 566
1689690 563
1689700 561
1689710 558
1689720 556
1689730 554
1689740 554
1689750 554
1689760 554
1689770 554
1689780 555
1689790 555
1689800 556
1689810 556
1689820 557
1689830 558
1689840 559
1689850 560
1689860 560
1689870 561
1689880 562
1689890 563
1689900 563
1689910 564
1689920 564
1689930 565
1689940 566
1689950 566
1689960 567
1689970 567
1689980 568
1689990 568
1690000 568
1690010 568
1690020 568
1690030 567
1690040 567
1690050 567
1690060 568
1690070 568
1690080 568
1690090 568
1690100 568
1690110 568
1690120 569
1690130 569
1690140 569
1690150 570
1690160 571
1690170 572
1690180 573
1690190 574
1690200 575
1690210 577
1690220 578
1690230 579
1690240 579
1690250 580
1690260 580
1690270 579
1690280 579
1690290 579
1690300 578
1690310 578
1690320 578
1690330 577
1690340 577
1690350 576
1690360 575
1690370 574
1690380 574
1690390 573
1690400 572
1690410 571
1690420 571
1690430 570
1690440 569
1690450 568
1690460 567
1690470 566
1690480 564
1690490 563
1690500 561
1690510 560
1690520 558
1690530 556
1690540 555
1690550 553
1690560 551
1690570 550
1690580 548
1690590 546
1690600 544
1690610 543
1690620 541
1690630 540
1690640 538
1690650 536
1690660 535
1690670 533
1690680 532
1690690 531
1690700 529
1690710 528
1690720 526
1690730 525
1690740 523
1690750 521
1690760 519
1690770 517
1690780 514
1690790 512
1690800 509
1690810 506
1690820 504
1690830 502
1690840 502
1690850 501
1690860 501
1690870 500
1690880 500
1690890 499
1690900 499
1690910 498
1690920 497
1690930 497
1690940 496
1690950 496
1690960 495
1690970 495
1690980 496
1690990 497
1691000 498
1691010 499
1691020 500
1691030 501
1691040 502
1691050 503
1691060 505
1691070 507
1691080 509
1691090 511
1691100 513
1691110 515
1691120 517
1691130 518
1691140 519
1691150 520
1691160 521
1691170 521
1691180 522
1691190 522
1691200 523
1691210 523
1691220 523
1691230 523
1691240 523
1691250 523
1691260 523
1691270 523
1691280 523
1691290 523
1691300 523
1691310 523
1691320 523
1691330 523
1691340 523
1691350 523
1691360 522
1691370 522
1691380 522
1691390 522
1691400 522
1691410 521
1691420 521
1691430 521
1691440 521
1691450 521
1691460 520
1691470 520
1691480 521
1691490 521
1691500 521
1691510 521
1691520 521
1691530 521
1691540 521
1691550 521
1691560 521
1691570 521
1691580 521
1691590 521
1691600 522
1691610 522
1691620 522
1691630 522
1691640 522
1691650 522
1691660 522
1691670 522
1691680 523
1691690 522
1691700 522
1691710 522
1691720 522
1691730 522
1691740 522
1691750 522
1691760 521
1691770 520
1691780 519
1691790 518
1691800 517
1691810 516
1691820 516
1691830 515
1691840 515
1691850 514
1691860 513
1691870 512
1691880 512
1691890 511
1691900 510
1691910 510
1691920 509
1691930 508
1691940 507
1691950 506
1691960 505
1691970 504
1691980 503
1691990 502
1692000 501
1692010 500
1692020 499
1692030 497
1692040 496
1692050 494
1692060 491
1692070 489
1692080 486
1692090 482
1692100 479
1692110 476
1692120 474
1692130 472
1692140 470
1692150 469
1692160 467
1692170 466
1692180 465
1692190 463
1692200 461
1692210 460
1692220 458
1692230 455
1692240 453
1692250 450
1692260 448
1692270 445
1692280 443
1692290 441
1692300 439
1692310 437
1692320 436
1692330 434
1692340 430
1692350 427
1692360 427
1692370 429
1692380 431
1692390 433
1692400 435
1692410 438
1692420 441
1692430 443
1692440 444
1692450 446
1692460 447
1692470 448
1692480 449
1692490 449
1692500 451
1692510 452
1692520 454
1692530 455
1692540 456
1692550 458
1692560 459
1692570 459
1692580 460
1692590 461
1692600 462
1692610 463
1692620 464
1692630 465
1692640 466
1692650 466
1692660 467
1692670 466
1692680 466
1692690 466
1692700 466
1692710 466
1692720 466
1692730 466
1692740 466
1692750 467
1692760 467
1692770 467
1692780 466
1692790 466
1692800 466
1692810 466
1692820 466
1692830 466
1692840 466
1692850 466
1692860 466
1692870 466
1692880 465
1692890 464
1692900 464
1692910 463
1692920 462
1692930 462
1692940 461
1692950 460
1692960 459
1692970 457
1692980 456
1692990 454
1693000 453
1693010 451
1693020 450
1693030 449
1693040 449
1693050 448
1693060 447
1693070 446
1693080 445
1693090 443
1693100 442
1693110 441
1693120 440
1693130 440
1693140 439
1693150 437
1693160 436
1693170 434
1693180 432
1693190 430
1693200 429
1693210 428
1693220 426
1693230 424
1693240 423
1693250 421
1693260 419
1693270 418
1693280 416
1693290 414
1693300 413
1693310 411
1693320 409
1693330 408
1693340 406
1693350 404
1693360 403
1693370 401
1693380 399
1693390 397
1693400 396
1693410 394
1693420 393
1693430 391
1693440 390
1693450 388
1693460 387
1693470 385
1693480 383
1693490 382
1693500 380
1693510 378
1693520 377
1693530 375
1693540 373
1693550 371
1693560 370
1693570 368
1693580 367
1693590 366
1693600 364
1693610 363
1693620 362
1693630 361
1693640 359
1693650 358
1693660 355
1693670 352
1693680 350
1693690 349
1693700 349
1693710 349
1693720 349
1693730 349
1693740 350
1693750 351
1693760 352
1693770 354
1693780 355
1693790 358
1693800 361
1693810 364
1693820 367
1693830 370
1693840 373
1693850 375
1693860 377
1693870 379
1693880 381
1693890 383
1693900 384
1693910 384
1693920 383
1693930 382
1693940 380
1693950 378
1693960 375
1693970 373
1693980 370
1693990 367
1694000 364
1694010 360
1694020 357
1694030 355
1694040 353
1694050 351
1694060 349
1694070 347
1694080 345
1694090 344
1694100 342
1694110 339
1694120 338
1694130 338
1694140 339
1694150 340
1694160 342
1694170 345
1694180 347
1694190 350
1694200 353
1694210 355
1694220 356
1694230 357
1694240 358
1694250 359
1694260 360
1694270 361
1694280 362
1694290 362
1694300 362
1694310 362
1694320 362
1694330 362
1694340 362
1694350 361
1694360 361
1694370 360
1694380 360
1694390 360
1694400 359
1694410 358
1694420 359
1694430 359
1694440 359
1694450 359
1694460 359
1694470 359
1694480 359
1694490 358
1694500 358
1694510 358
1694520 358
1694530 358
1694540 357
1694550 357
1694560 357
1694570 357
1694580 357
1694590 357
1694600 357
1694610 357
1694620 357
1694630 357
1694640 357
1694650 357
1694660 357
1694670 357
1694680 357
1694690 357
1694700 357
1694710 357
1694720 357
1694730 357
1694740 357
1694750 357
1694760 357
1694770 357
1694780 357
1694790 357
1694800 357
1694810 358
1694820 358
1694830 358
1694840 358
1694850 358
1694860 358
1694870 359
1694880 360
1694890 361
1694900 362
1694910 363
1694920 363
1694930 364
1694940 365
1694950 366
1694960 367
1694970 368
1694980 369
1694990 370
1695000 371
1695010 372
1695020 372
1695030 373
1695040 374
1695050 375
1695060 376
1695070 377
1695080 378
1695090 378
1695100 379
1695110 380
1695120 381
1695130 382
1695140 382
1695150 383
1695160 384
1695170 384
1695180 385
1695190 386
1695200 387
1695210 387
1695220 388
1695230 389
1695240 390
1695250 390
1695260 391
1695270 391
1695280 392
1695290 392
1695300 392
1695310 393
1695320 393
1695330 393
1695340 393
1695350 393
1695360 393
1695370 392
1695380 392
1695390 392
1695400 391
1695410 391
1695420 391
1695430 390
1695440 390
1695450 390
1695460 389
1695470 389
1695480 389
1695490 389
1695500 388
1695510 388
1695520 388
1695530 388
1695540 388
1695550 387
1695560 387
1695570 387
1695580 387
1695590 387
1695600 386
1695610 386
1695620 386
1695630 386
1695640 386
1695650 386
1695660 386
1695670 385
1695680 385
1695690 385
1695700 385
1695710 385
1695720 385
1695730 385
1695740 385
1695750 384
1695760 384
1695770 384
1695780 384
1695790 383
1695800 383
1695810 383
1695820 382
1695830 382
1695840 381
1695850 381
1695860 381
1695870 381
1695880 380
1695890 380
1695900 380
1695910 379
1695920 379
1695930 379
1695940 379
1695950 379
1695960 379
1695970 378
1695980 378
1695990 378
1696000 377
1696010 377
1696020 376
1696030 376
1696040 376
1696050 375
1696060 375
1696070 374
1696080 374
1696090 374
1696100 373
1696110 372
1696120 371
1696130 371
1696140 370
1696150 369
1696160 368
1696170 367
1696180 365
1696190 362
1696200 359
1696210 358
1696220 360
1696230 362
1696240 364
1696250 365
1696260 366
1696270 367
1696280 369
1696290 371
1696300 373
1696310 375
1696320 377
1696330 379
1696340 381
1696350 383
1696360 384
1696370 386
1696380 387
1696390 388
1696400 389
1696410 390
1696420 391
1696430 391
1696440 392
1696450 393
1696460 393
1696470 394
1696480 394
1696490 395
1696500 395
1696510 396
1696520 396
1696530 397
1696540 397
1696550 398
1696560 398
1696570 399
1696580 399
1696590 399
1696600 399
1696610 399
1696620 399
1696630 398
1696640 398
1696650 397
1696660 397
1696670 397
1696680 396
1696690 396
1696700 396
1696710 396
1696720 395
1696730 395
1696740 395
1696750 395
1696760 395
1696770 395
1696780 395
1696790 395
1696800 395
1696810 395
1696820 395
1696830 395
1696840 395
1696850 395
1696860 395
1696870 395
1696880 395
1696890 395
1696900 395
1696910 395
1696920 395
1696930 396
1696940 396
1696950 396
1696960 396
1696970 396
1696980 396
1696990 396
1697000 397
1697010 397
1697020 397
1697030 397
1697040 397
1697050 397
1697060 398
1697070 398
1697080 398
1697090 398
1697100 398
1697110 398
1697120 398
1697130 398
1697140 398
1697150 398
1697160 398
1697170 398
1697180 398
1697190 398
1697200 398
1697210 398
1697220 397
1697230 397
1697240 397
1697250 397
1697260 397
1697270 397
1697280 397
1697290 396
1697300 396
1697310 396
1697320 396
1697330 395
1697340 395
1697350 395
1697360 395
1697370 395
1697380 395
1697390 394
1697400 394
1697410 394
1697420 394
1697430 393
1697440 393
1697450 393
1697460 393
1697470 392
1697480 392
1697490 392
1697500 391
1697510 391
1697520 391
1697530 391
1697540 391
1697550 390
1697560 390
1697570 389
1697580 389
1697590 389
1697600 389
1697610 388
1697620 388
1697630 388
1697640 388
1697650 387
1697660 387
1697670 387
1697680 387
1697690 386
1697700 386
1697710 385
1697720 385
1697730 384
1697740 384
1697750 384
1697760 383
1697770 383
1697780 383
1697790 382
1697800 382
1697810 382
1697820 381
1697830 381
1697840 381
1697850 380
1697860 380
1697870 379
1697880 379
1697890 378
1697900 378
1697910 378
1697920 378
1697930 377
1697940 376
1697950 376
1697960 375
1697970 375
1697980 375
1697990 374
1698000 374
1698010 374
1698020 373
1698030 373
1698040 372
1698050 372
1698060 371
1698070 371
1698080 371
1698090 369
1698100 368
1698110 367
1698120 366
1698130 365
1698140 365
1698150 364
1698160 363
1698170 363
1698180 362
1698190 361
1698200 361
1698210 360
1698220 359
1698230 358
1698240 357
1698250 356
1698260 356
1698270 357
1698280 359
1698290 360
1698300 362
1698310 363
1698320 365
1698330 367
1698340 368
1698350 369
1698360 370
1698370 371
1698380 372
1698390 372
1698400 373
1698410 374
1698420 375
1698430 376
1698440 377
1698450 378
1698460 378
1698470 379
1698480 380
1698490 381
1698500 381
1698510 382
1698520 382
1698530 382
1698540 383
1698550 383
1698560 383
1698570 384
1698580 384
1698590 385
1698600 385
1698610 385
1698620 385
1698630 385
1698640 386
1698650 386
1698660 386
1698670 386
1698680 386
1698690 387
1698700 387
1698710 387
1698720 387
1698730 388
1698740 388
1698750 388
1698760 388
1698770 388
1698780 388
1698790 388
1698800 388
1698810 388
1698820 389
1698830 389
1698840 389
1698850 389
1698860 389
1698870 389
1698880 389
1698890 389
1698900 389
1698910 388
1698920 388
1698930 387
1698940 387
1698950 388
1698960 388
1698970 388
1698980 388
1698990 389
1699000 389
1699010 389
1699020 389
1699030 389
1699040 389
1699050 389
1699060 389
1699070 389
1699080 389
1699090 389
1699100 389
1699110 389
1699120 389
1699130 389
1699140 389
1699150 389
1699160 389
1699170 389
1699180 389
1699190 389
1699200 389
1699210 389
1699220 389
1699230 389
1699240 389
1699250 389
1699260 389
1699270 389
1699280 388
1699290 388
1699300 388
1699310 388
1699320 388
1699330 387
1699340 387
1699350 387
1699360 387
1699370 387
1699380 387
1699390 386
1699400 386
1699410 386
1699420 386
1699430 386
1699440 386
1699450 385
1699460 385
1699470 385
1699480 385
1699490 385
1699500 385
1699510 385
1699520 384
1699530 384
1699540 384
1699550 383
1699560 383
1699570 382
1699580 382
1699590 381
1699600 381
1699610 380
1699620 380
1699630 379
1699640 379
1699650 378
1699660 378
1699670 377
1699680 377
1699690 376
1699700 375
1699710 374
1699720 374
1699730 373
1699740 372
1699750 371
1699760 370
1699770 369
1699780 368
1699790 367
1699800 367
1699810 366
1699820 365
1699830 364
1699840 363
1699850 362
1699860 361
1699870 361
1699880 360
1699890 359
1699900 357
1699910 356
1699920 354
1699930 353
1699940 351
1699950 348
1699960 346
1699970 343
1699980 341
1699990 340
