1680000 780
1680010 781
1680020 781
1680030 781
1680040 782
1680050 782
1680060 783
1680070 784
1680080 785
1680090 785
1680100 786
1680110 786
1680120 787
1680130 787
1680140 788
1680150 788
1680160 788
1680170 789
1680180 789
1680190 789
1680200 789
1680210 790
1680220 790
1680230 790
1680240 790
1680250 791
1680260 791
1680270 791
1680280 790
1680290 790
1680300 790
1680310 790
1680320 790
1680330 789
1680340 789
1680350 789
1680360 789
1680370 788
1680380 788
1680390 788
1680400 787
1680410 787
1680420 787
1680430 786
1680440 786
1680450 786
1680460 785
1680470 785
1680480 785
1680490 784
1680500 784
1680510 783
1680520 783
1680530 783
1680540 782
1680550 782
1680560 782
1680570 781
1680580 781
1680590 781
1680600 780
1680610 780
1680620 779
1680630 779
1680640 778
1680650 778
1680660 777
1680670 777
1680680 776
1680690 776
1680700 775
1680710 774
1680720 774
1680730 773
1680740 773
1680750 772
1680760 772
1680770 771
1680780 771
1680790 770
1680800 769
1680810 769
1680820 768
1680830 767
1680840 767
1680850 766
1680860 765
1680870 764
1680880 764
1680890 763
1680900 763
1680910 762
1680920 761
1680930 761
1680940 760
1680950 758
1680960 757
1680970 756
1680980 755
1680990 754
1681000 754
1681010 754
1681020 753
1681030 753
1681040 753
1681050 753
1681060 752
1681070 752
1681080 752
1681090 751
1681100 751
1681110 751
1681120 751
1681130 751
1681140 751
1681150 751
1681160 751
1681170 751
1681180 751
1681190 751
1681200 751
1681210 751
1681220 751
1681230 751
1681240 751
1681250 752
1681260 752
1681270 752
1681280 752
1681290 751
1681300 751
1681310 752
1681320 752
1681330 752
1681340 752
1681350 752
1681360 753
1681370 753
1681380 753
1681390 753
1681400 752
1681410 751
1681420 750
1681430 749
1681440 748
1681450 747
1681460 746
1681470 745
1681480 745
1681490 745
1681500 744
1681510 744
1681520 744
1681530 744
1681540 743
1681550 743
1681560 742
1681570 742
1681580 742
1681590 741
1681600 741
1681610 740
1681620 740
1681630 739
1681640 739
1681650 738
1681660 738
1681670 737
1681680 737
1681690 737
1681700 736
1681710 736
1681720 736
1681730 735
1681740 734
1681750 734
1681760 733
1681770 732
1681780 732
1681790 731
1681800 730
1681810 729
1681820 729
1681830 729
1681840 728
1681850 728
1681860 728
1681870 727
1681880 727
1681890 726
1681900 726
1681910 725
1681920 725
1681930 724
1681940 724
1681950 724
1681960 723
1681970 723
1681980 722
1681990 721
1682000 720
1682010 718
1682020 717
1682030 715
1682040 715
1682050 714
1682060 714
1682070 714
1682080 713
1682090 713
1682100 713
1682110 713
1682120 713
1682130 713
1682140 712
1682150 712
1682160 712
1682170 711
1682180 711
1682190 710
1682200 710
1682210 709
1682220 709
1682230 708
1682240 708
1682250 707
1682260 707
1682270 706
1682280 706
1682290 706
1682300 705
1682310 705
1682320 704
1682330 704
1682340 703
1682350 703
1682360 703
1682370 702
1682380 702
1682390 701
1682400 701
1682410 701
1682420 701
1682430 700
1682440 700
1682450 699
1682460 699
1682470 698
1682480 698
1682490 698
1682500 697
1682510 697
1682520 697
1682530 697
1682540 696
1682550 696
1682560 696
1682570 696
1682580 696
1682590 696
1682600 696
1682610 696
1682620 696
1682630 696
1682640 695
1682650 695
1682660 695
1682670 694
1682680 694
1682690 694
1682700 694
1682710 694
1682720 694
1682730 694
1682740 694
1682750 694
1682760 694
1682770 694
1682780 694
1682790 694
1682800 693
1682810 693
1682820 693
1682830 693
1682840 693
1682850 692
1682860 692
1682870 692
1682880 691
1682890 691
1682900 691
1682910 691
1682920 690
1682930 690
1682940 690
1682950 689
1682960 689
1682970 689
1682980 689
1682990 688
1683000 688
1683010 688
1683020 687
1683030 687
1683040 686
1683050 686
1683060 686
1683070 685
1683080 685
1683090 685
1683100 684
1683110 684
1683120 683
1683130 683
1683140 683
1683150 682
1683160 682
1683170 681
1683180 679
1683190 678
1683200 677
1683210 675
1683220 674
1683230 673
1683240 672
1683250 670
1683260 669
1683270 667
1683280 665
1683290 663
1683300 662
1683310 661
1683320 660
1683330 660
1683340 659
1683350 657
1683360 656
1683370 654
1683380 652
1683390 651
1683400 649
1683410 649
1683420 648
1683430 647
1683440 647
1683450 646
1683460 646
1683470 645
1683480 645
1683490 645
1683500 645
1683510 644
1683520 643
1683530 642
1683540 642
1683550 641
1683560 641
1683570 640
1683580 640
1683590 640
1683600 640
1683610 640
1683620 639
1683630 639
1683640 640
1683650 640
1683660 640
1683670 641
1683680 641
1683690 642
1683700 642
1683710 643
1683720 643
1683730 644
1683740 645
1683750 645
1683760 646
1683770 646
1683780 647
1683790 647
1683800 647
1683810 648
1683820 649
1683830 649
1683840 650
1683850 651
1683860 651
1683870 652
1683880 653
1683890 653
1683900 654
1683910 654
1683920 655
1683930 655
1683940 656
1683950 656
1683960 657
1683970 658
1683980 658
1683990 658
1684000 659
1684010 659
1684020 660
1684030 660
1684040 661
1684050 662
1684060 662
1684070 663
1684080 664
1684090 665
1684100 666
1684110 667
1684120 668
1684130 668
1684140 668
1684150 668
1684160 668
1684170 668
1684180 668
1684190 669
1684200 669
1684210 669
1684220 669
1684230 669
1684240 670
1684250 670
1684260 670
1684270 671
1684280 671
1684290 671
1684300 672
1684310 672
1684320 672
1684330 673
1684340 673
1684350 673
1684360 673
1684370 673
1684380 673
1684390 673
1684400 673
1684410 673
1684420 672
1684430 672
1684440 671
1684450 671
1684460 670
1684470 670
1684480 669
1684490 669
1684500 668
1684510 668
1684520 668
1684530 667
1684540 667
1684550 666
1684560 666
1684570 666
1684580 665
1684590 665
1684600 664
1684610 663
1684620 663
1684630 663
1684640 663
1684650 662
1684660 662
1684670 662
1684680 662
1684690 661
1684700 661
1684710 661
1684720 661
1684730 661
1684740 660
1684750 660
1684760 659
1684770 658
1684780 658
1684790 658
1684800 659
1684810 659
1684820 659
1684830 658
1684840 658
1684850 658
1684860 658
1684870 658
1684880 658
1684890 658
1684900 657
1684910 657
1684920 657
1684930 657
1684940 657
1684950 657
1684960 657
1684970 656
1684980 656
1684990 656
1685000 656
1685010 655
1685020 655
1685030 655
1685040 655
1685050 654
1685060 654
1685070 654
1685080 654
1685090 653
1685100 653
1685110 653
1685120 653
1685130 653
1685140 653
1685150 652
1685160 652
1685170 652
1685180 652
1685190 652
1685200 652
1685210 651
1685220 651
1685230 651
1685240 650
1685250 650
1685260 650
1685270 650
1685280 650
1685290 650
1685300 650
1685310 650
1685320 650
1685330 650
1685340 650
1685350 650
1685360 650
1685370 650
1685380 649
1685390 649
1685400 649
1685410 649
1685420 649
1685430 649
1685440 649
1685450 649
1685460 649
1685470 649
1685480 649
1685490 649
1685500 649
1685510 649
1685520 649
1685530 649
1685540 649
1685550 649
1685560 649
1685570 649
1685580 649
1685590 649
1685600 649
1685610 649
1685620 649
1685630 649
1685640 649
1685650 649
1685660 649
1685670 649
1685680 649
1685690 649
1685700 649
1685710 649
1685720 649
1685730 649
1685740 649
1685750 649
1685760 649
1685770 649
1685780 648
1685790 648
1685800 648
1685810 648
1685820 648
1685830 647
1685840 647
1685850 647
1685860 646
1685870 646
1685880 645
1685890 645
1685900 645
1685910 644
1685920 644
1685930 644
1685940 643
1685950 643
1685960 642
1685970 642
1685980 642
1685990 641
1686000 641
1686010 640
1686020 640
1686030 640
1686040 639
1686050 639
1686060 638
1686070 638
1686080 637
1686090 637
1686100 636
1686110 636
1686120 635
1686130 635
1686140 634
1686150 634
1686160 633
1686170 632
1686180 632
1686190 631
1686200 631
1686210 629
1686220 628
1686230 627
1686240 625
1686250 623
1686260 622
1686270 620
1686280 619
1686290 618
1686300 618
1686310 618
1686320 618
1686330 618
1686340 618
1686350 618
1686360 618
1686370 618
1686380 617
1686390 617
1686400 617
1686410 617
1686420 617
1686430 617
1686440 617
1686450 616
1686460 616
1686470 616
1686480 616
1686490 616
1686500 615
1686510 615
1686520 615
1686530 615
1686540 615
1686550 615
1686560 615
1686570 615
1686580 615
1686590 614
1686600 614
1686610 614
1686620 615
1686630 615
1686640 615
1686650 615
1686660 616
1686670 616
1686680 616
1686690 617
1686700 617
1686710 617
1686720 617
1686730 617
1686740 617
1686750 617
1686760 616
1686770 616
1686780 616
1686790 616
1686800 615
1686810 615
1686820 615
1686830 615
1686840 615
1686850 614
1686860 614
1686870 614
1686880 613
1686890 612
1686900 611
1686910 610
1686920 610
1686930 609
1686940 608
1686950 607
1686960 606
1686970 605
1686980 605
1686990 604
1687000 603
1687010 603
1687020 602
1687030 602
1687040 601
1687050 601
1687060 601
1687070 600
1687080 600
1687090 600
1687100 599
1687110 599
1687120 599
1687130 599
1687140 598
1687150 598
1687160 597
1687170 597
1687180 597
1687190 596
1687200 596
1687210 596
1687220 595
1687230 595
1687240 595
1687250 594
1687260 594
1687270 593
1687280 593
1687290 592
1687300 592
1687310 591
1687320 591
1687330 591
1687340 591
1687350 590
1687360 590
1687370 589
1687380 589
1687390 589
1687400 589
1687410 588
1687420 588
1687430 588
1687440 588
1687450 588
1687460 589
1687470 590
1687480 590
1687490 591
1687500 591
1687510 591
1687520 592
1687530 592
1687540 593
1687550 593
1687560 594
1687570 594
1687580 595
1687590 595
1687600 596
1687610 596
1687620 597
1687630 598
1687640 598
1687650 599
1687660 599
1687670 600
1687680 601
1687690 601
1687700 602
1687710 602
1687720 603
1687730 604
1687740 604
1687750 605
1687760 605
1687770 606
1687780 607
1687790 608
1687800 608
1687810 609
1687820 610
1687830 611
1687840 611
1687850 612
1687860 612
1687870 613
1687880 613
1687890 614
1687900 614
1687910 615
1687920 616
1687930 616
1687940 616
1687950 616
1687960 616
1687970 616
1687980 616
1687990 616
1688000 616
1688010 616
1688020 616
1688030 616
1688040 616
1688050 616
1688060 616
1688070 616
1688080 616
1688090 616
1688100 616
1688110 616
1688120 617
1688130 617
1688140 617
1688150 617
1688160 617
1688170 617
1688180 617
1688190 617
1688200 617
1688210 617
1688220 618
1688230 618
1688240 618
1688250 618
1688260 618
1688270 618
1688280 618
1688290 618
1688300 618
1688310 618
1688320 618
1688330 619
1688340 619
1688350 619
1688360 619
1688370 619
1688380 620
1688390 620
1688400 620
1688410 621
1688420 621
1688430 622
1688440 622
1688450 622
1688460 623
1688470 623
1688480 623
1688490 624
1688500 624
1688510 625
1688520 625
1688530 626
1688540 626
1688550 626
1688560 627
1688570 627
1688580 627
1688590 627
1688600 628
1688610 628
1688620 628
1688630 628
1688640 629
1688650 629
1688660 629
1688670 630
1688680 630
1688690 630
1688700 630
1688710 630
1688720 631
1688730 631
1688740 631
1688750 632
1688760 632
1688770 632
1688780 633
1688790 633
1688800 633
1688810 634
1688820 634
1688830 635
1688840 635
1688850 636
1688860 636
1688870 637
1688880 637
1688890 638
1688900 638
1688910 639
1688920 639
1688930 640
1688940 640
1688950 640
1688960 641
1688970 641
1688980 642
1688990 642
1689000 643
1689010 643
1689020 644
1689030 644
1689040 644
1689050 645
1689060 645
1689070 646
1689080 646
1689090 646
1689100 647
1689110 647
1689120 648
1689130 648
1689140 648
1689150 649
1689160 649
1689170 649
1689180 650
1689190 650
1689200 650
1689210 651
1689220 651
1689230 651
1689240 652
1689250 652
1689260 652
1689270 653
1689280 653
1689290 653
1689300 653
1689310 653
1689320 654
1689330 654
1689340 654
1689350 654
1689360 654
1689370 654
1689380 654
1689390 654
1689400 655
1689410 655
1689420 655
1689430 655
1689440 654
1689450 654
1689460 654
1689470 654
1689480 654
1689490 654
1689500 654
1689510 653
1689520 653
1689530 653
1689540 653
1689550 652
1689560 652
1689570 652
1689580 652
1689590 651
1689600 651
1689610 651
1689620 650
1689630 650
1689640 649
1689650 649
1689660 649
1689670 649
1689680 648
1689690 648
1689700 648
1689710 648
1689720 647
1689730 647
1689740 647
1689750 646
1689760 646
1689770 646
1689780 646
1689790 645
1689800 645
1689810 645
1689820 645
1689830 645
1689840 645
1689850 645
1689860 644
1689870 644
1689880 644
1689890 644
1689900 644
1689910 644
1689920 644
1689930 644
1689940 644
1689950 643
1689960 643
1689970 642
1689980 642
1689990 642
1690000 641
1690010 641
1690020 640
1690030 640
1690040 639
1690050 639
1690060 639
1690070 638
1690080 638
1690090 638
1690100 637
1690110 637
1690120 637
1690130 636
1690140 636
1690150 636
1690160 636
1690170 635
1690180 635
1690190 635
1690200 635
1690210 635
1690220 635
1690230 634
1690240 634
1690250 634
1690260 634
1690270 634
1690280 634
1690290 633
1690300 633
1690310 633
1690320 633
1690330 633
1690340 633
1690350 633
1690360 633
1690370 633
1690380 633
1690390 633
1690400 632
1690410 632
1690420 632
1690430 632
1690440 632
1690450 632
1690460 632
1690470 632
1690480 631
1690490 631
1690500 631
1690510 631
1690520 631
1690530 631
1690540 631
1690550 631
1690560 631
1690570 631
1690580 631
1690590 631
1690600 631
1690610 631
1690620 631
1690630 631
1690640 631
1690650 631
1690660 631
1690670 631
1690680 631
1690690 630
1690700 630
1690710 630
1690720 630
1690730 630
1690740 630
1690750 630
1690760 629
1690770 629
1690780 629
1690790 628
1690800 628
1690810 628
1690820 627
1690830 627
1690840 627
1690850 627
1690860 627
1690870 626
1690880 626
1690890 626
1690900 626
1690910 627
1690920 627
1690930 628
1690940 628
1690950 628
1690960 629
1690970 629
1690980 629
1690990 628
1691000 628
1691010 627
1691020 626
1691030 626
1691040 625
1691050 624
1691060 622
1691070 621
1691080 619
1691090 617
1691100 616
1691110 614
1691120 613
1691130 611
1691140 610
1691150 609
1691160 607
1691170 605
1691180 603
1691190 602
1691200 600
1691210 598
1691220 597
1691230 596
1691240 595
1691250 594
1691260 593
1691270 592
1691280 592
1691290 591
1691300 590
1691310 589
1691320 588
1691330 587
1691340 587
1691350 586
1691360 585
1691370 584
1691380 583
1691390 583
1691400 582
1691410 581
1691420 580
1691430 579
1691440 579
1691450 578
1691460 577
1691470 576
1691480 575
1691490 575
1691500 574
1691510 573
1691520 572
1691530 571
1691540 570
1691550 569
1691560 568
1691570 567
1691580 566
1691590 566
1691600 565
1691610 564
1691620 563
1691630 562
1691640 562
1691650 561
1691660 560
1691670 559
1691680 559
1691690 558
1691700 557
1691710 556
1691720 556
1691730 555
1691740 555
1691750 554
1691760 553
1691770 552
1691780 552
1691790 551
1691800 550
1691810 550
1691820 549
1691830 549
1691840 548
1691850 547
1691860 545
1691870 544
1691880 543
1691890 541
1691900 540
1691910 538
1691920 536
1691930 533
1691940 530
1691950 527
1691960 524
1691970 523
1691980 522
1691990 521
1692000 520
1692010 520
1692020 519
1692030 518
1692040 517
1692050 515
1692060 514
1692070 514
1692080 514
1692090 513
1692100 513
1692110 514
1692120 514
1692130 515
1692140 515
1692150 516
1692160 516
1692170 516
1692180 516
1692190 515
1692200 515
1692210 514
1692220 514
1692230 514
1692240 513
1692250 513
1692260 512
1692270 511
1692280 511
1692290 510
1692300 510
1692310 509
1692320 509
1692330 509
1692340 508
1692350 508
1692360 508
1692370 509
1692380 509
1692390 510
1692400 510
1692410 511
1692420 511
1692430 512
1692440 512
1692450 512
1692460 512
1692470 513
1692480 513
1692490 513
1692500 513
1692510 513
1692520 513
1692530 513
1692540 513
1692550 513
1692560 514
1692570 514
1692580 514
1692590 515
1692600 515
1692610 514
1692620 514
1692630 514
1692640 514
1692650 514
1692660 514
1692670 514
1692680 514
1692690 514
1692700 514
1692710 514
1692720 514
1692730 513
1692740 513
1692750 513
1692760 512
1692770 512
1692780 511
1692790 510
1692800 509
1692810 507
1692820 505
1692830 502
1692840 499
1692850 495
1692860 492
1692870 489
1692880 485
1692890 482
1692900 480
1692910 477
1692920 474
1692930 470
1692940 467
1692950 464
1692960 461
1692970 457
1692980 454
1692990 451
1693000 449
1693010 446
1693020 442
1693030 440
1693040 439
1693050 442
1693060 445
1693070 448
1693080 452
1693090 456
1693100 460
1693110 465
1693120 469
1693130 473
1693140 477
1693150 481
1693160 485
1693170 489
1693180 492
1693190 495
1693200 498
1693210 501
1693220 503
1693230 505
1693240 506
1693250 507
1693260 506
1693270 505
1693280 504
1693290 503
1693300 502
1693310 501
1693320 500
1693330 499
1693340 497
1693350 496
1693360 495
1693370 494
1693380 493
1693390 491
1693400 490
1693410 489
1693420 488
1693430 486
1693440 485
1693450 484
1693460 483
1693470 481
1693480 480
1693490 479
1693500 478
1693510 477
1693520 476
1693530 475
1693540 474
1693550 474
1693560 473
1693570 472
1693580 471
1693590 470
1693600 469
1693610 468
1693620 467
1693630 466
1693640 464
1693650 462
1693660 461
1693670 461
1693680 460
1693690 460
1693700 459
1693710 459
1693720 458
1693730 458
1693740 457
1693750 457
1693760 456
1693770 456
1693780 455
1693790 455
1693800 455
1693810 455
1693820 455
1693830 455
1693840 455
1693850 455
1693860 455
1693870 454
1693880 454
1693890 453
1693900 453
1693910 453
1693920 454
1693930 454
1693940 454
1693950 454
1693960 454
1693970 454
1693980 454
1693990 454
1694000 454
1694010 454
1694020 454
1694030 453
1694040 453
1694050 452
1694060 452
1694070 452
1694080 451
1694090 451
1694100 451
1694110 451
1694120 451
1694130 451
1694140 451
1694150 451
1694160 450
1694170 450
1694180 449
1694190 449
1694200 448
1694210 448
1694220 447
1694230 447
1694240 446
1694250 446
1694260 446
1694270 445
1694280 445
1694290 444
1694300 444
1694310 444
1694320 443
1694330 443
1694340 443
1694350 442
1694360 442
1694370 441
1694380 441
1694390 440
1694400 440
1694410 439
1694420 439
1694430 439
1694440 439
1694450 439
1694460 439
1694470 439
1694480 439
1694490 438
1694500 438
1694510 438
1694520 438
1694530 438
1694540 438
1694550 437
1694560 437
1694570 437
1694580 437
1694590 437
1694600 437
1694610 436
1694620 436
1694630 436
1694640 436
1694650 436
1694660 436
1694670 436
1694680 435
1694690 435
1694700 435
1694710 434
1694720 434
1694730 433
1694740 433
1694750 432
1694760 432
1694770 431
1694780 431
1694790 430
1694800 429
1694810 429
1694820 428
1694830 427
1694840 427
1694850 426
1694860 426
1694870 425
1694880 425
1694890 424
1694900 424
1694910 423
1694920 422
1694930 422
1694940 421
1694950 421
1694960 420
1694970 419
1694980 419
1694990 418
1695000 418
1695010 418
1695020 417
1695030 416
1695040 416
1695050 415
1695060 415
1695070 414
1695080 414
1695090 413
1695100 413
1695110 412
1695120 412
1695130 411
1695140 410
1695150 410
1695160 409
1695170 409
1695180 409
1695190 409
1695200 409
1695210 408
1695220 408
1695230 407
1695240 407
1695250 407
1695260 406
1695270 406
1695280 405
1695290 405
1695300 405
1695310 405
1695320 404
1695330 404
1695340 404
1695350 404
1695360 404
1695370 403
1695380 403
1695390 404
1695400 404
1695410 404
1695420 405
1695430 405
1695440 406
1695450 406
1695460 407
1695470 407
1695480 408
1695490 408
1695500 409
1695510 409
1695520 409
1695530 410
1695540 410
1695550 410
1695560 410
1695570 411
1695580 411
1695590 411
1695600 411
1695610 411
1695620 410
1695630 410
1695640 409
1695650 408
1695660 408
1695670 407
1695680 406
1695690 406
1695700 405
1695710 405
1695720 404
1695730 403
1695740 402
1695750 401
1695760 400
1695770 400
1695780 399
1695790 398
1695800 396
1695810 395
1695820 394
1695830 393
1695840 392
1695850 390
1695860 388
1695870 385
1695880 383
1695890 382
1695900 381
1695910 379
1695920 378
1695930 376
1695940 374
1695950 372
1695960 369
1695970 367
1695980 366
1695990 364
1696000 363
1696010 361
1696020 359
1696030 357
1696040 356
1696050 354
1696060 353
1696070 352
1696080 351
1696090 350
1696100 349
1696110 348
1696120 347
1696130 346
1696140 345
1696150 343
1696160 342
1696170 341
1696180 340
1696190 340
1696200 340
1696210 339
1696220 339
1696230 338
1696240 338
1696250 338
1696260 339
1696270 339
1696280 339
1696290 339
1696300 338
1696310 338
1696320 338
1696330 338
1696340 338
1696350 338
1696360 338
1696370 338
1696380 337
1696390 337
1696400 337
1696410 336
1696420 336
1696430 336
1696440 335
1696450 335
1696460 335
1696470 337
1696480 342
1696490 348
1696500 354
1696510 360
1696520 365
1696530 369
1696540 372
1696550 375
1696560 377
1696570 379
1696580 381
1696590 383
1696600 385
1696610 386
1696620 387
1696630 388
1696640 388
1696650 387
1696660 387
1696670 387
1696680 387
1696690 386
1696700 386
1696710 386
1696720 386
1696730 386
1696740 386
1696750 386
1696760 386
1696770 385
1696780 385
1696790 385
1696800 384
1696810 384
1696820 384
1696830 383
1696840 383
1696850 383
1696860 383
1696870 383
1696880 382
1696890 382
1696900 383
1696910 383
1696920 383
1696930 383
1696940 383
1696950 383
1696960 383
1696970 384
1696980 383
1696990 383
1697000 382
1697010 382
1697020 382
1697030 382
1697040 382
1697050 382
1697060 382
1697070 382
1697080 382
1697090 382
1697100 382
1697110 382
1697120 382
1697130 382
1697140 382
1697150 382
1697160 381
1697170 381
1697180 381
1697190 381
1697200 381
1697210 380
1697220 380
1697230 380
1697240 379
1697250 379
1697260 378
1697270 378
1697280 378
1697290 378
1697300 378
1697310 378
1697320 377
1697330 377
1697340 377
1697350 377
1697360 376
1697370 373
1697380 375
1697390 377
1697400 377
1697410 377
1697420 377
1697430 377
1697440 377
1697450 377
1697460 377
1697470 377
1697480 377
1697490 377
1697500 377
1697510 377
1697520 377
1697530 377
1697540 377
1697550 377
1697560 377
1697570 378
1697580 378
1697590 378
1697600 378
1697610 378
1697620 378
1697630 378
1697640 378
1697650 378
1697660 378
1697670 378
1697680 377
1697690 377
1697700 376
1697710 375
1697720 374
1697730 373
1697740 372
1697750 371
1697760 368
1697770 367
1697780 367
1697790 370
1697800 372
1697810 375
1697820 376
1697830 377
1697840 379
1697850 381
1697860 383
1697870 384
1697880 385
1697890 387
1697900 388
1697910 389
1697920 390
1697930 391
1697940 392
1697950 392
1697960 393
1697970 394
1697980 394
1697990 395
1698000 396
1698010 396
1698020 397
1698030 397
1698040 397
1698050 398
1698060 398
1698070 398
1698080 398
1698090 398
1698100 398
1698110 399
1698120 399
1698130 399
1698140 399
1698150 399
1698160 399
1698170 399
1698180 399
1698190 399
1698200 399
1698210 399
1698220 399
1698230 399
1698240 398
1698250 398
1698260 398
1698270 398
1698280 398
1698290 398
1698300 398
1698310 398
1698320 398
1698330 398
1698340 398
1698350 398
1698360 398
1698370 398
1698380 398
1698390 398
1698400 398
1698410 397
1698420 397
1698430 397
1698440 397
1698450 397
1698460 397
1698470 396
1698480 396
1698490 396
1698500 396
1698510 396
1698520 395
1698530 395
1698540 395
1698550 394
1698560 394
1698570 394
1698580 393
1698590 393
1698600 393
1698610 392
1698620 391
1698630 391
1698640 390
1698650 390
1698660 390
1698670 389
1698680 389
1698690 388
1698700 388
1698710 388
1698720 388
1698730 387
1698740 387
1698750 387
1698760 387
1698770 387
1698780 387
1698790 387
1698800 388
1698810 388
1698820 389
1698830 389
1698840 390
1698850 391
1698860 391
1698870 391
1698880 392
1698890 393
1698900 393
1698910 394
1698920 395
1698930 396
1698940 397
1698950 398
1698960 399
1698970 400
1698980 400
1698990 401
1699000 402
1699010 404
1699020 405
1699030 406
1699040 407
1699050 408
1699060 408
1699070 409
1699080 410
1699090 411
1699100 412
1699110 413
1699120 414
1699130 415
1699140 415
1699150 416
1699160 416
1699170 417
1699180 418
1699190 418
1699200 419
1699210 419
1699220 419
1699230 419
1699240 419
1699250 419
1699260 418
1699270 418
1699280 417
1699290 417
1699300 417
1699310 417
1699320 416
1699330 416
1699340 416
1699350 415
1699360 415
1699370 415
1699380 415
1699390 415
1699400 415
1699410 415
1699420 415
1699430 414
1699440 414
1699450 414
1699460 413
1699470 413
1699480 413
1699490 413
1699500 413
1699510 413
1699520 412
1699530 412
1699540 412
1699550 412
1699560 412
1699570 412
1699580 412
1699590 411
1699600 411
1699610 411
1699620 411
1699630 411
1699640 411
1699650 411
1699660 412
1699670 412
1699680 412
1699690 412
1699700 412
1699710 413
1699720 413
1699730 414
1699740 415
1699750 415
1699760 416
1699770 417
1699780 418
1699790 419
1699800 421
1699810 423
1699820 424
1699830 426
1699840 428
1699850 430
1699860 432
1699870 432
1699880 433
1699890 433
1699900 432
1699910 431
1699920 430
1699930 429
1699940 427
1699950 426
1699960 425
1699970 424
1699980 422
1699990 420
