1680000 813
1680010 814
1680020 814
1680030 814
1680040 815
1680050 815
1680060 815
1680070 815
1680080 815
1680090 816
1680100 816
1680110 816
1680120 816
1680130 816
1680140 817
1680150 817
1680160 817
1680170 817
1680180 818
1680190 818
1680200 818
1680210 818
1680220 818
1680230 819
1680240 819
1680250 819
1680260 819
1680270 820
1680280 820
1680290 820
1680300 820
1680310 820
1680320 820
1680330 820
1680340 819
1680350 819
1680360 818
1680370 818
1680380 817
1680390 817
1680400 816
1680410 816
1680420 816
1680430 816
1680440 815
1680450 815
1680460 815
1680470 815
1680480 815
1680490 814
1680500 814
1680510 814
1680520 814
1680530 813
1680540 813
1680550 813
1680560 813
1680570 812
1680580 812
1680590 812
1680600 812
1680610 812
1680620 812
1680630 813
1680640 813
1680650 813
1680660 812
1680670 812
1680680 812
1680690 812
1680700 812
1680710 812
1680720 812
1680730 811
1680740 811
1680750 811
1680760 810
1680770 809
1680780 809
1680790 808
1680800 808
1680810 807
1680820 807
1680830 806
1680840 806
1680850 806
1680860 805
1680870 805
1680880 804
1680890 804
1680900 803
1680910 803
1680920 802
1680930 802
1680940 802
1680950 802
1680960 802
1680970 802
1680980 802
1680990 802
1681000 802
1681010 802
1681020 801
1681030 801
1681040 801
1681050 801
1681060 801
1681070 801
1681080 801
1681090 801
1681100 800
1681110 800
1681120 799
1681130 799
1681140 799
1681150 799
1681160 799
1681170 798
1681180 797
1681190 797
1681200 796
1681210 796
1681220 796
1681230 796
1681240 796
1681250 796
1681260 796
1681270 796
1681280 797
1681290 797
1681300 796
1681310 796
1681320 796
1681330 796
1681340 795
1681350 795
1681360 795
1681370 795
1681380 795
1681390 795
1681400 794
1681410 794
1681420 793
1681430 793
1681440 793
1681450 792
1681460 791
1681470 791
1681480 790
1681490 790
1681500 789
1681510 788
1681520 788
1681530 787
1681540 787
1681550 786
1681560 786
1681570 785
1681580 785
1681590 784
1681600 783
1681610 783
1681620 783
1681630 782
1681640 782
1681650 782
1681660 782
1681670 781
1681680 781
1681690 781
1681700 781
1681710 781
1681720 780
1681730 780
1681740 779
1681750 778
1681760 777
1681770 777
1681780 776
1681790 776
1681800 776
1681810 776
1681820 776
1681830 776
1681840 776
1681850 776
1681860 776
1681870 776
1681880 776
1681890 775
1681900 774
1681910 773
1681920 772
1681930 771
1681940 770
1681950 770
1681960 769
1681970 768
1681980 767
1681990 767
1682000 766
1682010 765
1682020 765
1682030 764
1682040 764
1682050 763
1682060 762
1682070 762
1682080 761
1682090 761
1682100 760
1682110 759
1682120 757
1682130 756
1682140 754
1682150 752
1682160 751
1682170 749
1682180 748
1682190 747
1682200 746
1682210 746
1682220 745
1682230 745
1682240 745
1682250 745
1682260 745
1682270 745
1682280 744
1682290 744
1682300 744
1682310 743
1682320 743
1682330 743
1682340 743
1682350 742
1682360 742
1682370 741
1682380 741
1682390 741
1682400 741
1682410 740
1682420 740
1682430 740
1682440 739
1682450 739
1682460 739
1682470 738
1682480 737
1682490 737
1682500 736
1682510 735
1682520 735
1682530 734
1682540 734
1682550 733
1682560 733
1682570 732
1682580 731
1682590 731
1682600 730
1682610 730
1682620 729
1682630 729
1682640 728
1682650 727
1682660 726
1682670 725
1682680 723
1682690 722
1682700 721
1682710 720
1682720 719
1682730 718
1682740 717
1682750 716
1682760 714
1682770 713
1682780 712
1682790 710
1682800 709
1682810 708
1682820 707
1682830 706
1682840 705
1682850 704
1682860 703
1682870 702
1682880 702
1682890 701
1682900 700
1682910 699
1682920 698
1682930 697
1682940 697
1682950 696
1682960 694
1682970 692
1682980 689
1682990 687
1683000 685
1683010 684
1683020 683
1683030 683
1683040 682
1683050 682
1683060 681
1683070 680
1683080 679
1683090 679
1683100 678
1683110 677
1683120 676
1683130 675
1683140 674
1683150 673
1683160 673
1683170 672
1683180 672
1683190 671
1683200 670
1683210 669
1683220 668
1683230 667
1683240 666
1683250 666
1683260 665
1683270 665
1683280 663
1683290 662
1683300 662
1683310 661
1683320 660
1683330 660
1683340 660
1683350 660
1683360 659
1683370 659
1683380 659
1683390 659
1683400 659
1683410 659
1683420 658
1683430 658
1683440 658
1683450 659
1683460 660
1683470 661
1683480 661
1683490 662
1683500 662
1683510 663
1683520 665
1683530 667
1683540 670
1683550 671
1683560 673
1683570 675
1683580 677
1683590 678
1683600 680
1683610 682
1683620 684
1683630 685
1683640 687
1683650 689
1683660 691
1683670 694
1683680 696
1683690 698
1683700 700
1683710 702
1683720 703
1683730 705
1683740 707
1683750 709
1683760 711
1683770 713
1683780 715
1683790 717
1683800 719
1683810 720
1683820 722
1683830 723
1683840 725
1683850 726
1683860 727
1683870 728
1683880 729
1683890 731
1683900 732
1683910 732
1683920 733
1683930 734
1683940 735
1683950 735
1683960 735
1683970 734
1683980 734
1683990 732
1684000 731
1684010 730
1684020 728
1684030 727
1684040 726
1684050 725
1684060 723
1684070 722
1684080 721
1684090 719
1684100 718
1684110 716
1684120 715
1684130 713
1684140 712
1684150 710
1684160 709
1684170 708
1684180 707
1684190 706
1684200 705
1684210 704
1684220 703
1684230 702
1684240 701
1684250 701
1684260 700
1684270 699
1684280 698
1684290 697
1684300 697
1684310 696
1684320 695
1684330 695
1684340 695
1684350 694
1684360 694
1684370 694
1684380 694
1684390 693
1684400 693
1684410 693
1684420 693
1684430 693
1684440 693
1684450 692
1684460 692
1684470 692
1684480 692
1684490 692
1684500 692
1684510 692
1684520 692
1684530 691
1684540 691
1684550 691
1684560 690
1684570 690
1684580 690
1684590 689
1684600 689
1684610 689
1684620 688
1684630 688
1684640 688
1684650 687
1684660 687
1684670 687
1684680 686
1684690 686
1684700 686
1684710 685
1684720 685
1684730 685
1684740 685
1684750 684
1684760 683
1684770 683
1684780 682
1684790 682
1684800 682
1684810 681
1684820 681
1684830 681
1684840 680
1684850 680
1684860 680
1684870 680
1684880 680
1684890 680
1684900 679
1684910 679
1684920 679
1684930 679
1684940 678
1684950 676
1684960 676
1684970 675
1684980 675
1684990 675
1685000 674
1685010 674
1685020 674
1685030 673
1685040 673
1685050 673
1685060 672
1685070 672
1685080 672
1685090 672
1685100 672
1685110 671
1685120 671
1685130 670
1685140 670
1685150 670
1685160 670
1685170 669
1685180 669
1685190 669
1685200 669
1685210 668
1685220 668
1685230 668
1685240 667
1685250 667
1685260 667
1685270 667
1685280 666
1685290 666
1685300 666
1685310 665
1685320 665
1685330 665
1685340 664
1685350 664
1685360 664
1685370 663
1685380 663
1685390 662
1685400 662
1685410 662
1685420 661
1685430 661
1685440 660
1685450 660
1685460 660
1685470 659
1685480 659
1685490 659
1685500 659
1685510 658
1685520 658
1685530 658
1685540 657
1685550 657
1685560 657
1685570 656
1685580 656
1685590 656
1685600 655
1685610 655
1685620 655
1685630 655
1685640 654
1685650 654
1685660 654
1685670 654
1685680 653
1685690 653
1685700 653
1685710 652
1685720 652
1685730 652
1685740 651
1685750 651
1685760 651
1685770 650
1685780 650
1685790 650
1685800 649
1685810 649
1685820 649
1685830 648
1685840 648
1685850 648
1685860 648
1685870 647
1685880 647
1685890 647
1685900 647
1685910 647
1685920 646
1685930 646
1685940 646
1685950 646
1685960 645
1685970 645
1685980 645
1685990 645
1686000 645
1686010 645
1686020 645
1686030 645
1686040 645
1686050 645
1686060 645
1686070 645
1686080 645
1686090 646
1686100 645
1686110 645
1686120 645
1686130 645
1686140 645
1686150 644
1686160 644
1686170 643
1686180 643
1686190 642
1686200 642
1686210 642
1686220 641
1686230 641
1686240 641
1686250 640
1686260 640
1686270 640
1686280 639
1686290 639
1686300 639
1686310 639
1686320 639
1686330 638
1686340 638
1686350 638
1686360 638
1686370 637
1686380 637
1686390 637
1686400 637
1686410 636
1686420 636
1686430 636
1686440 636
1686450 635
1686460 635
1686470 635
1686480 635
1686490 634
1686500 634
1686510 634
1686520 633
1686530 633
1686540 633
1686550 632
1686560 632
1686570 631
1686580 631
1686590 630
1686600 630
1686610 629
1686620 629
1686630 628
1686640 628
1686650 627
1686660 627
1686670 626
1686680 626
1686690 625
1686700 625
1686710 625
1686720 624
1686730 624
1686740 623
1686750 623
1686760 622
1686770 622
1686780 621
1686790 621
1686800 620
1686810 620
1686820 620
1686830 619
1686840 619
1686850 618
1686860 618
1686870 618
1686880 617
1686890 617
1686900 616
1686910 616
1686920 615
1686930 615
1686940 614
1686950 614
1686960 613
1686970 613
1686980 612
1686990 612
1687000 612
1687010 611
1687020 611
1687030 611
1687040 610
1687050 610
1687060 610
1687070 609
1687080 609
1687090 609
1687100 609
1687110 608
1687120 608
1687130 608
1687140 608
1687150 607
1687160 607
1687170 607
1687180 607
1687190 607
1687200 606
1687210 606
1687220 606
1687230 606
1687240 606
1687250 606
1687260 606
1687270 606
1687280 606
1687290 606
1687300 606
1687310 606
1687320 606
1687330 606
1687340 606
1687350 606
1687360 605
1687370 605
1687380 605
1687390 605
1687400 605
1687410 605
1687420 605
1687430 605
1687440 605
1687450 605
1687460 605
1687470 605
1687480 605
1687490 605
1687500 606
1687510 606
1687520 606
1687530 606
1687540 607
1687550 607
1687560 607
1687570 608
1687580 608
1687590 608
1687600 609
1687610 610
1687620 610
1687630 610
1687640 611
1687650 611
1687660 611
1687670 611
1687680 611
1687690 612
1687700 612
1687710 612
1687720 612
1687730 612
1687740 612
1687750 612
1687760 613
1687770 613
1687780 613
1687790 613
1687800 613
1687810 613
1687820 613
1687830 613
1687840 613
1687850 613
1687860 613
1687870 614
1687880 614
1687890 614
1687900 614
1687910 614
1687920 614
1687930 614
1687940 614
1687950 615
1687960 615
1687970 615
1687980 615
1687990 615
1688000 615
1688010 615
1688020 615
1688030 615
1688040 615
1688050 615
1688060 615
1688070 615
1688080 615
1688090 615
1688100 615
1688110 615
1688120 615
1688130 615
1688140 615
1688150 615
1688160 615
1688170 615
1688180 615
1688190 615
1688200 615
1688210 615
1688220 615
1688230 615
1688240 615
1688250 615
1688260 616
1688270 616
1688280 616
1688290 616
1688300 616
1688310 616
1688320 616
1688330 616
1688340 616
1688350 616
1688360 616
1688370 616
1688380 616
1688390 616
1688400 616
1688410 617
1688420 617
1688430 617
1688440 617
1688450 617
1688460 617
1688470 617
1688480 617
1688490 618
1688500 618
1688510 618
1688520 618
1688530 618
1688540 618
1688550 618
1688560 618
1688570 618
1688580 618
1688590 618
1688600 618
1688610 618
1688620 618
1688630 618
1688640 618
1688650 618
1688660 618
1688670 618
1688680 618
1688690 619
1688700 619
1688710 619
1688720 619
1688730 619
1688740 619
1688750 619
1688760 619
1688770 619
1688780 619
1688790 619
1688800 619
1688810 619
1688820 620
1688830 620
1688840 620
1688850 620
1688860 620
1688870 620
1688880 620
1688890 620
1688900 620
1688910 620
1688920 620
1688930 620
1688940 620
1688950 620
1688960 620
1688970 620
1688980 620
1688990 620
1689000 620
1689010 620
1689020 620
1689030 620
1689040 620
1689050 620
1689060 620
1689070 620
1689080 620
1689090 620
1689100 620
1689110 620
1689120 620
1689130 620
1689140 620
1689150 620
1689160 620
1689170 620
1689180 620
1689190 620
1689200 620
1689210 620
1689220 620
1689230 620
1689240 620
1689250 620
1689260 620
1689270 620
1689280 620
1689290 620
1689300 620
1689310 620
1689320 620
1689330 620
1689340 620
1689350 620
1689360 620
1689370 620
1689380 620
1689390 620
1689400 620
1689410 620
1689420 620
1689430 620
1689440 620
1689450 620
1689460 620
1689470 620
1689480 620
1689490 620
1689500 621
1689510 621
1689520 621
1689530 621
1689540 621
1689550 621
1689560 621
1689570 621
1689580 622
1689590 622
1689600 622
1689610 622
1689620 623
1689630 623
1689640 623
1689650 624
1689660 624
1689670 625
1689680 625
1689690 625
1689700 626
1689710 626
1689720 627
1689730 628
1689740 628
1689750 629
1689760 630
1689770 630
1689780 630
1689790 630
1689800 631
1689810 631
1689820 632
1689830 632
1689840 632
1689850 632
1689860 632
1689870 632
1689880 633
1689890 632
1689900 632
1689910 632
1689920 632
1689930 631
1689940 631
1689950 630
1689960 630
1689970 630
1689980 629
1689990 629
1690000 628
1690010 628
1690020 628
1690030 627
1690040 627
1690050 626
1690060 626
1690070 625
1690080 625
1690090 625
1690100 624
1690110 624
1690120 624
1690130 623
1690140 623
1690150 623
1690160 623
1690170 623
1690180 623
1690190 623
1690200 623
1690210 623
1690220 623
1690230 623
1690240 623
1690250 623
1690260 623
1690270 623
1690280 624
1690290 624
1690300 624
1690310 624
1690320 624
1690330 624
1690340 624
1690350 625
1690360 625
1690370 625
1690380 625
1690390 625
1690400 625
1690410 625
1690420 624
1690430 624
1690440 624
1690450 624
1690460 624
1690470 624
1690480 624
1690490 624
1690500 624
1690510 623
1690520 623
1690530 623
1690540 623
1690550 622
1690560 622
1690570 622
1690580 622
1690590 622
1690600 622
1690610 621
1690620 621
1690630 621
1690640 621
1690650 621
1690660 620
1690670 620
1690680 620
1690690 620
1690700 620
1690710 619
1690720 619
1690730 619
1690740 619
1690750 619
1690760 618
1690770 618
1690780 618
1690790 617
1690800 617
1690810 617
1690820 616
1690830 616
1690840 616
1690850 615
1690860 615
1690870 615
1690880 614
1690890 614
1690900 613
1690910 612
1690920 612
1690930 612
1690940 611
1690950 611
1690960 611
1690970 610
1690980 610
1690990 609
1691000 609
1691010 609
1691020 608
1691030 608
1691040 608
1691050 607
1691060 607
1691070 607
1691080 606
1691090 606
1691100 605
1691110 604
1691120 604
1691130 603
1691140 602
1691150 602
1691160 601
1691170 601
1691180 601
1691190 600
1691200 600
1691210 600
1691220 600
1691230 599
1691240 598
1691250 598
1691260 597
1691270 596
1691280 596
1691290 595
1691300 595
1691310 594
1691320 593
1691330 592
1691340 592
1691350 592
1691360 591
1691370 591
1691380 590
1691390 590
1691400 590
1691410 590
1691420 589
1691430 589
1691440 589
1691450 589
1691460 588
1691470 588
1691480 588
1691490 588
1691500 587
1691510 587
1691520 587
1691530 587
1691540 587
1691550 587
1691560 587
1691570 587
1691580 586
1691590 586
1691600 586
1691610 585
1691620 585
1691630 584
1691640 584
1691650 583
1691660 583
1691670 582
1691680 582
1691690 581
1691700 581
1691710 580
1691720 579
1691730 579
1691740 578
1691750 577
1691760 577
1691770 576
1691780 576
1691790 575
1691800 574
1691810 573
1691820 572
1691830 571
1691840 571
1691850 570
1691860 569
1691870 568
1691880 567
1691890 566
1691900 566
1691910 565
1691920 564
1691930 563
1691940 563
1691950 562
1691960 561
1691970 560
1691980 559
1691990 558
1692000 557
1692010 556
1692020 556
1692030 555
1692040 554
1692050 554
1692060 553
1692070 553
1692080 552
1692090 552
1692100 552
1692110 551
1692120 551
1692130 550
1692140 550
1692150 549
1692160 549
1692170 548
1692180 547
1692190 547
1692200 546
1692210 545
1692220 544
1692230 543
1692240 542
1692250 541
1692260 540
1692270 539
1692280 538
1692290 537
1692300 535
1692310 533
1692320 532
1692330 531
1692340 529
1692350 528
1692360 527
1692370 527
1692380 526
1692390 526
1692400 525
1692410 525
1692420 524
1692430 524
1692440 524
1692450 525
1692460 525
1692470 526
1692480 527
1692490 528
1692500 528
1692510 529
1692520 530
1692530 530
1692540 530
1692550 530
1692560 529
1692570 529
1692580 529
1692590 529
1692600 528
1692610 528
1692620 528
1692630 528
1692640 527
1692650 527
1692660 527
1692670 527
1692680 526
1692690 526
1692700 526
1692710 526
1692720 526
1692730 526
1692740 526
1692750 526
1692760 526
1692770 527
1692780 527
1692790 526
1692800 526
1692810 525
1692820 525
1692830 524
1692840 523
1692850 523
1692860 522
1692870 521
1692880 520
1692890 518
1692900 517
1692910 515
1692920 512
1692930 509
1692940 505
1692950 502
1692960 499
1692970 496
1692980 494
1692990 492
1693000 490
1693010 488
1693020 486
1693030 484
1693040 482
1693050 480
1693060 479
1693070 477
1693080 476
1693090 477
1693100 478
1693110 481
1693120 484
1693130 487
1693140 489
1693150 491
1693160 493
1693170 495
1693180 497
1693190 499
1693200 500
1693210 502
1693220 503
1693230 505
1693240 506
1693250 508
1693260 509
1693270 510
1693280 511
1693290 512
1693300 513
1693310 514
1693320 515
1693330 515
1693340 516
1693350 517
1693360 517
1693370 517
1693380 517
1693390 516
1693400 516
1693410 515
1693420 514
1693430 513
1693440 513
1693450 512
1693460 512
1693470 511
1693480 511
1693490 510
1693500 509
1693510 508
1693520 507
1693530 507
1693540 506
1693550 505
1693560 504
1693570 503
1693580 503
1693590 502
1693600 501
1693610 500
1693620 500
1693630 499
1693640 498
1693650 497
1693660 496
1693670 495
1693680 494
1693690 493
1693700 492
1693710 492
1693720 491
1693730 491
1693740 490
1693750 490
1693760 490
1693770 489
1693780 489
1693790 489
1693800 488
1693810 488
1693820 488
1693830 487
1693840 487
1693850 487
1693860 487
1693870 486
1693880 486
1693890 485
1693900 485
1693910 484
1693920 484
1693930 483
1693940 483
1693950 482
1693960 482
1693970 481
1693980 480
1693990 480
1694000 479
1694010 478
1694020 478
1694030 477
1694040 476
1694050 475
1694060 474
1694070 474
1694080 473
1694090 473
1694100 472
1694110 471
1694120 471
1694130 470
1694140 470
1694150 469
1694160 469
1694170 468
1694180 468
1694190 467
1694200 466
1694210 466
1694220 465
1694230 464
1694240 463
1694250 463
1694260 462
1694270 461
1694280 461
1694290 460
1694300 459
1694310 459
1694320 458
1694330 457
1694340 457
1694350 456
1694360 455
1694370 455
1694380 454
1694390 453
1694400 452
1694410 451
1694420 450
1694430 449
1694440 448
1694450 447
1694460 446
1694470 445
1694480 444
1694490 442
1694500 441
1694510 440
1694520 439
1694530 438
1694540 437
1694550 436
1694560 435
1694570 435
1694580 434
1694590 434
1694600 434
1694610 434
1694620 434
1694630 433
1694640 433
1694650 432
1694660 431
1694670 430
1694680 430
1694690 429
1694700 429
1694710 428
1694720 428
1694730 427
1694740 427
1694750 426
1694760 426
1694770 425
1694780 425
1694790 425
1694800 424
1694810 424
1694820 424
1694830 424
1694840 424
1694850 424
1694860 424
1694870 424
1694880 424
1694890 423
1694900 423
1694910 423
1694920 423
1694930 422
1694940 422
1694950 422
1694960 421
1694970 421
1694980 420
1694990 420
1695000 419
1695010 418
1695020 418
1695030 417
1695040 417
1695050 417
1695060 416
1695070 416
1695080 415
1695090 414
1695100 414
1695110 413
1695120 413
1695130 412
1695140 411
1695150 411
1695160 410
1695170 410
1695180 409
1695190 408
1695200 408
1695210 407
1695220 406
1695230 406
1695240 405
1695250 405
1695260 404
1695270 403
1695280 403
1695290 402
1695300 402
1695310 401
1695320 400
1695330 400
1695340 399
1695350 399
1695360 398
1695370 398
1695380 397
1695390 397
1695400 396
1695410 396
1695420 395
1695430 394
1695440 394
1695450 393
1695460 392
1695470 391
1695480 390
1695490 389
1695500 388
1695510 387
1695520 385
1695530 383
1695540 381
1695550 381
1695560 380
1695570 380
1695580 379
1695590 378
1695600 377
1695610 375
1695620 373
1695630 371
1695640 372
1695650 372
1695660 372
1695670 372
1695680 373
1695690 373
1695700 375
1695710 375
1695720 375
1695730 375
1695740 374
1695750 375
1695760 375
1695770 375
1695780 375
1695790 375
1695800 375
1695810 374
1695820 372
1695830 370
1695840 367
1695850 363
1695860 360
1695870 357
1695880 355
1695890 352
1695900 349
1695910 348
1695920 348
1695930 347
1695940 347
1695950 348
1695960 349
1695970 349
1695980 350
1695990 352
1696000 355
1696010 358
1696020 362
1696030 367
1696040 372
1696050 377
1696060 381
1696070 386
1696080 390
1696090 393
1696100 396
1696110 399
1696120 400
1696130 402
1696140 403
1696150 404
1696160 405
1696170 406
1696180 406
1696190 407
1696200 407
1696210 408
1696220 409
1696230 409
1696240 409
1696250 410
1696260 410
1696270 410
1696280 410
1696290 409
1696300 409
1696310 409
1696320 408
1696330 408
1696340 408
1696350 408
1696360 407
1696370 407
1696380 406
1696390 406
1696400 405
1696410 404
1696420 403
1696430 401
1696440 399
1696450 396
1696460 393
1696470 389
1696480 386
1696490 385
1696500 384
1696510 384
1696520 383
1696530 382
1696540 380
1696550 379
1696560 379
1696570 379
1696580 379
1696590 379
1696600 377
1696610 374
1696620 372
1696630 369
1696640 367
1696650 364
1696660 361
1696670 359
1696680 357
1696690 354
1696700 351
1696710 348
1696720 345
1696730 342
1696740 338
1696750 334
1696760 331
1696770 329
1696780 328
1696790 328
1696800 328
1696810 327
1696820 327
1696830 327
1696840 327
1696850 328
1696860 328
1696870 329
1696880 330
1696890 332
1696900 335
1696910 339
1696920 342
1696930 345
1696940 348
1696950 351
1696960 353
1696970 355
1696980 356
1696990 357
1697000 358
1697010 359
1697020 360
1697030 361
1697040 362
1697050 363
1697060 363
1697070 364
1697080 365
1697090 366
1697100 366
1697110 367
1697120 368
1697130 368
1697140 369
1697150 369
1697160 369
1697170 370
1697180 370
1697190 370
1697200 370
1697210 370
1697220 370
1697230 370
1697240 370
1697250 370
1697260 370
1697270 370
1697280 370
1697290 370
1697300 370
1697310 370
1697320 370
1697330 370
1697340 370
1697350 370
1697360 370
1697370 370
1697380 369
1697390 369
1697400 369
1697410 369
1697420 369
1697430 368
1697440 368
1697450 368
1697460 367
1697470 367
1697480 367
1697490 367
1697500 367
1697510 367
1697520 367
1697530 367
1697540 367
1697550 367
1697560 367
1697570 366
1697580 366
1697590 366
1697600 366
1697610 366
1697620 366
1697630 365
1697640 365
1697650 365
1697660 365
1697670 365
1697680 365
1697690 364
1697700 364
1697710 364
1697720 364
1697730 364
1697740 364
1697750 363
1697760 363
1697770 363
1697780 362
1697790 362
1697800 361
1697810 360
1697820 359
1697830 357
1697840 355
1697850 353
1697860 350
1697870 348
1697880 345
1697890 342
1697900 339
1697910 335
1697920 332
1697930 331
1697940 331
1697950 332
1697960 333
1697970 335
1697980 337
1697990 338
1698000 340
1698010 342
1698020 345
1698030 348
1698040 350
1698050 352
1698060 354
1698070 355
1698080 357
1698090 358
1698100 359
1698110 359
1698120 360
1698130 360
1698140 360
1698150 361
1698160 361
1698170 361
1698180 360
1698190 360
1698200 359
1698210 357
1698220 357
1698230 356
1698240 355
1698250 354
1698260 354
1698270 353
1698280 353
1698290 353
1698300 352
1698310 351
1698320 350
1698330 349
1698340 348
1698350 347
1698360 346
1698370 344
1698380 343
1698390 341
1698400 340
1698410 339
1698420 338
1698430 340
1698440 342
1698450 344
1698460 346
1698470 348
1698480 350
1698490 352
1698500 353
1698510 355
1698520 357
1698530 359
1698540 361
1698550 363
1698560 365
1698570 366
1698580 367
1698590 368
1698600 369
1698610 370
1698620 370
1698630 371
1698640 371
1698650 372
1698660 372
1698670 373
1698680 373
1698690 374
1698700 375
1698710 375
1698720 376
1698730 376
1698740 377
1698750 377
1698760 378
1698770 378
1698780 379
1698790 379
1698800 380
1698810 381
1698820 381
1698830 382
1698840 382
1698850 383
1698860 383
1698870 383
1698880 384
1698890 384
1698900 384
1698910 384
1698920 385
1698930 385
1698940 385
1698950 385
1698960 385
1698970 385
1698980 385
1698990 385
1699000 386
1699010 386
1699020 386
1699030 386
1699040 386
1699050 385
1699060 385
1699070 385
1699080 385
1699090 385
1699100 385
1699110 385
1699120 385
1699130 385
1699140 386
1699150 386
1699160 386
1699170 386
1699180 386
1699190 387
1699200 387
1699210 387
1699220 387
1699230 388
1699240 388
1699250 388
1699260 388
1699270 388
1699280 388
1699290 389
1699300 389
1699310 389
1699320 388
1699330 388
1699340 388
1699350 388
1699360 388
1699370 388
1699380 388
1699390 388
1699400 388
1699410 388
1699420 388
1699430 388
1699440 388
1699450 388
1699460 388
1699470 388
1699480 388
1699490 388
1699500 388
1699510 388
1699520 388
1699530 388
1699540 388
1699550 388
1699560 388
1699570 388
1699580 388
1699590 388
1699600 388
1699610 388
1699620 388
1699630 388
1699640 388
1699650 389
1699660 389
1699670 388
1699680 388
1699690 388
1699700 387
1699710 387
1699720 386
1699730 386
1699740 386
1699750 385
1699760 384
1699770 384
1699780 383
1699790 382
1699800 381
1699810 380
1699820 379
1699830 378
1699840 377
1699850 375
1699860 374
1699870 372
1699880 371
1699890 370
1699900 368
1699910 367
1699920 365
1699930 364
1699940 362
1699950 360
1699960 359
1699970 358
1699980 357
1699990 356
