1680000 764
1680010 764
1680020 765
1680030 765
1680040 765
1680050 765
1680060 765
1680070 765
1680080 765
1680090 765
1680100 765
1680110 765
1680120 765
1680130 766
1680140 766
1680150 766
1680160 766
1680170 766
1680180 766
1680190 766
1680200 766
1680210 766
1680220 766
1680230 766
1680240 766
1680250 766
1680260 766
1680270 765
1680280 765
1680290 765
1680300 765
1680310 765
1680320 765
1680330 765
1680340 765
1680350 765
1680360 764
1680370 764
1680380 764
1680390 764
1680400 764
1680410 763
1680420 763
1680430 763
1680440 762
1680450 762
1680460 762
1680470 762
1680480 762
1680490 761
1680500 761
1680510 761
1680520 760
1680530 760
1680540 760
1680550 760
1680560 759
1680570 759
1680580 759
1680590 759
1680600 758
1680610 758
1680620 758
1680630 758
1680640 757
1680650 757
1680660 757
1680670 756
1680680 755
1680690 755
1680700 755
1680710 754
1680720 754
1680730 754
1680740 754
1680750 753
1680760 753
1680770 752
1680780 752
1680790 751
1680800 750
1680810 749
1680820 748
1680830 748
1680840 747
1680850 746
1680860 744
1680870 743
1680880 742
1680890 740
1680900 739
1680910 738
1680920 737
1680930 737
1680940 736
1680950 736
1680960 735
1680970 735
1680980 735
1680990 735
1681000 734
1681010 734
1681020 733
1681030 733
1681040 733
1681050 732
1681060 732
1681070 731
1681080 731
1681090 730
1681100 730
1681110 730
1681120 729
1681130 729
1681140 729
1681150 729
1681160 728
1681170 728
1681180 727
1681190 727
1681200 726
1681210 726
1681220 726
1681230 725
1681240 725
1681250 724
1681260 724
1681270 723
1681280 723
1681290 723
1681300 722
1681310 722
1681320 721
1681330 721
1681340 720
1681350 720
1681360 719
1681370 719
1681380 719
1681390 718
1681400 718
1681410 717
1681420 716
1681430 716
1681440 715
1681450 715
1681460 714
1681470 714
1681480 713
1681490 713
1681500 713
1681510 712
1681520 712
1681530 711
1681540 711
1681550 710
1681560 710
1681570 709
1681580 709
1681590 708
1681600 708
1681610 707
1681620 706
1681630 706
1681640 705
1681650 705
1681660 704
1681670 703
1681680 703
1681690 702
1681700 701
1681710 700
1681720 699
1681730 699
1681740 698
1681750 698
1681760 697
1681770 697
1681780 696
1681790 696
1681800 696
1681810 695
1681820 694
1681830 694
1681840 693
1681850 692
1681860 691
1681870 689
1681880 688
1681890 686
1681900 685
1681910 685
1681920 684
1681930 684
1681940 683
1681950 683
1681960 683
1681970 682
1681980 682
1681990 682
1682000 681
1682010 681
1682020 680
1682030 680
1682040 679
1682050 679
1682060 678
1682070 678
1682080 678
1682090 678
1682100 677
1682110 677
1682120 676
1682130 676
1682140 676
1682150 676
1682160 675
1682170 675
1682180 673
1682190 672
1682200 671
1682210 669
1682220 667
1682230 665
1682240 665
1682250 664
1682260 664
1682270 663
1682280 663
1682290 663
1682300 662
1682310 662
1682320 661
1682330 660
1682340 660
1682350 659
1682360 659
1682370 658
1682380 657
1682390 655
1682400 654
1682410 653
1682420 652
1682430 652
1682440 652
1682450 652
1682460 652
1682470 651
1682480 651
1682490 651
1682500 651
1682510 651
1682520 650
1682530 650
1682540 650
1682550 650
1682560 650
1682570 650
1682580 650
1682590 650
1682600 650
1682610 650
1682620 650
1682630 650
1682640 650
1682650 650
1682660 650
1682670 650
1682680 650
1682690 650
1682700 650
1682710 650
1682720 650
1682730 650
1682740 650
1682750 650
1682760 649
1682770 649
1682780 649
1682790 649
1682800 649
1682810 649
1682820 648
1682830 648
1682840 648
1682850 648
1682860 648
1682870 648
1682880 648
1682890 648
1682900 648
1682910 648
1682920 647
1682930 647
1682940 647
1682950 647
1682960 647
1682970 647
1682980 647
1682990 647
1683000 647
1683010 647
1683020 646
1683030 646
1683040 646
1683050 646
1683060 646
1683070 646
1683080 645
1683090 645
1683100 645
1683110 645
1683120 645
1683130 644
1683140 644
1683150 644
1683160 644
1683170 643
1683180 643
1683190 643
1683200 642
1683210 642
1683220 642
1683230 641
1683240 641
1683250 641
1683260 640
1683270 640
1683280 640
1683290 640
1683300 640
1683310 640
1683320 640
1683330 639
1683340 639
1683350 639
1683360 639
1683370 638
1683380 638
1683390 638
1683400 637
1683410 637
1683420 637
1683430 637
1683440 636
1683450 636
1683460 635
1683470 635
1683480 635
1683490 634
1683500 634
1683510 634
1683520 633
1683530 633
1683540 633
1683550 632
1683560 632
1683570 631
1683580 631
1683590 630
1683600 630
1683610 630
1683620 630
1683630 630
1683640 630
1683650 630
1683660 630
1683670 629
1683680 629
1683690 629
1683700 629
1683710 628
1683720 627
1683730 627
1683740 626
1683750 625
1683760 624
1683770 623
1683780 622
1683790 621
1683800 620
1683810 619
1683820 618
1683830 617
1683840 616
1683850 615
1683860 614
1683870 614
1683880 614
1683890 615
1683900 615
1683910 615
1683920 616
1683930 616
1683940 616
1683950 616
1683960 616
1683970 616
1683980 617
1683990 617
1684000 617
1684010 618
1684020 618
1684030 618
1684040 619
1684050 619
1684060 620
1684070 620
1684080 621
1684090 621
1684100 622
1684110 622
1684120 622
1684130 623
1684140 623
1684150 624
1684160 624
1684170 624
1684180 625
1684190 625
1684200 625
1684210 625
1684220 626
1684230 626
1684240 626
1684250 626
1684260 626
1684270 627
1684280 627
1684290 627
1684300 628
1684310 628
1684320 628
1684330 629
1684340 629
1684350 629
1684360 630
1684370 630
1684380 630
1684390 630
1684400 631
1684410 631
1684420 632
1684430 632
1684440 632
1684450 632
1684460 632
1684470 633
1684480 633
1684490 633
1684500 633
1684510 633
1684520 634
1684530 634
1684540 634
1684550 634
1684560 634
1684570 634
1684580 634
1684590 634
1684600 633
1684610 633
1684620 633
1684630 633
1684640 633
1684650 633
1684660 633
1684670 633
1684680 633
1684690 633
1684700 633
1684710 633
1684720 633
1684730 634
1684740 634
1684750 634
1684760 634
1684770 634
1684780 634
1684790 634
1684800 634
1684810 634
1684820 634
1684830 634
1684840 634
1684850 634
1684860 634
1684870 634
1684880 634
1684890 633
1684900 633
1684910 633
1684920 633
1684930 633
1684940 633
1684950 633
1684960 633
1684970 633
1684980 633
1684990 633
1685000 632
1685010 632
1685020 632
1685030 632
1685040 632
1685050 632
1685060 631
1685070 632
1685080 633
1685090 634
1685100 634
1685110 635
1685120 635
1685130 636
1685140 637
1685150 638
1685160 638
1685170 639
1685180 640
1685190 640
1685200 641
1685210 641
1685220 642
1685230 642
1685240 643
1685250 643
1685260 643
1685270 643
1685280 643
1685290 643
1685300 643
1685310 643
1685320 643
1685330 643
1685340 643
1685350 643
1685360 643
1685370 642
1685380 642
1685390 642
1685400 642
1685410 642
1685420 642
1685430 642
1685440 642
1685450 642
1685460 642
1685470 642
1685480 642
1685490 642
1685500 641
1685510 641
1685520 641
1685530 641
1685540 641
1685550 640
1685560 640
1685570 640
1685580 640
1685590 639
1685600 639
1685610 639
1685620 639
1685630 639
1685640 638
1685650 638
1685660 638
1685670 638
1685680 637
1685690 637
1685700 637
1685710 636
1685720 636
1685730 635
1685740 635
1685750 635
1685760 634
1685770 634
1685780 634
1685790 633
1685800 633
1685810 633
1685820 633
1685830 632
1685840 632
1685850 632
1685860 631
1685870 631
1685880 631
1685890 630
1685900 630
1685910 630
1685920 629
1685930 629
1685940 628
1685950 628
1685960 628
1685970 627
1685980 627
1685990 626
1686000 626
1686010 625
1686020 625
1686030 624
1686040 624
1686050 623
1686060 623
1686070 622
1686080 622
1686090 621
1686100 621
1686110 620
1686120 620
1686130 619
1686140 619
1686150 618
1686160 618
1686170 618
1686180 618
1686190 617
1686200 617
1686210 617
1686220 616
1686230 616
1686240 616
1686250 616
1686260 616
1686270 615
1686280 615
1686290 615
1686300 614
1686310 614
1686320 614
1686330 614
1686340 613
1686350 613
1686360 613
1686370 613
1686380 613
1686390 613
1686400 613
1686410 613
1686420 613
1686430 613
1686440 612
1686450 612
1686460 612
1686470 612
1686480 612
1686490 612
1686500 612
1686510 612
1686520 612
1686530 611
1686540 611
1686550 611
1686560 611
1686570 610
1686580 610
1686590 610
1686600 610
1686610 610
1686620 609
1686630 609
1686640 609
1686650 609
1686660 608
1686670 608
1686680 608
1686690 607
1686700 607
1686710 606
1686720 606
1686730 606
1686740 605
1686750 605
1686760 604
1686770 604
1686780 603
1686790 603
1686800 602
1686810 601
1686820 601
1686830 600
1686840 600
1686850 599
1686860 598
1686870 598
1686880 597
1686890 596
1686900 596
1686910 595
1686920 594
1686930 593
1686940 592
1686950 592
1686960 591
1686970 590
1686980 590
1686990 589
1687000 588
1687010 587
1687020 586
1687030 585
1687040 585
1687050 584
1687060 584
1687070 583
1687080 582
1687090 582
1687100 582
1687110 582
1687120 581
1687130 581
1687140 581
1687150 581
1687160 581
1687170 581
1687180 581
1687190 580
1687200 580
1687210 580
1687220 580
1687230 580
1687240 580
1687250 580
1687260 580
1687270 581
1687280 582
1687290 582
1687300 583
1687310 584
1687320 584
1687330 585
1687340 586
1687350 586
1687360 587
1687370 588
1687380 588
1687390 589
1687400 590
1687410 591
1687420 591
1687430 592
1687440 593
1687450 594
1687460 594
1687470 595
1687480 596
1687490 596
1687500 597
1687510 598
1687520 598
1687530 599
1687540 600
1687550 601
1687560 601
1687570 602
1687580 603
1687590 604
1687600 605
1687610 605
1687620 606
1687630 607
1687640 608
1687650 608
1687660 609
1687670 610
1687680 611
1687690 612
1687700 613
1687710 614
1687720 615
1687730 616
1687740 617
1687750 618
1687760 619
1687770 620
1687780 621
1687790 622
1687800 623
1687810 624
1687820 624
1687830 625
1687840 626
1687850 627
1687860 628
1687870 629
1687880 630
1687890 630
1687900 631
1687910 632
1687920 632
1687930 633
1687940 633
1687950 634
1687960 634
1687970 635
1687980 635
1687990 636
1688000 636
1688010 636
1688020 637
1688030 637
1688040 638
1688050 638
1688060 638
1688070 639
1688080 639
1688090 639
1688100 639
1688110 640
1688120 640
1688130 640
1688140 640
1688150 640
1688160 641
1688170 641
1688180 641
1688190 641
1688200 641
1688210 641
1688220 641
1688230 640
1688240 640
1688250 640
1688260 640
1688270 640
1688280 640
1688290 640
1688300 640
1688310 640
1688320 640
1688330 640
1688340 640
1688350 640
1688360 640
1688370 640
1688380 640
1688390 640
1688400 640
1688410 640
1688420 640
1688430 640
1688440 640
1688450 640
1688460 641
1688470 641
1688480 641
1688490 641
1688500 641
1688510 641
1688520 641
1688530 641
1688540 641
1688550 641
1688560 641
1688570 641
1688580 641
1688590 641
1688600 642
1688610 642
1688620 642
1688630 642
1688640 642
1688650 642
1688660 643
1688670 643
1688680 643
1688690 643
1688700 644
1688710 644
1688720 644
1688730 644
1688740 645
1688750 645
1688760 645
1688770 645
1688780 645
1688790 646
1688800 646
1688810 647
1688820 647
1688830 647
1688840 647
1688850 648
1688860 648
1688870 649
1688880 649
1688890 650
1688900 650
1688910 651
1688920 651
1688930 652
1688940 652
1688950 653
1688960 654
1688970 654
1688980 655
1688990 656
1689000 656
1689010 657
1689020 658
1689030 659
1689040 660
1689050 661
1689060 662
1689070 663
1689080 663
1689090 664
1689100 665
1689110 666
1689120 666
1689130 667
1689140 667
1689150 667
1689160 667
1689170 667
1689180 667
1689190 667
1689200 667
1689210 666
1689220 666
1689230 665
1689240 665
1689250 665
1689260 665
1689270 665
1689280 664
1689290 664
1689300 664
1689310 663
1689320 663
1689330 663
1689340 662
1689350 662
1689360 662
1689370 661
1689380 661
1689390 660
1689400 660
1689410 660
1689420 659
1689430 659
1689440 659
1689450 659
1689460 658
1689470 658
1689480 658
1689490 657
1689500 657
1689510 656
1689520 656
1689530 655
1689540 655
1689550 655
1689560 654
1689570 654
1689580 654
1689590 654
1689600 654
1689610 654
1689620 654
1689630 654
1689640 654
1689650 654
1689660 654
1689670 654
1689680 654
1689690 654
1689700 654
1689710 654
1689720 653
1689730 653
1689740 653
1689750 653
1689760 653
1689770 653
1689780 652
1689790 652
1689800 652
1689810 651
1689820 651
1689830 650
1689840 650
1689850 649
1689860 648
1689870 648
1689880 647
1689890 646
1689900 645
1689910 645
1689920 644
1689930 643
1689940 642
1689950 641
1689960 640
1689970 640
1689980 639
1689990 638
1690000 637
1690010 636
1690020 635
1690030 634
1690040 633
1690050 632
1690060 631
1690070 630
1690080 629
1690090 628
1690100 627
1690110 626
1690120 625
1690130 624
1690140 623
1690150 622
1690160 621
1690170 621
1690180 620
1690190 618
1690200 617
1690210 616
1690220 615
1690230 615
1690240 614
1690250 612
1690260 611
1690270 609
1690280 609
1690290 609
1690300 608
1690310 608
1690320 607
1690330 607
1690340 607
1690350 607
1690360 606
1690370 606
1690380 606
1690390 606
1690400 606
1690410 605
1690420 605
1690430 605
1690440 604
1690450 604
1690460 603
1690470 603
1690480 603
1690490 602
1690500 602
1690510 601
1690520 600
1690530 600
1690540 599
1690550 598
1690560 598
1690570 597
1690580 597
1690590 596
1690600 596
1690610 595
1690620 594
1690630 593
1690640 593
1690650 592
1690660 591
1690670 590
1690680 589
1690690 587
1690700 586
1690710 585
1690720 585
1690730 584
1690740 584
1690750 584
1690760 583
1690770 583
1690780 583
1690790 583
1690800 582
1690810 582
1690820 581
1690830 581
1690840 581
1690850 580
1690860 580
1690870 580
1690880 579
1690890 579
1690900 578
1690910 578
1690920 578
1690930 578
1690940 577
1690950 577
1690960 577
1690970 576
1690980 576
1690990 576
1691000 575
1691010 575
1691020 575
1691030 574
1691040 573
1691050 573
1691060 572
1691070 572
1691080 571
1691090 571
1691100 570
1691110 570
1691120 569
1691130 569
1691140 569
1691150 568
1691160 568
1691170 568
1691180 567
1691190 567
1691200 566
1691210 566
1691220 565
1691230 565
1691240 565
1691250 564
1691260 564
1691270 564
1691280 563
1691290 563
1691300 562
1691310 562
1691320 562
1691330 561
1691340 561
1691350 560
1691360 560
1691370 560
1691380 560
1691390 559
1691400 559
1691410 558
1691420 558
1691430 557
1691440 556
1691450 556
1691460 555
1691470 555
1691480 554
1691490 553
1691500 553
1691510 552
1691520 551
1691530 551
1691540 550
1691550 550
1691560 549
1691570 548
1691580 547
1691590 547
1691600 546
1691610 545
1691620 544
1691630 543
1691640 543
1691650 542
1691660 541
1691670 540
1691680 539
1691690 538
1691700 537
1691710 536
1691720 534
1691730 532
1691740 530
1691750 528
1691760 526
1691770 524
1691780 522
1691790 521
1691800 520
1691810 518
1691820 517
1691830 515
1691840 514
1691850 514
1691860 513
1691870 512
1691880 512
1691890 512
1691900 511
1691910 511
1691920 511
1691930 511
1691940 510
1691950 510
1691960 510
1691970 509
1691980 509
1691990 508
1692000 508
1692010 508
1692020 507
1692030 507
1692040 506
1692050 505
1692060 504
1692070 503
1692080 502
1692090 501
1692100 500
1692110 499
1692120 498
1692130 497
1692140 496
1692150 494
1692160 493
1692170 492
1692180 491
1692190 490
1692200 488
1692210 487
1692220 485
1692230 484
1692240 482
1692250 481
1692260 480
1692270 480
1692280 479
1692290 479
1692300 478
1692310 477
1692320 476
1692330 476
1692340 475
1692350 475
1692360 475
1692370 474
1692380 472
1692390 469
1692400 466
1692410 463
1692420 459
1692430 456
1692440 454
1692450 451
1692460 449
1692470 447
1692480 444
1692490 442
1692500 440
1692510 438
1692520 436
1692530 434
1692540 433
1692550 431
1692560 430
1692570 429
1692580 428
1692590 427
1692600 427
1692610 427
1692620 427
1692630 428
1692640 429
1692650 430
1692660 432
1692670 433
1692680 434
1692690 435
1692700 437
1692710 438
1692720 440
1692730 442
1692740 444
1692750 446
1692760 447
1692770 448
1692780 447
1692790 445
1692800 442
1692810 440
1692820 438
1692830 437
1692840 435
1692850 433
1692860 432
1692870 430
1692880 428
1692890 426
1692900 423
1692910 420
1692920 418
1692930 415
1692940 412
1692950 409
1692960 408
1692970 408
1692980 410
1692990 412
1693000 415
1693010 418
1693020 421
1693030 424
1693040 427
1693050 430
1693060 432
1693070 435
1693080 437
1693090 440
1693100 442
1693110 444
1693120 447
1693130 449
1693140 451
1693150 453
1693160 455
1693170 457
1693180 459
1693190 461
1693200 463
1693210 464
1693220 466
1693230 467
1693240 468
1693250 469
1693260 470
1693270 471
1693280 472
1693290 473
1693300 474
1693310 475
1693320 475
1693330 476
1693340 476
1693350 475
1693360 475
1693370 474
1693380 474
1693390 473
1693400 472
1693410 472
1693420 471
1693430 470
1693440 469
1693450 468
1693460 467
1693470 466
1693480 465
1693490 464
1693500 463
1693510 462
1693520 461
1693530 460
1693540 459
1693550 457
1693560 456
1693570 455
1693580 454
1693590 453
1693600 451
1693610 450
1693620 448
1693630 447
1693640 446
1693650 445
1693660 444
1693670 442
1693680 440
1693690 438
1693700 437
1693710 435
1693720 434
1693730 432
1693740 430
1693750 428
1693760 425
1693770 424
1693780 422
1693790 420
1693800 420
1693810 420
1693820 419
1693830 419
1693840 418
1693850 415
1693860 414
1693870 415
1693880 418
1693890 421
1693900 422
1693910 424
1693920 425
1693930 426
1693940 426
1693950 427
1693960 428
1693970 429
1693980 430
1693990 430
1694000 430
1694010 430
1694020 430
1694030 431
1694040 431
1694050 431
1694060 431
1694070 431
1694080 432
1694090 432
1694100 432
1694110 432
1694120 432
1694130 432
1694140 432
1694150 432
1694160 432
1694170 432
1694180 432
1694190 432
1694200 431
1694210 431
1694220 430
1694230 430
1694240 429
1694250 428
1694260 427
1694270 426
1694280 424
1694290 423
1694300 422
1694310 420
1694320 419
1694330 417
1694340 415
1694350 413
1694360 411
1694370 410
1694380 409
1694390 408
1694400 407
1694410 406
1694420 405
1694430 404
1694440 403
1694450 402
1694460 401
1694470 400
1694480 399
1694490 398
1694500 397
1694510 396
1694520 396
1694530 395
1694540 395
1694550 395
1694560 395
1694570 395
1694580 395
1694590 395
1694600 394
1694610 394
1694620 393
1694630 392
1694640 392
1694650 392
1694660 391
1694670 391
1694680 391
1694690 391
1694700 391
1694710 390
1694720 390
1694730 390
1694740 390
1694750 389
1694760 389
1694770 389
1694780 389
1694790 388
1694800 388
1694810 388
1694820 388
1694830 388
1694840 387
1694850 387
1694860 387
1694870 387
1694880 387
1694890 387
1694900 387
1694910 387
1694920 387
1694930 387
1694940 387
1694950 387
1694960 387
1694970 387
1694980 387
1694990 387
1695000 387
1695010 388
1695020 388
1695030 388
1695040 388
1695050 388
1695060 389
1695070 389
1695080 389
1695090 389
1695100 390
1695110 390
1695120 390
1695130 391
1695140 391
1695150 391
1695160 392
1695170 392
1695180 392
1695190 393
1695200 393
1695210 393
1695220 394
1695230 394
1695240 394
1695250 394
1695260 394
1695270 394
1695280 394
1695290 395
1695300 395
1695310 395
1695320 395
1695330 396
1695340 396
1695350 396
1695360 396
1695370 396
1695380 397
1695390 397
1695400 397
1695410 397
1695420 398
1695430 398
1695440 398
1695450 399
1695460 399
1695470 399
1695480 399
1695490 400
1695500 400
1695510 400
1695520 400
1695530 400
1695540 401
1695550 401
1695560 401
1695570 401
1695580 401
1695590 401
1695600 401
1695610 401
1695620 401
1695630 402
1695640 402
1695650 402
1695660 402
1695670 402
1695680 402
1695690 401
1695700 401
1695710 401
1695720 401
1695730 400
1695740 400
1695750 399
1695760 399
1695770 398
1695780 399
1695790 399
1695800 399
1695810 398
1695820 398
1695830 398
1695840 398
1695850 398
1695860 398
1695870 398
1695880 398
1695890 398
1695900 398
1695910 397
1695920 397
1695930 397
1695940 396
1695950 396
1695960 396
1695970 396
1695980 396
1695990 396
1696000 396
1696010 396
1696020 396
1696030 396
1696040 397
1696050 397
1696060 397
1696070 397
1696080 397
1696090 397
1696100 397
1696110 397
1696120 398
1696130 398
1696140 398
1696150 398
1696160 398
1696170 398
1696180 398
1696190 398
1696200 398
1696210 398
1696220 398
1696230 399
1696240 399
1696250 399
1696260 399
1696270 399
1696280 399
1696290 399
1696300 399
1696310 399
1696320 399
1696330 399
1696340 399
1696350 399
1696360 399
1696370 399
1696380 399
1696390 399
1696400 399
1696410 398
1696420 398
1696430 398
1696440 398
1696450 398
1696460 398
1696470 398
1696480 398
1696490 398
1696500 398
1696510 398
1696520 398
1696530 398
1696540 398
1696550 398
1696560 398
1696570 398
1696580 398
1696590 398
1696600 398
1696610 398
1696620 398
1696630 398
1696640 398
1696650 398
1696660 398
1696670 398
1696680 398
1696690 399
1696700 399
1696710 399
1696720 399
1696730 399
1696740 399
1696750 399
1696760 399
1696770 399
1696780 399
1696790 399
1696800 399
1696810 400
1696820 400
1696830 400
1696840 400
1696850 400
1696860 401
1696870 401
1696880 402
1696890 402
1696900 402
1696910 402
1696920 403
1696930 403
1696940 403
1696950 403
1696960 404
1696970 404
1696980 404
1696990 405
1697000 405
1697010 405
1697020 406
1697030 406
1697040 406
1697050 406
1697060 406
1697070 407
1697080 407
1697090 407
1697100 408
1697110 408
1697120 408
1697130 408
1697140 409
1697150 409
1697160 409
1697170 409
1697180 409
1697190 409
1697200 409
1697210 409
1697220 409
1697230 410
1697240 410
1697250 410
1697260 410
1697270 410
1697280 410
1697290 410
1697300 410
1697310 410
1697320 410
1697330 410
1697340 410
1697350 410
1697360 410
1697370 410
1697380 410
1697390 410
1697400 410
1697410 410
1697420 409
1697430 409
1697440 409
1697450 409
1697460 409
1697470 409
1697480 409
1697490 409
1697500 409
1697510 409
1697520 409
1697530 409
1697540 409
1697550 408
1697560 408
1697570 408
1697580 408
1697590 408
1697600 408
1697610 408
1697620 408
1697630 408
1697640 408
1697650 408
1697660 408
1697670 408
1697680 408
1697690 408
1697700 408
1697710 408
1697720 407
1697730 407
1697740 407
1697750 407
1697760 407
1697770 407
1697780 408
1697790 408
1697800 408
1697810 408
1697820 408
1697830 408
1697840 408
1697850 408
1697860 408
1697870 408
1697880 408
1697890 408
1697900 408
1697910 408
1697920 408
1697930 408
1697940 408
1697950 408
1697960 408
1697970 408
1697980 408
1697990 408
1698000 408
1698010 408
1698020 408
1698030 408
1698040 408
1698050 408
1698060 408
1698070 408
1698080 408
1698090 408
1698100 408
1698110 408
1698120 408
1698130 408
1698140 408
1698150 408
1698160 408
1698170 408
1698180 408
1698190 408
1698200 408
1698210 408
1698220 408
1698230 408
1698240 408
1698250 408
1698260 408
1698270 408
1698280 408
1698290 408
1698300 408
1698310 408
1698320 408
1698330 408
1698340 409
1698350 409
1698360 409
1698370 409
1698380 409
1698390 409
1698400 409
1698410 409
1698420 409
1698430 409
1698440 409
1698450 409
1698460 409
1698470 409
1698480 409
1698490 409
1698500 409
1698510 409
1698520 409
1698530 409
1698540 409
1698550 409
1698560 409
1698570 409
1698580 409
1698590 409
1698600 409
1698610 409
1698620 409
1698630 409
1698640 409
1698650 409
1698660 409
1698670 410
1698680 410
1698690 409
1698700 409
1698710 409
1698720 409
1698730 409
1698740 409
1698750 409
1698760 409
1698770 409
1698780 409
1698790 409
1698800 410
1698810 410
1698820 410
1698830 410
1698840 410
1698850 410
1698860 410
1698870 410
1698880 410
1698890 410
1698900 410
1698910 411
1698920 411
1698930 411
1698940 411
1698950 411
1698960 411
1698970 411
1698980 411
1698990 411
1699000 411
1699010 411
1699020 412
1699030 412
1699040 412
1699050 412
1699060 412
1699070 412
1699080 412
1699090 412
1699100 412
1699110 413
1699120 413
1699130 413
1699140 413
1699150 414
1699160 414
1699170 414
1699180 414
1699190 415
1699200 415
1699210 415
1699220 416
1699230 416
1699240 416
1699250 417
1699260 417
1699270 417
1699280 417
1699290 417
1699300 417
1699310 417
1699320 417
1699330 416
1699340 416
1699350 416
1699360 416
1699370 416
1699380 416
1699390 416
1699400 416
1699410 416
1699420 415
1699430 415
1699440 415
1699450 415
1699460 415
1699470 414
1699480 414
1699490 414
1699500 414
1699510 414
1699520 414
1699530 413
1699540 413
1699550 413
1699560 412
1699570 412
1699580 412
1699590 412
1699600 412
1699610 411
1699620 411
1699630 411
1699640 411
1699650 411
1699660 410
1699670 410
1699680 409
1699690 409
1699700 408
1699710 407
1699720 406
1699730 405
1699740 405
1699750 405
1699760 404
1699770 404
1699780 404
1699790 404
1699800 404
1699810 404
1699820 404
1699830 404
1699840 404
1699850 404
1699860 405
1699870 405
1699880 405
1699890 406
1699900 406
1699910 407
1699920 407
1699930 408
1699940 409
1699950 409
1699960 410
1699970 410
1699980 410
1699990 411
