1680000 806
1680010 808
1680020 811
1680030 813
1680040 815
1680050 817
1680060 819
1680070 821
1680080 822
1680090 824
1680100 826
1680110 828
1680120 831
1680130 833
1680140 836
1680150 839
1680160 842
1680170 845
1680180 847
1680190 850
1680200 852
1680210 855
1680220 858
1680230 860
1680240 863
1680250 865
1680260 868
1680270 870
1680280 873
1680290 875
1680300 877
1680310 879
1680320 881
1680330 884
1680340 885
1680350 887
1680360 889
1680370 891
1680380 893
1680390 894
1680400 896
1680410 898
1680420 900
1680430 902
1680440 905
1680450 907
1680460 910
1680470 912
1680480 914
1680490 915
1680500 916
1680510 917
1680520 918
1680530 919
1680540 920
1680550 921
1680560 922
1680570 923
1680580 924
1680590 925
1680600 926
1680610 927
1680620 928
1680630 929
1680640 930
1680650 931
1680660 932
1680670 933
1680680 934
1680690 935
1680700 936
1680710 937
1680720 937
1680730 938
1680740 939
1680750 940
1680760 941
1680770 942
1680780 942
1680790 943
1680800 944
1680810 944
1680820 945
1680830 946
1680840 947
1680850 948
1680860 949
1680870 950
1680880 951
1680890 952
1680900 953
1680910 954
1680920 955
1680930 955
1680940 956
1680950 957
1680960 958
1680970 958
1680980 959
1680990 960
1681000 961
1681010 962
1681020 963
1681030 964
1681040 965
1681050 966
1681060 966
1681070 967
1681080 968
1681090 968
1681100 969
1681110 969
1681120 970
1681130 970
1681140 971
1681150 972
1681160 972
1681170 973
1681180 973
1681190 973
1681200 974
1681210 974
1681220 975
1681230 975
1681240 976
1681250 976
1681260 976
1681270 976
1681280 976
1681290 976
1681300 976
1681310 976
1681320 976
1681330 976
1681340 976
1681350 976
1681360 976
1681370 976
1681380 976
1681390 976
1681400 976
1681410 976
1681420 975
1681430 975
1681440 974
1681450 974
1681460 973
1681470 972
1681480 971
1681490 971
1681500 970
1681510 969
1681520 968
1681530 967
1681540 966
1681550 965
1681560 964
1681570 963
1681580 962
1681590 961
1681600 960
1681610 958
1681620 957
1681630 956
1681640 955
1681650 954
1681660 953
1681670 952
1681680 951
1681690 949
1681700 948
1681710 947
1681720 946
1681730 945
1681740 943
1681750 942
1681760 940
1681770 939
1681780 938
1681790 937
1681800 936
1681810 935
1681820 935
1681830 934
1681840 933
1681850 932
1681860 931
1681870 930
1681880 929
1681890 928
1681900 927
1681910 925
1681920 924
1681930 923
1681940 922
1681950 921
1681960 921
1681970 920
1681980 919
1681990 918
1682000 917
1682010 916
1682020 915
1682030 914
1682040 913
1682050 912
1682060 912
1682070 911
1682080 910
1682090 910
1682100 909
1682110 909
1682120 908
1682130 907
1682140 907
1682150 906
1682160 906
1682170 905
1682180 904
1682190 904
1682200 903
1682210 902
1682220 901
1682230 901
1682240 900
1682250 900
1682260 899
1682270 898
1682280 897
1682290 897
1682300 896
1682310 895
1682320 894
1682330 893
1682340 892
1682350 892
1682360 891
1682370 890
1682380 889
1682390 889
1682400 888
1682410 887
1682420 887
1682430 886
1682440 885
1682450 884
1682460 883
1682470 883
1682480 882
1682490 881
1682500 881
1682510 880
1682520 880
1682530 879
1682540 878
1682550 878
1682560 877
1682570 877
1682580 876
1682590 876
1682600 875
1682610 875
1682620 875
1682630 874
1682640 874
1682650 874
1682660 873
1682670 873
1682680 872
1682690 872
1682700 872
1682710 871
1682720 871
1682730 870
1682740 870
1682750 869
1682760 868
1682770 867
1682780 866
1682790 866
1682800 865
1682810 865
1682820 865
1682830 864
1682840 864
1682850 863
1682860 862
1682870 861
1682880 860
1682890 860
1682900 859
1682910 859
1682920 858
1682930 857
1682940 856
1682950 856
1682960 855
1682970 854
1682980 853
1682990 852
1683000 850
1683010 849
1683020 847
1683030 846
1683040 845
1683050 844
1683060 842
1683070 841
1683080 840
1683090 839
1683100 837
1683110 836
1683120 835
1683130 833
1683140 831
1683150 829
1683160 828
1683170 826
1683180 825
1683190 824
1683200 822
1683210 821
1683220 820
1683230 819
1683240 817
1683250 816
1683260 815
1683270 814
1683280 812
1683290 811
1683300 811
1683310 810
1683320 809
1683330 808
1683340 808
1683350 807
1683360 806
1683370 805
1683380 804
1683390 803
1683400 802
1683410 801
1683420 800
1683430 799
1683440 798
1683450 797
1683460 796
1683470 795
1683480 795
1683490 794
1683500 793
1683510 792
1683520 791
1683530 791
1683540 790
1683550 789
1683560 788
1683570 787
1683580 786
1683590 784
1683600 783
1683610 782
1683620 781
1683630 780
1683640 779
1683650 778
1683660 777
1683670 776
1683680 775
1683690 775
1683700 774
1683710 774
1683720 773
1683730 772
1683740 772
1683750 771
1683760 770
1683770 769
1683780 768
1683790 767
1683800 767
1683810 766
1683820 765
1683830 764
1683840 763
1683850 762
1683860 761
1683870 760
1683880 759
1683890 758
1683900 757
1683910 756
1683920 755
1683930 754
1683940 753
1683950 752
1683960 751
1683970 749
1683980 748
1683990 747
1684000 746
1684010 744
1684020 743
1684030 741
1684040 740
1684050 739
1684060 737
1684070 736
1684080 735
1684090 734
1684100 732
1684110 731
1684120 730
1684130 729
1684140 727
1684150 726
1684160 724
1684170 722
1684180 720
1684190 719
1684200 718
1684210 717
1684220 715
1684230 714
1684240 713
1684250 711
1684260 710
1684270 708
1684280 707
1684290 705
1684300 704
1684310 702
1684320 700
1684330 698
1684340 696
1684350 694
1684360 692
1684370 690
1684380 688
1684390 686
1684400 683
1684410 681
1684420 679
1684430 677
1684440 676
1684450 675
1684460 673
1684470 671
1684480 669
1684490 666
1684500 664
1684510 662
1684520 660
1684530 658
1684540 657
1684550 656
1684560 655
1684570 654
1684580 653
1684590 652
1684600 651
1684610 650
1684620 649
1684630 649
1684640 648
1684650 647
1684660 646
1684670 645
1684680 645
1684690 644
1684700 643
1684710 642
1684720 642
1684730 641
1684740 641
1684750 641
1684760 641
1684770 641
1684780 641
1684790 641
1684800 641
1684810 641
1684820 641
1684830 641
1684840 641
1684850 641
1684860 641
1684870 642
1684880 642
1684890 643
1684900 643
1684910 643
1684920 644
1684930 644
1684940 644
1684950 645
1684960 645
1684970 646
1684980 646
1684990 647
1685000 647
1685010 648
1685020 648
1685030 649
1685040 650
1685050 650
1685060 651
1685070 651
1685080 652
1685090 652
1685100 653
1685110 653
1685120 653
1685130 654
1685140 654
1685150 655
1685160 655
1685170 656
1685180 656
1685190 657
1685200 657
1685210 658
1685220 659
1685230 660
1685240 661
1685250 662
1685260 662
1685270 663
1685280 664
1685290 664
1685300 665
1685310 666
1685320 666
1685330 667
1685340 668
1685350 668
1685360 669
1685370 670
1685380 670
1685390 671
1685400 672
1685410 672
1685420 673
1685430 674
1685440 674
1685450 675
1685460 675
1685470 676
1685480 677
1685490 677
1685500 678
1685510 679
1685520 679
1685530 680
1685540 680
1685550 681
1685560 682
1685570 682
1685580 683
1685590 684
1685600 684
1685610 685
1685620 686
1685630 686
1685640 687
1685650 687
1685660 688
1685670 688
1685680 689
1685690 690
1685700 690
1685710 691
1685720 692
1685730 692
1685740 693
1685750 694
1685760 694
1685770 695
1685780 695
1685790 696
1685800 697
1685810 697
1685820 698
1685830 699
1685840 699
1685850 700
1685860 701
1685870 701
1685880 702
1685890 702
1685900 703
1685910 704
1685920 704
1685930 705
1685940 705
1685950 706
1685960 706
1685970 707
1685980 708
1685990 708
1686000 709
1686010 709
1686020 710
1686030 711
1686040 711
1686050 712
1686060 712
1686070 713
1686080 713
1686090 714
1686100 714
1686110 715
1686120 715
1686130 715
1686140 716
1686150 716
1686160 717
1686170 717
1686180 718
1686190 718
1686200 718
1686210 719
1686220 719
1686230 720
1686240 720
1686250 721
1686260 721
1686270 722
1686280 722
1686290 723
1686300 723
1686310 724
1686320 724
1686330 724
1686340 725
1686350 725
1686360 726
1686370 726
1686380 726
1686390 727
1686400 727
1686410 728
1686420 728
1686430 728
1686440 729
1686450 729
1686460 730
1686470 730
1686480 730
1686490 731
1686500 731
1686510 732
1686520 732
1686530 732
1686540 733
1686550 733
1686560 733
1686570 734
1686580 734
1686590 734
1686600 735
1686610 735
1686620 735
1686630 735
1686640 735
1686650 735
1686660 736
1686670 736
1686680 736
1686690 736
1686700 736
1686710 736
1686720 737
1686730 737
1686740 736
1686750 736
1686760 737
1686770 737
1686780 737
1686790 737
1686800 737
1686810 738
1686820 738
1686830 738
1686840 738
1686850 738
1686860 738
1686870 738
1686880 738
1686890 738
1686900 738
1686910 738
1686920 738
1686930 738
1686940 738
1686950 737
1686960 737
1686970 737
1686980 737
1686990 737
1687000 737
1687010 737
1687020 737
1687030 737
1687040 737
1687050 737
1687060 736
1687070 736
1687080 735
1687090 735
1687100 735
1687110 734
1687120 734
1687130 734
1687140 733
1687150 733
1687160 733
1687170 732
1687180 732
1687190 732
1687200 732
1687210 732
1687220 732
1687230 732
1687240 731
1687250 730
1687260 730
1687270 729
1687280 729
1687290 728
1687300 728
1687310 728
1687320 728
1687330 727
1687340 727
1687350 726
1687360 726
1687370 726
1687380 725
1687390 725
1687400 725
1687410 725
1687420 724
1687430 724
1687440 724
1687450 724
1687460 723
1687470 723
1687480 723
1687490 723
1687500 723
1687510 723
1687520 723
1687530 722
1687540 722
1687550 722
1687560 722
1687570 722
1687580 722
1687590 722
1687600 721
1687610 721
1687620 721
1687630 721
1687640 720
1687650 720
1687660 720
1687670 720
1687680 720
1687690 720
1687700 719
1687710 719
1687720 719
1687730 719
1687740 719
1687750 718
1687760 718
1687770 718
1687780 718
1687790 718
1687800 718
1687810 718
1687820 717
1687830 717
1687840 717
1687850 717
1687860 717
1687870 717
1687880 716
1687890 716
1687900 716
1687910 716
1687920 715
1687930 715
1687940 715
1687950 714
1687960 714
1687970 714
1687980 714
1687990 714
1688000 713
1688010 713
1688020 713
1688030 713
1688040 712
1688050 712
1688060 712
1688070 712
1688080 712
1688090 711
1688100 711
1688110 711
1688120 711
1688130 711
1688140 710
1688150 710
1688160 710
1688170 710
1688180 709
1688190 709
1688200 708
1688210 708
1688220 708
1688230 707
1688240 708
1688250 708
1688260 708
1688270 709
1688280 709
1688290 709
1688300 710
1688310 710
1688320 710
1688330 710
1688340 711
1688350 711
1688360 711
1688370 711
1688380 711
1688390 710
1688400 710
1688410 710
1688420 710
1688430 709
1688440 709
1688450 709
1688460 709
1688470 708
1688480 708
1688490 708
1688500 708
1688510 707
1688520 707
1688530 706
1688540 706
1688550 706
1688560 705
1688570 705
1688580 705
1688590 704
1688600 704
1688610 704
1688620 703
1688630 703
1688640 703
1688650 702
1688660 702
1688670 702
1688680 701
1688690 701
1688700 701
1688710 701
1688720 701
1688730 700
1688740 700
1688750 700
1688760 700
1688770 699
1688780 699
1688790 699
1688800 699
1688810 699
1688820 698
1688830 698
1688840 698
1688850 698
1688860 698
1688870 697
1688880 697
1688890 697
1688900 697
1688910 697
1688920 697
1688930 697
1688940 697
1688950 697
1688960 696
1688970 696
1688980 696
1688990 696
1689000 696
1689010 696
1689020 696
1689030 696
1689040 696
1689050 696
1689060 696
1689070 696
1689080 696
1689090 697
1689100 697
1689110 697
1689120 697
1689130 696
1689140 697
1689150 697
1689160 697
1689170 697
1689180 697
1689190 697
1689200 697
1689210 697
1689220 697
1689230 697
1689240 697
1689250 698
1689260 698
1689270 698
1689280 698
1689290 698
1689300 698
1689310 698
1689320 698
1689330 697
1689340 697
1689350 697
1689360 697
1689370 696
1689380 696
1689390 696
1689400 696
1689410 695
1689420 695
1689430 695
1689440 695
1689450 695
1689460 694
1689470 694
1689480 694
1689490 694
1689500 693
1689510 693
1689520 693
1689530 693
1689540 693
1689550 692
1689560 692
1689570 692
1689580 692
1689590 692
1689600 691
1689610 691
1689620 691
1689630 691
1689640 690
1689650 690
1689660 690
1689670 690
1689680 689
1689690 689
1689700 689
1689710 689
1689720 689
1689730 688
1689740 688
1689750 688
1689760 688
1689770 687
1689780 687
1689790 687
1689800 687
1689810 686
1689820 686
1689830 686
1689840 686
1689850 686
1689860 685
1689870 685
1689880 685
1689890 685
1689900 684
1689910 684
1689920 684
1689930 684
1689940 684
1689950 683
1689960 683
1689970 683
1689980 683
1689990 682
1690000 682
1690010 682
1690020 682
1690030 682
1690040 682
1690050 681
1690060 681
1690070 681
1690080 681
1690090 681
1690100 681
1690110 681
1690120 680
1690130 680
1690140 680
1690150 680
1690160 680
1690170 680
1690180 680
1690190 679
1690200 679
1690210 679
1690220 678
1690230 678
1690240 678
1690250 677
1690260 677
1690270 677
1690280 677
1690290 676
1690300 676
1690310 676
1690320 676
1690330 675
1690340 675
1690350 675
1690360 675
1690370 675
1690380 675
1690390 674
1690400 674
1690410 674
1690420 674
1690430 674
1690440 674
1690450 674
1690460 674
1690470 674
1690480 674
1690490 674
1690500 674
1690510 674
1690520 674
1690530 675
1690540 675
1690550 675
1690560 675
1690570 675
1690580 676
1690590 676
1690600 677
1690610 677
1690620 678
1690630 678
1690640 679
1690650 679
1690660 680
1690670 680
1690680 681
1690690 681
1690700 681
1690710 682
1690720 683
1690730 683
1690740 684
1690750 684
1690760 685
1690770 685
1690780 686
1690790 686
1690800 686
1690810 685
1690820 685
1690830 685
1690840 684
1690850 684
1690860 684
1690870 683
1690880 683
1690890 683
1690900 682
1690910 682
1690920 682
1690930 681
1690940 681
1690950 681
1690960 681
1690970 681
1690980 681
1690990 681
1691000 681
1691010 681
1691020 681
1691030 681
1691040 681
1691050 681
1691060 681
1691070 681
1691080 681
1691090 680
1691100 680
1691110 680
1691120 679
1691130 679
1691140 679
1691150 678
1691160 678
1691170 678
1691180 677
1691190 677
1691200 677
1691210 676
1691220 676
1691230 675
1691240 675
1691250 674
1691260 674
1691270 673
1691280 673
1691290 672
1691300 672
1691310 671
1691320 671
1691330 671
1691340 670
1691350 670
1691360 669
1691370 669
1691380 669
1691390 668
1691400 668
1691410 668
1691420 668
1691430 668
1691440 668
1691450 668
1691460 667
1691470 667
1691480 667
1691490 668
1691500 668
1691510 669
1691520 669
1691530 670
1691540 670
1691550 670
1691560 670
1691570 670
1691580 670
1691590 670
1691600 670
1691610 670
1691620 670
1691630 670
1691640 670
1691650 669
1691660 668
1691670 667
1691680 667
1691690 666
1691700 665
1691710 664
1691720 663
1691730 663
1691740 662
1691750 661
1691760 659
1691770 658
1691780 657
1691790 655
1691800 654
1691810 653
1691820 652
1691830 650
1691840 648
1691850 646
1691860 643
1691870 640
1691880 637
1691890 635
1691900 632
1691910 630
1691920 628
1691930 626
1691940 624
1691950 622
1691960 621
1691970 619
1691980 618
1691990 616
1692000 615
1692010 614
1692020 613
1692030 613
1692040 612
1692050 612
1692060 612
1692070 611
1692080 611
1692090 610
1692100 610
1692110 610
1692120 609
1692130 609
1692140 608
1692150 608
1692160 607
1692170 607
1692180 606
1692190 606
1692200 606
1692210 605
1692220 605
1692230 605
1692240 604
1692250 604
1692260 604
1692270 603
1692280 603
1692290 602
1692300 602
1692310 601
1692320 601
1692330 600
1692340 598
1692350 596
1692360 593
1692370 590
1692380 587
1692390 584
1692400 582
1692410 580
1692420 579
1692430 577
1692440 576
1692450 576
1692460 576
1692470 576
1692480 577
1692490 578
1692500 578
1692510 578
1692520 578
1692530 578
1692540 579
1692550 579
1692560 580
1692570 580
1692580 581
1692590 581
1692600 581
1692610 582
1692620 582
1692630 583
1692640 583
1692650 584
1692660 584
1692670 585
1692680 585
1692690 586
1692700 586
1692710 587
1692720 587
1692730 588
1692740 589
1692750 590
1692760 591
1692770 591
1692780 593
1692790 594
1692800 597
1692810 597
1692820 599
1692830 600
1692840 602
1692850 604
1692860 606
1692870 607
1692880 609
1692890 612
1692900 614
1692910 616
1692920 618
1692930 619
1692940 620
1692950 621
1692960 622
1692970 623
1692980 624
1692990 625
1693000 626
1693010 627
1693020 628
1693030 629
1693040 631
1693050 632
1693060 633
1693070 634
1693080 635
1693090 636
1693100 636
1693110 637
1693120 638
1693130 638
1693140 639
1693150 640
1693160 641
1693170 642
1693180 643
1693190 644
1693200 644
1693210 644
1693220 644
1693230 645
1693240 646
1693250 646
1693260 646
1693270 647
1693280 647
1693290 647
1693300 648
1693310 648
1693320 649
1693330 649
1693340 650
1693350 650
1693360 650
1693370 651
1693380 651
1693390 652
1693400 652
1693410 653
1693420 654
1693430 654
1693440 655
1693450 656
1693460 658
1693470 659
1693480 660
1693490 661
1693500 662
1693510 664
1693520 665
1693530 667
1693540 668
1693550 670
1693560 671
1693570 673
1693580 675
1693590 677
1693600 678
1693610 680
1693620 680
1693630 680
1693640 681
1693650 681
1693660 681
1693670 681
1693680 681
1693690 681
1693700 681
1693710 681
1693720 681
1693730 681
1693740 681
1693750 681
1693760 681
1693770 681
1693780 681
1693790 682
1693800 682
1693810 683
1693820 683
1693830 684
1693840 684
1693850 685
1693860 685
1693870 686
1693880 687
1693890 687
1693900 688
1693910 689
1693920 689
1693930 690
1693940 690
1693950 691
1693960 691
1693970 692
1693980 693
1693990 694
1694000 696
1694010 697
1694020 698
1694030 699
1694040 700
1694050 701
1694060 703
1694070 704
1694080 706
1694090 708
1694100 710
1694110 712
1694120 714
1694130 716
1694140 717
1694150 717
1694160 715
1694170 713
1694180 711
1694190 709
1694200 708
1694210 706
1694220 705
1694230 703
1694240 701
1694250 699
1694260 698
1694270 696
1694280 695
1694290 693
1694300 691
1694310 689
1694320 686
1694330 683
1694340 681
1694350 678
1694360 675
1694370 673
1694380 671
1694390 670
1694400 669
1694410 667
1694420 666
1694430 664
1694440 663
1694450 663
1694460 662
1694470 662
1694480 662
1694490 661
1694500 660
1694510 658
1694520 656
1694530 655
1694540 654
1694550 652
1694560 650
1694570 649
1694580 647
1694590 646
1694600 645
1694610 645
1694620 644
1694630 643
1694640 643
1694650 642
1694660 640
1694670 639
1694680 638
1694690 637
1694700 635
1694710 633
1694720 631
1694730 630
1694740 628
1694750 626
1694760 624
1694770 623
1694780 621
1694790 620
1694800 619
1694810 618
1694820 617
1694830 616
1694840 615
1694850 615
1694860 614
1694870 614
1694880 614
1694890 613
1694900 612
1694910 610
1694920 608
1694930 606
1694940 604
1694950 602
1694960 600
1694970 598
1694980 596
1694990 594
1695000 592
1695010 590
1695020 588
1695030 586
1695040 584
1695050 583
1695060 581
1695070 580
1695080 579
1695090 578
1695100 577
1695110 576
1695120 575
1695130 575
1695140 574
1695150 574
1695160 573
1695170 572
1695180 571
1695190 571
1695200 570
1695210 570
1695220 570
1695230 570
1695240 570
1695250 570
1695260 570
1695270 570
1695280 570
1695290 570
1695300 570
1695310 570
1695320 570
1695330 570
1695340 569
1695350 569
1695360 569
1695370 569
1695380 569
1695390 569
1695400 569
1695410 569
1695420 570
1695430 570
1695440 570
1695450 570
1695460 571
1695470 571
1695480 571
1695490 572
1695500 573
1695510 574
1695520 575
1695530 576
1695540 576
1695550 577
1695560 577
1695570 576
1695580 576
1695590 575
1695600 575
1695610 575
1695620 575
1695630 575
1695640 574
1695650 574
1695660 574
1695670 573
1695680 573
1695690 573
1695700 573
1695710 573
1695720 573
1695730 574
1695740 573
1695750 573
1695760 573
1695770 572
1695780 571
1695790 571
1695800 570
1695810 569
1695820 568
1695830 566
1695840 564
1695850 563
1695860 561
1695870 560
1695880 558
1695890 556
1695900 555
1695910 552
1695920 550
1695930 547
1695940 544
1695950 540
1695960 536
1695970 533
1695980 530
1695990 527
1696000 525
1696010 523
1696020 522
1696030 520
1696040 518
1696050 516
1696060 515
1696070 513
1696080 511
1696090 509
1696100 507
1696110 505
1696120 503
1696130 502
1696140 500
1696150 498
1696160 497
1696170 495
1696180 493
1696190 492
1696200 490
1696210 488
1696220 487
1696230 485
1696240 483
1696250 482
1696260 480
1696270 478
1696280 476
1696290 474
1696300 472
1696310 470
1696320 469
1696330 467
1696340 466
1696350 464
1696360 461
1696370 457
1696380 454
1696390 453
1696400 454
1696410 455
1696420 456
1696430 457
1696440 457
1696450 458
1696460 458
1696470 459
1696480 459
1696490 460
1696500 460
1696510 461
1696520 461
1696530 462
1696540 463
1696550 463
1696560 464
1696570 465
1696580 466
1696590 467
1696600 469
1696610 470
1696620 470
1696630 471
1696640 472
1696650 473
1696660 474
1696670 476
1696680 477
1696690 478
1696700 479
1696710 481
1696720 482
1696730 484
1696740 485
1696750 486
1696760 488
1696770 489
1696780 490
1696790 491
1696800 492
1696810 493
1696820 494
1696830 494
1696840 495
1696850 495
1696860 496
1696870 496
1696880 497
1696890 497
1696900 498
1696910 498
1696920 498
1696930 499
1696940 499
1696950 499
1696960 499
1696970 499
1696980 499
1696990 499
1697000 499
1697010 499
1697020 499
1697030 499
1697040 499
1697050 498
1697060 498
1697070 497
1697080 497
1697090 497
1697100 496
1697110 496
1697120 496
1697130 496
1697140 496
1697150 496
1697160 495
1697170 495
1697180 494
1697190 494
1697200 494
1697210 493
1697220 493
1697230 493
1697240 492
1697250 492
1697260 491
1697270 491
1697280 491
1697290 490
1697300 490
1697310 490
1697320 489
1697330 489
1697340 488
1697350 488
1697360 488
1697370 487
1697380 486
1697390 486
1697400 485
1697410 484
1697420 484
1697430 483
1697440 482
1697450 481
1697460 480
1697470 479
1697480 478
1697490 478
1697500 477
1697510 477
1697520 477
1697530 477
1697540 477
1697550 476
1697560 475
1697570 474
1697580 473
1697590 472
1697600 470
1697610 468
1697620 466
1697630 464
1697640 463
1697650 462
1697660 460
1697670 459
1697680 458
1697690 457
1697700 456
1697710 455
1697720 453
1697730 452
1697740 451
1697750 449
1697760 448
1697770 447
1697780 445
1697790 444
1697800 443
1697810 442
1697820 441
1697830 440
1697840 439
1697850 438
1697860 438
1697870 437
1697880 436
1697890 435
1697900 434
1697910 433
1697920 432
1697930 431
1697940 430
1697950 429
1697960 428
1697970 427
1697980 427
1697990 426
1698000 425
1698010 424
1698020 423
1698030 423
1698040 422
1698050 421
1698060 421
1698070 421
1698080 420
1698090 420
1698100 420
1698110 419
1698120 419
1698130 418
1698140 418
1698150 417
1698160 417
1698170 416
1698180 415
1698190 414
1698200 413
1698210 413
1698220 412
1698230 411
1698240 410
1698250 410
1698260 410
1698270 410
1698280 410
1698290 411
1698300 411
1698310 411
1698320 410
1698330 409
1698340 408
1698350 405
1698360 403
1698370 401
1698380 399
1698390 397
1698400 396
1698410 395
1698420 395
1698430 394
1698440 394
1698450 393
1698460 392
1698470 392
1698480 393
1698490 393
1698500 394
1698510 395
1698520 397
1698530 398
1698540 400
1698550 401
1698560 402
1698570 403
1698580 403
1698590 404
1698600 405
1698610 405
1698620 405
1698630 406
1698640 406
1698650 406
1698660 406
1698670 406
1698680 405
1698690 405
1698700 404
1698710 404
1698720 403
1698730 402
1698740 401
1698750 401
1698760 400
1698770 399
1698780 397
1698790 394
1698800 391
1698810 389
1698820 386
1698830 384
1698840 382
1698850 379
1698860 376
1698870 373
1698880 370
1698890 367
1698900 364
1698910 361
1698920 359
1698930 355
1698940 351
1698950 346
1698960 342
1698970 339
1698980 337
1698990 336
1699000 337
1699010 338
1699020 338
1699030 338
1699040 338
1699050 338
1699060 338
1699070 338
1699080 338
1699090 337
1699100 337
1699110 337
1699120 337
1699130 337
1699140 337
1699150 337
1699160 337
1699170 337
1699180 337
1699190 337
1699200 337
1699210 337
1699220 338
1699230 339
1699240 340
1699250 340
1699260 340
1699270 341
1699280 341
1699290 341
1699300 341
1699310 341
1699320 343
1699330 344
1699340 346
1699350 348
1699360 350
1699370 352
1699380 354
1699390 357
1699400 361
1699410 366
1699420 372
1699430 378
1699440 384
1699450 389
1699460 393
1699470 397
1699480 401
1699490 405
1699500 409
1699510 412
1699520 416
1699530 420
1699540 424
1699550 428
1699560 433
1699570 438
1699580 444
1699590 450
1699600 454
1699610 459
1699620 463
1699630 467
1699640 471
1699650 475
1699660 479
1699670 482
1699680 485
1699690 487
1699700 488
1699710 488
1699720 488
1699730 487
1699740 487
1699750 486
1699760 486
1699770 486
1699780 485
1699790 485
1699800 485
1699810 484
1699820 484
1699830 483
1699840 483
1699850 483
1699860 482
1699870 482
1699880 481
1699890 481
1699900 480
1699910 478
1699920 475
1699930 473
1699940 470
1699950 467
1699960 465
1699970 463
1699980 461
1699990 459
