1680000 808
1680010 810
1680020 812
1680030 815
1680040 817
1680050 819
1680060 821
1680070 823
1680080 825
1680090 827
1680100 829
1680110 831
1680120 833
1680130 836
1680140 839
1680150 841
1680160 844
1680170 847
1680180 849
1680190 852
1680200 854
1680210 856
1680220 859
1680230 862
1680240 865
1680250 867
1680260 870
1680270 872
1680280 875
1680290 877
1680300 879
1680310 881
1680320 883
1680330 885
1680340 887
1680350 889
1680360 891
1680370 892
1680380 894
1680390 896
1680400 897
1680410 899
1680420 901
1680430 902
1680440 904
1680450 906
1680460 908
1680470 910
1680480 911
1680490 912
1680500 914
1680510 915
1680520 916
1680530 917
1680540 918
1680550 920
1680560 921
1680570 922
1680580 923
1680590 924
1680600 925
1680610 926
1680620 927
1680630 928
1680640 929
1680650 930
1680660 930
1680670 931
1680680 932
1680690 933
1680700 934
1680710 935
1680720 936
1680730 936
1680740 937
1680750 938
1680760 939
1680770 939
1680780 940
1680790 941
1680800 941
1680810 942
1680820 943
1680830 943
1680840 944
1680850 945
1680860 946
1680870 947
1680880 948
1680890 949
1680900 950
1680910 951
1680920 952
1680930 953
1680940 954
1680950 955
1680960 956
1680970 956
1680980 957
1680990 958
1681000 959
1681010 960
1681020 961
1681030 962
1681040 963
1681050 964
1681060 965
1681070 965
1681080 966
1681090 967
1681100 967
1681110 968
1681120 968
1681130 969
1681140 969
1681150 970
1681160 970
1681170 971
1681180 971
1681190 972
1681200 972
1681210 972
1681220 973
1681230 974
1681240 974
1681250 974
1681260 974
1681270 975
1681280 975
1681290 975
1681300 975
1681310 975
1681320 975
1681330 976
1681340 976
1681350 976
1681360 976
1681370 976
1681380 976
1681390 975
1681400 975
1681410 975
1681420 975
1681430 975
1681440 974
1681450 973
1681460 973
1681470 972
1681480 971
1681490 971
1681500 970
1681510 969
1681520 968
1681530 967
1681540 966
1681550 965
1681560 964
1681570 963
1681580 962
1681590 960
1681600 959
1681610 958
1681620 957
1681630 956
1681640 954
1681650 953
1681660 952
1681670 951
1681680 950
1681690 948
1681700 947
1681710 946
1681720 946
1681730 944
1681740 943
1681750 942
1681760 940
1681770 939
1681780 938
1681790 938
1681800 936
1681810 935
1681820 934
1681830 933
1681840 933
1681850 932
1681860 931
1681870 930
1681880 929
1681890 927
1681900 926
1681910 925
1681920 924
1681930 923
1681940 922
1681950 921
1681960 920
1681970 920
1681980 919
1681990 918
1682000 917
1682010 916
1682020 915
1682030 914
1682040 913
1682050 912
1682060 912
1682070 911
1682080 910
1682090 909
1682100 908
1682110 908
1682120 907
1682130 907
1682140 906
1682150 906
1682160 905
1682170 905
1682180 904
1682190 903
1682200 902
1682210 901
1682220 900
1682230 900
1682240 899
1682250 898
1682260 898
1682270 897
1682280 897
1682290 896
1682300 895
1682310 894
1682320 893
1682330 892
1682340 891
1682350 891
1682360 890
1682370 889
1682380 888
1682390 888
1682400 887
1682410 886
1682420 885
1682430 884
1682440 883
1682450 882
1682460 882
1682470 881
1682480 880
1682490 880
1682500 879
1682510 878
1682520 877
1682530 877
1682540 876
1682550 876
1682560 875
1682570 874
1682580 874
1682590 873
1682600 872
1682610 872
1682620 872
1682630 872
1682640 871
1682650 871
1682660 870
1682670 870
1682680 870
1682690 869
1682700 869
1682710 868
1682720 868
1682730 868
1682740 867
1682750 867
1682760 866
1682770 865
1682780 865
1682790 864
1682800 864
1682810 864
1682820 863
1682830 863
1682840 862
1682850 861
1682860 861
1682870 860
1682880 859
1682890 859
1682900 858
1682910 857
1682920 857
1682930 856
1682940 855
1682950 854
1682960 853
1682970 852
1682980 851
1682990 850
1683000 849
1683010 848
1683020 847
1683030 846
1683040 844
1683050 843
1683060 842
1683070 840
1683080 839
1683090 838
1683100 837
1683110 836
1683120 834
1683130 832
1683140 830
1683150 828
1683160 826
1683170 825
1683180 823
1683190 822
1683200 821
1683210 820
1683220 819
1683230 818
1683240 817
1683250 815
1683260 814
1683270 813
1683280 811
1683290 810
1683300 809
1683310 808
1683320 808
1683330 807
1683340 806
1683350 805
1683360 805
1683370 804
1683380 802
1683390 801
1683400 800
1683410 799
1683420 798
1683430 797
1683440 797
1683450 796
1683460 795
1683470 794
1683480 793
1683490 792
1683500 791
1683510 791
1683520 790
1683530 789
1683540 788
1683550 788
1683560 787
1683570 786
1683580 784
1683590 783
1683600 782
1683610 781
1683620 780
1683630 779
1683640 778
1683650 777
1683660 776
1683670 775
1683680 774
1683690 773
1683700 773
1683710 772
1683720 772
1683730 771
1683740 770
1683750 770
1683760 769
1683770 768
1683780 767
1683790 766
1683800 766
1683810 765
1683820 764
1683830 763
1683840 762
1683850 761
1683860 760
1683870 759
1683880 758
1683890 757
1683900 756
1683910 755
1683920 754
1683930 753
1683940 752
1683950 751
1683960 750
1683970 748
1683980 747
1683990 746
1684000 744
1684010 743
1684020 741
1684030 740
1684040 739
1684050 737
1684060 736
1684070 735
1684080 734
1684090 733
1684100 732
1684110 731
1684120 729
1684130 727
1684140 725
1684150 724
1684160 723
1684170 721
1684180 720
1684190 718
1684200 716
1684210 715
1684220 714
1684230 713
1684240 712
1684250 710
1684260 709
1684270 707
1684280 706
1684290 704
1684300 703
1684310 701
1684320 699
1684330 697
1684340 695
1684350 694
1684360 691
1684370 689
1684380 687
1684390 685
1684400 683
1684410 681
1684420 679
1684430 678
1684440 677
1684450 676
1684460 674
1684470 671
1684480 669
1684490 666
1684500 664
1684510 662
1684520 661
1684530 659
1684540 658
1684550 656
1684560 655
1684570 654
1684580 653
1684590 652
1684600 651
1684610 650
1684620 650
1684630 649
1684640 648
1684650 647
1684660 646
1684670 646
1684680 645
1684690 644
1684700 644
1684710 643
1684720 643
1684730 642
1684740 642
1684750 641
1684760 641
1684770 641
1684780 641
1684790 641
1684800 641
1684810 642
1684820 642
1684830 642
1684840 642
1684850 642
1684860 642
1684870 642
1684880 643
1684890 643
1684900 644
1684910 644
1684920 644
1684930 645
1684940 645
1684950 645
1684960 646
1684970 647
1684980 647
1684990 648
1685000 648
1685010 649
1685020 649
1685030 650
1685040 650
1685050 651
1685060 651
1685070 652
1685080 652
1685090 653
1685100 653
1685110 654
1685120 654
1685130 654
1685140 655
1685150 655
1685160 656
1685170 657
1685180 657
1685190 658
1685200 658
1685210 659
1685220 660
1685230 660
1685240 661
1685250 662
1685260 663
1685270 664
1685280 665
1685290 665
1685300 666
1685310 667
1685320 667
1685330 668
1685340 669
1685350 669
1685360 670
1685370 671
1685380 671
1685390 672
1685400 673
1685410 673
1685420 674
1685430 675
1685440 675
1685450 676
1685460 677
1685470 677
1685480 678
1685490 678
1685500 679
1685510 680
1685520 680
1685530 681
1685540 682
1685550 682
1685560 683
1685570 684
1685580 684
1685590 685
1685600 686
1685610 686
1685620 687
1685630 687
1685640 688
1685650 688
1685660 689
1685670 689
1685680 690
1685690 691
1685700 692
1685710 692
1685720 693
1685730 694
1685740 694
1685750 695
1685760 695
1685770 696
1685780 696
1685790 697
1685800 698
1685810 698
1685820 699
1685830 700
1685840 700
1685850 701
1685860 702
1685870 702
1685880 703
1685890 703
1685900 704
1685910 704
1685920 705
1685930 706
1685940 706
1685950 707
1685960 707
1685970 708
1685980 709
1685990 709
1686000 710
1686010 710
1686020 711
1686030 711
1686040 712
1686050 712
1686060 713
1686070 713
1686080 714
1686090 714
1686100 715
1686110 715
1686120 716
1686130 716
1686140 717
1686150 717
1686160 717
1686170 718
1686180 718
1686190 719
1686200 719
1686210 719
1686220 720
1686230 720
1686240 721
1686250 721
1686260 722
1686270 722
1686280 723
1686290 723
1686300 724
1686310 724
1686320 725
1686330 725
1686340 726
1686350 726
1686360 726
1686370 727
1686380 727
1686390 727
1686400 728
1686410 728
1686420 728
1686430 729
1686440 729
1686450 730
1686460 730
1686470 730
1686480 731
1686490 731
1686500 731
1686510 732
1686520 732
1686530 733
1686540 733
1686550 733
1686560 734
1686570 734
1686580 734
1686590 735
1686600 735
1686610 735
1686620 735
1686630 735
1686640 736
1686650 736
1686660 736
1686670 736
1686680 737
1686690 737
1686700 737
1686710 737
1686720 737
1686730 737
1686740 737
1686750 737
1686760 737
1686770 737
1686780 737
1686790 737
1686800 737
1686810 738
1686820 738
1686830 738
1686840 738
1686850 738
1686860 738
1686870 738
1686880 738
1686890 738
1686900 738
1686910 738
1686920 738
1686930 738
1686940 738
1686950 737
1686960 737
1686970 737
1686980 737
1686990 737
1687000 737
1687010 737
1687020 737
1687030 737
1687040 737
1687050 737
1687060 736
1687070 736
1687080 735
1687090 735
1687100 735
1687110 734
1687120 734
1687130 734
1687140 733
1687150 733
1687160 733
1687170 732
1687180 732
1687190 732
1687200 732
1687210 732
1687220 732
1687230 731
1687240 731
1687250 730
1687260 730
1687270 729
1687280 729
1687290 728
1687300 728
1687310 728
1687320 727
1687330 727
1687340 727
1687350 726
1687360 726
1687370 726
1687380 725
1687390 725
1687400 725
1687410 724
1687420 724
1687430 724
1687440 724
1687450 723
1687460 723
1687470 723
1687480 723
1687490 722
1687500 722
1687510 722
1687520 722
1687530 722
1687540 722
1687550 722
1687560 721
1687570 721
1687580 721
1687590 721
1687600 721
1687610 721
1687620 720
1687630 720
1687640 720
1687650 720
1687660 720
1687670 719
1687680 719
1687690 719
1687700 719
1687710 719
1687720 719
1687730 719
1687740 718
1687750 718
1687760 718
1687770 718
1687780 718
1687790 718
1687800 717
1687810 717
1687820 717
1687830 717
1687840 717
1687850 717
1687860 717
1687870 716
1687880 716
1687890 716
1687900 716
1687910 716
1687920 715
1687930 715
1687940 714
1687950 714
1687960 714
1687970 714
1687980 714
1687990 714
1688000 713
1688010 713
1688020 713
1688030 713
1688040 713
1688050 712
1688060 712
1688070 712
1688080 712
1688090 711
1688100 711
1688110 711
1688120 711
1688130 710
1688140 710
1688150 710
1688160 710
1688170 710
1688180 709
1688190 709
1688200 709
1688210 708
1688220 708
1688230 708
1688240 709
1688250 709
1688260 709
1688270 709
1688280 710
1688290 710
1688300 710
1688310 710
1688320 711
1688330 711
1688340 711
1688350 711
1688360 711
1688370 711
1688380 711
1688390 710
1688400 710
1688410 710
1688420 710
1688430 710
1688440 709
1688450 709
1688460 709
1688470 709
1688480 708
1688490 708
1688500 708
1688510 707
1688520 707
1688530 707
1688540 706
1688550 706
1688560 706
1688570 705
1688580 705
1688590 705
1688600 704
1688610 704
1688620 703
1688630 703
1688640 703
1688650 703
1688660 702
1688670 702
1688680 702
1688690 701
1688700 701
1688710 701
1688720 701
1688730 701
1688740 700
1688750 700
1688760 700
1688770 700
1688780 699
1688790 699
1688800 699
1688810 699
1688820 699
1688830 699
1688840 698
1688850 698
1688860 698
1688870 698
1688880 697
1688890 697
1688900 697
1688910 697
1688920 697
1688930 697
1688940 697
1688950 697
1688960 696
1688970 696
1688980 696
1688990 696
1689000 696
1689010 696
1689020 696
1689030 696
1689040 696
1689050 696
1689060 696
1689070 696
1689080 696
1689090 696
1689100 696
1689110 696
1689120 696
1689130 696
1689140 696
1689150 696
1689160 696
1689170 696
1689180 697
1689190 697
1689200 697
1689210 697
1689220 697
1689230 697
1689240 697
1689250 697
1689260 698
1689270 698
1689280 698
1689290 697
1689300 697
1689310 697
1689320 697
1689330 697
1689340 696
1689350 696
1689360 696
1689370 695
1689380 695
1689390 695
1689400 695
1689410 695
1689420 695
1689430 694
1689440 694
1689450 694
1689460 694
1689470 694
1689480 693
1689490 693
1689500 693
1689510 693
1689520 693
1689530 692
1689540 692
1689550 692
1689560 692
1689570 692
1689580 691
1689590 691
1689600 691
1689610 691
1689620 691
1689630 690
1689640 690
1689650 690
1689660 690
1689670 689
1689680 689
1689690 689
1689700 689
1689710 689
1689720 688
1689730 688
1689740 688
1689750 688
1689760 688
1689770 687
1689780 687
1689790 687
1689800 687
1689810 686
1689820 686
1689830 686
1689840 686
1689850 685
1689860 685
1689870 685
1689880 685
1689890 684
1689900 684
1689910 684
1689920 684
1689930 684
1689940 683
1689950 683
1689960 683
1689970 683
1689980 683
1689990 682
1690000 682
1690010 682
1690020 682
1690030 682
1690040 681
1690050 681
1690060 681
1690070 681
1690080 681
1690090 681
1690100 680
1690110 680
1690120 680
1690130 680
1690140 680
1690150 680
1690160 680
1690170 680
1690180 679
1690190 679
1690200 679
1690210 678
1690220 678
1690230 678
1690240 678
1690250 677
1690260 677
1690270 677
1690280 677
1690290 676
1690300 676
1690310 676
1690320 676
1690330 676
1690340 675
1690350 675
1690360 675
1690370 675
1690380 675
1690390 674
1690400 674
1690410 674
1690420 674
1690430 674
1690440 674
1690450 674
1690460 675
1690470 675
1690480 675
1690490 675
1690500 675
1690510 675
1690520 675
1690530 675
1690540 675
1690550 676
1690560 676
1690570 676
1690580 677
1690590 677
1690600 678
1690610 678
1690620 679
1690630 679
1690640 680
1690650 680
1690660 681
1690670 681
1690680 682
1690690 682
1690700 683
1690710 684
1690720 684
1690730 685
1690740 686
1690750 687
1690760 687
1690770 688
1690780 688
1690790 688
1690800 688
1690810 688
1690820 687
1690830 687
1690840 686
1690850 686
1690860 685
1690870 685
1690880 684
1690890 684
1690900 683
1690910 683
1690920 683
1690930 682
1690940 682
1690950 682
1690960 681
1690970 681
1690980 682
1690990 682
1691000 681
1691010 681
1691020 681
1691030 681
1691040 681
1691050 680
1691060 680
1691070 680
1691080 680
1691090 679
1691100 679
1691110 679
1691120 678
1691130 678
1691140 677
1691150 677
1691160 677
1691170 676
1691180 676
1691190 675
1691200 675
1691210 674
1691220 674
1691230 673
1691240 673
1691250 673
1691260 672
1691270 672
1691280 671
1691290 671
1691300 671
1691310 670
1691320 670
1691330 669
1691340 669
1691350 669
1691360 668
1691370 668
1691380 668
1691390 667
1691400 667
1691410 667
1691420 667
1691430 667
1691440 666
1691450 666
1691460 666
1691470 666
1691480 665
1691490 665
1691500 666
1691510 666
1691520 666
1691530 667
1691540 667
1691550 667
1691560 668
1691570 668
1691580 668
1691590 668
1691600 667
1691610 667
1691620 667
1691630 667
1691640 667
1691650 666
1691660 666
1691670 665
1691680 664
1691690 664
1691700 663
1691710 662
1691720 661
1691730 661
1691740 660
1691750 659
1691760 658
1691770 657
1691780 656
1691790 655
1691800 653
1691810 652
1691820 651
1691830 650
1691840 648
1691850 645
1691860 642
1691870 639
1691880 637
1691890 634
1691900 632
1691910 630
1691920 628
1691930 626
1691940 624
1691950 622
1691960 620
1691970 619
1691980 617
1691990 615
1692000 614
1692010 613
1692020 612
1692030 612
1692040 611
1692050 611
1692060 610
1692070 610
1692080 609
1692090 609
1692100 609
1692110 608
1692120 608
1692130 607
1692140 607
1692150 606
1692160 605
1692170 605
1692180 605
1692190 604
1692200 604
1692210 603
1692220 603
1692230 602
1692240 602
1692250 602
1692260 601
1692270 601
1692280 601
1692290 600
1692300 600
1692310 600
1692320 599
1692330 598
1692340 597
1692350 595
1692360 592
1692370 589
1692380 587
1692390 584
1692400 582
1692410 580
1692420 579
1692430 578
1692440 578
1692450 577
1692460 577
1692470 577
1692480 578
1692490 579
1692500 579
1692510 579
1692520 580
1692530 580
1692540 580
1692550 581
1692560 581
1692570 582
1692580 582
1692590 583
1692600 583
1692610 584
1692620 584
1692630 585
1692640 585
1692650 586
1692660 586
1692670 586
1692680 587
1692690 587
1692700 588
1692710 588
1692720 589
1692730 589
1692740 590
1692750 591
1692760 592
1692770 593
1692780 595
1692790 597
1692800 599
1692810 600
1692820 601
1692830 603
1692840 605
1692850 607
1692860 609
1692870 610
1692880 612
1692890 614
1692900 616
1692910 619
1692920 621
1692930 623
1692940 624
1692950 625
1692960 625
1692970 626
1692980 627
1692990 628
1693000 629
1693010 630
1693020 631
1693030 632
1693040 633
1693050 634
1693060 635
1693070 637
1693080 638
1693090 638
1693100 639
1693110 640
1693120 640
1693130 641
1693140 642
1693150 643
1693160 644
1693170 645
1693180 646
1693190 646
1693200 646
1693210 647
1693220 647
1693230 648
1693240 648
1693250 649
1693260 649
1693270 649
1693280 650
1693290 650
1693300 650
1693310 651
1693320 651
1693330 652
1693340 652
1693350 653
1693360 653
1693370 653
1693380 653
1693390 654
1693400 654
1693410 654
1693420 655
1693430 655
1693440 656
1693450 657
1693460 658
1693470 659
1693480 660
1693490 661
1693500 662
1693510 664
1693520 665
1693530 667
1693540 668
1693550 670
1693560 672
1693570 673
1693580 675
1693590 677
1693600 678
1693610 679
1693620 679
1693630 679
1693640 679
1693650 679
1693660 679
1693670 679
1693680 679
1693690 679
1693700 679
1693710 679
1693720 679
1693730 679
1693740 679
1693750 679
1693760 679
1693770 679
1693780 680
1693790 680
1693800 681
1693810 681
1693820 682
1693830 682
1693840 683
1693850 683
1693860 684
1693870 684
1693880 685
1693890 685
1693900 686
1693910 687
1693920 688
1693930 688
1693940 689
1693950 690
1693960 690
1693970 691
1693980 692
1693990 693
1694000 694
1694010 695
1694020 696
1694030 698
1694040 699
1694050 700
1694060 701
1694070 703
1694080 705
1694090 707
1694100 709
1694110 711
1694120 713
1694130 714
1694140 715
1694150 715
1694160 713
1694170 710
1694180 708
1694190 706
1694200 704
1694210 702
1694220 700
1694230 699
1694240 697
1694250 695
1694260 694
1694270 693
1694280 692
1694290 690
1694300 688
1694310 685
1694320 682
1694330 679
1694340 677
1694350 674
1694360 672
1694370 670
1694380 668
1694390 667
1694400 666
1694410 665
1694420 664
1694430 663
1694440 662
1694450 661
1694460 661
1694470 661
1694480 662
1694490 662
1694500 660
1694510 659
1694520 657
1694530 655
1694540 654
1694550 652
1694560 651
1694570 649
1694580 648
1694590 647
1694600 647
1694610 646
1694620 645
1694630 645
1694640 644
1694650 643
1694660 642
1694670 641
1694680 640
1694690 639
1694700 636
1694710 634
1694720 632
1694730 630
1694740 629
1694750 627
1694760 625
1694770 623
1694780 622
1694790 621
1694800 619
1694810 618
1694820 617
1694830 616
1694840 615
1694850 615
1694860 614
1694870 614
1694880 613
1694890 612
1694900 611
1694910 609
1694920 607
1694930 605
1694940 603
1694950 601
1694960 599
1694970 597
1694980 595
1694990 594
1695000 592
1695010 590
1695020 588
1695030 587
1695040 585
1695050 584
1695060 582
1695070 581
1695080 580
1695090 579
1695100 578
1695110 577
1695120 577
1695130 576
1695140 575
1695150 575
1695160 574
1695170 573
1695180 573
1695190 573
1695200 572
1695210 572
1695220 572
1695230 572
1695240 572
1695250 573
1695260 573
1695270 573
1695280 573
1695290 573
1695300 573
1695310 573
1695320 573
1695330 573
1695340 573
1695350 573
1695360 573
1695370 573
1695380 572
1695390 572
1695400 573
1695410 573
1695420 573
1695430 573
1695440 573
1695450 574
1695460 574
1695470 574
1695480 575
1695490 575
1695500 576
1695510 577
1695520 578
1695530 579
1695540 580
1695550 581
1695560 582
1695570 582
1695580 582
1695590 582
1695600 582
1695610 581
1695620 580
1695630 580
1695640 579
1695650 578
1695660 578
1695670 578
1695680 577
1695690 577
1695700 577
1695710 578
1695720 578
1695730 577
1695740 577
1695750 577
1695760 576
1695770 575
1695780 574
1695790 573
1695800 571
1695810 570
1695820 568
1695830 566
1695840 564
1695850 562
1695860 561
1695870 559
1695880 557
1695890 555
1695900 553
1695910 551
1695920 548
1695930 545
1695940 542
1695950 539
1695960 535
1695970 532
1695980 529
1695990 527
1696000 524
1696010 523
1696020 521
1696030 519
1696040 518
1696050 516
1696060 514
1696070 512
1696080 511
1696090 509
1696100 507
1696110 505
1696120 503
1696130 501
1696140 500
1696150 498
1696160 496
1696170 495
1696180 493
1696190 491
1696200 489
1696210 488
1696220 487
1696230 485
1696240 483
1696250 482
1696260 480
1696270 478
1696280 476
1696290 474
1696300 471
1696310 469
1696320 468
1696330 466
1696340 464
1696350 461
1696360 458
1696370 454
1696380 453
1696390 454
1696400 457
1696410 459
1696420 459
1696430 460
1696440 460
1696450 461
1696460 462
1696470 462
1696480 463
1696490 464
1696500 465
1696510 465
1696520 466
1696530 466
1696540 467
1696550 468
1696560 468
1696570 469
1696580 471
1696590 472
1696600 473
1696610 474
1696620 475
1696630 476
1696640 477
1696650 478
1696660 479
1696670 481
1696680 482
1696690 483
1696700 485
1696710 486
1696720 488
1696730 489
1696740 491
1696750 492
1696760 493
1696770 495
1696780 496
1696790 497
1696800 497
1696810 498
1696820 498
1696830 499
1696840 499
1696850 500
1696860 500
1696870 501
1696880 501
1696890 502
1696900 502
1696910 503
1696920 503
1696930 503
1696940 504
1696950 504
1696960 504
1696970 504
1696980 504
1696990 504
1697000 503
1697010 503
1697020 503
1697030 503
1697040 503
1697050 503
1697060 502
1697070 502
1697080 501
1697090 501
1697100 501
1697110 500
1697120 500
1697130 500
1697140 500
1697150 500
1697160 499
1697170 499
1697180 498
1697190 498
1697200 497
1697210 497
1697220 497
1697230 497
1697240 496
1697250 496
1697260 496
1697270 496
1697280 495
1697290 495
1697300 494
1697310 494
1697320 493
1697330 493
1697340 492
1697350 492
1697360 491
1697370 491
1697380 490
1697390 490
1697400 489
1697410 488
1697420 487
1697430 486
1697440 485
1697450 485
1697460 484
1697470 484
1697480 483
1697490 483
1697500 483
1697510 483
1697520 483
1697530 483
1697540 482
1697550 481
1697560 480
1697570 479
1697580 477
1697590 475
1697600 473
1697610 472
1697620 470
1697630 468
1697640 467
1697650 466
1697660 464
1697670 463
1697680 462
1697690 461
1697700 460
1697710 458
1697720 457
1697730 456
1697740 454
1697750 453
1697760 452
1697770 450
1697780 449
1697790 448
1697800 447
1697810 446
1697820 445
1697830 444
1697840 443
1697850 442
1697860 441
1697870 440
1697880 439
1697890 439
1697900 438
1697910 436
1697920 435
1697930 434
1697940 433
1697950 433
1697960 432
1697970 431
1697980 430
1697990 430
1698000 429
1698010 428
1698020 427
1698030 427
1698040 426
1698050 426
1698060 426
1698070 425
1698080 425
1698090 425
1698100 424
1698110 424
1698120 424
1698130 423
1698140 423
1698150 422
1698160 421
1698170 420
1698180 419
1698190 419
1698200 418
1698210 418
1698220 417
1698230 417
1698240 417
1698250 417
1698260 417
1698270 418
1698280 418
1698290 418
1698300 417
1698310 416
1698320 415
1698330 413
1698340 411
1698350 409
1698360 407
1698370 405
1698380 403
1698390 402
1698400 402
1698410 401
1698420 401
1698430 400
1698440 400
1698450 399
1698460 399
1698470 398
1698480 398
1698490 399
1698500 399
1698510 400
1698520 401
1698530 402
1698540 403
1698550 403
1698560 404
1698570 404
1698580 405
1698590 405
1698600 406
1698610 406
1698620 406
1698630 407
1698640 407
1698650 407
1698660 407
1698670 406
1698680 406
1698690 406
1698700 405
1698710 405
1698720 404
1698730 403
1698740 402
1698750 401
1698760 400
1698770 399
1698780 398
1698790 395
1698800 392
1698810 390
1698820 388
1698830 386
1698840 384
1698850 382
1698860 380
1698870 378
1698880 375
1698890 372
1698900 369
1698910 366
1698920 363
1698930 360
1698940 356
1698950 351
1698960 347
1698970 342
1698980 339
1698990 337
1699000 336
1699010 337
1699020 337
1699030 338
1699040 338
1699050 338
1699060 338
1699070 338
1699080 338
1699090 337
1699100 337
1699110 337
1699120 337
1699130 337
1699140 337
1699150 337
1699160 337
1699170 337
1699180 337
1699190 337
1699200 337
1699210 337
1699220 338
1699230 339
1699240 339
1699250 339
1699260 339
1699270 339
1699280 339
1699290 339
1699300 340
1699310 341
1699320 342
1699330 343
1699340 345
1699350 346
1699360 348
1699370 349
1699380 352
1699390 356
1699400 362
1699410 367
1699420 372
1699430 377
1699440 382
1699450 387
1699460 391
1699470 395
1699480 399
1699490 403
1699500 407
1699510 411
1699520 415
1699530 419
1699540 423
1699550 428
1699560 433
1699570 439
1699580 445
1699590 449
1699600 453
1699610 458
1699620 462
1699630 466
1699640 470
1699650 474
1699660 478
1699670 481
1699680 483
1699690 485
1699700 486
1699710 486
1699720 486
1699730 485
1699740 485
1699750 485
1699760 485
1699770 485
1699780 485
1699790 485
1699800 484
1699810 484
1699820 484
1699830 483
1699840 483
1699850 483
1699860 482
1699870 482
1699880 481
1699890 480
1699900 478
1699910 475
1699920 472
1699930 470
1699940 467
1699950 464
1699960 462
1699970 460
1699980 459
1699990 458
