1680000 904
1680010 904
1680020 903
1680030 903
1680040 902
1680050 902
1680060 901
1680070 901
1680080 900
1680090 898
1680100 896
1680110 893
1680120 891
1680130 889
1680140 888
1680150 890
1680160 892
1680170 894
1680180 897
1680190 898
1680200 900
1680210 902
1680220 903
1680230 904
1680240 905
1680250 905
1680260 906
1680270 907
1680280 908
1680290 909
1680300 909
1680310 910
1680320 910
1680330 909
1680340 909
1680350 909
1680360 908
1680370 907
1680380 907
1680390 905
1680400 903
1680410 901
1680420 898
1680430 896
1680440 895
1680450 894
1680460 894
1680470 895
1680480 896
1680490 897
1680500 898
1680510 898
1680520 898
1680530 897
1680540 894
1680550 892
1680560 890
1680570 890
1680580 890
1680590 890
1680600 890
1680610 890
1680620 890
1680630 891
1680640 892
1680650 894
1680660 896
1680670 899
1680680 902
1680690 905
1680700 909
1680710 912
1680720 915
1680730 918
1680740 920
1680750 922
1680760 923
1680770 923
1680780 924
1680790 925
1680800 925
1680810 926
1680820 926
1680830 926
1680840 926
1680850 927
1680860 927
1680870 928
1680880 928
1680890 928
1680900 928
1680910 928
1680920 929
1680930 929
1680940 929
1680950 930
1680960 930
1680970 930
1680980 930
1680990 930
1681000 930
1681010 930
1681020 930
1681030 931
1681040 931
1681050 931
1681060 931
1681070 931
1681080 931
1681090 931
1681100 931
1681110 932
1681120 932
1681130 932
1681140 932
1681150 932
1681160 932
1681170 932
1681180 931
1681190 931
1681200 931
1681210 930
1681220 930
1681230 930
1681240 930
1681250 929
1681260 929
1681270 929
1681280 928
1681290 928
1681300 927
1681310 927
1681320 926
1681330 925
1681340 924
1681350 924
1681360 924
1681370 924
1681380 923
1681390 923
1681400 923
1681410 922
1681420 922
1681430 921
1681440 921
1681450 921
1681460 921
1681470 920
1681480 919
1681490 918
1681500 918
1681510 918
1681520 917
1681530 917
1681540 917
1681550 917
1681560 917
1681570 917
1681580 917
1681590 917
1681600 917
1681610 917
1681620 917
1681630 917
1681640 917
1681650 918
1681660 918
1681670 918
1681680 918
1681690 918
1681700 918
1681710 919
1681720 919
1681730 919
1681740 919
1681750 919
1681760 919
1681770 920
1681780 920
1681790 920
1681800 920
1681810 920
1681820 921
1681830 921
1681840 921
1681850 922
1681860 922
1681870 922
1681880 922
1681890 922
1681900 922
1681910 923
1681920 923
1681930 923
1681940 923
1681950 923
1681960 923
1681970 923
1681980 924
1681990 924
1682000 924
1682010 924
1682020 924
1682030 924
1682040 924
1682050 925
1682060 925
1682070 925
1682080 925
1682090 925
1682100 926
1682110 926
1682120 926
1682130 926
1682140 926
1682150 926
1682160 926
1682170 927
1682180 927
1682190 927
1682200 927
1682210 927
1682220 928
1682230 928
1682240 928
1682250 928
1682260 928
1682270 928
1682280 929
1682290 929
1682300 929
1682310 929
1682320 929
1682330 930
1682340 930
1682350 930
1682360 930
1682370 930
1682380 931
1682390 931
1682400 931
1682410 931
1682420 931
1682430 932
1682440 932
1682450 932
1682460 932
1682470 932
1682480 933
1682490 933
1682500 933
1682510 933
1682520 934
1682530 934
1682540 934
1682550 934
1682560 934
1682570 935
1682580 935
1682590 935
1682600 935
1682610 935
1682620 936
1682630 936
1682640 936
1682650 936
1682660 936
1682670 937
1682680 937
1682690 937
1682700 937
1682710 938
1682720 938
1682730 938
1682740 938
1682750 938
1682760 939
1682770 939
1682780 939
1682790 939
1682800 940
1682810 940
1682820 940
1682830 940
1682840 941
1682850 941
1682860 941
1682870 941
1682880 942
1682890 942
1682900 942
1682910 942
1682920 943
1682930 943
1682940 944
1682950 944
1682960 944
1682970 944
1682980 944
1682990 945
1683000 945
1683010 946
1683020 946
1683030 947
1683040 947
1683050 947
1683060 948
1683070 948
1683080 948
1683090 948
1683100 949
1683110 949
1683120 949
1683130 949
1683140 950
1683150 950
1683160 951
1683170 951
1683180 952
1683190 952
1683200 952
1683210 953
1683220 953
1683230 954
1683240 954
1683250 954
1683260 954
1683270 955
1683280 955
1683290 955
1683300 955
1683310 956
1683320 956
1683330 956
1683340 956
1683350 956
1683360 956
1683370 957
1683380 957
1683390 957
1683400 957
1683410 957
1683420 957
1683430 957
1683440 957
1683450 957
1683460 957
1683470 957
1683480 957
1683490 957
1683500 957
1683510 957
1683520 957
1683530 957
1683540 957
1683550 957
1683560 957
1683570 957
1683580 957
1683590 957
1683600 957
1683610 957
1683620 957
1683630 957
1683640 957
1683650 957
1683660 957
1683670 957
1683680 957
1683690 957
1683700 957
1683710 957
1683720 957
1683730 957
1683740 957
1683750 957
1683760 957
1683770 957
1683780 957
1683790 958
1683800 958
1683810 958
1683820 959
1683830 959
1683840 959
1683850 960
1683860 960
1683870 960
1683880 960
1683890 960
1683900 960
1683910 960
1683920 960
1683930 960
1683940 959
1683950 959
1683960 959
1683970 959
1683980 958
1683990 958
1684000 957
1684010 957
1684020 956
1684030 956
1684040 955
1684050 955
1684060 954
1684070 954
1684080 953
1684090 952
1684100 951
1684110 950
1684120 949
1684130 948
1684140 947
1684150 946
1684160 945
1684170 944
1684180 943
1684190 942
1684200 940
1684210 939
1684220 937
1684230 936
1684240 935
1684250 934
1684260 933
1684270 932
1684280 931
1684290 930
1684300 929
1684310 928
1684320 927
1684330 926
1684340 925
1684350 924
1684360 923
1684370 922
1684380 921
1684390 920
1684400 918
1684410 917
1684420 916
1684430 915
1684440 914
1684450 912
1684460 911
1684470 910
1684480 909
1684490 908
1684500 907
1684510 906
1684520 905
1684530 904
1684540 903
1684550 902
1684560 901
1684570 901
1684580 900
1684590 900
1684600 899
1684610 898
1684620 897
1684630 896
1684640 896
1684650 895
1684660 894
1684670 893
1684680 893
1684690 892
1684700 891
1684710 890
1684720 889
1684730 889
1684740 888
1684750 887
1684760 886
1684770 886
1684780 885
1684790 884
1684800 883
1684810 882
1684820 880
1684830 879
1684840 877
1684850 875
1684860 874
1684870 873
1684880 873
1684890 872
1684900 871
1684910 870
1684920 869
1684930 868
1684940 866
1684950 864
1684960 863
1684970 863
1684980 862
1684990 862
1685000 861
1685010 861
1685020 860
1685030 860
1685040 860
1685050 859
1685060 859
1685070 858
1685080 858
1685090 858
1685100 857
1685110 857
1685120 857
1685130 857
1685140 857
1685150 857
1685160 857
1685170 857
1685180 857
1685190 857
1685200 857
1685210 857
1685220 857
1685230 856
1685240 856
1685250 855
1685260 855
1685270 854
1685280 854
1685290 854
1685300 853
1685310 852
1685320 851
1685330 850
1685340 850
1685350 849
1685360 848
1685370 847
1685380 846
1685390 845
1685400 844
1685410 843
1685420 842
1685430 841
1685440 840
1685450 839
1685460 838
1685470 837
1685480 836
1685490 835
1685500 834
1685510 833
1685520 832
1685530 831
1685540 831
1685550 830
1685560 829
1685570 828
1685580 827
1685590 826
1685600 826
1685610 826
1685620 825
1685630 825
1685640 824
1685650 823
1685660 823
1685670 822
1685680 821
1685690 821
1685700 820
1685710 820
1685720 819
1685730 819
1685740 819
1685750 818
1685760 818
1685770 817
1685780 817
1685790 816
1685800 816
1685810 816
1685820 815
1685830 815
1685840 814
1685850 814
1685860 813
1685870 813
1685880 812
1685890 812
1685900 812
1685910 811
1685920 811
1685930 810
1685940 809
1685950 808
1685960 808
1685970 807
1685980 806
1685990 804
1686000 803
1686010 802
1686020 801
1686030 800
1686040 799
1686050 798
1686060 796
1686070 795
1686080 794
1686090 793
1686100 791
1686110 789
1686120 787
1686130 786
1686140 785
1686150 784
1686160 783
1686170 782
1686180 781
1686190 779
1686200 778
1686210 778
1686220 777
1686230 777
1686240 778
1686250 778
1686260 778
1686270 778
1686280 778
1686290 779
1686300 780
1686310 782
1686320 783
1686330 784
1686340 785
1686350 785
1686360 786
1686370 786
1686380 787
1686390 788
1686400 789
1686410 790
1686420 791
1686430 792
1686440 793
1686450 794
1686460 795
1686470 796
1686480 796
1686490 796
1686500 795
1686510 794
1686520 794
1686530 794
1686540 793
1686550 793
1686560 793
1686570 793
1686580 792
1686590 792
1686600 792
1686610 792
1686620 791
1686630 791
1686640 791
1686650 791
1686660 790
1686670 790
1686680 790
1686690 790
1686700 790
1686710 790
1686720 790
1686730 790
1686740 790
1686750 790
1686760 790
1686770 790
1686780 791
1686790 791
1686800 791
1686810 791
1686820 791
1686830 791
1686840 792
1686850 792
1686860 792
1686870 793
1686880 793
1686890 793
1686900 794
1686910 794
1686920 795
1686930 795
1686940 796
1686950 796
1686960 797
1686970 797
1686980 798
1686990 798
1687000 799
1687010 799
1687020 800
1687030 800
1687040 800
1687050 801
1687060 801
1687070 802
1687080 802
1687090 803
1687100 803
1687110 804
1687120 804
1687130 804
1687140 805
1687150 805
1687160 806
1687170 806
1687180 807
1687190 807
1687200 808
1687210 809
1687220 810
1687230 811
1687240 812
1687250 812
1687260 812
1687270 813
1687280 813
1687290 814
1687300 814
1687310 815
1687320 815
1687330 816
1687340 816
1687350 817
1687360 817
1687370 817
1687380 817
1687390 817
1687400 817
1687410 817
1687420 817
1687430 817
1687440 818
1687450 818
1687460 818
1687470 818
1687480 818
1687490 819
1687500 819
1687510 819
1687520 819
1687530 820
1687540 820
1687550 820
1687560 820
1687570 821
1687580 821
1687590 822
1687600 823
1687610 823
1687620 823
1687630 822
1687640 821
1687650 820
1687660 818
1687670 816
1687680 815
1687690 813
1687700 812
1687710 811
1687720 810
1687730 809
1687740 808
1687750 808
1687760 807
1687770 806
1687780 805
1687790 804
1687800 804
1687810 803
1687820 802
1687830 801
1687840 800
1687850 799
1687860 798
1687870 797
1687880 795
1687890 794
1687900 794
1687910 793
1687920 793
1687930 792
1687940 790
1687950 789
1687960 788
1687970 787
1687980 786
1687990 785
1688000 784
1688010 782
1688020 780
1688030 779
1688040 777
1688050 777
1688060 776
1688070 776
1688080 777
1688090 777
1688100 777
1688110 777
1688120 777
1688130 777
1688140 777
1688150 777
1688160 777
1688170 777
1688180 776
1688190 775
1688200 773
1688210 772
1688220 771
1688230 769
1688240 768
1688250 767
1688260 766
1688270 764
1688280 763
1688290 762
1688300 762
1688310 762
1688320 761
1688330 761
1688340 761
1688350 760
1688360 759
1688370 759
1688380 758
1688390 757
1688400 757
1688410 756
1688420 756
1688430 756
1688440 756
1688450 756
1688460 755
1688470 754
1688480 753
1688490 752
1688500 751
1688510 750
1688520 748
1688530 745
1688540 743
1688550 740
1688560 739
1688570 738
1688580 738
1688590 737
1688600 736
1688610 736
1688620 735
1688630 734
1688640 733
1688650 731
1688660 728
1688670 725
1688680 722
1688690 718
1688700 715
1688710 713
1688720 711
1688730 710
1688740 709
1688750 708
1688760 708
1688770 708
1688780 708
1688790 708
1688800 708
1688810 708
1688820 708
1688830 708
1688840 708
1688850 708
1688860 708
1688870 708
1688880 709
1688890 709
1688900 709
1688910 710
1688920 710
1688930 710
1688940 711
1688950 712
1688960 713
1688970 714
1688980 715
1688990 717
1689000 718
1689010 719
1689020 720
1689030 720
1689040 721
1689050 722
1689060 723
1689070 724
1689080 725
1689090 726
1689100 728
1689110 729
1689120 730
1689130 732
1689140 733
1689150 734
1689160 736
1689170 737
1689180 739
1689190 740
1689200 741
1689210 743
1689220 744
1689230 745
1689240 747
1689250 748
1689260 749
1689270 750
1689280 751
1689290 752
1689300 753
1689310 754
1689320 754
1689330 755
1689340 756
1689350 757
1689360 758
1689370 759
1689380 760
1689390 760
1689400 761
1689410 762
1689420 763
1689430 764
1689440 765
1689450 766
1689460 768
1689470 769
1689480 771
1689490 772
1689500 773
1689510 775
1689520 777
1689530 778
1689540 779
1689550 780
1689560 781
1689570 782
1689580 784
1689590 786
1689600 787
1689610 789
1689620 790
1689630 791
1689640 791
1689650 792
1689660 793
1689670 794
1689680 795
1689690 796
1689700 796
1689710 796
1689720 796
1689730 796
1689740 796
1689750 796
1689760 796
1689770 797
1689780 797
1689790 797
1689800 797
1689810 797
1689820 797
1689830 797
1689840 797
1689850 797
1689860 798
1689870 798
1689880 798
1689890 798
1689900 799
1689910 799
1689920 799
1689930 799
1689940 800
1689950 800
1689960 801
1689970 802
1689980 802
1689990 803
1690000 804
1690010 804
1690020 805
1690030 805
1690040 806
1690050 806
1690060 807
1690070 807
1690080 807
1690090 808
1690100 808
1690110 808
1690120 809
1690130 809
1690140 810
1690150 810
1690160 810
1690170 811
1690180 811
1690190 811
1690200 812
1690210 812
1690220 812
1690230 813
1690240 813
1690250 814
1690260 814
1690270 815
1690280 815
1690290 816
1690300 816
1690310 817
1690320 817
1690330 817
1690340 818
1690350 818
1690360 818
1690370 819
1690380 819
1690390 819
1690400 819
1690410 820
1690420 820
1690430 820
1690440 820
1690450 820
1690460 820
1690470 820
1690480 820
1690490 820
1690500 820
1690510 820
1690520 820
1690530 820
1690540 820
1690550 820
1690560 820
1690570 819
1690580 819
1690590 819
1690600 819
1690610 819
1690620 820
1690630 820
1690640 820
1690650 820
1690660 820
1690670 820
1690680 820
1690690 821
1690700 821
1690710 821
1690720 822
1690730 822
1690740 822
1690750 823
1690760 823
1690770 823
1690780 824
1690790 824
1690800 825
1690810 825
1690820 825
1690830 825
1690840 826
1690850 826
1690860 826
1690870 827
1690880 827
1690890 827
1690900 828
1690910 828
1690920 828
1690930 829
1690940 829
1690950 829
1690960 829
1690970 830
1690980 830
1690990 830
1691000 830
1691010 830
1691020 830
1691030 830
1691040 830
1691050 830
1691060 830
1691070 830
1691080 830
1691090 831
1691100 831
1691110 832
1691120 832
1691130 833
1691140 834
1691150 834
1691160 835
1691170 835
1691180 836
1691190 836
1691200 837
1691210 837
1691220 838
1691230 839
1691240 839
1691250 839
1691260 840
1691270 840
1691280 841
1691290 842
1691300 842
1691310 843
1691320 843
1691330 844
1691340 844
1691350 845
1691360 845
1691370 846
1691380 847
1691390 847
1691400 848
1691410 848
1691420 849
1691430 849
1691440 850
1691450 850
1691460 851
1691470 852
1691480 852
1691490 853
1691500 853
1691510 854
1691520 855
1691530 855
1691540 856
1691550 856
1691560 857
1691570 857
1691580 858
1691590 859
1691600 860
1691610 861
1691620 861
1691630 862
1691640 862
1691650 863
1691660 863
1691670 863
1691680 863
1691690 863
1691700 862
1691710 862
1691720 862
1691730 862
1691740 862
1691750 861
1691760 861
1691770 861
1691780 861
1691790 861
1691800 861
1691810 861
1691820 860
1691830 860
1691840 860
1691850 860
1691860 860
1691870 860
1691880 859
1691890 859
1691900 859
1691910 859
1691920 859
1691930 859
1691940 859
1691950 859
1691960 859
1691970 859
1691980 859
1691990 859
1692000 859
1692010 859
1692020 859
1692030 859
1692040 859
1692050 859
1692060 859
1692070 859
1692080 859
1692090 859
1692100 859
1692110 859
1692120 859
1692130 860
1692140 860
1692150 860
1692160 860
1692170 861
1692180 861
1692190 861
1692200 861
1692210 862
1692220 862
1692230 861
1692240 861
1692250 861
1692260 861
1692270 861
1692280 860
1692290 860
1692300 860
1692310 859
1692320 858
1692330 858
1692340 857
1692350 857
1692360 856
1692370 856
1692380 855
1692390 854
1692400 854
1692410 853
1692420 853
1692430 852
1692440 851
1692450 851
1692460 850
1692470 850
1692480 849
1692490 848
1692500 848
1692510 847
1692520 847
1692530 846
1692540 845
1692550 844
1692560 843
1692570 842
1692580 841
1692590 839
1692600 838
1692610 838
1692620 837
1692630 836
1692640 835
1692650 834
1692660 834
1692670 833
1692680 833
1692690 832
1692700 832
1692710 831
1692720 831
1692730 831
1692740 830
1692750 829
1692760 828
1692770 827
1692780 825
1692790 823
1692800 821
1692810 820
1692820 818
1692830 817
1692840 816
1692850 814
1692860 812
1692870 809
1692880 806
1692890 801
1692900 798
1692910 797
1692920 798
1692930 799
1692940 800
1692950 801
1692960 801
1692970 802
1692980 803
1692990 803
1693000 804
1693010 804
1693020 805
1693030 806
1693040 807
1693050 808
1693060 809
1693070 810
1693080 811
1693090 811
1693100 812
1693110 813
1693120 814
1693130 815
1693140 816
1693150 817
1693160 818
1693170 819
1693180 820
1693190 821
1693200 822
1693210 823
1693220 824
1693230 825
1693240 826
1693250 826
1693260 827
1693270 828
1693280 829
1693290 830
1693300 831
1693310 832
1693320 832
1693330 833
1693340 834
1693350 835
1693360 836
1693370 837
1693380 839
1693390 840
1693400 841
1693410 842
1693420 843
1693430 844
1693440 845
1693450 845
1693460 846
1693470 847
1693480 848
1693490 850
1693500 851
1693510 852
1693520 854
1693530 855
1693540 857
1693550 858
1693560 860
1693570 861
1693580 863
1693590 864
1693600 865
1693610 867
1693620 869
1693630 870
1693640 871
1693650 873
1693660 874
1693670 876
1693680 878
1693690 880
1693700 882
1693710 884
1693720 885
1693730 887
1693740 888
1693750 890
1693760 891
1693770 893
1693780 894
1693790 896
1693800 898
1693810 899
1693820 901
1693830 903
1693840 904
1693850 906
1693860 908
1693870 909
1693880 911
1693890 913
1693900 915
1693910 916
1693920 916
1693930 915
1693940 912
1693950 909
1693960 906
1693970 902
1693980 898
1693990 895
1694000 892
1694010 890
1694020 888
1694030 886
1694040 885
1694050 884
1694060 883
1694070 882
1694080 881
1694090 879
1694100 878
1694110 877
1694120 876
1694130 875
1694140 874
1694150 873
1694160 872
1694170 871
1694180 871
1694190 870
1694200 869
1694210 868
1694220 867
1694230 867
1694240 866
1694250 866
1694260 865
1694270 865
1694280 864
1694290 863
1694300 863
1694310 862
1694320 862
1694330 861
1694340 861
1694350 861
1694360 860
1694370 860
1694380 859
1694390 859
1694400 859
1694410 859
1694420 859
1694430 858
1694440 858
1694450 858
1694460 858
1694470 858
1694480 857
1694490 857
1694500 857
1694510 857
1694520 857
1694530 856
1694540 856
1694550 855
1694560 854
1694570 853
1694580 853
1694590 851
1694600 850
1694610 849
1694620 847
1694630 846
1694640 846
1694650 845
1694660 844
1694670 843
1694680 842
1694690 841
1694700 840
1694710 839
1694720 838
1694730 837
1694740 837
1694750 836
1694760 836
1694770 835
1694780 834
1694790 834
1694800 833
1694810 833
1694820 832
1694830 831
1694840 830
1694850 829
1694860 827
1694870 825
1694880 823
1694890 822
1694900 820
1694910 819
1694920 819
1694930 818
1694940 818
1694950 818
1694960 817
1694970 817
1694980 817
1694990 818
1695000 818
1695010 819
1695020 820
1695030 820
1695040 821
1695050 821
1695060 822
1695070 823
1695080 824
1695090 825
1695100 826
1695110 827
1695120 828
1695130 829
1695140 830
1695150 831
1695160 832
1695170 833
1695180 834
1695190 836
1695200 837
1695210 838
1695220 839
1695230 841
1695240 842
1695250 844
1695260 845
1695270 846
1695280 848
1695290 849
1695300 850
1695310 852
1695320 853
1695330 854
1695340 855
1695350 857
1695360 858
1695370 859
1695380 860
1695390 862
1695400 863
1695410 864
1695420 866
1695430 867
1695440 868
1695450 869
1695460 869
1695470 870
1695480 870
1695490 870
1695500 870
1695510 870
1695520 870
1695530 870
1695540 870
1695550 870
1695560 870
1695570 870
1695580 870
1695590 870
1695600 870
1695610 870
1695620 869
1695630 869
1695640 869
1695650 869
1695660 869
1695670 869
1695680 869
1695690 869
1695700 869
1695710 869
1695720 870
1695730 870
1695740 870
1695750 870
1695760 870
1695770 870
1695780 870
1695790 870
1695800 870
1695810 870
1695820 870
1695830 870
1695840 870
1695850 870
1695860 870
1695870 870
1695880 870
1695890 869
1695900 869
1695910 868
1695920 868
1695930 868
1695940 867
1695950 866
1695960 865
1695970 864
1695980 863
1695990 862
1696000 861
1696010 861
1696020 860
1696030 859
1696040 858
1696050 858
1696060 857
1696070 856
1696080 855
1696090 854
1696100 853
1696110 852
1696120 851
1696130 850
1696140 849
1696150 848
1696160 847
1696170 846
1696180 845
1696190 844
1696200 843
1696210 841
1696220 840
1696230 839
1696240 838
1696250 838
1696260 837
1696270 836
1696280 835
1696290 834
1696300 833
1696310 832
1696320 830
1696330 829
1696340 828
1696350 827
1696360 826
1696370 825
1696380 824
1696390 822
1696400 821
1696410 820
1696420 819
1696430 818
1696440 817
1696450 816
1696460 815
1696470 813
1696480 812
1696490 810
1696500 809
1696510 807
1696520 806
1696530 805
1696540 804
1696550 802
1696560 801
1696570 800
1696580 799
1696590 798
1696600 796
1696610 795
1696620 794
1696630 792
1696640 791
1696650 790
1696660 789
1696670 788
1696680 786
1696690 785
1696700 783
1696710 781
1696720 779
1696730 778
1696740 776
1696750 774
1696760 772
1696770 771
1696780 769
1696790 767
1696800 766
1696810 764
1696820 762
1696830 761
1696840 760
1696850 759
1696860 758
1696870 757
1696880 756
1696890 755
1696900 755
1696910 754
1696920 753
1696930 752
1696940 751
1696950 750
1696960 748
1696970 747
1696980 746
1696990 745
1697000 744
1697010 743
1697020 743
1697030 742
1697040 741
1697050 740
1697060 739
1697070 737
1697080 736
1697090 735
1697100 733
1697110 732
1697120 731
1697130 729
1697140 728
1697150 726
1697160 724
1697170 722
1697180 720
1697190 718
1697200 716
1697210 715
1697220 713
1697230 711
1697240 709
1697250 707
1697260 705
1697270 703
1697280 702
1697290 700
1697300 699
1697310 697
1697320 695
1697330 693
1697340 691
1697350 689
1697360 687
1697370 686
1697380 684
1697390 683
1697400 681
1697410 679
1697420 678
1697430 676
1697440 675
1697450 673
1697460 672
1697470 671
1697480 670
1697490 669
1697500 667
1697510 666
1697520 664
1697530 663
1697540 661
1697550 659
1697560 658
1697570 656
1697580 655
1697590 654
1697600 653
1697610 652
1697620 650
1697630 648
1697640 645
1697650 643
1697660 640
1697670 637
1697680 634
1697690 631
1697700 628
1697710 625
1697720 621
1697730 619
1697740 616
1697750 614
1697760 611
1697770 608
1697780 605
1697790 603
1697800 601
1697810 599
1697820 596
1697830 594
1697840 593
1697850 593
1697860 594
1697870 594
1697880 594
1697890 597
1697900 601
1697910 604
1697920 607
1697930 609
1697940 612
1697950 616
1697960 619
1697970 623
1697980 628
1697990 632
1698000 636
1698010 639
1698020 642
1698030 644
1698040 646
1698050 647
1698060 649
1698070 650
1698080 652
1698090 654
1698100 656
1698110 659
1698120 661
1698130 664
1698140 666
1698150 667
1698160 669
1698170 670
1698180 671
1698190 672
1698200 673
1698210 674
1698220 675
1698230 676
1698240 674
1698250 672
1698260 670
1698270 668
1698280 666
1698290 664
1698300 661
1698310 659
1698320 657
1698330 656
1698340 654
1698350 653
1698360 652
1698370 650
1698380 649
1698390 647
1698400 646
1698410 644
1698420 643
1698430 641
1698440 639
1698450 637
1698460 636
1698470 634
1698480 633
1698490 631
1698500 629
1698510 628
1698520 626
1698530 625
1698540 624
1698550 623
1698560 622
1698570 619
1698580 616
1698590 614
1698600 613
1698610 610
1698620 607
1698630 606
1698640 604
1698650 603
1698660 600
1698670 598
1698680 594
1698690 593
1698700 591
1698710 589
1698720 588
1698730 586
1698740 584
1698750 583
1698760 581
1698770 580
1698780 579
1698790 577
1698800 573
1698810 570
1698820 568
1698830 567
1698840 567
1698850 565
1698860 561
1698870 559
1698880 557
1698890 556
1698900 554
1698910 552
1698920 551
1698930 549
1698940 548
1698950 546
1698960 546
1698970 545
1698980 543
1698990 541
1699000 539
1699010 537
1699020 536
1699030 536
1699040 535
1699050 535
1699060 535
1699070 535
1699080 538
1699090 542
1699100 546
1699110 549
1699120 552
1699130 553
1699140 555
1699150 558
1699160 560
1699170 563
1699180 567
1699190 570
1699200 573
1699210 576
1699220 579
1699230 582
1699240 585
1699250 589
1699260 592
1699270 595
1699280 597
1699290 600
1699300 603
1699310 606
1699320 609
1699330 612
1699340 615
1699350 617
1699360 619
1699370 622
1699380 624
1699390 626
1699400 628
1699410 630
1699420 632
1699430 634
1699440 636
1699450 638
1699460 641
1699470 643
1699480 645
1699490 647
1699500 648
1699510 650
1699520 651
1699530 653
1699540 655
1699550 657
1699560 659
1699570 661
1699580 663
1699590 665
1699600 667
1699610 668
1699620 670
1699630 671
1699640 673
1699650 674
1699660 676
1699670 678
1699680 680
1699690 681
1699700 683
1699710 684
1699720 684
1699730 683
1699740 681
1699750 679
1699760 676
1699770 673
1699780 670
1699790 668
1699800 665
1699810 663
1699820 661
1699830 659
1699840 657
1699850 655
1699860 653
1699870 651
1699880 649
1699890 647
1699900 646
1699910 644
1699920 643
1699930 641
1699940 640
1699950 639
1699960 637
1699970 636
1699980 634
1699990 632
