1680000 923
1680010 923
1680020 924
1680030 925
1680040 925
1680050 925
1680060 926
1680070 926
1680080 927
1680090 928
1680100 928
1680110 928
1680120 928
1680130 928
1680140 928
1680150 928
1680160 928
1680170 927
1680180 927
1680190 926
1680200 926
1680210 926
1680220 926
1680230 926
1680240 927
1680250 927
1680260 928
1680270 929
1680280 930
1680290 930
1680300 931
1680310 931
1680320 931
1680330 931
1680340 931
1680350 932
1680360 932
1680370 932
1680380 932
1680390 932
1680400 931
1680410 931
1680420 930
1680430 930
1680440 929
1680450 929
1680460 929
1680470 928
1680480 928
1680490 928
1680500 928
1680510 927
1680520 927
1680530 927
1680540 927
1680550 927
1680560 927
1680570 926
1680580 926
1680590 926
1680600 926
1680610 925
1680620 925
1680630 924
1680640 923
1680650 923
1680660 921
1680670 920
1680680 919
1680690 917
1680700 915
1680710 913
1680720 911
1680730 909
1680740 907
1680750 905
1680760 903
1680770 901
1680780 900
1680790 899
1680800 898
1680810 897
1680820 896
1680830 895
1680840 894
1680850 893
1680860 892
1680870 892
1680880 891
1680890 891
1680900 891
1680910 891
1680920 890
1680930 889
1680940 889
1680950 889
1680960 888
1680970 888
1680980 887
1680990 886
1681000 886
1681010 885
1681020 885
1681030 885
1681040 884
1681050 884
1681060 883
1681070 883
1681080 883
1681090 882
1681100 882
1681110 882
1681120 881
1681130 881
1681140 881
1681150 880
1681160 880
1681170 880
1681180 879
1681190 879
1681200 879
1681210 878
1681220 878
1681230 878
1681240 878
1681250 878
1681260 877
1681270 877
1681280 877
1681290 877
1681300 877
1681310 877
1681320 877
1681330 877
1681340 876
1681350 876
1681360 876
1681370 876
1681380 876
1681390 876
1681400 876
1681410 876
1681420 876
1681430 876
1681440 876
1681450 876
1681460 876
1681470 876
1681480 876
1681490 876
1681500 877
1681510 877
1681520 877
1681530 877
1681540 877
1681550 877
1681560 878
1681570 878
1681580 877
1681590 878
1681600 878
1681610 878
1681620 878
1681630 878
1681640 878
1681650 878
1681660 878
1681670 878
1681680 878
1681690 879
1681700 879
1681710 879
1681720 879
1681730 879
1681740 879
1681750 879
1681760 879
1681770 879
1681780 880
1681790 880
1681800 880
1681810 880
1681820 880
1681830 881
1681840 881
1681850 881
1681860 881
1681870 881
1681880 881
1681890 881
1681900 882
1681910 882
1681920 882
1681930 882
1681940 882
1681950 882
1681960 882
1681970 882
1681980 882
1681990 882
1682000 882
1682010 882
1682020 883
1682030 883
1682040 883
1682050 883
1682060 882
1682070 882
1682080 882
1682090 882
1682100 882
1682110 881
1682120 881
1682130 881
1682140 881
1682150 881
1682160 880
1682170 880
1682180 880
1682190 880
1682200 880
1682210 880
1682220 879
1682230 879
1682240 879
1682250 879
1682260 878
1682270 878
1682280 878
1682290 878
1682300 877
1682310 877
1682320 877
1682330 877
1682340 876
1682350 876
1682360 876
1682370 876
1682380 875
1682390 875
1682400 875
1682410 875
1682420 874
1682430 874
1682440 874
1682450 873
1682460 873
1682470 873
1682480 872
1682490 872
1682500 872
1682510 872
1682520 871
1682530 871
1682540 871
1682550 870
1682560 870
1682570 869
1682580 869
1682590 869
1682600 868
1682610 868
1682620 867
1682630 866
1682640 866
1682650 865
1682660 865
1682670 864
1682680 863
1682690 863
1682700 862
1682710 861
1682720 861
1682730 861
1682740 860
1682750 860
1682760 859
1682770 859
1682780 858
1682790 857
1682800 857
1682810 857
1682820 857
1682830 857
1682840 857
1682850 856
1682860 856
1682870 856
1682880 856
1682890 855
1682900 855
1682910 855
1682920 855
1682930 854
1682940 854
1682950 853
1682960 853
1682970 852
1682980 851
1682990 851
1683000 850
1683010 850
1683020 849
1683030 849
1683040 848
1683050 848
1683060 847
1683070 846
1683080 846
1683090 845
1683100 844
1683110 843
1683120 842
1683130 841
1683140 841
1683150 840
1683160 839
1683170 839
1683180 839
1683190 838
1683200 838
1683210 838
1683220 838
1683230 837
1683240 837
1683250 837
1683260 837
1683270 836
1683280 836
1683290 835
1683300 835
1683310 835
1683320 834
1683330 834
1683340 834
1683350 834
1683360 834
1683370 834
1683380 835
1683390 835
1683400 835
1683410 836
1683420 837
1683430 837
1683440 839
1683450 839
1683460 840
1683470 840
1683480 841
1683490 842
1683500 842
1683510 843
1683520 843
1683530 844
1683540 845
1683550 845
1683560 846
1683570 846
1683580 847
1683590 847
1683600 848
1683610 848
1683620 848
1683630 849
1683640 849
1683650 849
1683660 850
1683670 850
1683680 850
1683690 851
1683700 851
1683710 852
1683720 852
1683730 853
1683740 854
1683750 854
1683760 855
1683770 856
1683780 857
1683790 858
1683800 858
1683810 859
1683820 860
1683830 861
1683840 861
1683850 862
1683860 862
1683870 862
1683880 863
1683890 863
1683900 863
1683910 864
1683920 864
1683930 864
1683940 864
1683950 864
1683960 864
1683970 864
1683980 863
1683990 863
1684000 863
1684010 863
1684020 863
1684030 863
1684040 862
1684050 862
1684060 862
1684070 861
1684080 861
1684090 861
1684100 860
1684110 860
1684120 860
1684130 859
1684140 859
1684150 859
1684160 858
1684170 858
1684180 858
1684190 857
1684200 857
1684210 857
1684220 856
1684230 856
1684240 856
1684250 856
1684260 855
1684270 855
1684280 855
1684290 855
1684300 855
1684310 854
1684320 854
1684330 854
1684340 854
1684350 854
1684360 853
1684370 853
1684380 853
1684390 853
1684400 853
1684410 852
1684420 852
1684430 852
1684440 852
1684450 852
1684460 851
1684470 851
1684480 851
1684490 851
1684500 851
1684510 850
1684520 850
1684530 850
1684540 850
1684550 850
1684560 849
1684570 849
1684580 849
1684590 849
1684600 848
1684610 848
1684620 848
1684630 847
1684640 847
1684650 847
1684660 847
1684670 846
1684680 846
1684690 845
1684700 845
1684710 845
1684720 844
1684730 844
1684740 843
1684750 843
1684760 843
1684770 842
1684780 842
1684790 841
1684800 841
1684810 841
1684820 840
1684830 840
1684840 840
1684850 839
1684860 839
1684870 838
1684880 837
1684890 837
1684900 836
1684910 835
1684920 834
1684930 834
1684940 834
1684950 833
1684960 833
1684970 833
1684980 832
1684990 832
1685000 832
1685010 832
1685020 832
1685030 832
1685040 832
1685050 832
1685060 832
1685070 832
1685080 832
1685090 832
1685100 832
1685110 832
1685120 832
1685130 832
1685140 831
1685150 831
1685160 831
1685170 831
1685180 831
1685190 830
1685200 830
1685210 829
1685220 829
1685230 827
1685240 826
1685250 825
1685260 825
1685270 825
1685280 824
1685290 824
1685300 825
1685310 825
1685320 826
1685330 827
1685340 827
1685350 828
1685360 829
1685370 830
1685380 831
1685390 831
1685400 832
1685410 832
1685420 832
1685430 833
1685440 833
1685450 833
1685460 833
1685470 833
1685480 833
1685490 833
1685500 833
1685510 833
1685520 833
1685530 833
1685540 833
1685550 834
1685560 834
1685570 834
1685580 834
1685590 834
1685600 834
1685610 834
1685620 834
1685630 833
1685640 833
1685650 833
1685660 832
1685670 832
1685680 832
1685690 831
1685700 831
1685710 831
1685720 830
1685730 830
1685740 830
1685750 829
1685760 829
1685770 828
1685780 827
1685790 827
1685800 826
1685810 826
1685820 826
1685830 825
1685840 825
1685850 825
1685860 825
1685870 824
1685880 824
1685890 824
1685900 824
1685910 824
1685920 824
1685930 824
1685940 824
1685950 825
1685960 825
1685970 825
1685980 825
1685990 825
1686000 825
1686010 825
1686020 825
1686030 824
1686040 824
1686050 824
1686060 825
1686070 825
1686080 825
1686090 825
1686100 825
1686110 825
1686120 825
1686130 825
1686140 825
1686150 825
1686160 826
1686170 826
1686180 826
1686190 826
1686200 826
1686210 827
1686220 827
1686230 827
1686240 827
1686250 828
1686260 828
1686270 829
1686280 829
1686290 829
1686300 829
1686310 829
1686320 829
1686330 829
1686340 829
1686350 830
1686360 830
1686370 830
1686380 830
1686390 830
1686400 831
1686410 831
1686420 832
1686430 832
1686440 833
1686450 833
1686460 833
1686470 833
1686480 833
1686490 833
1686500 834
1686510 834
1686520 834
1686530 834
1686540 834
1686550 834
1686560 834
1686570 834
1686580 834
1686590 834
1686600 834
1686610 835
1686620 835
1686630 835
1686640 835
1686650 835
1686660 835
1686670 835
1686680 835
1686690 835
1686700 835
1686710 834
1686720 834
1686730 834
1686740 834
1686750 834
1686760 834
1686770 833
1686780 833
1686790 833
1686800 833
1686810 833
1686820 833
1686830 833
1686840 833
1686850 832
1686860 832
1686870 832
1686880 832
1686890 832
1686900 832
1686910 832
1686920 831
1686930 831
1686940 831
1686950 831
1686960 830
1686970 830
1686980 830
1686990 829
1687000 829
1687010 829
1687020 829
1687030 829
1687040 829
1687050 829
1687060 828
1687070 828
1687080 828
1687090 828
1687100 828
1687110 828
1687120 827
1687130 827
1687140 827
1687150 827
1687160 827
1687170 827
1687180 826
1687190 826
1687200 826
1687210 826
1687220 826
1687230 826
1687240 826
1687250 826
1687260 826
1687270 826
1687280 826
1687290 826
1687300 826
1687310 826
1687320 826
1687330 826
1687340 826
1687350 826
1687360 826
1687370 826
1687380 826
1687390 826
1687400 827
1687410 827
1687420 827
1687430 827
1687440 827
1687450 827
1687460 827
1687470 828
1687480 828
1687490 828
1687500 828
1687510 828
1687520 828
1687530 828
1687540 828
1687550 827
1687560 827
1687570 827
1687580 826
1687590 826
1687600 826
1687610 825
1687620 825
1687630 825
1687640 824
1687650 824
1687660 823
1687670 823
1687680 823
1687690 822
1687700 822
1687710 822
1687720 822
1687730 821
1687740 821
1687750 821
1687760 821
1687770 820
1687780 820
1687790 820
1687800 820
1687810 820
1687820 819
1687830 819
1687840 819
1687850 819
1687860 818
1687870 818
1687880 817
1687890 817
1687900 817
1687910 817
1687920 816
1687930 816
1687940 816
1687950 816
1687960 816
1687970 816
1687980 815
1687990 815
1688000 815
1688010 815
1688020 815
1688030 815
1688040 814
1688050 814
1688060 814
1688070 814
1688080 814
1688090 814
1688100 814
1688110 814
1688120 814
1688130 813
1688140 813
1688150 813
1688160 813
1688170 813
1688180 813
1688190 812
1688200 812
1688210 812
1688220 812
1688230 812
1688240 812
1688250 811
1688260 811
1688270 811
1688280 810
1688290 809
1688300 809
1688310 807
1688320 806
1688330 805
1688340 804
1688350 803
1688360 801
1688370 798
1688380 796
1688390 794
1688400 793
1688410 792
1688420 791
1688430 790
1688440 790
1688450 790
1688460 791
1688470 791
1688480 791
1688490 791
1688500 792
1688510 793
1688520 793
1688530 794
1688540 794
1688550 795
1688560 796
1688570 798
1688580 799
1688590 801
1688600 803
1688610 805
1688620 807
1688630 809
1688640 811
1688650 813
1688660 815
1688670 816
1688680 818
1688690 819
1688700 820
1688710 821
1688720 822
1688730 822
1688740 822
1688750 823
1688760 823
1688770 824
1688780 824
1688790 824
1688800 824
1688810 824
1688820 823
1688830 823
1688840 822
1688850 822
1688860 821
1688870 821
1688880 820
1688890 820
1688900 819
1688910 819
1688920 818
1688930 818
1688940 817
1688950 817
1688960 816
1688970 816
1688980 815
1688990 815
1689000 814
1689010 814
1689020 813
1689030 813
1689040 812
1689050 811
1689060 810
1689070 809
1689080 808
1689090 808
1689100 807
1689110 806
1689120 806
1689130 806
1689140 805
1689150 805
1689160 804
1689170 804
1689180 803
1689190 803
1689200 803
1689210 802
1689220 801
1689230 801
1689240 800
1689250 799
1689260 799
1689270 798
1689280 797
1689290 796
1689300 794
1689310 793
1689320 792
1689330 791
1689340 791
1689350 791
1689360 790
1689370 790
1689380 790
1689390 789
1689400 789
1689410 788
1689420 787
1689430 786
1689440 786
1689450 786
1689460 787
1689470 787
1689480 788
1689490 788
1689500 789
1689510 789
1689520 790
1689530 792
1689540 793
1689550 795
1689560 796
1689570 797
1689580 799
1689590 800
1689600 801
1689610 802
1689620 804
1689630 806
1689640 808
1689650 811
1689660 814
1689670 816
1689680 817
1689690 819
1689700 820
1689710 821
1689720 822
1689730 823
1689740 824
1689750 825
1689760 826
1689770 826
1689780 826
1689790 826
1689800 826
1689810 826
1689820 827
1689830 827
1689840 827
1689850 827
1689860 827
1689870 827
1689880 827
1689890 828
1689900 828
1689910 828
1689920 829
1689930 829
1689940 829
1689950 830
1689960 830
1689970 830
1689980 831
1689990 831
1690000 831
1690010 832
1690020 832
1690030 832
1690040 832
1690050 833
1690060 833
1690070 833
1690080 834
1690090 834
1690100 834
1690110 834
1690120 834
1690130 835
1690140 835
1690150 835
1690160 836
1690170 836
1690180 836
1690190 836
1690200 837
1690210 837
1690220 837
1690230 838
1690240 838
1690250 838
1690260 838
1690270 838
1690280 838
1690290 838
1690300 838
1690310 839
1690320 839
1690330 839
1690340 839
1690350 839
1690360 839
1690370 839
1690380 839
1690390 839
1690400 839
1690410 839
1690420 840
1690430 840
1690440 840
1690450 840
1690460 840
1690470 840
1690480 841
1690490 841
1690500 841
1690510 841
1690520 842
1690530 842
1690540 842
1690550 843
1690560 843
1690570 844
1690580 844
1690590 844
1690600 844
1690610 844
1690620 844
1690630 844
1690640 844
1690650 844
1690660 844
1690670 843
1690680 843
1690690 843
1690700 843
1690710 843
1690720 842
1690730 842
1690740 842
1690750 842
1690760 842
1690770 842
1690780 842
1690790 842
1690800 842
1690810 842
1690820 842
1690830 842
1690840 842
1690850 842
1690860 842
1690870 842
1690880 842
1690890 842
1690900 842
1690910 842
1690920 842
1690930 842
1690940 842
1690950 842
1690960 842
1690970 842
1690980 842
1690990 842
1691000 842
1691010 842
1691020 841
1691030 841
1691040 841
1691050 841
1691060 841
1691070 841
1691080 841
1691090 841
1691100 841
1691110 841
1691120 841
1691130 841
1691140 841
1691150 841
1691160 841
1691170 841
1691180 841
1691190 841
1691200 841
1691210 841
1691220 841
1691230 841
1691240 840
1691250 840
1691260 840
1691270 840
1691280 840
1691290 840
1691300 840
1691310 840
1691320 840
1691330 840
1691340 840
1691350 839
1691360 839
1691370 839
1691380 839
1691390 838
1691400 838
1691410 838
1691420 838
1691430 838
1691440 837
1691450 837
1691460 837
1691470 837
1691480 837
1691490 837
1691500 837
1691510 837
1691520 837
1691530 837
1691540 837
1691550 837
1691560 837
1691570 837
1691580 837
1691590 836
1691600 836
1691610 836
1691620 836
1691630 836
1691640 837
1691650 837
1691660 838
1691670 838
1691680 839
1691690 839
1691700 840
1691710 840
1691720 841
1691730 841
1691740 842
1691750 842
1691760 843
1691770 843
1691780 844
1691790 844
1691800 845
1691810 845
1691820 845
1691830 846
1691840 846
1691850 846
1691860 846
1691870 846
1691880 847
1691890 847
1691900 847
1691910 847
1691920 848
1691930 848
1691940 848
1691950 849
1691960 849
1691970 849
1691980 849
1691990 850
1692000 850
1692010 850
1692020 850
1692030 851
1692040 851
1692050 851
1692060 851
1692070 851
1692080 851
1692090 851
1692100 851
1692110 851
1692120 851
1692130 851
1692140 851
1692150 851
1692160 851
1692170 851
1692180 851
1692190 851
1692200 851
1692210 851
1692220 851
1692230 851
1692240 851
1692250 851
1692260 851
1692270 851
1692280 852
1692290 852
1692300 852
1692310 852
1692320 852
1692330 852
1692340 852
1692350 853
1692360 853
1692370 853
1692380 853
1692390 853
1692400 853
1692410 853
1692420 853
1692430 853
1692440 853
1692450 853
1692460 854
1692470 854
1692480 854
1692490 854
1692500 854
1692510 855
1692520 855
1692530 855
1692540 855
1692550 855
1692560 856
1692570 856
1692580 856
1692590 856
1692600 856
1692610 857
1692620 857
1692630 857
1692640 857
1692650 857
1692660 858
1692670 858
1692680 858
1692690 858
1692700 858
1692710 859
1692720 859
1692730 859
1692740 859
1692750 859
1692760 859
1692770 860
1692780 860
1692790 860
1692800 860
1692810 860
1692820 860
1692830 860
1692840 860
1692850 860
1692860 860
1692870 860
1692880 860
1692890 860
1692900 860
1692910 860
1692920 860
1692930 860
1692940 860
1692950 860
1692960 860
1692970 860
1692980 860
1692990 860
1693000 860
1693010 860
1693020 859
1693030 859
1693040 859
1693050 859
1693060 859
1693070 859
1693080 859
1693090 858
1693100 858
1693110 858
1693120 858
1693130 858
1693140 857
1693150 857
1693160 857
1693170 856
1693180 856
1693190 855
1693200 855
1693210 855
1693220 854
1693230 854
1693240 854
1693250 853
1693260 853
1693270 853
1693280 852
1693290 852
1693300 851
1693310 851
1693320 850
1693330 850
1693340 849
1693350 849
1693360 848
1693370 848
1693380 848
1693390 848
1693400 848
1693410 847
1693420 847
1693430 847
1693440 847
1693450 847
1693460 846
1693470 847
1693480 847
1693490 847
1693500 847
1693510 847
1693520 847
1693530 847
1693540 847
1693550 847
1693560 847
1693570 847
1693580 847
1693590 847
1693600 847
1693610 848
1693620 848
1693630 848
1693640 848
1693650 849
1693660 849
1693670 849
1693680 849
1693690 849
1693700 850
1693710 850
1693720 850
1693730 851
1693740 851
1693750 851
1693760 851
1693770 852
1693780 852
1693790 852
1693800 852
1693810 852
1693820 853
1693830 853
1693840 853
1693850 853
1693860 853
1693870 854
1693880 854
1693890 854
1693900 854
1693910 854
1693920 854
1693930 854
1693940 854
1693950 855
1693960 855
1693970 855
1693980 855
1693990 855
1694000 856
1694010 856
1694020 856
1694030 856
1694040 856
1694050 856
1694060 857
1694070 857
1694080 857
1694090 858
1694100 858
1694110 858
1694120 858
1694130 858
1694140 859
1694150 859
1694160 859
1694170 859
1694180 859
1694190 860
1694200 860
1694210 861
1694220 861
1694230 862
1694240 862
1694250 863
1694260 863
1694270 864
1694280 864
1694290 865
1694300 866
1694310 866
1694320 867
1694330 867
1694340 868
1694350 869
1694360 870
1694370 870
1694380 871
1694390 871
1694400 872
1694410 872
1694420 873
1694430 873
1694440 874
1694450 875
1694460 876
1694470 876
1694480 877
1694490 878
1694500 879
1694510 880
1694520 881
1694530 882
1694540 883
1694550 884
1694560 885
1694570 887
1694580 889
1694590 890
1694600 891
1694610 892
1694620 893
1694630 894
1694640 894
1694650 895
1694660 896
1694670 897
1694680 897
1694690 897
1694700 897
1694710 897
1694720 897
1694730 897
1694740 897
1694750 897
1694760 897
1694770 897
1694780 897
1694790 897
1694800 897
1694810 897
1694820 897
1694830 897
1694840 897
1694850 897
1694860 896
1694870 896
1694880 896
1694890 896
1694900 895
1694910 895
1694920 895
1694930 895
1694940 894
1694950 894
1694960 894
1694970 893
1694980 893
1694990 892
1695000 892
1695010 891
1695020 891
1695030 890
1695040 890
1695050 889
1695060 889
1695070 888
1695080 888
1695090 887
1695100 887
1695110 886
1695120 886
1695130 885
1695140 885
1695150 885
1695160 884
1695170 884
1695180 883
1695190 883
1695200 883
1695210 883
1695220 882
1695230 882
1695240 882
1695250 881
1695260 881
1695270 881
1695280 880
1695290 880
1695300 880
1695310 880
1695320 880
1695330 880
1695340 879
1695350 879
1695360 879
1695370 879
1695380 879
1695390 879
1695400 879
1695410 878
1695420 878
1695430 878
1695440 878
1695450 878
1695460 878
1695470 878
1695480 878
1695490 877
1695500 877
1695510 877
1695520 877
1695530 877
1695540 876
1695550 876
1695560 876
1695570 875
1695580 875
1695590 875
1695600 874
1695610 874
1695620 874
1695630 873
1695640 873
1695650 872
1695660 872
1695670 872
1695680 871
1695690 871
1695700 870
1695710 870
1695720 870
1695730 869
1695740 869
1695750 869
1695760 869
1695770 869
1695780 869
1695790 868
1695800 868
1695810 868
1695820 868
1695830 868
1695840 868
1695850 868
1695860 868
1695870 868
1695880 868
1695890 867
1695900 867
1695910 867
1695920 868
1695930 868
1695940 868
1695950 868
1695960 868
1695970 869
1695980 869
1695990 869
1696000 869
1696010 870
1696020 870
1696030 870
1696040 870
1696050 871
1696060 871
1696070 871
1696080 872
1696090 872
1696100 873
1696110 873
1696120 873
1696130 874
1696140 874
1696150 874
1696160 875
1696170 875
1696180 876
1696190 876
1696200 877
1696210 877
1696220 878
1696230 879
1696240 879
1696250 880
1696260 880
1696270 881
1696280 881
1696290 882
1696300 882
1696310 883
1696320 883
1696330 884
1696340 884
1696350 884
1696360 885
1696370 885
1696380 886
1696390 886
1696400 886
1696410 887
1696420 887
1696430 888
1696440 888
1696450 889
1696460 889
1696470 890
1696480 890
1696490 890
1696500 891
1696510 891
1696520 892
1696530 892
1696540 893
1696550 893
1696560 894
1696570 894
1696580 895
1696590 895
1696600 895
1696610 896
1696620 896
1696630 897
1696640 897
1696650 898
1696660 898
1696670 898
1696680 898
1696690 898
1696700 898
1696710 898
1696720 898
1696730 898
1696740 898
1696750 898
1696760 898
1696770 897
1696780 897
1696790 897
1696800 897
1696810 897
1696820 897
1696830 897
1696840 896
1696850 896
1696860 895
1696870 895
1696880 894
1696890 894
1696900 893
1696910 893
1696920 893
1696930 892
1696940 892
1696950 891
1696960 891
1696970 891
1696980 890
1696990 890
1697000 890
1697010 889
1697020 888
1697030 888
1697040 888
1697050 888
1697060 887
1697070 887
1697080 887
1697090 887
1697100 887
1697110 886
1697120 886
1697130 886
1697140 886
1697150 886
1697160 886
1697170 886
1697180 886
1697190 886
1697200 886
1697210 886
1697220 886
1697230 886
1697240 887
1697250 887
1697260 887
1697270 888
1697280 888
1697290 888
1697300 889
1697310 889
1697320 890
1697330 890
1697340 891
1697350 892
1697360 892
1697370 893
1697380 894
1697390 895
1697400 896
1697410 896
1697420 897
1697430 898
1697440 899
1697450 899
1697460 900
1697470 900
1697480 901
1697490 900
1697500 900
1697510 899
1697520 899
1697530 898
1697540 897
1697550 896
1697560 895
1697570 894
1697580 893
1697590 892
1697600 892
1697610 891
1697620 890
1697630 889
1697640 889
1697650 888
1697660 887
1697670 886
1697680 886
1697690 885
1697700 884
1697710 883
1697720 882
1697730 882
1697740 881
1697750 880
1697760 880
1697770 879
1697780 879
1697790 879
1697800 878
1697810 878
1697820 878
1697830 877
1697840 877
1697850 877
1697860 877
1697870 877
1697880 876
1697890 876
1697900 876
1697910 876
1697920 876
1697930 875
1697940 875
1697950 875
1697960 874
1697970 874
1697980 874
1697990 873
1698000 873
1698010 873
1698020 872
1698030 872
1698040 872
1698050 871
1698060 871
1698070 870
1698080 870
1698090 869
1698100 868
1698110 866
1698120 864
1698130 864
1698140 863
1698150 862
1698160 860
1698170 858
1698180 857
1698190 856
1698200 856
1698210 855
1698220 854
1698230 853
1698240 852
1698250 851
1698260 850
1698270 849
1698280 848
1698290 846
1698300 845
1698310 844
1698320 843
1698330 841
1698340 840
1698350 839
1698360 838
1698370 837
1698380 836
1698390 835
1698400 833
1698410 832
1698420 831
1698430 830
1698440 828
1698450 827
1698460 825
1698470 824
1698480 823
1698490 822
1698500 821
1698510 820
1698520 820
1698530 820
1698540 819
1698550 819
1698560 819
1698570 818
1698580 818
1698590 818
1698600 818
1698610 818
1698620 817
1698630 817
1698640 817
1698650 817
1698660 817
1698670 817
1698680 817
1698690 818
1698700 818
1698710 819
1698720 819
1698730 820
1698740 821
1698750 822
1698760 823
1698770 823
1698780 824
1698790 824
1698800 824
1698810 824
1698820 824
1698830 824
1698840 823
1698850 822
1698860 821
1698870 820
1698880 819
1698890 818
1698900 817
1698910 816
1698920 815
1698930 814
1698940 812
1698950 810
1698960 808
1698970 806
1698980 805
1698990 803
1699000 801
1699010 800
1699020 798
1699030 797
1699040 796
1699050 794
1699060 794
1699070 793
1699080 793
1699090 791
1699100 790
1699110 788
1699120 787
1699130 786
1699140 785
1699150 783
1699160 782
1699170 781
1699180 779
1699190 778
1699200 776
1699210 774
1699220 773
1699230 772
1699240 771
1699250 769
1699260 767
1699270 766
1699280 764
1699290 763
1699300 761
1699310 760
1699320 760
1699330 759
1699340 758
1699350 758
1699360 757
1699370 756
1699380 755
1699390 754
1699400 753
1699410 751
1699420 750
1699430 749
1699440 748
1699450 747
1699460 747
1699470 746
1699480 746
1699490 746
1699500 745
1699510 743
1699520 743
1699530 746
1699540 749
1699550 751
1699560 753
1699570 754
1699580 755
1699590 757
1699600 759
1699610 761
1699620 763
1699630 765
1699640 767
1699650 770
1699660 772
1699670 773
1699680 775
1699690 777
1699700 779
1699710 781
1699720 783
1699730 784
1699740 786
1699750 788
1699760 790
1699770 793
1699780 794
1699790 795
1699800 796
1699810 797
1699820 798
1699830 800
1699840 801
1699850 801
1699860 801
1699870 801
1699880 801
1699890 801
1699900 801
1699910 802
1699920 803
1699930 804
1699940 805
1699950 806
1699960 806
1699970 806
1699980 806
1699990 806
