1680000 900
1680010 900
1680020 900
1680030 899
1680040 899
1680050 899
1680060 899
1680070 898
1680080 898
1680090 897
1680100 897
1680110 896
1680120 896
1680130 895
1680140 895
1680150 894
1680160 894
1680170 894
1680180 893
1680190 893
1680200 893
1680210 893
1680220 893
1680230 893
1680240 892
1680250 892
1680260 892
1680270 892
1680280 891
1680290 891
1680300 891
1680310 891
1680320 891
1680330 890
1680340 890
1680350 890
1680360 890
1680370 889
1680380 889
1680390 889
1680400 888
1680410 888
1680420 887
1680430 887
1680440 887
1680450 887
1680460 887
1680470 887
1680480 887
1680490 887
1680500 888
1680510 889
1680520 891
1680530 892
1680540 893
1680550 895
1680560 896
1680570 896
1680580 896
1680590 896
1680600 896
1680610 896
1680620 896
1680630 895
1680640 895
1680650 894
1680660 894
1680670 893
1680680 893
1680690 893
1680700 893
1680710 892
1680720 893
1680730 892
1680740 892
1680750 892
1680760 892
1680770 892
1680780 892
1680790 892
1680800 892
1680810 892
1680820 892
1680830 892
1680840 892
1680850 891
1680860 891
1680870 891
1680880 891
1680890 891
1680900 891
1680910 891
1680920 891
1680930 891
1680940 891
1680950 892
1680960 892
1680970 892
1680980 893
1680990 893
1681000 893
1681010 893
1681020 892
1681030 892
1681040 892
1681050 892
1681060 892
1681070 892
1681080 891
1681090 891
1681100 891
1681110 890
1681120 890
1681130 890
1681140 890
1681150 890
1681160 890
1681170 890
1681180 890
1681190 890
1681200 890
1681210 890
1681220 889
1681230 889
1681240 889
1681250 888
1681260 888
1681270 888
1681280 887
1681290 887
1681300 887
1681310 887
1681320 887
1681330 886
1681340 886
1681350 886
1681360 885
1681370 885
1681380 884
1681390 884
1681400 883
1681410 883
1681420 882
1681430 882
1681440 882
1681450 882
1681460 881
1681470 881
1681480 881
1681490 880
1681500 880
1681510 879
1681520 879
1681530 878
1681540 877
1681550 877
1681560 876
1681570 876
1681580 876
1681590 876
1681600 876
1681610 876
1681620 876
1681630 876
1681640 875
1681650 876
1681660 876
1681670 876
1681680 876
1681690 876
1681700 876
1681710 876
1681720 876
1681730 876
1681740 876
1681750 876
1681760 876
1681770 876
1681780 876
1681790 876
1681800 876
1681810 876
1681820 876
1681830 876
1681840 877
1681850 877
1681860 877
1681870 877
1681880 877
1681890 877
1681900 877
1681910 877
1681920 877
1681930 877
1681940 877
1681950 877
1681960 877
1681970 877
1681980 877
1681990 877
1682000 877
1682010 877
1682020 877
1682030 877
1682040 877
1682050 877
1682060 877
1682070 877
1682080 877
1682090 877
1682100 877
1682110 877
1682120 877
1682130 877
1682140 877
1682150 877
1682160 877
1682170 877
1682180 877
1682190 877
1682200 878
1682210 878
1682220 879
1682230 879
1682240 879
1682250 879
1682260 879
1682270 880
1682280 880
1682290 880
1682300 880
1682310 880
1682320 881
1682330 881
1682340 881
1682350 881
1682360 882
1682370 882
1682380 882
1682390 882
1682400 882
1682410 882
1682420 882
1682430 882
1682440 882
1682450 883
1682460 883
1682470 883
1682480 883
1682490 883
1682500 883
1682510 883
1682520 883
1682530 883
1682540 883
1682550 883
1682560 883
1682570 883
1682580 883
1682590 883
1682600 883
1682610 883
1682620 884
1682630 884
1682640 884
1682650 884
1682660 884
1682670 884
1682680 884
1682690 884
1682700 884
1682710 884
1682720 884
1682730 884
1682740 884
1682750 884
1682760 884
1682770 884
1682780 885
1682790 885
1682800 885
1682810 885
1682820 885
1682830 885
1682840 885
1682850 885
1682860 885
1682870 885
1682880 885
1682890 885
1682900 885
1682910 885
1682920 885
1682930 884
1682940 884
1682950 884
1682960 884
1682970 884
1682980 883
1682990 883
1683000 883
1683010 883
1683020 883
1683030 882
1683040 882
1683050 882
1683060 881
1683070 881
1683080 881
1683090 881
1683100 880
1683110 880
1683120 879
1683130 879
1683140 878
1683150 878
1683160 877
1683170 877
1683180 877
1683190 876
1683200 876
1683210 875
1683220 875
1683230 875
1683240 874
1683250 874
1683260 874
1683270 874
1683280 873
1683290 873
1683300 873
1683310 873
1683320 873
1683330 872
1683340 872
1683350 872
1683360 872
1683370 872
1683380 872
1683390 871
1683400 871
1683410 871
1683420 871
1683430 871
1683440 871
1683450 870
1683460 870
1683470 870
1683480 870
1683490 870
1683500 870
1683510 869
1683520 869
1683530 869
1683540 869
1683550 869
1683560 869
1683570 868
1683580 868
1683590 868
1683600 868
1683610 868
1683620 868
1683630 868
1683640 867
1683650 867
1683660 867
1683670 867
1683680 867
1683690 867
1683700 866
1683710 866
1683720 866
1683730 866
1683740 866
1683750 866
1683760 866
1683770 866
1683780 865
1683790 865
1683800 865
1683810 865
1683820 865
1683830 865
1683840 865
1683850 865
1683860 865
1683870 864
1683880 864
1683890 864
1683900 864
1683910 864
1683920 863
1683930 863
1683940 863
1683950 862
1683960 862
1683970 862
1683980 862
1683990 862
1684000 862
1684010 861
1684020 861
1684030 861
1684040 862
1684050 862
1684060 862
1684070 862
1684080 862
1684090 862
1684100 862
1684110 862
1684120 862
1684130 863
1684140 862
1684150 862
1684160 862
1684170 862
1684180 862
1684190 862
1684200 862
1684210 862
1684220 862
1684230 862
1684240 861
1684250 861
1684260 861
1684270 861
1684280 861
1684290 860
1684300 860
1684310 860
1684320 860
1684330 860
1684340 859
1684350 859
1684360 859
1684370 859
1684380 858
1684390 858
1684400 858
1684410 858
1684420 858
1684430 857
1684440 857
1684450 857
1684460 857
1684470 857
1684480 857
1684490 857
1684500 857
1684510 856
1684520 856
1684530 856
1684540 856
1684550 856
1684560 856
1684570 856
1684580 856
1684590 855
1684600 855
1684610 855
1684620 855
1684630 855
1684640 854
1684650 854
1684660 854
1684670 854
1684680 853
1684690 853
1684700 853
1684710 853
1684720 853
1684730 852
1684740 852
1684750 852
1684760 852
1684770 852
1684780 851
1684790 851
1684800 851
1684810 851
1684820 851
1684830 850
1684840 850
1684850 850
1684860 850
1684870 850
1684880 849
1684890 849
1684900 849
1684910 849
1684920 849
1684930 849
1684940 849
1684950 849
1684960 849
1684970 849
1684980 848
1684990 848
1685000 848
1685010 848
1685020 848
1685030 848
1685040 848
1685050 847
1685060 847
1685070 846
1685080 846
1685090 845
1685100 845
1685110 844
1685120 843
1685130 843
1685140 842
1685150 841
1685160 841
1685170 840
1685180 840
1685190 841
1685200 842
1685210 843
1685220 845
1685230 847
1685240 848
1685250 849
1685260 849
1685270 850
1685280 851
1685290 852
1685300 853
1685310 854
1685320 855
1685330 855
1685340 856
1685350 856
1685360 857
1685370 857
1685380 857
1685390 857
1685400 857
1685410 857
1685420 857
1685430 857
1685440 857
1685450 857
1685460 858
1685470 858
1685480 858
1685490 858
1685500 859
1685510 859
1685520 859
1685530 860
1685540 860
1685550 861
1685560 861
1685570 861
1685580 862
1685590 862
1685600 863
1685610 863
1685620 863
1685630 864
1685640 864
1685650 865
1685660 865
1685670 866
1685680 866
1685690 867
1685700 867
1685710 867
1685720 868
1685730 868
1685740 868
1685750 869
1685760 869
1685770 869
1685780 870
1685790 870
1685800 871
1685810 871
1685820 871
1685830 872
1685840 872
1685850 873
1685860 873
1685870 873
1685880 873
1685890 874
1685900 874
1685910 874
1685920 874
1685930 875
1685940 875
1685950 875
1685960 875
1685970 875
1685980 875
1685990 874
1686000 874
1686010 874
1686020 874
1686030 874
1686040 873
1686050 873
1686060 873
1686070 873
1686080 872
1686090 872
1686100 872
1686110 872
1686120 871
1686130 871
1686140 871
1686150 870
1686160 870
1686170 870
1686180 870
1686190 869
1686200 869
1686210 869
1686220 868
1686230 868
1686240 868
1686250 868
1686260 867
1686270 867
1686280 867
1686290 867
1686300 866
1686310 866
1686320 866
1686330 866
1686340 865
1686350 865
1686360 865
1686370 864
1686380 864
1686390 864
1686400 863
1686410 863
1686420 863
1686430 862
1686440 862
1686450 861
1686460 861
1686470 860
1686480 860
1686490 860
1686500 859
1686510 859
1686520 858
1686530 858
1686540 857
1686550 857
1686560 856
1686570 856
1686580 856
1686590 855
1686600 854
1686610 854
1686620 854
1686630 853
1686640 853
1686650 852
1686660 852
1686670 851
1686680 851
1686690 850
1686700 850
1686710 849
1686720 848
1686730 848
1686740 847
1686750 847
1686760 847
1686770 846
1686780 846
1686790 845
1686800 845
1686810 845
1686820 845
1686830 844
1686840 844
1686850 844
1686860 843
1686870 843
1686880 842
1686890 842
1686900 842
1686910 841
1686920 841
1686930 841
1686940 840
1686950 840
1686960 839
1686970 839
1686980 838
1686990 838
1687000 838
1687010 837
1687020 837
1687030 836
1687040 836
1687050 836
1687060 835
1687070 835
1687080 834
1687090 834
1687100 834
1687110 833
1687120 833
1687130 832
1687140 832
1687150 832
1687160 831
1687170 831
1687180 831
1687190 830
1687200 830
1687210 830
1687220 829
1687230 829
1687240 829
1687250 828
1687260 828
1687270 828
1687280 828
1687290 828
1687300 828
1687310 828
1687320 828
1687330 828
1687340 827
1687350 827
1687360 827
1687370 827
1687380 827
1687390 827
1687400 827
1687410 827
1687420 827
1687430 827
1687440 826
1687450 826
1687460 826
1687470 825
1687480 825
1687490 825
1687500 824
1687510 824
1687520 824
1687530 823
1687540 823
1687550 822
1687560 822
1687570 821
1687580 821
1687590 821
1687600 820
1687610 820
1687620 820
1687630 819
1687640 819
1687650 819
1687660 818
1687670 818
1687680 817
1687690 817
1687700 817
1687710 816
1687720 816
1687730 815
1687740 815
1687750 814
1687760 813
1687770 812
1687780 812
1687790 812
1687800 812
1687810 812
1687820 811
1687830 811
1687840 811
1687850 811
1687860 810
1687870 810
1687880 810
1687890 810
1687900 810
1687910 810
1687920 810
1687930 810
1687940 810
1687950 810
1687960 810
1687970 810
1687980 810
1687990 811
1688000 811
1688010 812
1688020 813
1688030 813
1688040 814
1688050 814
1688060 815
1688070 815
1688080 816
1688090 816
1688100 816
1688110 817
1688120 817
1688130 817
1688140 817
1688150 818
1688160 818
1688170 818
1688180 819
1688190 819
1688200 820
1688210 820
1688220 821
1688230 821
1688240 822
1688250 822
1688260 823
1688270 823
1688280 824
1688290 824
1688300 825
1688310 825
1688320 825
1688330 825
1688340 826
1688350 826
1688360 826
1688370 826
1688380 826
1688390 826
1688400 826
1688410 827
1688420 827
1688430 827
1688440 827
1688450 827
1688460 827
1688470 827
1688480 826
1688490 826
1688500 825
1688510 825
1688520 824
1688530 824
1688540 824
1688550 824
1688560 825
1688570 824
1688580 824
1688590 824
1688600 824
1688610 823
1688620 823
1688630 823
1688640 822
1688650 822
1688660 822
1688670 821
1688680 821
1688690 821
1688700 820
1688710 820
1688720 820
1688730 819
1688740 819
1688750 819
1688760 818
1688770 818
1688780 818
1688790 817
1688800 817
1688810 817
1688820 817
1688830 817
1688840 816
1688850 816
1688860 815
1688870 815
1688880 815
1688890 815
1688900 815
1688910 815
1688920 816
1688930 816
1688940 815
1688950 815
1688960 814
1688970 814
1688980 814
1688990 814
1689000 814
1689010 814
1689020 814
1689030 814
1689040 814
1689050 814
1689060 814
1689070 813
1689080 813
1689090 813
1689100 813
1689110 813
1689120 813
1689130 812
1689140 812
1689150 812
1689160 812
1689170 812
1689180 811
1689190 811
1689200 811
1689210 810
1689220 810
1689230 810
1689240 809
1689250 809
1689260 809
1689270 809
1689280 808
1689290 808
1689300 807
1689310 807
1689320 806
1689330 805
1689340 804
1689350 802
1689360 801
1689370 800
1689380 800
1689390 800
1689400 800
1689410 801
1689420 801
1689430 802
1689440 802
1689450 802
1689460 801
1689470 800
1689480 798
1689490 797
1689500 796
1689510 796
1689520 796
1689530 796
1689540 796
1689550 796
1689560 796
1689570 796
1689580 796
1689590 796
1689600 796
1689610 796
1689620 796
1689630 796
1689640 795
1689650 795
1689660 795
1689670 795
1689680 795
1689690 795
1689700 795
1689710 795
1689720 795
1689730 796
1689740 797
1689750 798
1689760 799
1689770 799
1689780 800
1689790 800
1689800 801
1689810 801
1689820 801
1689830 802
1689840 802
1689850 802
1689860 803
1689870 803
1689880 804
1689890 804
1689900 805
1689910 805
1689920 806
1689930 806
1689940 807
1689950 807
1689960 808
1689970 808
1689980 809
1689990 810
1690000 810
1690010 811
1690020 812
1690030 812
1690040 813
1690050 814
1690060 815
1690070 816
1690080 817
1690090 818
1690100 819
1690110 821
1690120 822
1690130 823
1690140 825
1690150 826
1690160 827
1690170 829
1690180 830
1690190 831
1690200 833
1690210 834
1690220 836
1690230 837
1690240 839
1690250 840
1690260 840
1690270 841
1690280 841
1690290 841
1690300 841
1690310 842
1690320 842
1690330 843
1690340 843
1690350 843
1690360 844
1690370 844
1690380 845
1690390 845
1690400 845
1690410 846
1690420 846
1690430 846
1690440 847
1690450 847
1690460 847
1690470 848
1690480 848
1690490 849
1690500 850
1690510 850
1690520 851
1690530 852
1690540 853
1690550 853
1690560 854
1690570 855
1690580 856
1690590 856
1690600 857
1690610 858
1690620 858
1690630 859
1690640 859
1690650 859
1690660 860
1690670 860
1690680 860
1690690 860
1690700 860
1690710 860
1690720 860
1690730 860
1690740 860
1690750 860
1690760 860
1690770 860
1690780 860
1690790 860
1690800 860
1690810 860
1690820 860
1690830 860
1690840 860
1690850 859
1690860 859
1690870 859
1690880 858
1690890 858
1690900 858
1690910 858
1690920 857
1690930 857
1690940 857
1690950 857
1690960 856
1690970 856
1690980 856
1690990 856
1691000 856
1691010 855
1691020 855
1691030 855
1691040 855
1691050 855
1691060 854
1691070 854
1691080 854
1691090 853
1691100 853
1691110 853
1691120 852
1691130 852
1691140 852
1691150 851
1691160 851
1691170 851
1691180 850
1691190 850
1691200 850
1691210 849
1691220 849
1691230 849
1691240 849
1691250 849
1691260 849
1691270 849
1691280 849
1691290 849
1691300 849
1691310 849
1691320 848
1691330 848
1691340 848
1691350 848
1691360 848
1691370 848
1691380 848
1691390 848
1691400 848
1691410 848
1691420 848
1691430 848
1691440 848
1691450 848
1691460 848
1691470 848
1691480 849
1691490 849
1691500 849
1691510 849
1691520 849
1691530 849
1691540 849
1691550 849
1691560 849
1691570 850
1691580 850
1691590 850
1691600 850
1691610 850
1691620 850
1691630 850
1691640 850
1691650 850
1691660 850
1691670 850
1691680 850
1691690 850
1691700 850
1691710 850
1691720 850
1691730 850
1691740 851
1691750 851
1691760 851
1691770 851
1691780 851
1691790 851
1691800 851
1691810 851
1691820 851
1691830 851
1691840 851
1691850 851
1691860 851
1691870 851
1691880 851
1691890 851
1691900 851
1691910 851
1691920 851
1691930 851
1691940 852
1691950 852
1691960 852
1691970 852
1691980 852
1691990 852
1692000 852
1692010 852
1692020 853
1692030 854
1692040 854
1692050 855
1692060 855
1692070 856
1692080 856
1692090 856
1692100 856
1692110 856
1692120 856
1692130 857
1692140 857
1692150 857
1692160 857
1692170 857
1692180 857
1692190 857
1692200 858
1692210 858
1692220 858
1692230 858
1692240 858
1692250 859
1692260 859
1692270 859
1692280 859
1692290 859
1692300 859
1692310 860
1692320 860
1692330 860
1692340 860
1692350 860
1692360 861
1692370 861
1692380 861
1692390 861
1692400 861
1692410 861
1692420 861
1692430 862
1692440 862
1692450 862
1692460 862
1692470 862
1692480 862
1692490 863
1692500 863
1692510 863
1692520 863
1692530 863
1692540 863
1692550 863
1692560 863
1692570 863
1692580 863
1692590 863
1692600 863
1692610 863
1692620 863
1692630 863
1692640 863
1692650 863
1692660 863
1692670 863
1692680 863
1692690 863
1692700 863
1692710 863
1692720 863
1692730 863
1692740 863
1692750 863
1692760 863
1692770 863
1692780 863
1692790 863
1692800 863
1692810 863
1692820 863
1692830 863
1692840 863
1692850 863
1692860 863
1692870 863
1692880 863
1692890 863
1692900 863
1692910 864
1692920 864
1692930 864
1692940 864
1692950 864
1692960 864
1692970 864
1692980 864
1692990 863
1693000 863
1693010 863
1693020 863
1693030 863
1693040 863
1693050 863
1693060 863
1693070 863
1693080 863
1693090 863
1693100 862
1693110 862
1693120 862
1693130 862
1693140 862
1693150 862
1693160 862
1693170 862
1693180 862
1693190 862
1693200 861
1693210 861
1693220 861
1693230 861
1693240 861
1693250 861
1693260 860
1693270 860
1693280 860
1693290 859
1693300 859
1693310 859
1693320 859
1693330 858
1693340 858
1693350 858
1693360 858
1693370 857
1693380 857
1693390 857
1693400 856
1693410 856
1693420 856
1693430 855
1693440 855
1693450 855
1693460 854
1693470 854
1693480 853
1693490 853
1693500 853
1693510 852
1693520 852
1693530 852
1693540 851
1693550 851
1693560 850
1693570 850
1693580 850
1693590 849
1693600 849
1693610 849
1693620 849
1693630 848
1693640 848
1693650 848
1693660 847
1693670 847
1693680 847
1693690 847
1693700 846
1693710 846
1693720 846
1693730 846
1693740 846
1693750 846
1693760 845
1693770 845
1693780 845
1693790 845
1693800 844
1693810 844
1693820 844
1693830 844
1693840 843
1693850 843
1693860 843
1693870 843
1693880 842
1693890 842
1693900 842
1693910 841
1693920 841
1693930 841
1693940 840
1693950 839
1693960 839
1693970 838
1693980 838
1693990 838
1694000 838
1694010 838
1694020 838
1694030 838
1694040 838
1694050 838
1694060 838
1694070 837
1694080 837
1694090 837
1694100 837
1694110 837
1694120 837
1694130 836
1694140 836
1694150 836
1694160 835
1694170 835
1694180 834
1694190 833
1694200 833
1694210 833
1694220 833
1694230 834
1694240 834
1694250 835
1694260 835
1694270 835
1694280 835
1694290 836
1694300 836
1694310 836
1694320 836
1694330 837
1694340 837
1694350 838
1694360 838
1694370 838
1694380 838
1694390 839
1694400 839
1694410 840
1694420 840
1694430 841
1694440 841
1694450 842
1694460 842
1694470 842
1694480 843
1694490 843
1694500 844
1694510 845
1694520 845
1694530 846
1694540 846
1694550 847
1694560 847
1694570 848
1694580 848
1694590 849
1694600 850
1694610 850
1694620 851
1694630 851
1694640 852
1694650 852
1694660 853
1694670 853
1694680 854
1694690 855
1694700 855
1694710 855
1694720 856
1694730 856
1694740 856
1694750 857
1694760 857
1694770 858
1694780 858
1694790 859
1694800 859
1694810 859
1694820 860
1694830 860
1694840 860
1694850 861
1694860 861
1694870 862
1694880 862
1694890 863
1694900 863
1694910 864
1694920 864
1694930 865
1694940 865
1694950 865
1694960 866
1694970 866
1694980 867
1694990 867
1695000 868
1695010 868
1695020 869
1695030 869
1695040 870
1695050 870
1695060 871
1695070 871
1695080 872
1695090 872
1695100 873
1695110 873
1695120 874
1695130 874
1695140 875
1695150 876
1695160 877
1695170 878
1695180 879
1695190 880
1695200 881
1695210 881
1695220 882
1695230 883
1695240 883
1695250 884
1695260 884
1695270 884
1695280 884
1695290 883
1695300 883
1695310 883
1695320 883
1695330 882
1695340 882
1695350 882
1695360 881
1695370 880
1695380 879
1695390 878
1695400 876
1695410 874
1695420 872
1695430 871
1695440 870
1695450 869
1695460 869
1695470 868
1695480 867
1695490 867
1695500 866
1695510 866
1695520 865
1695530 864
1695540 864
1695550 863
1695560 862
1695570 862
1695580 861
1695590 860
1695600 860
1695610 859
1695620 858
1695630 858
1695640 857
1695650 857
1695660 856
1695670 855
1695680 855
1695690 854
1695700 854
1695710 853
1695720 852
1695730 852
1695740 851
1695750 851
1695760 850
1695770 850
1695780 849
1695790 848
1695800 848
1695810 847
1695820 847
1695830 846
1695840 846
1695850 845
1695860 845
1695870 844
1695880 844
1695890 844
1695900 843
1695910 842
1695920 842
1695930 841
1695940 841
1695950 841
1695960 841
1695970 841
1695980 841
1695990 841
1696000 841
1696010 841
1696020 841
1696030 841
1696040 841
1696050 841
1696060 841
1696070 842
1696080 842
1696090 843
1696100 843
1696110 844
1696120 844
1696130 845
1696140 846
1696150 846
1696160 846
1696170 847
1696180 848
1696190 848
1696200 848
1696210 849
1696220 849
1696230 850
1696240 850
1696250 851
1696260 851
1696270 852
1696280 852
1696290 852
1696300 853
1696310 853
1696320 854
1696330 854
1696340 854
1696350 855
1696360 855
1696370 856
1696380 856
1696390 856
1696400 857
1696410 857
1696420 858
1696430 858
1696440 858
1696450 858
1696460 859
1696470 859
1696480 859
1696490 860
1696500 860
1696510 860
1696520 860
1696530 861
1696540 861
1696550 861
1696560 861
1696570 861
1696580 861
1696590 861
1696600 861
1696610 862
1696620 862
1696630 862
1696640 862
1696650 862
1696660 862
1696670 862
1696680 862
1696690 862
1696700 863
1696710 863
1696720 863
1696730 863
1696740 864
1696750 864
1696760 864
1696770 864
1696780 864
1696790 864
1696800 864
1696810 865
1696820 865
1696830 865
1696840 865
1696850 865
1696860 865
1696870 865
1696880 866
1696890 866
1696900 866
1696910 866
1696920 866
1696930 866
1696940 867
1696950 867
1696960 867
1696970 867
1696980 867
1696990 868
1697000 868
1697010 868
1697020 868
1697030 868
1697040 869
1697050 869
1697060 869
1697070 869
1697080 869
1697090 869
1697100 869
1697110 869
1697120 869
1697130 868
1697140 868
1697150 867
1697160 867
1697170 866
1697180 865
1697190 865
1697200 863
1697210 862
1697220 861
1697230 860
1697240 858
1697250 857
1697260 856
1697270 855
1697280 854
1697290 853
1697300 852
1697310 851
1697320 851
1697330 850
1697340 850
1697350 850
1697360 850
1697370 849
1697380 849
1697390 849
1697400 849
1697410 849
1697420 849
1697430 849
1697440 849
1697450 850
1697460 850
1697470 850
1697480 850
1697490 850
1697500 850
1697510 851
1697520 851
1697530 851
1697540 851
1697550 851
1697560 851
1697570 851
1697580 851
1697590 852
1697600 852
1697610 852
1697620 853
1697630 853
1697640 853
1697650 854
1697660 854
1697670 854
1697680 855
1697690 855
1697700 856
1697710 856
1697720 856
1697730 857
1697740 857
1697750 857
1697760 857
1697770 858
1697780 858
1697790 858
1697800 858
1697810 858
1697820 858
1697830 858
1697840 858
1697850 858
1697860 857
1697870 857
1697880 856
1697890 856
1697900 856
1697910 855
1697920 855
1697930 854
1697940 854
1697950 853
1697960 853
1697970 853
1697980 852
1697990 852
1698000 851
1698010 851
1698020 850
1698030 850
1698040 849
1698050 849
1698060 849
1698070 848
1698080 848
1698090 847
1698100 847
1698110 847
1698120 846
1698130 846
1698140 846
1698150 846
1698160 845
1698170 845
1698180 845
1698190 845
1698200 845
1698210 845
1698220 845
1698230 844
1698240 844
1698250 844
1698260 844
1698270 844
1698280 844
1698290 844
1698300 844
1698310 844
1698320 844
1698330 845
1698340 845
1698350 845
1698360 846
1698370 846
1698380 847
1698390 847
1698400 847
1698410 847
1698420 847
1698430 847
1698440 848
1698450 848
1698460 848
1698470 848
1698480 848
1698490 849
1698500 849
1698510 849
1698520 849
1698530 850
1698540 850
1698550 850
1698560 850
1698570 850
1698580 851
1698590 851
1698600 851
1698610 851
1698620 851
1698630 851
1698640 851
1698650 852
1698660 852
1698670 852
1698680 852
1698690 852
1698700 852
1698710 852
1698720 852
1698730 852
1698740 853
1698750 853
1698760 853
1698770 853
1698780 853
1698790 854
1698800 854
1698810 854
1698820 854
1698830 854
1698840 854
1698850 855
1698860 855
1698870 855
1698880 855
1698890 855
1698900 856
1698910 856
1698920 856
1698930 856
1698940 857
1698950 857
1698960 857
1698970 857
1698980 857
1698990 856
1699000 856
1699010 855
1699020 854
1699030 852
1699040 851
1699050 850
1699060 848
1699070 847
1699080 846
1699090 845
1699100 844
1699110 844
1699120 843
1699130 842
1699140 841
1699150 840
1699160 840
1699170 839
1699180 838
1699190 838
1699200 837
1699210 836
1699220 835
1699230 835
1699240 834
1699250 833
1699260 832
1699270 831
1699280 830
1699290 829
1699300 828
1699310 828
1699320 827
1699330 826
1699340 825
1699350 824
1699360 823
1699370 822
1699380 821
1699390 820
1699400 819
1699410 818
1699420 817
1699430 816
1699440 815
1699450 814
1699460 813
1699470 812
1699480 811
1699490 810
1699500 809
1699510 808
1699520 806
1699530 805
1699540 804
1699550 803
1699560 803
1699570 802
1699580 801
1699590 801
1699600 800
1699610 800
1699620 799
1699630 799
1699640 798
1699650 798
1699660 798
1699670 797
1699680 796
1699690 796
1699700 795
1699710 795
1699720 795
1699730 795
1699740 794
1699750 794
1699760 793
1699770 791
1699780 790
1699790 791
1699800 794
1699810 795
1699820 796
1699830 797
1699840 799
1699850 800
1699860 803
1699870 805
1699880 808
1699890 809
1699900 811
1699910 812
1699920 813
1699930 813
1699940 812
1699950 811
1699960 810
1699970 809
1699980 808
1699990 807
