1680000 932
1680010 932
1680020 933
1680030 933
1680040 934
1680050 934
1680060 935
1680070 935
1680080 935
1680090 936
1680100 936
1680110 937
1680120 938
1680130 938
1680140 939
1680150 939
1680160 939
1680170 939
1680180 939
1680190 939
1680200 940
1680210 940
1680220 940
1680230 940
1680240 940
1680250 940
1680260 940
1680270 941
1680280 941
1680290 941
1680300 941
1680310 941
1680320 942
1680330 942
1680340 942
1680350 942
1680360 943
1680370 943
1680380 943
1680390 943
1680400 943
1680410 943
1680420 943
1680430 944
1680440 944
1680450 944
1680460 944
1680470 944
1680480 944
1680490 945
1680500 945
1680510 945
1680520 945
1680530 946
1680540 946
1680550 947
1680560 947
1680570 947
1680580 947
1680590 948
1680600 948
1680610 949
1680620 949
1680630 949
1680640 950
1680650 950
1680660 951
1680670 951
1680680 952
1680690 952
1680700 953
1680710 954
1680720 954
1680730 954
1680740 955
1680750 955
1680760 956
1680770 956
1680780 957
1680790 957
1680800 958
1680810 958
1680820 959
1680830 960
1680840 960
1680850 961
1680860 962
1680870 962
1680880 963
1680890 964
1680900 964
1680910 965
1680920 966
1680930 967
1680940 967
1680950 968
1680960 969
1680970 970
1680980 971
1680990 972
1681000 973
1681010 974
1681020 974
1681030 975
1681040 976
1681050 977
1681060 978
1681070 978
1681080 979
1681090 980
1681100 981
1681110 982
1681120 984
1681130 985
1681140 986
1681150 988
1681160 990
1681170 991
1681180 992
1681190 992
1681200 992
1681210 993
1681220 993
1681230 992
1681240 992
1681250 992
1681260 992
1681270 992
1681280 992
1681290 992
1681300 992
1681310 992
1681320 991
1681330 991
1681340 991
1681350 991
1681360 990
1681370 990
1681380 990
1681390 989
1681400 989
1681410 989
1681420 989
1681430 989
1681440 988
1681450 988
1681460 988
1681470 988
1681480 987
1681490 987
1681500 987
1681510 987
1681520 987
1681530 987
1681540 987
1681550 987
1681560 987
1681570 987
1681580 986
1681590 986
1681600 985
1681610 985
1681620 985
1681630 984
1681640 984
1681650 983
1681660 982
1681670 982
1681680 981
1681690 981
1681700 981
1681710 980
1681720 980
1681730 979
1681740 978
1681750 978
1681760 977
1681770 977
1681780 976
1681790 976
1681800 975
1681810 975
1681820 974
1681830 973
1681840 973
1681850 972
1681860 971
1681870 971
1681880 970
1681890 969
1681900 969
1681910 968
1681920 967
1681930 967
1681940 966
1681950 965
1681960 965
1681970 964
1681980 963
1681990 963
1682000 962
1682010 961
1682020 960
1682030 960
1682040 959
1682050 958
1682060 957
1682070 956
1682080 956
1682090 955
1682100 955
1682110 954
1682120 953
1682130 953
1682140 952
1682150 952
1682160 951
1682170 950
1682180 950
1682190 949
1682200 948
1682210 948
1682220 947
1682230 946
1682240 946
1682250 945
1682260 944
1682270 944
1682280 943
1682290 942
1682300 940
1682310 939
1682320 938
1682330 937
1682340 936
1682350 936
1682360 935
1682370 935
1682380 935
1682390 935
1682400 934
1682410 934
1682420 934
1682430 934
1682440 933
1682450 933
1682460 932
1682470 932
1682480 932
1682490 932
1682500 932
1682510 933
1682520 933
1682530 933
1682540 933
1682550 933
1682560 934
1682570 934
1682580 934
1682590 934
1682600 934
1682610 935
1682620 935
1682630 935
1682640 935
1682650 935
1682660 936
1682670 936
1682680 936
1682690 936
1682700 936
1682710 937
1682720 937
1682730 937
1682740 937
1682750 938
1682760 938
1682770 938
1682780 938
1682790 939
1682800 939
1682810 939
1682820 939
1682830 938
1682840 938
1682850 938
1682860 938
1682870 938
1682880 937
1682890 935
1682900 932
1682910 931
1682920 931
1682930 930
1682940 930
1682950 930
1682960 930
1682970 930
1682980 930
1682990 930
1683000 930
1683010 930
1683020 931
1683030 933
1683040 935
1683050 934
1683060 934
1683070 934
1683080 933
1683090 933
1683100 932
1683110 932
1683120 932
1683130 932
1683140 931
1683150 931
1683160 931
1683170 930
1683180 930
1683190 930
1683200 929
1683210 929
1683220 928
1683230 928
1683240 928
1683250 927
1683260 927
1683270 926
1683280 926
1683290 926
1683300 925
1683310 925
1683320 924
1683330 924
1683340 924
1683350 923
1683360 923
1683370 923
1683380 922
1683390 922
1683400 921
1683410 921
1683420 921
1683430 921
1683440 921
1683450 921
1683460 921
1683470 921
1683480 920
1683490 920
1683500 920
1683510 920
1683520 919
1683530 919
1683540 919
1683550 919
1683560 918
1683570 918
1683580 918
1683590 918
1683600 918
1683610 918
1683620 918
1683630 918
1683640 918
1683650 918
1683660 918
1683670 918
1683680 918
1683690 918
1683700 918
1683710 918
1683720 918
1683730 918
1683740 918
1683750 918
1683760 918
1683770 918
1683780 918
1683790 918
1683800 918
1683810 919
1683820 919
1683830 919
1683840 919
1683850 919
1683860 919
1683870 919
1683880 919
1683890 919
1683900 919
1683910 918
1683920 918
1683930 918
1683940 918
1683950 918
1683960 917
1683970 917
1683980 917
1683990 916
1684000 916
1684010 916
1684020 916
1684030 915
1684040 915
1684050 915
1684060 915
1684070 915
1684080 914
1684090 914
1684100 914
1684110 914
1684120 914
1684130 913
1684140 913
1684150 913
1684160 913
1684170 912
1684180 912
1684190 912
1684200 912
1684210 912
1684220 912
1684230 911
1684240 911
1684250 911
1684260 911
1684270 911
1684280 911
1684290 911
1684300 911
1684310 911
1684320 911
1684330 910
1684340 910
1684350 910
1684360 910
1684370 910
1684380 910
1684390 910
1684400 910
1684410 910
1684420 910
1684430 910
1684440 910
1684450 910
1684460 910
1684470 910
1684480 910
1684490 909
1684500 909
1684510 909
1684520 909
1684530 909
1684540 909
1684550 909
1684560 909
1684570 909
1684580 909
1684590 909
1684600 909
1684610 908
1684620 908
1684630 908
1684640 908
1684650 908
1684660 908
1684670 907
1684680 907
1684690 907
1684700 907
1684710 906
1684720 906
1684730 905
1684740 905
1684750 905
1684760 904
1684770 904
1684780 903
1684790 903
1684800 903
1684810 903
1684820 902
1684830 902
1684840 901
1684850 901
1684860 901
1684870 900
1684880 900
1684890 899
1684900 899
1684910 899
1684920 898
1684930 898
1684940 898
1684950 897
1684960 897
1684970 897
1684980 896
1684990 896
1685000 896
1685010 896
1685020 895
1685030 895
1685040 895
1685050 895
1685060 895
1685070 894
1685080 894
1685090 894
1685100 894
1685110 894
1685120 894
1685130 894
1685140 894
1685150 894
1685160 894
1685170 894
1685180 893
1685190 893
1685200 893
1685210 893
1685220 893
1685230 892
1685240 892
1685250 892
1685260 891
1685270 891
1685280 890
1685290 890
1685300 890
1685310 889
1685320 889
1685330 888
1685340 888
1685350 888
1685360 887
1685370 887
1685380 886
1685390 886
1685400 886
1685410 885
1685420 885
1685430 885
1685440 884
1685450 884
1685460 883
1685470 882
1685480 882
1685490 881
1685500 881
1685510 880
1685520 880
1685530 879
1685540 879
1685550 878
1685560 878
1685570 878
1685580 878
1685590 877
1685600 877
1685610 877
1685620 877
1685630 877
1685640 876
1685650 876
1685660 876
1685670 876
1685680 875
1685690 875
1685700 875
1685710 875
1685720 874
1685730 874
1685740 874
1685750 874
1685760 874
1685770 873
1685780 873
1685790 873
1685800 873
1685810 873
1685820 873
1685830 872
1685840 872
1685850 872
1685860 872
1685870 872
1685880 872
1685890 871
1685900 871
1685910 871
1685920 871
1685930 871
1685940 871
1685950 870
1685960 870
1685970 870
1685980 870
1685990 870
1686000 870
1686010 870
1686020 870
1686030 869
1686040 869
1686050 869
1686060 869
1686070 869
1686080 869
1686090 869
1686100 869
1686110 868
1686120 868
1686130 868
1686140 868
1686150 868
1686160 868
1686170 868
1686180 868
1686190 868
1686200 867
1686210 867
1686220 867
1686230 867
1686240 867
1686250 867
1686260 867
1686270 867
1686280 867
1686290 867
1686300 867
1686310 867
1686320 867
1686330 867
1686340 867
1686350 866
1686360 866
1686370 866
1686380 866
1686390 866
1686400 866
1686410 866
1686420 866
1686430 866
1686440 866
1686450 866
1686460 866
1686470 866
1686480 866
1686490 866
1686500 866
1686510 866
1686520 866
1686530 866
1686540 866
1686550 866
1686560 866
1686570 866
1686580 866
1686590 866
1686600 866
1686610 866
1686620 866
1686630 867
1686640 867
1686650 867
1686660 867
1686670 867
1686680 867
1686690 867
1686700 867
1686710 868
1686720 868
1686730 868
1686740 868
1686750 868
1686760 868
1686770 869
1686780 869
1686790 869
1686800 869
1686810 869
1686820 869
1686830 870
1686840 870
1686850 870
1686860 870
1686870 870
1686880 870
1686890 871
1686900 871
1686910 871
1686920 871
1686930 871
1686940 871
1686950 872
1686960 872
1686970 872
1686980 872
1686990 872
1687000 872
1687010 872
1687020 873
1687030 873
1687040 873
1687050 873
1687060 873
1687070 873
1687080 873
1687090 872
1687100 872
1687110 872
1687120 872
1687130 872
1687140 872
1687150 872
1687160 872
1687170 872
1687180 872
1687190 872
1687200 872
1687210 872
1687220 872
1687230 872
1687240 872
1687250 872
1687260 872
1687270 872
1687280 872
1687290 872
1687300 872
1687310 872
1687320 872
1687330 872
1687340 872
1687350 872
1687360 872
1687370 872
1687380 872
1687390 872
1687400 872
1687410 872
1687420 872
1687430 871
1687440 871
1687450 871
1687460 871
1687470 871
1687480 870
1687490 870
1687500 870
1687510 870
1687520 870
1687530 870
1687540 870
1687550 870
1687560 870
1687570 870
1687580 870
1687590 869
1687600 869
1687610 869
1687620 868
1687630 868
1687640 868
1687650 868
1687660 868
1687670 867
1687680 867
1687690 867
1687700 867
1687710 867
1687720 867
1687730 866
1687740 866
1687750 866
1687760 866
1687770 865
1687780 865
1687790 865
1687800 865
1687810 865
1687820 864
1687830 864
1687840 864
1687850 864
1687860 863
1687870 863
1687880 863
1687890 863
1687900 863
1687910 862
1687920 862
1687930 862
1687940 862
1687950 862
1687960 861
1687970 861
1687980 861
1687990 861
1688000 861
1688010 860
1688020 860
1688030 860
1688040 860
1688050 859
1688060 859
1688070 859
1688080 858
1688090 858
1688100 858
1688110 857
1688120 857
1688130 857
1688140 857
1688150 856
1688160 856
1688170 856
1688180 856
1688190 856
1688200 856
1688210 855
1688220 855
1688230 855
1688240 855
1688250 855
1688260 855
1688270 854
1688280 854
1688290 854
1688300 854
1688310 854
1688320 853
1688330 853
1688340 853
1688350 853
1688360 852
1688370 852
1688380 851
1688390 851
1688400 850
1688410 849
1688420 848
1688430 848
1688440 848
1688450 848
1688460 848
1688470 848
1688480 848
1688490 849
1688500 849
1688510 849
1688520 850
1688530 851
1688540 851
1688550 852
1688560 852
1688570 852
1688580 853
1688590 853
1688600 853
1688610 853
1688620 853
1688630 853
1688640 854
1688650 854
1688660 854
1688670 854
1688680 854
1688690 854
1688700 854
1688710 854
1688720 853
1688730 853
1688740 853
1688750 853
1688760 853
1688770 853
1688780 853
1688790 852
1688800 852
1688810 852
1688820 852
1688830 852
1688840 852
1688850 851
1688860 851
1688870 851
1688880 850
1688890 850
1688900 850
1688910 849
1688920 849
1688930 849
1688940 849
1688950 848
1688960 848
1688970 848
1688980 848
1688990 848
1689000 848
1689010 848
1689020 847
1689030 847
1689040 847
1689050 847
1689060 846
1689070 846
1689080 846
1689090 846
1689100 845
1689110 845
1689120 845
1689130 845
1689140 845
1689150 845
1689160 845
1689170 845
1689180 845
1689190 845
1689200 845
1689210 846
1689220 846
1689230 846
1689240 845
1689250 845
1689260 845
1689270 845
1689280 845
1689290 845
1689300 845
1689310 845
1689320 845
1689330 846
1689340 846
1689350 846
1689360 846
1689370 846
1689380 846
1689390 846
1689400 846
1689410 846
1689420 846
1689430 846
1689440 846
1689450 846
1689460 846
1689470 846
1689480 846
1689490 846
1689500 846
1689510 846
1689520 846
1689530 846
1689540 846
1689550 846
1689560 846
1689570 846
1689580 846
1689590 846
1689600 846
1689610 846
1689620 846
1689630 846
1689640 846
1689650 846
1689660 846
1689670 846
1689680 846
1689690 846
1689700 845
1689710 845
1689720 845
1689730 845
1689740 844
1689750 843
1689760 843
1689770 842
1689780 842
1689790 841
1689800 841
1689810 842
1689820 842
1689830 844
1689840 845
1689850 845
1689860 845
1689870 845
1689880 846
1689890 846
1689900 846
1689910 846
1689920 846
1689930 846
1689940 847
1689950 847
1689960 847
1689970 847
1689980 848
1689990 848
1690000 848
1690010 848
1690020 848
1690030 849
1690040 849
1690050 849
1690060 849
1690070 850
1690080 850
1690090 850
1690100 850
1690110 851
1690120 851
1690130 851
1690140 851
1690150 851
1690160 851
1690170 852
1690180 852
1690190 852
1690200 852
1690210 852
1690220 852
1690230 852
1690240 853
1690250 853
1690260 853
1690270 853
1690280 853
1690290 853
1690300 853
1690310 853
1690320 853
1690330 853
1690340 853
1690350 854
1690360 854
1690370 854
1690380 854
1690390 854
1690400 854
1690410 854
1690420 854
1690430 854
1690440 854
1690450 855
1690460 855
1690470 855
1690480 855
1690490 855
1690500 855
1690510 855
1690520 855
1690530 855
1690540 855
1690550 855
1690560 855
1690570 856
1690580 856
1690590 856
1690600 856
1690610 856
1690620 856
1690630 856
1690640 856
1690650 856
1690660 856
1690670 856
1690680 856
1690690 856
1690700 856
1690710 856
1690720 856
1690730 856
1690740 856
1690750 857
1690760 857
1690770 857
1690780 857
1690790 857
1690800 857
1690810 857
1690820 857
1690830 857
1690840 857
1690850 857
1690860 857
1690870 857
1690880 857
1690890 857
1690900 857
1690910 857
1690920 857
1690930 857
1690940 857
1690950 857
1690960 857
1690970 857
1690980 857
1690990 857
1691000 857
1691010 857
1691020 857
1691030 857
1691040 857
1691050 857
1691060 857
1691070 857
1691080 857
1691090 857
1691100 857
1691110 857
1691120 857
1691130 857
1691140 857
1691150 857
1691160 856
1691170 856
1691180 856
1691190 856
1691200 857
1691210 857
1691220 857
1691230 857
1691240 857
1691250 857
1691260 857
1691270 857
1691280 857
1691290 857
1691300 858
1691310 858
1691320 858
1691330 858
1691340 858
1691350 858
1691360 858
1691370 858
1691380 859
1691390 859
1691400 859
1691410 859
1691420 859
1691430 859
1691440 860
1691450 860
1691460 860
1691470 860
1691480 860
1691490 860
1691500 860
1691510 860
1691520 860
1691530 860
1691540 859
1691550 859
1691560 859
1691570 859
1691580 859
1691590 858
1691600 858
1691610 858
1691620 858
1691630 858
1691640 858
1691650 857
1691660 857
1691670 857
1691680 857
1691690 857
1691700 856
1691710 856
1691720 856
1691730 856
1691740 856
1691750 855
1691760 855
1691770 855
1691780 855
1691790 855
1691800 855
1691810 855
1691820 855
1691830 855
1691840 855
1691850 854
1691860 854
1691870 854
1691880 854
1691890 854
1691900 854
1691910 854
1691920 854
1691930 854
1691940 854
1691950 854
1691960 853
1691970 853
1691980 853
1691990 853
1692000 853
1692010 853
1692020 853
1692030 853
1692040 853
1692050 853
1692060 853
1692070 853
1692080 853
1692090 853
1692100 853
1692110 853
1692120 853
1692130 853
1692140 853
1692150 853
1692160 853
1692170 853
1692180 853
1692190 853
1692200 853
1692210 853
1692220 853
1692230 853
1692240 853
1692250 853
1692260 853
1692270 852
1692280 852
1692290 852
1692300 852
1692310 852
1692320 852
1692330 852
1692340 852
1692350 852
1692360 852
1692370 852
1692380 851
1692390 851
1692400 851
1692410 851
1692420 851
1692430 851
1692440 851
1692450 851
1692460 851
1692470 851
1692480 851
1692490 851
1692500 850
1692510 850
1692520 850
1692530 850
1692540 850
1692550 850
1692560 850
1692570 850
1692580 850
1692590 850
1692600 850
1692610 849
1692620 849
1692630 849
1692640 849
1692650 848
1692660 848
1692670 848
1692680 848
1692690 848
1692700 848
1692710 848
1692720 848
1692730 848
1692740 848
1692750 847
1692760 847
1692770 847
1692780 847
1692790 847
1692800 847
1692810 847
1692820 846
1692830 846
1692840 846
1692850 846
1692860 846
1692870 846
1692880 846
1692890 846
1692900 846
1692910 846
1692920 846
1692930 846
1692940 845
1692950 845
1692960 845
1692970 845
1692980 845
1692990 845
1693000 845
1693010 845
1693020 845
1693030 846
1693040 846
1693050 846
1693060 845
1693070 845
1693080 845
1693090 845
1693100 845
1693110 845
1693120 845
1693130 845
1693140 845
1693150 845
1693160 845
1693170 845
1693180 845
1693190 844
1693200 844
1693210 844
1693220 844
1693230 844
1693240 844
1693250 844
1693260 844
1693270 844
1693280 844
1693290 844
1693300 844
1693310 844
1693320 844
1693330 844
1693340 844
1693350 844
1693360 844
1693370 844
1693380 844
1693390 844
1693400 844
1693410 844
1693420 843
1693430 843
1693440 843
1693450 843
1693460 843
1693470 843
1693480 843
1693490 843
1693500 843
1693510 843
1693520 843
1693530 843
1693540 843
1693550 843
1693560 843
1693570 842
1693580 842
1693590 842
1693600 842
1693610 842
1693620 842
1693630 842
1693640 841
1693650 841
1693660 841
1693670 841
1693680 841
1693690 840
1693700 840
1693710 840
1693720 840
1693730 840
1693740 839
1693750 839
1693760 839
1693770 839
1693780 838
1693790 838
1693800 838
1693810 837
1693820 837
1693830 837
1693840 836
1693850 836
1693860 836
1693870 835
1693880 835
1693890 834
1693900 834
1693910 833
1693920 833
1693930 832
1693940 832
1693950 831
1693960 831
1693970 831
1693980 831
1693990 831
1694000 830
1694010 830
1694020 830
1694030 830
1694040 830
1694050 829
1694060 829
1694070 829
1694080 829
1694090 829
1694100 829
1694110 829
1694120 828
1694130 828
1694140 828
1694150 828
1694160 828
1694170 827
1694180 827
1694190 827
1694200 826
1694210 826
1694220 826
1694230 826
1694240 826
1694250 826
1694260 825
1694270 825
1694280 825
1694290 825
1694300 825
1694310 824
1694320 824
1694330 824
1694340 823
1694350 823
1694360 823
1694370 822
1694380 822
1694390 822
1694400 821
1694410 821
1694420 821
1694430 820
1694440 820
1694450 820
1694460 819
1694470 819
1694480 819
1694490 819
1694500 818
1694510 818
1694520 817
1694530 817
1694540 817
1694550 816
1694560 816
1694570 816
1694580 815
1694590 815
1694600 815
1694610 815
1694620 814
1694630 814
1694640 814
1694650 813
1694660 813
1694670 813
1694680 812
1694690 812
1694700 812
1694710 811
1694720 811
1694730 811
1694740 811
1694750 811
1694760 810
1694770 810
1694780 810
1694790 810
1694800 809
1694810 809
1694820 809
1694830 809
1694840 809
1694850 808
1694860 808
1694870 808
1694880 807
1694890 807
1694900 806
1694910 806
1694920 805
1694930 805
1694940 804
1694950 803
1694960 803
1694970 803
1694980 803
1694990 802
1695000 802
1695010 802
1695020 802
1695030 802
1695040 802
1695050 802
1695060 802
1695070 802
1695080 802
1695090 802
1695100 802
1695110 802
1695120 801
1695130 801
1695140 801
1695150 801
1695160 801
1695170 801
1695180 801
1695190 801
1695200 801
1695210 802
1695220 802
1695230 802
1695240 803
1695250 803
1695260 803
1695270 803
1695280 804
1695290 804
1695300 804
1695310 804
1695320 805
1695330 805
1695340 805
1695350 805
1695360 806
1695370 806
1695380 806
1695390 806
1695400 806
1695410 806
1695420 807
1695430 807
1695440 807
1695450 807
1695460 807
1695470 807
1695480 807
1695490 807
1695500 807
1695510 807
1695520 807
1695530 806
1695540 806
1695550 806
1695560 806
1695570 805
1695580 805
1695590 805
1695600 805
1695610 805
1695620 805
1695630 805
1695640 804
1695650 804
1695660 804
1695670 804
1695680 804
1695690 803
1695700 803
1695710 803
1695720 803
1695730 803
1695740 803
1695750 803
1695760 803
1695770 803
1695780 803
1695790 803
1695800 803
1695810 803
1695820 803
1695830 803
1695840 803
1695850 803
1695860 803
1695870 803
1695880 803
1695890 803
1695900 803
1695910 803
1695920 803
1695930 803
1695940 803
1695950 803
1695960 803
1695970 803
1695980 803
1695990 803
1696000 803
1696010 803
1696020 803
1696030 803
1696040 803
1696050 803
1696060 802
1696070 802
1696080 802
1696090 802
1696100 802
1696110 802
1696120 802
1696130 802
1696140 801
1696150 801
1696160 801
1696170 801
1696180 801
1696190 800
1696200 800
1696210 800
1696220 799
1696230 799
1696240 799
1696250 799
1696260 798
1696270 798
1696280 798
1696290 797
1696300 797
1696310 797
1696320 796
1696330 796
1696340 796
1696350 795
1696360 795
1696370 795
1696380 795
1696390 794
1696400 794
1696410 794
1696420 794
1696430 793
1696440 793
1696450 792
1696460 792
1696470 792
1696480 791
1696490 791
1696500 791
1696510 790
1696520 790
1696530 789
1696540 789
1696550 788
1696560 787
1696570 786
1696580 785
1696590 785
1696600 783
1696610 782
1696620 781
1696630 781
1696640 780
1696650 779
1696660 779
1696670 778
1696680 778
1696690 778
1696700 777
1696710 777
1696720 778
1696730 778
1696740 778
1696750 778
1696760 778
1696770 779
1696780 779
1696790 780
1696800 781
1696810 781
1696820 782
1696830 782
1696840 782
1696850 783
1696860 783
1696870 784
1696880 784
1696890 785
1696900 785
1696910 786
1696920 786
1696930 787
1696940 789
1696950 790
1696960 791
1696970 792
1696980 793
1696990 794
1697000 796
1697010 797
1697020 798
1697030 800
1697040 802
1697050 803
1697060 804
1697070 805
1697080 806
1697090 807
1697100 808
1697110 808
1697120 808
1697130 808
1697140 808
1697150 808
1697160 808
1697170 808
1697180 808
1697190 808
1697200 808
1697210 808
1697220 808
1697230 809
1697240 809
1697250 810
1697260 810
1697270 810
1697280 810
1697290 809
1697300 808
1697310 807
1697320 806
1697330 805
1697340 804
1697350 802
1697360 801
1697370 800
1697380 799
1697390 797
1697400 795
1697410 793
1697420 791
1697430 789
1697440 787
1697450 786
1697460 784
1697470 782
1697480 781
1697490 780
1697500 779
1697510 778
1697520 778
1697530 777
1697540 776
1697550 776
1697560 775
1697570 774
1697580 774
1697590 773
1697600 773
1697610 772
1697620 770
1697630 769
1697640 770
1697650 771
1697660 772
1697670 774
1697680 776
1697690 778
1697700 779
1697710 779
1697720 779
1697730 780
1697740 780
1697750 780
1697760 780
1697770 781
1697780 781
1697790 781
1697800 781
1697810 781
1697820 781
1697830 781
1697840 781
1697850 780
1697860 780
1697870 780
1697880 780
1697890 779
1697900 778
1697910 778
1697920 777
1697930 777
1697940 776
1697950 776
1697960 775
1697970 775
1697980 774
1697990 774
1698000 773
1698010 773
1698020 772
1698030 772
1698040 771
1698050 771
1698060 771
1698070 770
1698080 770
1698090 770
1698100 769
1698110 769
1698120 768
1698130 768
1698140 767
1698150 766
1698160 765
1698170 765
1698180 765
1698190 765
1698200 764
1698210 763
1698220 761
1698230 759
1698240 758
1698250 756
1698260 755
1698270 754
1698280 753
1698290 751
1698300 751
1698310 750
1698320 750
1698330 749
1698340 748
1698350 748
1698360 747
1698370 747
1698380 747
1698390 747
1698400 747
1698410 746
1698420 747
1698430 748
1698440 748
1698450 749
1698460 750
1698470 752
1698480 754
1698490 756
1698500 758
1698510 760
1698520 762
1698530 763
1698540 765
1698550 767
1698560 769
1698570 771
1698580 773
1698590 775
1698600 776
1698610 778
1698620 779
1698630 781
1698640 782
1698650 784
1698660 785
1698670 786
1698680 788
1698690 789
1698700 791
1698710 792
1698720 793
1698730 794
1698740 795
1698750 796
1698760 797
1698770 797
1698780 798
1698790 799
1698800 799
1698810 799
1698820 798
1698830 797
1698840 796
1698850 796
1698860 795
1698870 795
1698880 794
1698890 793
1698900 793
1698910 792
1698920 792
1698930 791
1698940 790
1698950 789
1698960 788
1698970 788
1698980 787
1698990 786
1699000 786
1699010 785
1699020 785
1699030 786
1699040 786
1699050 787
1699060 788
1699070 788
1699080 789
1699090 789
1699100 790
1699110 791
1699120 792
1699130 792
1699140 793
1699150 794
1699160 795
1699170 796
1699180 796
1699190 797
1699200 798
1699210 798
1699220 799
1699230 800
1699240 800
1699250 801
1699260 802
1699270 802
1699280 802
1699290 803
1699300 804
1699310 805
1699320 806
1699330 807
1699340 808
1699350 810
1699360 811
1699370 812
1699380 813
1699390 813
1699400 814
1699410 814
1699420 814
1699430 815
1699440 815
1699450 814
1699460 813
1699470 812
1699480 810
1699490 808
1699500 807
1699510 806
1699520 805
1699530 805
1699540 804
1699550 803
1699560 802
1699570 801
1699580 801
1699590 800
1699600 800
1699610 799
1699620 799
1699630 798
1699640 798
1699650 797
1699660 797
1699670 796
1699680 796
1699690 796
1699700 795
1699710 794
1699720 794
1699730 793
1699740 793
1699750 793
1699760 792
1699770 792
1699780 791
1699790 791
1699800 790
1699810 790
1699820 790
1699830 789
1699840 789
1699850 789
1699860 788
1699870 788
1699880 788
1699890 788
1699900 788
1699910 787
1699920 787
1699930 787
1699940 787
1699950 786
1699960 786
1699970 786
1699980 786
1699990 786
