1680000 895
1680010 895
1680020 896
1680030 896
1680040 896
1680050 897
1680060 898
1680070 898
1680080 899
1680090 900
1680100 901
1680110 902
1680120 903
1680130 903
1680140 904
1680150 904
1680160 905
1680170 905
1680180 906
1680190 906
1680200 906
1680210 906
1680220 906
1680230 906
1680240 906
1680250 905
1680260 905
1680270 905
1680280 905
1680290 905
1680300 905
1680310 906
1680320 906
1680330 907
1680340 907
1680350 908
1680360 908
1680370 909
1680380 910
1680390 910
1680400 910
1680410 911
1680420 911
1680430 912
1680440 912
1680450 912
1680460 912
1680470 913
1680480 913
1680490 913
1680500 914
1680510 914
1680520 914
1680530 915
1680540 915
1680550 915
1680560 916
1680570 916
1680580 916
1680590 916
1680600 917
1680610 917
1680620 917
1680630 917
1680640 917
1680650 918
1680660 918
1680670 918
1680680 919
1680690 919
1680700 920
1680710 920
1680720 921
1680730 921
1680740 922
1680750 922
1680760 923
1680770 924
1680780 925
1680790 925
1680800 926
1680810 927
1680820 928
1680830 929
1680840 929
1680850 930
1680860 931
1680870 931
1680880 932
1680890 932
1680900 932
1680910 933
1680920 933
1680930 933
1680940 933
1680950 933
1680960 934
1680970 934
1680980 934
1680990 934
1681000 934
1681010 933
1681020 932
1681030 932
1681040 931
1681050 931
1681060 930
1681070 930
1681080 929
1681090 929
1681100 928
1681110 928
1681120 927
1681130 927
1681140 927
1681150 926
1681160 926
1681170 925
1681180 925
1681190 924
1681200 924
1681210 923
1681220 923
1681230 922
1681240 922
1681250 921
1681260 920
1681270 919
1681280 918
1681290 918
1681300 917
1681310 916
1681320 916
1681330 915
1681340 914
1681350 914
1681360 913
1681370 913
1681380 912
1681390 912
1681400 911
1681410 911
1681420 910
1681430 910
1681440 909
1681450 909
1681460 908
1681470 907
1681480 906
1681490 905
1681500 905
1681510 904
1681520 903
1681530 903
1681540 902
1681550 901
1681560 901
1681570 900
1681580 900
1681590 899
1681600 898
1681610 898
1681620 897
1681630 897
1681640 896
1681650 896
1681660 896
1681670 895
1681680 895
1681690 895
1681700 894
1681710 894
1681720 893
1681730 893
1681740 893
1681750 892
1681760 892
1681770 892
1681780 891
1681790 891
1681800 891
1681810 890
1681820 890
1681830 889
1681840 889
1681850 889
1681860 889
1681870 889
1681880 888
1681890 888
1681900 888
1681910 888
1681920 887
1681930 887
1681940 886
1681950 885
1681960 884
1681970 884
1681980 884
1681990 883
1682000 882
1682010 882
1682020 881
1682030 881
1682040 880
1682050 880
1682060 879
1682070 879
1682080 878
1682090 878
1682100 878
1682110 878
1682120 877
1682130 877
1682140 877
1682150 876
1682160 876
1682170 876
1682180 875
1682190 875
1682200 874
1682210 874
1682220 873
1682230 873
1682240 872
1682250 872
1682260 872
1682270 871
1682280 871
1682290 871
1682300 870
1682310 870
1682320 870
1682330 870
1682340 870
1682350 869
1682360 869
1682370 869
1682380 868
1682390 868
1682400 867
1682410 867
1682420 866
1682430 866
1682440 866
1682450 866
1682460 866
1682470 865
1682480 865
1682490 864
1682500 864
1682510 864
1682520 863
1682530 863
1682540 863
1682550 862
1682560 862
1682570 861
1682580 861
1682590 861
1682600 860
1682610 860
1682620 859
1682630 858
1682640 858
1682650 858
1682660 857
1682670 857
1682680 857
1682690 856
1682700 856
1682710 856
1682720 856
1682730 856
1682740 856
1682750 856
1682760 856
1682770 856
1682780 856
1682790 855
1682800 855
1682810 854
1682820 853
1682830 853
1682840 853
1682850 853
1682860 852
1682870 850
1682880 848
1682890 845
1682900 842
1682910 839
1682920 837
1682930 835
1682940 834
1682950 834
1682960 833
1682970 832
1682980 832
1682990 833
1683000 833
1683010 833
1683020 833
1683030 834
1683040 835
1683050 836
1683060 838
1683070 838
1683080 839
1683090 840
1683100 841
1683110 842
1683120 843
1683130 844
1683140 844
1683150 845
1683160 846
1683170 846
1683180 847
1683190 847
1683200 847
1683210 846
1683220 846
1683230 845
1683240 845
1683250 845
1683260 845
1683270 845
1683280 845
1683290 845
1683300 846
1683310 846
1683320 846
1683330 847
1683340 847
1683350 847
1683360 848
1683370 848
1683380 849
1683390 849
1683400 849
1683410 850
1683420 850
1683430 851
1683440 851
1683450 852
1683460 852
1683470 853
1683480 853
1683490 853
1683500 853
1683510 852
1683520 851
1683530 850
1683540 849
1683550 849
1683560 849
1683570 848
1683580 848
1683590 848
1683600 847
1683610 847
1683620 846
1683630 846
1683640 846
1683650 845
1683660 845
1683670 844
1683680 844
1683690 844
1683700 843
1683710 843
1683720 843
1683730 842
1683740 842
1683750 842
1683760 841
1683770 841
1683780 841
1683790 840
1683800 840
1683810 840
1683820 840
1683830 840
1683840 839
1683850 839
1683860 839
1683870 839
1683880 839
1683890 839
1683900 839
1683910 838
1683920 838
1683930 838
1683940 838
1683950 838
1683960 838
1683970 838
1683980 838
1683990 838
1684000 837
1684010 837
1684020 837
1684030 837
1684040 837
1684050 836
1684060 836
1684070 835
1684080 835
1684090 834
1684100 833
1684110 832
1684120 830
1684130 829
1684140 828
1684150 828
1684160 828
1684170 828
1684180 829
1684190 830
1684200 832
1684210 834
1684220 836
1684230 838
1684240 839
1684250 839
1684260 840
1684270 840
1684280 840
1684290 840
1684300 841
1684310 841
1684320 841
1684330 841
1684340 841
1684350 841
1684360 841
1684370 841
1684380 841
1684390 841
1684400 841
1684410 841
1684420 841
1684430 841
1684440 841
1684450 841
1684460 841
1684470 841
1684480 841
1684490 841
1684500 841
1684510 841
1684520 841
1684530 842
1684540 842
1684550 842
1684560 842
1684570 843
1684580 843
1684590 843
1684600 843
1684610 843
1684620 843
1684630 843
1684640 843
1684650 843
1684660 843
1684670 843
1684680 843
1684690 842
1684700 842
1684710 841
1684720 840
1684730 839
1684740 839
1684750 838
1684760 837
1684770 836
1684780 835
1684790 834
1684800 834
1684810 834
1684820 833
1684830 833
1684840 833
1684850 834
1684860 834
1684870 834
1684880 834
1684890 834
1684900 834
1684910 834
1684920 833
1684930 833
1684940 833
1684950 833
1684960 833
1684970 832
1684980 832
1684990 832
1685000 832
1685010 832
1685020 831
1685030 831
1685040 831
1685050 831
1685060 831
1685070 831
1685080 831
1685090 831
1685100 830
1685110 830
1685120 830
1685130 830
1685140 830
1685150 830
1685160 830
1685170 830
1685180 830
1685190 830
1685200 829
1685210 829
1685220 829
1685230 829
1685240 828
1685250 828
1685260 828
1685270 828
1685280 827
1685290 827
1685300 827
1685310 827
1685320 827
1685330 826
1685340 826
1685350 826
1685360 826
1685370 826
1685380 825
1685390 825
1685400 825
1685410 825
1685420 824
1685430 824
1685440 824
1685450 824
1685460 823
1685470 823
1685480 823
1685490 823
1685500 823
1685510 823
1685520 823
1685530 823
1685540 823
1685550 822
1685560 822
1685570 821
1685580 821
1685590 820
1685600 819
1685610 818
1685620 818
1685630 817
1685640 816
1685650 816
1685660 816
1685670 815
1685680 815
1685690 815
1685700 815
1685710 815
1685720 815
1685730 814
1685740 814
1685750 814
1685760 814
1685770 815
1685780 817
1685790 818
1685800 820
1685810 822
1685820 823
1685830 824
1685840 824
1685850 825
1685860 825
1685870 825
1685880 825
1685890 825
1685900 825
1685910 825
1685920 825
1685930 825
1685940 825
1685950 825
1685960 825
1685970 824
1685980 824
1685990 824
1686000 823
1686010 823
1686020 823
1686030 823
1686040 823
1686050 822
1686060 822
1686070 822
1686080 822
1686090 821
1686100 821
1686110 821
1686120 821
1686130 821
1686140 820
1686150 820
1686160 820
1686170 820
1686180 819
1686190 819
1686200 819
1686210 819
1686220 819
1686230 819
1686240 818
1686250 818
1686260 818
1686270 818
1686280 818
1686290 818
1686300 818
1686310 818
1686320 818
1686330 817
1686340 817
1686350 817
1686360 817
1686370 817
1686380 817
1686390 817
1686400 817
1686410 817
1686420 817
1686430 817
1686440 817
1686450 817
1686460 817
1686470 817
1686480 817
1686490 817
1686500 818
1686510 818
1686520 818
1686530 818
1686540 818
1686550 818
1686560 818
1686570 818
1686580 818
1686590 818
1686600 818
1686610 818
1686620 818
1686630 818
1686640 819
1686650 819
1686660 819
1686670 819
1686680 819
1686690 819
1686700 819
1686710 819
1686720 819
1686730 819
1686740 819
1686750 819
1686760 819
1686770 819
1686780 819
1686790 819
1686800 819
1686810 819
1686820 819
1686830 819
1686840 819
1686850 819
1686860 819
1686870 819
1686880 819
1686890 819
1686900 819
1686910 819
1686920 819
1686930 819
1686940 819
1686950 819
1686960 819
1686970 819
1686980 819
1686990 819
1687000 819
1687010 819
1687020 819
1687030 819
1687040 819
1687050 818
1687060 818
1687070 818
1687080 819
1687090 819
1687100 819
1687110 819
1687120 819
1687130 819
1687140 819
1687150 819
1687160 819
1687170 819
1687180 819
1687190 819
1687200 819
1687210 819
1687220 819
1687230 819
1687240 819
1687250 819
1687260 819
1687270 819
1687280 819
1687290 819
1687300 819
1687310 819
1687320 819
1687330 819
1687340 819
1687350 819
1687360 819
1687370 819
1687380 819
1687390 819
1687400 819
1687410 819
1687420 819
1687430 819
1687440 819
1687450 819
1687460 819
1687470 819
1687480 819
1687490 820
1687500 820
1687510 820
1687520 820
1687530 820
1687540 820
1687550 820
1687560 820
1687570 820
1687580 820
1687590 821
1687600 821
1687610 821
1687620 821
1687630 821
1687640 821
1687650 821
1687660 821
1687670 821
1687680 821
1687690 821
1687700 821
1687710 821
1687720 820
1687730 820
1687740 820
1687750 820
1687760 820
1687770 820
1687780 820
1687790 820
1687800 820
1687810 820
1687820 820
1687830 820
1687840 820
1687850 820
1687860 820
1687870 820
1687880 819
1687890 819
1687900 819
1687910 819
1687920 819
1687930 819
1687940 819
1687950 819
1687960 819
1687970 819
1687980 818
1687990 818
1688000 818
1688010 818
1688020 818
1688030 818
1688040 818
1688050 818
1688060 818
1688070 818
1688080 818
1688090 818
1688100 818
1688110 818
1688120 818
1688130 818
1688140 818
1688150 818
1688160 818
1688170 818
1688180 817
1688190 817
1688200 817
1688210 816
1688220 816
1688230 816
1688240 815
1688250 815
1688260 815
1688270 814
1688280 814
1688290 814
1688300 814
1688310 813
1688320 813
1688330 813
1688340 812
1688350 812
1688360 812
1688370 811
1688380 811
1688390 811
1688400 810
1688410 810
1688420 809
1688430 809
1688440 808
1688450 808
1688460 807
1688470 807
1688480 806
1688490 805
1688500 804
1688510 803
1688520 802
1688530 801
1688540 800
1688550 800
1688560 799
1688570 799
1688580 798
1688590 798
1688600 797
1688610 797
1688620 797
1688630 796
1688640 796
1688650 796
1688660 796
1688670 796
1688680 796
1688690 796
1688700 796
1688710 796
1688720 796
1688730 796
1688740 796
1688750 797
1688760 797
1688770 797
1688780 797
1688790 797
1688800 797
1688810 797
1688820 797
1688830 798
1688840 798
1688850 799
1688860 799
1688870 800
1688880 800
1688890 800
1688900 801
1688910 801
1688920 801
1688930 802
1688940 802
1688950 802
1688960 803
1688970 803
1688980 804
1688990 804
1689000 805
1689010 805
1689020 805
1689030 806
1689040 806
1689050 807
1689060 807
1689070 807
1689080 807
1689090 807
1689100 807
1689110 808
1689120 808
1689130 808
1689140 808
1689150 808
1689160 808
1689170 808
1689180 808
1689190 808
1689200 809
1689210 809
1689220 810
1689230 811
1689240 811
1689250 812
1689260 813
1689270 813
1689280 814
1689290 814
1689300 815
1689310 815
1689320 815
1689330 816
1689340 816
1689350 816
1689360 816
1689370 816
1689380 816
1689390 816
1689400 815
1689410 815
1689420 815
1689430 814
1689440 814
1689450 814
1689460 813
1689470 813
1689480 812
1689490 812
1689500 811
1689510 810
1689520 810
1689530 809
1689540 807
1689550 806
1689560 805
1689570 804
1689580 803
1689590 803
1689600 803
1689610 803
1689620 803
1689630 804
1689640 804
1689650 805
1689660 806
1689670 806
1689680 807
1689690 808
1689700 809
1689710 810
1689720 811
1689730 812
1689740 813
1689750 814
1689760 815
1689770 816
1689780 817
1689790 818
1689800 819
1689810 820
1689820 820
1689830 821
1689840 822
1689850 822
1689860 823
1689870 824
1689880 824
1689890 825
1689900 826
1689910 826
1689920 827
1689930 827
1689940 828
1689950 828
1689960 829
1689970 829
1689980 830
1689990 830
1690000 830
1690010 831
1690020 831
1690030 832
1690040 832
1690050 832
1690060 833
1690070 833
1690080 833
1690090 834
1690100 834
1690110 835
1690120 835
1690130 835
1690140 836
1690150 836
1690160 837
1690170 837
1690180 837
1690190 838
1690200 839
1690210 839
1690220 839
1690230 840
1690240 840
1690250 841
1690260 841
1690270 841
1690280 841
1690290 841
1690300 841
1690310 841
1690320 841
1690330 841
1690340 841
1690350 841
1690360 841
1690370 840
1690380 840
1690390 840
1690400 840
1690410 839
1690420 839
1690430 839
1690440 839
1690450 839
1690460 838
1690470 838
1690480 838
1690490 838
1690500 837
1690510 837
1690520 837
1690530 837
1690540 837
1690550 836
1690560 836
1690570 836
1690580 836
1690590 836
1690600 835
1690610 835
1690620 835
1690630 835
1690640 835
1690650 835
1690660 834
1690670 834
1690680 834
1690690 834
1690700 834
1690710 834
1690720 833
1690730 833
1690740 833
1690750 833
1690760 833
1690770 833
1690780 833
1690790 832
1690800 832
1690810 832
1690820 832
1690830 832
1690840 832
1690850 832
1690860 831
1690870 831
1690880 831
1690890 831
1690900 831
1690910 831
1690920 831
1690930 831
1690940 831
1690950 830
1690960 830
1690970 830
1690980 830
1690990 829
1691000 829
1691010 829
1691020 829
1691030 829
1691040 829
1691050 828
1691060 828
1691070 828
1691080 828
1691090 828
1691100 828
1691110 828
1691120 828
1691130 827
1691140 827
1691150 827
1691160 826
1691170 826
1691180 826
1691190 826
1691200 826
1691210 825
1691220 826
1691230 826
1691240 825
1691250 825
1691260 825
1691270 825
1691280 825
1691290 825
1691300 825
1691310 825
1691320 825
1691330 825
1691340 825
1691350 825
1691360 825
1691370 825
1691380 825
1691390 825
1691400 825
1691410 825
1691420 825
1691430 825
1691440 824
1691450 824
1691460 824
1691470 824
1691480 824
1691490 823
1691500 823
1691510 822
1691520 822
1691530 822
1691540 821
1691550 821
1691560 821
1691570 821
1691580 821
1691590 821
1691600 821
1691610 821
1691620 820
1691630 820
1691640 820
1691650 819
1691660 819
1691670 819
1691680 819
1691690 819
1691700 819
1691710 819
1691720 818
1691730 818
1691740 818
1691750 817
1691760 817
1691770 817
1691780 817
1691790 817
1691800 817
1691810 817
1691820 816
1691830 816
1691840 815
1691850 814
1691860 814
1691870 814
1691880 813
1691890 813
1691900 813
1691910 813
1691920 812
1691930 812
1691940 812
1691950 812
1691960 813
1691970 813
1691980 813
1691990 814
1692000 814
1692010 815
1692020 816
1692030 816
1692040 817
1692050 818
1692060 819
1692070 820
1692080 821
1692090 822
1692100 822
1692110 822
1692120 823
1692130 824
1692140 824
1692150 824
1692160 825
1692170 825
1692180 826
1692190 826
1692200 826
1692210 827
1692220 827
1692230 828
1692240 828
1692250 828
1692260 829
1692270 829
1692280 830
1692290 830
1692300 831
1692310 831
1692320 831
1692330 832
1692340 832
1692350 833
1692360 833
1692370 834
1692380 835
1692390 835
1692400 836
1692410 836
1692420 836
1692430 836
1692440 836
1692450 836
1692460 837
1692470 837
1692480 837
1692490 838
1692500 838
1692510 838
1692520 839
1692530 839
1692540 840
1692550 840
1692560 841
1692570 841
1692580 841
1692590 842
1692600 842
1692610 843
1692620 844
1692630 844
1692640 844
1692650 844
1692660 844
1692670 845
1692680 845
1692690 845
1692700 845
1692710 845
1692720 845
1692730 845
1692740 845
1692750 845
1692760 845
1692770 845
1692780 845
1692790 844
1692800 844
1692810 844
1692820 844
1692830 844
1692840 844
1692850 844
1692860 844
1692870 844
1692880 844
1692890 844
1692900 844
1692910 844
1692920 845
1692930 845
1692940 845
1692950 845
1692960 846
1692970 846
1692980 846
1692990 846
1693000 847
1693010 847
1693020 848
1693030 848
1693040 848
1693050 848
1693060 848
1693070 849
1693080 849
1693090 849
1693100 849
1693110 849
1693120 849
1693130 849
1693140 849
1693150 849
1693160 850
1693170 849
1693180 849
1693190 849
1693200 849
1693210 849
1693220 849
1693230 849
1693240 849
1693250 850
1693260 850
1693270 850
1693280 850
1693290 850
1693300 850
1693310 850
1693320 850
1693330 850
1693340 850
1693350 850
1693360 850
1693370 851
1693380 851
1693390 851
1693400 851
1693410 851
1693420 851
1693430 851
1693440 851
1693450 851
1693460 851
1693470 851
1693480 851
1693490 852
1693500 852
1693510 852
1693520 852
1693530 852
1693540 852
1693550 852
1693560 852
1693570 852
1693580 852
1693590 852
1693600 852
1693610 852
1693620 852
1693630 852
1693640 852
1693650 852
1693660 852
1693670 852
1693680 852
1693690 852
1693700 852
1693710 852
1693720 852
1693730 852
1693740 852
1693750 852
1693760 852
1693770 852
1693780 852
1693790 852
1693800 852
1693810 852
1693820 851
1693830 851
1693840 851
1693850 850
1693860 850
1693870 850
1693880 850
1693890 850
1693900 850
1693910 850
1693920 850
1693930 850
1693940 850
1693950 850
1693960 850
1693970 850
1693980 850
1693990 850
1694000 850
1694010 848
1694020 847
1694030 846
1694040 845
1694050 845
1694060 844
1694070 845
1694080 846
1694090 847
1694100 847
1694110 847
1694120 847
1694130 847
1694140 847
1694150 847
1694160 847
1694170 846
1694180 846
1694190 846
1694200 846
1694210 846
1694220 846
1694230 846
1694240 846
1694250 846
1694260 846
1694270 846
1694280 846
1694290 846
1694300 846
1694310 847
1694320 847
1694330 847
1694340 847
1694350 847
1694360 847
1694370 848
1694380 848
1694390 848
1694400 849
1694410 849
1694420 849
1694430 849
1694440 849
1694450 850
1694460 850
1694470 850
1694480 850
1694490 851
1694500 851
1694510 852
1694520 852
1694530 853
1694540 853
1694550 853
1694560 854
1694570 854
1694580 855
1694590 855
1694600 855
1694610 855
1694620 855
1694630 855
1694640 855
1694650 855
1694660 855
1694670 856
1694680 856
1694690 857
1694700 857
1694710 857
1694720 857
1694730 857
1694740 857
1694750 857
1694760 857
1694770 857
1694780 857
1694790 857
1694800 857
1694810 857
1694820 857
1694830 857
1694840 858
1694850 858
1694860 859
1694870 859
1694880 859
1694890 859
1694900 859
1694910 859
1694920 859
1694930 860
1694940 860
1694950 860
1694960 860
1694970 861
1694980 861
1694990 861
1695000 861
1695010 861
1695020 861
1695030 861
1695040 861
1695050 862
1695060 862
1695070 862
1695080 862
1695090 862
1695100 862
1695110 863
1695120 863
1695130 863
1695140 863
1695150 863
1695160 863
1695170 863
1695180 863
1695190 863
1695200 863
1695210 864
1695220 864
1695230 864
1695240 864
1695250 864
1695260 864
1695270 864
1695280 864
1695290 865
1695300 865
1695310 865
1695320 865
1695330 865
1695340 865
1695350 866
1695360 866
1695370 866
1695380 866
1695390 866
1695400 866
1695410 866
1695420 866
1695430 867
1695440 867
1695450 867
1695460 867
1695470 867
1695480 867
1695490 867
1695500 868
1695510 868
1695520 868
1695530 868
1695540 868
1695550 868
1695560 868
1695570 868
1695580 868
1695590 868
1695600 868
1695610 868
1695620 868
1695630 868
1695640 868
1695650 868
1695660 868
1695670 868
1695680 868
1695690 867
1695700 867
1695710 867
1695720 867
1695730 866
1695740 866
1695750 866
1695760 866
1695770 866
1695780 865
1695790 865
1695800 865
1695810 865
1695820 864
1695830 864
1695840 863
1695850 863
1695860 863
1695870 862
1695880 862
1695890 862
1695900 862
1695910 862
1695920 861
1695930 861
1695940 861
1695950 861
1695960 860
1695970 860
1695980 860
1695990 859
1696000 859
1696010 859
1696020 859
1696030 858
1696040 858
1696050 858
1696060 858
1696070 857
1696080 857
1696090 857
1696100 857
1696110 857
1696120 856
1696130 856
1696140 856
1696150 856
1696160 856
1696170 856
1696180 856
1696190 856
1696200 856
1696210 856
1696220 856
1696230 856
1696240 856
1696250 856
1696260 856
1696270 856
1696280 856
1696290 856
1696300 856
1696310 856
1696320 856
1696330 856
1696340 857
1696350 857
1696360 857
1696370 857
1696380 857
1696390 857
1696400 857
1696410 857
1696420 857
1696430 857
1696440 857
1696450 857
1696460 857
1696470 857
1696480 857
1696490 857
1696500 857
1696510 857
1696520 857
1696530 857
1696540 857
1696550 857
1696560 857
1696570 856
1696580 856
1696590 856
1696600 856
1696610 856
1696620 856
1696630 856
1696640 856
1696650 855
1696660 855
1696670 855
1696680 855
1696690 855
1696700 855
1696710 855
1696720 855
1696730 855
1696740 855
1696750 854
1696760 854
1696770 854
1696780 854
1696790 854
1696800 853
1696810 853
1696820 853
1696830 853
1696840 852
1696850 852
1696860 852
1696870 851
1696880 851
1696890 851
1696900 850
1696910 850
1696920 849
1696930 849
1696940 849
1696950 848
1696960 848
1696970 847
1696980 847
1696990 846
1697000 846
1697010 845
1697020 845
1697030 845
1697040 844
1697050 844
1697060 844
1697070 843
1697080 843
1697090 843
1697100 843
1697110 843
1697120 843
1697130 843
1697140 842
1697150 842
1697160 842
1697170 842
1697180 842
1697190 842
1697200 842
1697210 843
1697220 843
1697230 843
1697240 844
1697250 844
1697260 845
1697270 845
1697280 845
1697290 846
1697300 846
1697310 847
1697320 847
1697330 848
1697340 848
1697350 849
1697360 849
1697370 850
1697380 851
1697390 851
1697400 851
1697410 852
1697420 852
1697430 853
1697440 853
1697450 854
1697460 854
1697470 855
1697480 855
1697490 855
1697500 856
1697510 856
1697520 857
1697530 857
1697540 857
1697550 857
1697560 858
1697570 858
1697580 858
1697590 859
1697600 859
1697610 859
1697620 859
1697630 860
1697640 860
1697650 860
1697660 860
1697670 861
1697680 861
1697690 861
1697700 861
1697710 861
1697720 861
1697730 861
1697740 861
1697750 861
1697760 861
1697770 861
1697780 860
1697790 860
1697800 860
1697810 860
1697820 860
1697830 859
1697840 859
1697850 859
1697860 858
1697870 858
1697880 858
1697890 857
1697900 857
1697910 857
1697920 857
1697930 857
1697940 857
1697950 856
1697960 856
1697970 856
1697980 856
1697990 855
1698000 855
1698010 855
1698020 855
1698030 855
1698040 855
1698050 855
1698060 855
1698070 855
1698080 854
1698090 854
1698100 854
1698110 854
1698120 854
1698130 854
1698140 854
1698150 853
1698160 853
1698170 853
1698180 853
1698190 852
1698200 852
1698210 851
1698220 851
1698230 851
1698240 851
1698250 851
1698260 850
1698270 850
1698280 850
1698290 850
1698300 850
1698310 851
1698320 851
1698330 851
1698340 851
1698350 851
1698360 851
1698370 851
1698380 852
1698390 852
1698400 852
1698410 852
1698420 852
1698430 853
1698440 853
1698450 853
1698460 854
1698470 854
1698480 854
1698490 855
1698500 855
1698510 855
1698520 855
1698530 856
1698540 856
1698550 856
1698560 856
1698570 856
1698580 857
1698590 857
1698600 857
1698610 858
1698620 858
1698630 858
1698640 858
1698650 858
1698660 859
1698670 859
1698680 859
1698690 859
1698700 859
1698710 859
1698720 859
1698730 859
1698740 859
1698750 860
1698760 860
1698770 860
1698780 860
1698790 860
1698800 860
1698810 860
1698820 860
1698830 860
1698840 860
1698850 860
1698860 860
1698870 860
1698880 860
1698890 860
1698900 860
1698910 860
1698920 860
1698930 861
1698940 861
1698950 861
1698960 861
1698970 861
1698980 861
1698990 861
1699000 861
1699010 861
1699020 862
1699030 862
1699040 862
1699050 862
1699060 862
1699070 863
1699080 863
1699090 863
1699100 863
1699110 863
1699120 863
1699130 863
1699140 863
1699150 863
1699160 863
1699170 863
1699180 862
1699190 862
1699200 862
1699210 861
1699220 861
1699230 861
1699240 860
1699250 860
1699260 860
1699270 859
1699280 859
1699290 859
1699300 858
1699310 858
1699320 858
1699330 857
1699340 857
1699350 857
1699360 856
1699370 856
1699380 856
1699390 856
1699400 855
1699410 854
1699420 853
1699430 853
1699440 852
1699450 852
1699460 851
1699470 850
1699480 850
1699490 849
1699500 848
1699510 848
1699520 847
1699530 846
1699540 846
1699550 845
1699560 844
1699570 844
1699580 843
1699590 842
1699600 841
1699610 841
1699620 840
1699630 839
1699640 838
1699650 838
1699660 837
1699670 836
1699680 836
1699690 835
1699700 834
1699710 834
1699720 833
1699730 833
1699740 832
1699750 831
1699760 831
1699770 830
1699780 830
1699790 829
1699800 829
1699810 828
1699820 828
1699830 827
1699840 827
1699850 826
1699860 826
1699870 825
1699880 825
1699890 824
1699900 824
1699910 823
1699920 823
1699930 823
1699940 822
1699950 822
1699960 821
1699970 821
1699980 821
1699990 820
