1680000 819
1680010 821
1680020 822
1680030 823
1680040 824
1680050 825
1680060 826
1680070 827
1680080 829
1680090 830
1680100 831
1680110 832
1680120 833
1680130 834
1680140 835
1680150 836
1680160 837
1680170 839
1680180 841
1680190 843
1680200 844
1680210 845
1680220 846
1680230 847
1680240 848
1680250 848
1680260 849
1680270 849
1680280 850
1680290 851
1680300 851
1680310 852
1680320 852
1680330 852
1680340 852
1680350 852
1680360 852
1680370 851
1680380 850
1680390 850
1680400 848
1680410 847
1680420 846
1680430 845
1680440 844
1680450 843
1680460 842
1680470 841
1680480 840
1680490 840
1680500 839
1680510 839
1680520 838
1680530 838
1680540 837
1680550 837
1680560 836
1680570 835
1680580 834
1680590 834
1680600 834
1680610 834
1680620 834
1680630 834
1680640 834
1680650 834
1680660 833
1680670 832
1680680 832
1680690 832
1680700 832
1680710 832
1680720 832
1680730 833
1680740 833
1680750 834
1680760 834
1680770 835
1680780 835
1680790 836
1680800 836
1680810 837
1680820 837
1680830 838
1680840 839
1680850 839
1680860 840
1680870 841
1680880 841
1680890 842
1680900 843
1680910 844
1680920 844
1680930 845
1680940 846
1680950 847
1680960 847
1680970 848
1680980 849
1680990 849
1681000 850
1681010 851
1681020 851
1681030 852
1681040 853
1681050 854
1681060 855
1681070 855
1681080 855
1681090 856
1681100 856
1681110 856
1681120 856
1681130 857
1681140 857
1681150 858
1681160 859
1681170 860
1681180 860
1681190 861
1681200 862
1681210 864
1681220 865
1681230 866
1681240 867
1681250 868
1681260 869
1681270 870
1681280 871
1681290 872
1681300 872
1681310 873
1681320 874
1681330 874
1681340 875
1681350 875
1681360 876
1681370 876
1681380 876
1681390 876
1681400 877
1681410 877
1681420 877
1681430 877
1681440 877
1681450 877
1681460 877
1681470 877
1681480 878
1681490 878
1681500 878
1681510 878
1681520 877
1681530 877
1681540 877
1681550 876
1681560 876
1681570 875
1681580 875
1681590 874
1681600 873
1681610 872
1681620 871
1681630 871
1681640 871
1681650 871
1681660 870
1681670 871
1681680 871
1681690 871
1681700 871
1681710 872
1681720 872
1681730 872
1681740 873
1681750 873
1681760 873
1681770 874
1681780 874
1681790 875
1681800 875
1681810 875
1681820 875
1681830 876
1681840 876
1681850 877
1681860 877
1681870 877
1681880 878
1681890 879
1681900 880
1681910 880
1681920 881
1681930 882
1681940 882
1681950 883
1681960 884
1681970 885
1681980 885
1681990 886
1682000 886
1682010 887
1682020 888
1682030 888
1682040 889
1682050 890
1682060 891
1682070 892
1682080 892
1682090 893
1682100 894
1682110 895
1682120 896
1682130 896
1682140 897
1682150 898
1682160 898
1682170 899
1682180 901
1682190 902
1682200 903
1682210 903
1682220 904
1682230 905
1682240 905
1682250 906
1682260 907
1682270 908
1682280 909
1682290 910
1682300 912
1682310 914
1682320 915
1682330 916
1682340 917
1682350 918
1682360 918
1682370 919
1682380 919
1682390 920
1682400 921
1682410 922
1682420 922
1682430 922
1682440 922
1682450 922
1682460 921
1682470 922
1682480 922
1682490 922
1682500 922
1682510 920
1682520 919
1682530 917
1682540 917
1682550 916
1682560 915
1682570 914
1682580 913
1682590 912
1682600 912
1682610 911
1682620 910
1682630 909
1682640 908
1682650 907
1682660 907
1682670 906
1682680 905
1682690 904
1682700 903
1682710 903
1682720 902
1682730 901
1682740 900
1682750 900
1682760 899
1682770 899
1682780 898
1682790 897
1682800 896
1682810 895
1682820 894
1682830 893
1682840 892
1682850 891
1682860 890
1682870 888
1682880 886
1682890 884
1682900 882
1682910 881
1682920 880
1682930 879
1682940 878
1682950 877
1682960 876
1682970 875
1682980 875
1682990 874
1683000 874
1683010 873
1683020 872
1683030 871
1683040 871
1683050 870
1683060 870
1683070 869
1683080 869
1683090 869
1683100 868
1683110 868
1683120 867
1683130 867
1683140 867
1683150 867
1683160 866
1683170 866
1683180 866
1683190 866
1683200 865
1683210 865
1683220 864
1683230 864
1683240 864
1683250 863
1683260 863
1683270 862
1683280 862
1683290 861
1683300 860
1683310 860
1683320 859
1683330 859
1683340 859
1683350 858
1683360 858
1683370 858
1683380 858
1683390 857
1683400 857
1683410 856
1683420 855
1683430 855
1683440 855
1683450 854
1683460 854
1683470 854
1683480 854
1683490 853
1683500 853
1683510 852
1683520 852
1683530 851
1683540 851
1683550 851
1683560 851
1683570 850
1683580 850
1683590 849
1683600 848
1683610 848
1683620 847
1683630 847
1683640 846
1683650 846
1683660 846
1683670 846
1683680 845
1683690 845
1683700 845
1683710 844
1683720 844
1683730 843
1683740 843
1683750 842
1683760 842
1683770 842
1683780 840
1683790 839
1683800 838
1683810 838
1683820 838
1683830 838
1683840 838
1683850 838
1683860 838
1683870 838
1683880 838
1683890 838
1683900 838
1683910 838
1683920 838
1683930 837
1683940 837
1683950 837
1683960 837
1683970 837
1683980 837
1683990 837
1684000 837
1684010 837
1684020 837
1684030 836
1684040 836
1684050 836
1684060 836
1684070 836
1684080 837
1684090 837
1684100 838
1684110 838
1684120 838
1684130 838
1684140 839
1684150 839
1684160 839
1684170 839
1684180 839
1684190 840
1684200 840
1684210 840
1684220 840
1684230 841
1684240 841
1684250 841
1684260 842
1684270 842
1684280 842
1684290 843
1684300 843
1684310 843
1684320 844
1684330 844
1684340 845
1684350 845
1684360 846
1684370 847
1684380 847
1684390 847
1684400 848
1684410 848
1684420 849
1684430 850
1684440 850
1684450 851
1684460 851
1684470 852
1684480 852
1684490 853
1684500 853
1684510 853
1684520 854
1684530 854
1684540 854
1684550 853
1684560 853
1684570 853
1684580 853
1684590 852
1684600 852
1684610 851
1684620 851
1684630 851
1684640 850
1684650 850
1684660 850
1684670 849
1684680 849
1684690 848
1684700 848
1684710 848
1684720 847
1684730 847
1684740 846
1684750 846
1684760 846
1684770 845
1684780 845
1684790 844
1684800 844
1684810 843
1684820 842
1684830 842
1684840 841
1684850 840
1684860 840
1684870 839
1684880 838
1684890 837
1684900 836
1684910 836
1684920 834
1684930 833
1684940 832
1684950 831
1684960 830
1684970 830
1684980 830
1684990 829
1685000 828
1685010 828
1685020 827
1685030 826
1685040 826
1685050 826
1685060 825
1685070 825
1685080 825
1685090 824
1685100 824
1685110 824
1685120 824
1685130 823
1685140 823
1685150 823
1685160 823
1685170 823
1685180 822
1685190 822
1685200 822
1685210 822
1685220 822
1685230 822
1685240 821
1685250 821
1685260 821
1685270 821
1685280 821
1685290 820
1685300 820
1685310 820
1685320 820
1685330 820
1685340 820
1685350 820
1685360 820
1685370 820
1685380 819
1685390 819
1685400 819
1685410 819
1685420 819
1685430 819
1685440 819
1685450 819
1685460 818
1685470 818
1685480 818
1685490 818
1685500 818
1685510 818
1685520 818
1685530 818
1685540 818
1685550 817
1685560 817
1685570 817
1685580 817
1685590 817
1685600 817
1685610 817
1685620 817
1685630 817
1685640 817
1685650 818
1685660 818
1685670 818
1685680 818
1685690 818
1685700 818
1685710 818
1685720 818
1685730 818
1685740 818
1685750 818
1685760 818
1685770 818
1685780 818
1685790 818
1685800 818
1685810 818
1685820 818
1685830 819
1685840 818
1685850 818
1685860 818
1685870 818
1685880 819
1685890 819
1685900 819
1685910 819
1685920 819
1685930 819
1685940 819
1685950 819
1685960 819
1685970 819
1685980 819
1685990 819
1686000 819
1686010 819
1686020 819
1686030 819
1686040 819
1686050 819
1686060 819
1686070 819
1686080 819
1686090 819
1686100 819
1686110 818
1686120 818
1686130 818
1686140 818
1686150 818
1686160 818
1686170 818
1686180 818
1686190 818
1686200 818
1686210 818
1686220 818
1686230 818
1686240 818
1686250 818
1686260 817
1686270 817
1686280 817
1686290 817
1686300 817
1686310 816
1686320 816
1686330 816
1686340 816
1686350 815
1686360 815
1686370 815
1686380 814
1686390 814
1686400 814
1686410 813
1686420 813
1686430 813
1686440 813
1686450 812
1686460 812
1686470 811
1686480 811
1686490 811
1686500 811
1686510 811
1686520 811
1686530 811
1686540 810
1686550 810
1686560 810
1686570 810
1686580 810
1686590 810
1686600 810
1686610 810
1686620 810
1686630 810
1686640 811
1686650 811
1686660 812
1686670 813
1686680 813
1686690 814
1686700 814
1686710 814
1686720 815
1686730 815
1686740 815
1686750 815
1686760 815
1686770 816
1686780 816
1686790 816
1686800 816
1686810 816
1686820 816
1686830 816
1686840 816
1686850 816
1686860 816
1686870 816
1686880 816
1686890 816
1686900 816
1686910 816
1686920 816
1686930 816
1686940 816
1686950 816
1686960 816
1686970 816
1686980 816
1686990 816
1687000 816
1687010 816
1687020 816
1687030 816
1687040 816
1687050 816
1687060 816
1687070 816
1687080 816
1687090 816
1687100 816
1687110 816
1687120 816
1687130 816
1687140 816
1687150 816
1687160 816
1687170 816
1687180 816
1687190 816
1687200 816
1687210 816
1687220 816
1687230 816
1687240 816
1687250 816
1687260 816
1687270 816
1687280 816
1687290 816
1687300 816
1687310 816
1687320 816
1687330 816
1687340 816
1687350 816
1687360 816
1687370 816
1687380 816
1687390 816
1687400 816
1687410 816
1687420 816
1687430 816
1687440 816
1687450 816
1687460 816
1687470 816
1687480 816
1687490 816
1687500 816
1687510 816
1687520 816
1687530 815
1687540 815
1687550 815
1687560 815
1687570 815
1687580 815
1687590 815
1687600 815
1687610 815
1687620 815
1687630 815
1687640 815
1687650 815
1687660 815
1687670 815
1687680 815
1687690 815
1687700 815
1687710 815
1687720 815
1687730 815
1687740 815
1687750 814
1687760 814
1687770 814
1687780 814
1687790 814
1687800 814
1687810 814
1687820 814
1687830 814
1687840 814
1687850 813
1687860 813
1687870 813
1687880 813
1687890 813
1687900 813
1687910 813
1687920 813
1687930 813
1687940 813
1687950 812
1687960 812
1687970 812
1687980 812
1687990 812
1688000 812
1688010 812
1688020 812
1688030 811
1688040 811
1688050 811
1688060 811
1688070 811
1688080 811
1688090 811
1688100 810
1688110 810
1688120 810
1688130 810
1688140 810
1688150 810
1688160 809
1688170 809
1688180 809
1688190 809
1688200 809
1688210 808
1688220 808
1688230 808
1688240 807
1688250 807
1688260 807
1688270 806
1688280 806
1688290 806
1688300 805
1688310 805
1688320 805
1688330 804
1688340 804
1688350 804
1688360 803
1688370 803
1688380 803
1688390 803
1688400 802
1688410 802
1688420 802
1688430 802
1688440 801
1688450 801
1688460 800
1688470 800
1688480 800
1688490 800
1688500 799
1688510 799
1688520 799
1688530 799
1688540 799
1688550 799
1688560 798
1688570 798
1688580 798
1688590 798
1688600 797
1688610 797
1688620 797
1688630 797
1688640 797
1688650 796
1688660 796
1688670 796
1688680 796
1688690 796
1688700 796
1688710 796
1688720 795
1688730 795
1688740 795
1688750 795
1688760 795
1688770 795
1688780 795
1688790 795
1688800 795
1688810 795
1688820 795
1688830 795
1688840 794
1688850 794
1688860 794
1688870 794
1688880 794
1688890 794
1688900 795
1688910 796
1688920 796
1688930 795
1688940 794
1688950 794
1688960 795
1688970 795
1688980 795
1688990 795
1689000 795
1689010 794
1689020 794
1689030 794
1689040 794
1689050 794
1689060 794
1689070 794
1689080 794
1689090 794
1689100 793
1689110 793
1689120 793
1689130 793
1689140 793
1689150 793
1689160 793
1689170 793
1689180 793
1689190 792
1689200 792
1689210 792
1689220 792
1689230 792
1689240 792
1689250 791
1689260 791
1689270 791
1689280 791
1689290 791
1689300 790
1689310 790
1689320 790
1689330 790
1689340 790
1689350 790
1689360 789
1689370 789
1689380 789
1689390 789
1689400 789
1689410 789
1689420 788
1689430 788
1689440 788
1689450 788
1689460 787
1689470 787
1689480 787
1689490 786
1689500 786
1689510 785
1689520 784
1689530 784
1689540 783
1689550 783
1689560 783
1689570 783
1689580 783
1689590 783
1689600 783
1689610 783
1689620 782
1689630 782
1689640 782
1689650 782
1689660 782
1689670 782
1689680 783
1689690 783
1689700 784
1689710 785
1689720 786
1689730 786
1689740 787
1689750 787
1689760 786
1689770 786
1689780 786
1689790 786
1689800 785
1689810 784
1689820 784
1689830 783
1689840 782
1689850 782
1689860 781
1689870 781
1689880 781
1689890 781
1689900 780
1689910 780
1689920 780
1689930 780
1689940 780
1689950 779
1689960 779
1689970 778
1689980 778
1689990 778
1690000 779
1690010 779
1690020 779
1690030 779
1690040 779
1690050 779
1690060 779
1690070 779
1690080 779
1690090 779
1690100 779
1690110 780
1690120 780
1690130 780
1690140 780
1690150 781
1690160 781
1690170 782
1690180 782
1690190 782
1690200 783
1690210 783
1690220 783
1690230 784
1690240 784
1690250 785
1690260 785
1690270 786
1690280 786
1690290 787
1690300 788
1690310 788
1690320 789
1690330 789
1690340 790
1690350 790
1690360 791
1690370 792
1690380 792
1690390 793
1690400 794
1690410 795
1690420 795
1690430 796
1690440 797
1690450 798
1690460 798
1690470 799
1690480 800
1690490 801
1690500 801
1690510 802
1690520 802
1690530 803
1690540 803
1690550 804
1690560 804
1690570 805
1690580 805
1690590 806
1690600 806
1690610 807
1690620 807
1690630 808
1690640 808
1690650 808
1690660 808
1690670 808
1690680 809
1690690 809
1690700 809
1690710 810
1690720 810
1690730 810
1690740 810
1690750 811
1690760 811
1690770 811
1690780 811
1690790 812
1690800 812
1690810 813
1690820 813
1690830 813
1690840 814
1690850 814
1690860 814
1690870 814
1690880 814
1690890 814
1690900 814
1690910 815
1690920 815
1690930 815
1690940 815
1690950 815
1690960 815
1690970 816
1690980 816
1690990 816
1691000 817
1691010 817
1691020 817
1691030 818
1691040 818
1691050 819
1691060 819
1691070 820
1691080 821
1691090 821
1691100 822
1691110 822
1691120 823
1691130 823
1691140 824
1691150 825
1691160 825
1691170 826
1691180 827
1691190 828
1691200 828
1691210 829
1691220 830
1691230 831
1691240 831
1691250 832
1691260 833
1691270 833
1691280 834
1691290 834
1691300 835
1691310 836
1691320 836
1691330 837
1691340 837
1691350 837
1691360 838
1691370 838
1691380 839
1691390 840
1691400 840
1691410 841
1691420 841
1691430 841
1691440 841
1691450 841
1691460 841
1691470 841
1691480 841
1691490 842
1691500 842
1691510 842
1691520 842
1691530 842
1691540 842
1691550 843
1691560 843
1691570 844
1691580 844
1691590 844
1691600 845
1691610 845
1691620 846
1691630 846
1691640 846
1691650 847
1691660 847
1691670 848
1691680 849
1691690 849
1691700 849
1691710 850
1691720 850
1691730 850
1691740 849
1691750 848
1691760 846
1691770 845
1691780 844
1691790 843
1691800 842
1691810 842
1691820 841
1691830 840
1691840 840
1691850 839
1691860 838
1691870 837
1691880 836
1691890 836
1691900 835
1691910 834
1691920 834
1691930 833
1691940 832
1691950 830
1691960 829
1691970 829
1691980 829
1691990 829
1692000 828
1692010 827
1692020 827
1692030 825
1692040 824
1692050 823
1692060 823
1692070 822
1692080 822
1692090 821
1692100 820
1692110 819
1692120 818
1692130 818
1692140 817
1692150 816
1692160 816
1692170 815
1692180 814
1692190 813
1692200 812
1692210 811
1692220 810
1692230 809
1692240 808
1692250 807
1692260 806
1692270 805
1692280 805
1692290 804
1692300 804
1692310 803
1692320 803
1692330 802
1692340 802
1692350 802
1692360 802
1692370 801
1692380 801
1692390 801
1692400 801
1692410 801
1692420 801
1692430 800
1692440 800
1692450 800
1692460 799
1692470 799
1692480 799
1692490 798
1692500 798
1692510 798
1692520 797
1692530 796
1692540 796
1692550 795
1692560 795
1692570 794
1692580 793
1692590 793
1692600 792
1692610 791
1692620 790
1692630 788
1692640 786
1692650 785
1692660 783
1692670 782
1692680 782
1692690 781
1692700 780
1692710 780
1692720 779
1692730 778
1692740 778
1692750 777
1692760 776
1692770 775
1692780 774
1692790 774
1692800 774
1692810 774
1692820 773
1692830 773
1692840 773
1692850 773
1692860 773
1692870 773
1692880 773
1692890 773
1692900 774
1692910 775
1692920 776
1692930 778
1692940 779
1692950 781
1692960 782
1692970 783
1692980 785
1692990 786
1693000 786
1693010 787
1693020 788
1693030 788
1693040 789
1693050 789
1693060 790
1693070 791
1693080 791
1693090 792
1693100 792
1693110 793
1693120 794
1693130 795
1693140 795
1693150 796
1693160 797
1693170 797
1693180 798
1693190 798
1693200 799
1693210 799
1693220 800
1693230 800
1693240 800
1693250 801
1693260 801
1693270 802
1693280 802
1693290 803
1693300 803
1693310 803
1693320 804
1693330 804
1693340 804
1693350 805
1693360 805
1693370 805
1693380 806
1693390 806
1693400 806
1693410 807
1693420 807
1693430 807
1693440 808
1693450 808
1693460 808
1693470 808
1693480 808
1693490 809
1693500 809
1693510 809
1693520 809
1693530 810
1693540 810
1693550 810
1693560 810
1693570 811
1693580 811
1693590 811
1693600 812
1693610 812
1693620 812
1693630 812
1693640 813
1693650 813
1693660 813
1693670 813
1693680 814
1693690 814
1693700 815
1693710 815
1693720 815
1693730 816
1693740 816
1693750 817
1693760 817
1693770 817
1693780 817
1693790 818
1693800 818
1693810 818
1693820 819
1693830 819
1693840 820
1693850 820
1693860 820
1693870 820
1693880 820
1693890 821
1693900 821
1693910 821
1693920 821
1693930 821
1693940 821
1693950 821
1693960 821
1693970 821
1693980 821
1693990 821
1694000 821
1694010 821
1694020 821
1694030 821
1694040 821
1694050 821
1694060 821
1694070 821
1694080 821
1694090 821
1694100 822
1694110 823
1694120 823
1694130 824
1694140 824
1694150 825
1694160 826
1694170 826
1694180 827
1694190 827
1694200 828
1694210 828
1694220 829
1694230 830
1694240 830
1694250 831
1694260 831
1694270 832
1694280 833
1694290 833
1694300 834
1694310 835
1694320 836
1694330 837
1694340 837
1694350 838
1694360 839
1694370 840
1694380 840
1694390 841
1694400 841
1694410 842
1694420 842
1694430 843
1694440 844
1694450 845
1694460 845
1694470 846
1694480 847
1694490 847
1694500 848
1694510 849
1694520 850
1694530 851
1694540 852
1694550 853
1694560 854
1694570 854
1694580 855
1694590 856
1694600 857
1694610 858
1694620 859
1694630 859
1694640 860
1694650 860
1694660 861
1694670 862
1694680 862
1694690 863
1694700 863
1694710 864
1694720 864
1694730 864
1694740 865
1694750 865
1694760 865
1694770 865
1694780 865
1694790 865
1694800 865
1694810 865
1694820 865
1694830 865
1694840 865
1694850 865
1694860 865
1694870 866
1694880 866
1694890 866
1694900 866
1694910 866
1694920 865
1694930 865
1694940 865
1694950 865
1694960 865
1694970 865
1694980 865
1694990 865
1695000 865
1695010 865
1695020 865
1695030 864
1695040 864
1695050 864
1695060 864
1695070 863
1695080 863
1695090 863
1695100 862
1695110 862
1695120 861
1695130 861
1695140 860
1695150 860
1695160 859
1695170 859
1695180 858
1695190 858
1695200 858
1695210 857
1695220 857
1695230 857
1695240 858
1695250 858
1695260 858
1695270 859
1695280 859
1695290 859
1695300 859
1695310 860
1695320 860
1695330 860
1695340 860
1695350 860
1695360 860
1695370 861
1695380 861
1695390 861
1695400 862
1695410 862
1695420 862
1695430 862
1695440 863
1695450 863
1695460 863
1695470 863
1695480 863
1695490 863
1695500 863
1695510 863
1695520 863
1695530 863
1695540 863
1695550 863
1695560 863
1695570 863
1695580 863
1695590 863
1695600 863
1695610 863
1695620 862
1695630 862
1695640 862
1695650 861
1695660 861
1695670 861
1695680 860
1695690 860
1695700 860
1695710 860
1695720 860
1695730 860
1695740 860
1695750 860
1695760 860
1695770 860
1695780 860
1695790 860
1695800 860
1695810 860
1695820 860
1695830 861
1695840 861
1695850 861
1695860 861
1695870 861
1695880 861
1695890 861
1695900 861
1695910 861
1695920 861
1695930 862
1695940 862
1695950 862
1695960 862
1695970 862
1695980 862
1695990 862
1696000 862
1696010 862
1696020 862
1696030 863
1696040 863
1696050 863
1696060 863
1696070 863
1696080 863
1696090 863
1696100 863
1696110 864
1696120 864
1696130 864
1696140 864
1696150 864
1696160 864
1696170 864
1696180 864
1696190 864
1696200 864
1696210 864
1696220 864
1696230 864
1696240 864
1696250 864
1696260 864
1696270 864
1696280 863
1696290 863
1696300 863
1696310 863
1696320 863
1696330 863
1696340 863
1696350 863
1696360 863
1696370 863
1696380 863
1696390 863
1696400 863
1696410 863
1696420 863
1696430 863
1696440 863
1696450 863
1696460 863
1696470 863
1696480 863
1696490 863
1696500 863
1696510 863
1696520 863
1696530 863
1696540 863
1696550 863
1696560 863
1696570 863
1696580 863
1696590 863
1696600 863
1696610 863
1696620 863
1696630 863
1696640 863
1696650 863
1696660 863
1696670 863
1696680 863
1696690 862
1696700 862
1696710 862
1696720 862
1696730 862
1696740 862
1696750 862
1696760 861
1696770 861
1696780 861
1696790 861
1696800 861
1696810 860
1696820 860
1696830 860
1696840 859
1696850 859
1696860 859
1696870 859
1696880 858
1696890 858
1696900 857
1696910 857
1696920 857
1696930 856
1696940 856
1696950 855
1696960 855
1696970 855
1696980 854
1696990 854
1697000 853
1697010 852
1697020 852
1697030 852
1697040 851
1697050 850
1697060 850
1697070 849
1697080 849
1697090 848
1697100 848
1697110 847
1697120 846
1697130 845
1697140 844
1697150 843
1697160 841
1697170 840
1697180 838
1697190 837
1697200 836
1697210 834
1697220 833
1697230 833
1697240 832
1697250 831
1697260 831
1697270 830
1697280 829
1697290 829
1697300 828
1697310 828
1697320 827
1697330 826
1697340 826
1697350 825
1697360 825
1697370 824
1697380 824
1697390 823
1697400 822
1697410 821
1697420 821
1697430 820
1697440 819
1697450 819
1697460 819
1697470 818
1697480 818
1697490 817
1697500 817
1697510 816
1697520 815
1697530 815
1697540 814
1697550 814
1697560 813
1697570 812
1697580 812
1697590 811
1697600 810
1697610 809
1697620 808
1697630 807
1697640 806
1697650 805
1697660 805
1697670 804
1697680 803
1697690 802
1697700 800
1697710 800
1697720 799
1697730 798
1697740 797
1697750 796
1697760 794
1697770 793
1697780 791
1697790 790
1697800 788
1697810 787
1697820 785
1697830 783
1697840 782
1697850 781
1697860 781
1697870 780
1697880 780
1697890 780
1697900 779
1697910 780
1697920 780
1697930 781
1697940 782
1697950 784
1697960 786
1697970 788
1697980 791
1697990 793
1698000 795
1698010 797
1698020 800
1698030 803
1698040 805
1698050 807
1698060 809
1698070 810
1698080 811
1698090 813
1698100 814
1698110 814
1698120 815
1698130 816
1698140 816
1698150 816
1698160 816
1698170 816
1698180 816
1698190 816
1698200 816
1698210 816
1698220 816
1698230 816
1698240 816
1698250 816
1698260 816
1698270 816
1698280 816
1698290 816
1698300 816
1698310 816
1698320 816
1698330 816
1698340 816
1698350 816
1698360 816
1698370 816
1698380 816
1698390 816
1698400 816
1698410 816
1698420 816
1698430 816
1698440 816
1698450 816
1698460 816
1698470 816
1698480 816
1698490 816
1698500 816
1698510 816
1698520 815
1698530 815
1698540 815
1698550 815
1698560 815
1698570 815
1698580 815
1698590 814
1698600 814
1698610 814
1698620 814
1698630 814
1698640 813
1698650 813
1698660 813
1698670 812
1698680 812
1698690 812
1698700 811
1698710 811
1698720 811
1698730 810
1698740 810
1698750 810
1698760 809
1698770 809
1698780 809
1698790 809
1698800 809
1698810 809
1698820 808
1698830 808
1698840 808
1698850 808
1698860 808
1698870 808
1698880 807
1698890 807
1698900 807
1698910 807
1698920 808
1698930 808
1698940 808
1698950 809
1698960 809
1698970 809
1698980 810
1698990 810
1699000 810
1699010 811
1699020 811
1699030 811
1699040 811
1699050 811
1699060 812
1699070 812
1699080 812
1699090 812
1699100 812
1699110 812
1699120 812
1699130 812
1699140 812
1699150 812
1699160 812
1699170 812
1699180 812
1699190 812
1699200 812
1699210 811
1699220 811
1699230 811
1699240 811
1699250 811
1699260 811
1699270 811
1699280 811
1699290 811
1699300 810
1699310 810
1699320 810
1699330 810
1699340 811
1699350 811
1699360 811
1699370 811
1699380 812
1699390 812
1699400 812
1699410 813
1699420 813
1699430 813
1699440 814
1699450 814
1699460 814
1699470 815
1699480 815
1699490 815
1699500 815
1699510 816
1699520 816
1699530 816
1699540 816
1699550 817
1699560 817
1699570 818
1699580 818
1699590 818
1699600 819
1699610 819
1699620 819
1699630 819
1699640 820
1699650 820
1699660 820
1699670 820
1699680 821
1699690 821
1699700 821
1699710 821
1699720 821
1699730 822
1699740 822
1699750 822
1699760 822
1699770 822
1699780 822
1699790 822
1699800 822
1699810 822
1699820 822
1699830 822
1699840 822
1699850 822
1699860 822
1699870 822
1699880 821
1699890 821
1699900 821
1699910 821
1699920 821
1699930 820
1699940 820
1699950 820
1699960 819
1699970 819
1699980 819
1699990 819
