1680000 810
1680010 810
1680020 810
1680030 810
1680040 811
1680050 810
1680060 810
1680070 811
1680080 811
1680090 811
1680100 811
1680110 812
1680120 812
1680130 812
1680140 812
1680150 812
1680160 813
1680170 813
1680180 813
1680190 813
1680200 813
1680210 813
1680220 813
1680230 814
1680240 815
1680250 816
1680260 816
1680270 817
1680280 818
1680290 818
1680300 819
1680310 820
1680320 820
1680330 821
1680340 822
1680350 822
1680360 823
1680370 823
1680380 823
1680390 824
1680400 824
1680410 824
1680420 825
1680430 825
1680440 826
1680450 827
1680460 828
1680470 828
1680480 829
1680490 830
1680500 830
1680510 831
1680520 832
1680530 833
1680540 833
1680550 834
1680560 834
1680570 835
1680580 835
1680590 836
1680600 836
1680610 837
1680620 837
1680630 837
1680640 837
1680650 837
1680660 838
1680670 838
1680680 838
1680690 839
1680700 839
1680710 840
1680720 840
1680730 840
1680740 841
1680750 841
1680760 841
1680770 841
1680780 842
1680790 842
1680800 842
1680810 842
1680820 842
1680830 842
1680840 843
1680850 843
1680860 843
1680870 844
1680880 844
1680890 844
1680900 844
1680910 845
1680920 845
1680930 845
1680940 845
1680950 845
1680960 845
1680970 845
1680980 846
1680990 846
1681000 846
1681010 846
1681020 846
1681030 847
1681040 847
1681050 847
1681060 847
1681070 847
1681080 847
1681090 847
1681100 847
1681110 847
1681120 847
1681130 848
1681140 848
1681150 848
1681160 848
1681170 848
1681180 848
1681190 848
1681200 848
1681210 848
1681220 848
1681230 848
1681240 848
1681250 848
1681260 848
1681270 848
1681280 848
1681290 848
1681300 849
1681310 849
1681320 849
1681330 850
1681340 850
1681350 851
1681360 851
1681370 851
1681380 852
1681390 852
1681400 852
1681410 853
1681420 853
1681430 854
1681440 854
1681450 854
1681460 855
1681470 855
1681480 856
1681490 856
1681500 857
1681510 858
1681520 859
1681530 859
1681540 860
1681550 861
1681560 862
1681570 862
1681580 863
1681590 864
1681600 864
1681610 865
1681620 866
1681630 867
1681640 867
1681650 868
1681660 869
1681670 870
1681680 871
1681690 872
1681700 873
1681710 874
1681720 875
1681730 876
1681740 876
1681750 877
1681760 878
1681770 879
1681780 880
1681790 881
1681800 882
1681810 883
1681820 884
1681830 885
1681840 887
1681850 888
1681860 889
1681870 891
1681880 892
1681890 893
1681900 894
1681910 896
1681920 897
1681930 898
1681940 899
1681950 900
1681960 900
1681970 901
1681980 901
1681990 902
1682000 902
1682010 903
1682020 904
1682030 905
1682040 906
1682050 907
1682060 907
1682070 907
1682080 907
1682090 907
1682100 907
1682110 907
1682120 907
1682130 906
1682140 905
1682150 904
1682160 903
1682170 902
1682180 901
1682190 901
1682200 900
1682210 900
1682220 900
1682230 900
1682240 900
1682250 900
1682260 900
1682270 900
1682280 900
1682290 900
1682300 900
1682310 900
1682320 900
1682330 900
1682340 900
1682350 900
1682360 901
1682370 901
1682380 901
1682390 901
1682400 901
1682410 901
1682420 901
1682430 901
1682440 901
1682450 901
1682460 901
1682470 901
1682480 901
1682490 900
1682500 900
1682510 899
1682520 899
1682530 899
1682540 899
1682550 899
1682560 898
1682570 898
1682580 898
1682590 898
1682600 898
1682610 898
1682620 897
1682630 896
1682640 896
1682650 895
1682660 895
1682670 894
1682680 894
1682690 893
1682700 893
1682710 892
1682720 891
1682730 891
1682740 890
1682750 890
1682760 889
1682770 888
1682780 888
1682790 887
1682800 887
1682810 887
1682820 886
1682830 885
1682840 884
1682850 883
1682860 883
1682870 882
1682880 882
1682890 881
1682900 880
1682910 880
1682920 880
1682930 879
1682940 879
1682950 878
1682960 877
1682970 876
1682980 876
1682990 875
1683000 875
1683010 874
1683020 873
1683030 873
1683040 872
1683050 872
1683060 872
1683070 871
1683080 871
1683090 871
1683100 871
1683110 871
1683120 871
1683130 871
1683140 869
1683150 869
1683160 869
1683170 868
1683180 868
1683190 868
1683200 868
1683210 868
1683220 868
1683230 868
1683240 868
1683250 868
1683260 868
1683270 867
1683280 867
1683290 867
1683300 867
1683310 867
1683320 867
1683330 867
1683340 867
1683350 866
1683360 865
1683370 865
1683380 865
1683390 864
1683400 864
1683410 863
1683420 863
1683430 863
1683440 862
1683450 862
1683460 862
1683470 862
1683480 861
1683490 861
1683500 861
1683510 861
1683520 861
1683530 860
1683540 860
1683550 860
1683560 860
1683570 860
1683580 860
1683590 860
1683600 860
1683610 859
1683620 859
1683630 859
1683640 859
1683650 858
1683660 858
1683670 857
1683680 856
1683690 856
1683700 855
1683710 854
1683720 854
1683730 853
1683740 852
1683750 852
1683760 851
1683770 850
1683780 850
1683790 849
1683800 849
1683810 848
1683820 847
1683830 847
1683840 846
1683850 846
1683860 845
1683870 845
1683880 844
1683890 843
1683900 843
1683910 842
1683920 842
1683930 841
1683940 840
1683950 840
1683960 839
1683970 838
1683980 837
1683990 836
1684000 835
1684010 834
1684020 833
1684030 833
1684040 832
1684050 831
1684060 830
1684070 830
1684080 829
1684090 829
1684100 829
1684110 829
1684120 829
1684130 829
1684140 828
1684150 828
1684160 829
1684170 829
1684180 830
1684190 831
1684200 832
1684210 833
1684220 834
1684230 834
1684240 835
1684250 836
1684260 837
1684270 839
1684280 840
1684290 841
1684300 842
1684310 843
1684320 844
1684330 845
1684340 846
1684350 848
1684360 848
1684370 849
1684380 850
1684390 851
1684400 852
1684410 852
1684420 853
1684430 853
1684440 853
1684450 854
1684460 853
1684470 853
1684480 853
1684490 853
1684500 853
1684510 852
1684520 852
1684530 851
1684540 850
1684550 850
1684560 849
1684570 848
1684580 848
1684590 847
1684600 846
1684610 846
1684620 845
1684630 845
1684640 844
1684650 844
1684660 843
1684670 843
1684680 842
1684690 841
1684700 841
1684710 841
1684720 840
1684730 840
1684740 839
1684750 839
1684760 838
1684770 838
1684780 837
1684790 837
1684800 836
1684810 836
1684820 836
1684830 835
1684840 835
1684850 835
1684860 834
1684870 834
1684880 833
1684890 833
1684900 833
1684910 832
1684920 832
1684930 832
1684940 831
1684950 831
1684960 830
1684970 830
1684980 830
1684990 829
1685000 829
1685010 829
1685020 828
1685030 828
1685040 828
1685050 827
1685060 827
1685070 827
1685080 826
1685090 826
1685100 826
1685110 825
1685120 825
1685130 825
1685140 825
1685150 824
1685160 824
1685170 824
1685180 824
1685190 823
1685200 823
1685210 823
1685220 822
1685230 822
1685240 822
1685250 822
1685260 821
1685270 821
1685280 821
1685290 821
1685300 821
1685310 820
1685320 820
1685330 820
1685340 820
1685350 820
1685360 820
1685370 819
1685380 819
1685390 819
1685400 819
1685410 819
1685420 819
1685430 818
1685440 818
1685450 818
1685460 818
1685470 818
1685480 818
1685490 818
1685500 818
1685510 818
1685520 818
1685530 817
1685540 817
1685550 817
1685560 817
1685570 817
1685580 817
1685590 817
1685600 817
1685610 817
1685620 817
1685630 817
1685640 817
1685650 817
1685660 816
1685670 816
1685680 816
1685690 816
1685700 816
1685710 816
1685720 816
1685730 816
1685740 816
1685750 816
1685760 816
1685770 816
1685780 815
1685790 815
1685800 815
1685810 815
1685820 815
1685830 815
1685840 815
1685850 815
1685860 814
1685870 814
1685880 814
1685890 813
1685900 813
1685910 813
1685920 813
1685930 813
1685940 812
1685950 812
1685960 812
1685970 812
1685980 812
1685990 812
1686000 812
1686010 812
1686020 812
1686030 811
1686040 811
1686050 811
1686060 811
1686070 811
1686080 811
1686090 811
1686100 811
1686110 811
1686120 810
1686130 810
1686140 810
1686150 810
1686160 810
1686170 810
1686180 810
1686190 810
1686200 810
1686210 810
1686220 809
1686230 809
1686240 809
1686250 809
1686260 809
1686270 809
1686280 809
1686290 809
1686300 809
1686310 809
1686320 809
1686330 809
1686340 809
1686350 809
1686360 808
1686370 808
1686380 808
1686390 808
1686400 808
1686410 808
1686420 808
1686430 808
1686440 808
1686450 808
1686460 808
1686470 808
1686480 808
1686490 808
1686500 807
1686510 807
1686520 807
1686530 807
1686540 807
1686550 807
1686560 807
1686570 807
1686580 807
1686590 806
1686600 806
1686610 806
1686620 806
1686630 806
1686640 806
1686650 806
1686660 806
1686670 806
1686680 805
1686690 805
1686700 805
1686710 805
1686720 805
1686730 805
1686740 805
1686750 805
1686760 805
1686770 805
1686780 805
1686790 805
1686800 805
1686810 805
1686820 805
1686830 805
1686840 805
1686850 805
1686860 805
1686870 805
1686880 805
1686890 805
1686900 806
1686910 806
1686920 806
1686930 806
1686940 806
1686950 806
1686960 806
1686970 807
1686980 807
1686990 807
1687000 808
1687010 808
1687020 808
1687030 809
1687040 809
1687050 810
1687060 810
1687070 810
1687080 811
1687090 811
1687100 812
1687110 812
1687120 812
1687130 812
1687140 813
1687150 813
1687160 813
1687170 813
1687180 814
1687190 814
1687200 814
1687210 814
1687220 814
1687230 814
1687240 814
1687250 814
1687260 814
1687270 814
1687280 814
1687290 813
1687300 813
1687310 813
1687320 813
1687330 813
1687340 813
1687350 813
1687360 813
1687370 813
1687380 813
1687390 813
1687400 813
1687410 813
1687420 813
1687430 813
1687440 813
1687450 813
1687460 813
1687470 813
1687480 813
1687490 813
1687500 813
1687510 813
1687520 813
1687530 813
1687540 814
1687550 814
1687560 814
1687570 814
1687580 814
1687590 814
1687600 814
1687610 814
1687620 814
1687630 814
1687640 814
1687650 814
1687660 815
1687670 815
1687680 815
1687690 815
1687700 815
1687710 815
1687720 815
1687730 815
1687740 815
1687750 815
1687760 815
1687770 816
1687780 816
1687790 816
1687800 816
1687810 816
1687820 816
1687830 816
1687840 816
1687850 816
1687860 816
1687870 816
1687880 816
1687890 816
1687900 816
1687910 816
1687920 816
1687930 816
1687940 816
1687950 816
1687960 817
1687970 817
1687980 817
1687990 817
1688000 817
1688010 817
1688020 817
1688030 817
1688040 817
1688050 817
1688060 817
1688070 817
1688080 817
1688090 817
1688100 817
1688110 817
1688120 817
1688130 817
1688140 817
1688150 817
1688160 816
1688170 816
1688180 816
1688190 816
1688200 816
1688210 816
1688220 816
1688230 816
1688240 816
1688250 816
1688260 815
1688270 815
1688280 815
1688290 815
1688300 815
1688310 815
1688320 815
1688330 815
1688340 814
1688350 814
1688360 814
1688370 814
1688380 814
1688390 814
1688400 814
1688410 814
1688420 813
1688430 813
1688440 813
1688450 813
1688460 813
1688470 813
1688480 813
1688490 813
1688500 813
1688510 813
1688520 813
1688530 813
1688540 813
1688550 813
1688560 813
1688570 813
1688580 813
1688590 814
1688600 814
1688610 814
1688620 814
1688630 814
1688640 814
1688650 814
1688660 814
1688670 814
1688680 815
1688690 814
1688700 814
1688710 814
1688720 814
1688730 814
1688740 814
1688750 814
1688760 814
1688770 814
1688780 814
1688790 814
1688800 814
1688810 814
1688820 814
1688830 814
1688840 814
1688850 814
1688860 814
1688870 814
1688880 814
1688890 814
1688900 814
1688910 814
1688920 814
1688930 813
1688940 813
1688950 813
1688960 813
1688970 813
1688980 813
1688990 812
1689000 812
1689010 812
1689020 811
1689030 809
1689040 805
1689050 804
1689060 805
1689070 809
1689080 810
1689090 810
1689100 810
1689110 809
1689120 808
1689130 808
1689140 807
1689150 806
1689160 805
1689170 804
1689180 803
1689190 802
1689200 801
1689210 799
1689220 798
1689230 796
1689240 795
1689250 794
1689260 792
1689270 790
1689280 788
1689290 786
1689300 785
1689310 784
1689320 784
1689330 784
1689340 783
1689350 783
1689360 783
1689370 783
1689380 784
1689390 784
1689400 784
1689410 784
1689420 784
1689430 784
1689440 784
1689450 784
1689460 784
1689470 784
1689480 784
1689490 785
1689500 784
1689510 784
1689520 784
1689530 784
1689540 784
1689550 784
1689560 784
1689570 784
1689580 784
1689590 784
1689600 784
1689610 784
1689620 785
1689630 785
1689640 785
1689650 786
1689660 787
1689670 787
1689680 788
1689690 788
1689700 788
1689710 788
1689720 789
1689730 789
1689740 789
1689750 790
1689760 790
1689770 790
1689780 791
1689790 791
1689800 791
1689810 792
1689820 792
1689830 793
1689840 793
1689850 793
1689860 793
1689870 793
1689880 794
1689890 794
1689900 794
1689910 795
1689920 795
1689930 796
1689940 796
1689950 797
1689960 797
1689970 798
1689980 798
1689990 798
1690000 799
1690010 799
1690020 799
1690030 800
1690040 801
1690050 801
1690060 802
1690070 802
1690080 803
1690090 803
1690100 803
1690110 804
1690120 804
1690130 805
1690140 806
1690150 806
1690160 807
1690170 807
1690180 808
1690190 808
1690200 809
1690210 809
1690220 810
1690230 811
1690240 811
1690250 812
1690260 813
1690270 813
1690280 814
1690290 815
1690300 815
1690310 816
1690320 817
1690330 817
1690340 818
1690350 819
1690360 820
1690370 820
1690380 821
1690390 822
1690400 822
1690410 823
1690420 824
1690430 825
1690440 826
1690450 827
1690460 827
1690470 828
1690480 829
1690490 830
1690500 831
1690510 832
1690520 833
1690530 834
1690540 835
1690550 835
1690560 836
1690570 837
1690580 838
1690590 839
1690600 839
1690610 840
1690620 840
1690630 841
1690640 842
1690650 843
1690660 843
1690670 844
1690680 844
1690690 844
1690700 845
1690710 845
1690720 845
1690730 845
1690740 846
1690750 846
1690760 846
1690770 846
1690780 846
1690790 846
1690800 846
1690810 846
1690820 846
1690830 846
1690840 846
1690850 846
1690860 846
1690870 846
1690880 846
1690890 846
1690900 846
1690910 846
1690920 846
1690930 846
1690940 846
1690950 845
1690960 845
1690970 845
1690980 845
1690990 845
1691000 845
1691010 845
1691020 845
1691030 845
1691040 844
1691050 844
1691060 844
1691070 844
1691080 844
1691090 844
1691100 844
1691110 844
1691120 844
1691130 844
1691140 844
1691150 844
1691160 844
1691170 844
1691180 844
1691190 844
1691200 845
1691210 845
1691220 845
1691230 845
1691240 846
1691250 846
1691260 846
1691270 847
1691280 847
1691290 847
1691300 848
1691310 848
1691320 848
1691330 849
1691340 849
1691350 849
1691360 849
1691370 850
1691380 851
1691390 851
1691400 852
1691410 852
1691420 851
1691430 851
1691440 851
1691450 851
1691460 850
1691470 850
1691480 850
1691490 850
1691500 850
1691510 850
1691520 849
1691530 849
1691540 849
1691550 849
1691560 849
1691570 849
1691580 849
1691590 849
1691600 849
1691610 849
1691620 849
1691630 849
1691640 849
1691650 849
1691660 849
1691670 848
1691680 848
1691690 847
1691700 847
1691710 846
1691720 845
1691730 845
1691740 844
1691750 844
1691760 843
1691770 843
1691780 842
1691790 842
1691800 841
1691810 840
1691820 840
1691830 839
1691840 838
1691850 837
1691860 836
1691870 836
1691880 835
1691890 834
1691900 834
1691910 833
1691920 832
1691930 832
1691940 831
1691950 831
1691960 830
1691970 829
1691980 829
1691990 828
1692000 827
1692010 826
1692020 826
1692030 825
1692040 824
1692050 823
1692060 822
1692070 821
1692080 819
1692090 818
1692100 817
1692110 816
1692120 815
1692130 814
1692140 813
1692150 812
1692160 811
1692170 811
1692180 810
1692190 809
1692200 809
1692210 808
1692220 807
1692230 807
1692240 806
1692250 806
1692260 805
1692270 804
1692280 804
1692290 803
1692300 803
1692310 802
1692320 802
1692330 801
1692340 801
1692350 801
1692360 800
1692370 800
1692380 799
1692390 799
1692400 798
1692410 798
1692420 798
1692430 797
1692440 797
1692450 797
1692460 796
1692470 796
1692480 796
1692490 795
1692500 795
1692510 795
1692520 794
1692530 794
1692540 794
1692550 793
1692560 793
1692570 792
1692580 791
1692590 790
1692600 789
1692610 788
1692620 787
1692630 786
1692640 784
1692650 783
1692660 782
1692670 782
1692680 781
1692690 780
1692700 780
1692710 780
1692720 780
1692730 780
1692740 780
1692750 781
1692760 781
1692770 784
1692780 787
1692790 790
1692800 793
1692810 795
1692820 798
1692830 800
1692840 801
1692850 803
1692860 805
1692870 806
1692880 808
1692890 809
1692900 810
1692910 811
1692920 812
1692930 812
1692940 813
1692950 814
1692960 814
1692970 815
1692980 815
1692990 816
1693000 817
1693010 817
1693020 818
1693030 818
1693040 819
1693050 820
1693060 820
1693070 821
1693080 821
1693090 822
1693100 822
1693110 823
1693120 824
1693130 824
1693140 825
1693150 826
1693160 827
1693170 827
1693180 828
1693190 829
1693200 830
1693210 831
1693220 832
1693230 833
1693240 834
1693250 835
1693260 835
1693270 836
1693280 837
1693290 838
1693300 838
1693310 839
1693320 840
1693330 840
1693340 841
1693350 842
1693360 843
1693370 845
1693380 847
1693390 849
1693400 850
1693410 852
1693420 854
1693430 856
1693440 859
1693450 860
1693460 862
1693470 862
1693480 862
1693490 862
1693500 862
1693510 862
1693520 863
1693530 863
1693540 863
1693550 862
1693560 861
1693570 861
1693580 860
1693590 859
1693600 859
1693610 858
1693620 857
1693630 857
1693640 856
1693650 855
1693660 854
1693670 854
1693680 853
1693690 852
1693700 852
1693710 851
1693720 850
1693730 850
1693740 849
1693750 848
1693760 848
1693770 847
1693780 847
1693790 846
1693800 846
1693810 845
1693820 845
1693830 844
1693840 844
1693850 843
1693860 843
1693870 842
1693880 842
1693890 842
1693900 841
1693910 841
1693920 841
1693930 840
1693940 840
1693950 839
1693960 839
1693970 838
1693980 838
1693990 838
1694000 837
1694010 837
1694020 837
1694030 837
1694040 837
1694050 837
1694060 837
1694070 837
1694080 837
1694090 837
1694100 837
1694110 837
1694120 837
1694130 837
1694140 837
1694150 838
1694160 838
1694170 838
1694180 838
1694190 838
1694200 838
1694210 838
1694220 837
1694230 837
1694240 837
1694250 837
1694260 838
1694270 838
1694280 838
1694290 838
1694300 838
1694310 839
1694320 839
1694330 840
1694340 840
1694350 841
1694360 841
1694370 842
1694380 842
1694390 842
1694400 842
1694410 842
1694420 843
1694430 843
1694440 844
1694450 844
1694460 845
1694470 845
1694480 846
1694490 846
1694500 847
1694510 847
1694520 848
1694530 848
1694540 849
1694550 850
1694560 850
1694570 850
1694580 851
1694590 851
1694600 852
1694610 852
1694620 853
1694630 853
1694640 853
1694650 854
1694660 855
1694670 855
1694680 856
1694690 857
1694700 857
1694710 858
1694720 859
1694730 859
1694740 860
1694750 861
1694760 862
1694770 863
1694780 864
1694790 864
1694800 865
1694810 866
1694820 867
1694830 867
1694840 868
1694850 869
1694860 870
1694870 870
1694880 869
1694890 869
1694900 869
1694910 869
1694920 868
1694930 868
1694940 868
1694950 868
1694960 867
1694970 867
1694980 867
1694990 867
1695000 866
1695010 866
1695020 866
1695030 866
1695040 866
1695050 866
1695060 866
1695070 866
1695080 865
1695090 865
1695100 865
1695110 865
1695120 865
1695130 865
1695140 865
1695150 866
1695160 866
1695170 866
1695180 866
1695190 866
1695200 866
1695210 866
1695220 866
1695230 866
1695240 867
1695250 867
1695260 867
1695270 867
1695280 867
1695290 867
1695300 867
1695310 868
1695320 868
1695330 868
1695340 868
1695350 868
1695360 868
1695370 868
1695380 868
1695390 868
1695400 868
1695410 868
1695420 869
1695430 869
1695440 869
1695450 869
1695460 869
1695470 869
1695480 869
1695490 869
1695500 869
1695510 869
1695520 869
1695530 868
1695540 868
1695550 868
1695560 868
1695570 868
1695580 868
1695590 867
1695600 867
1695610 867
1695620 867
1695630 867
1695640 867
1695650 867
1695660 867
1695670 867
1695680 867
1695690 867
1695700 867
1695710 866
1695720 866
1695730 866
1695740 866
1695750 866
1695760 867
1695770 867
1695780 867
1695790 867
1695800 867
1695810 867
1695820 867
1695830 867
1695840 867
1695850 867
1695860 867
1695870 867
1695880 867
1695890 867
1695900 867
1695910 867
1695920 867
1695930 867
1695940 867
1695950 867
1695960 867
1695970 867
1695980 867
1695990 867
1696000 867
1696010 867
1696020 867
1696030 868
1696040 868
1696050 868
1696060 868
1696070 868
1696080 868
1696090 868
1696100 868
1696110 868
1696120 869
1696130 869
1696140 869
1696150 869
1696160 869
1696170 869
1696180 870
1696190 870
1696200 870
1696210 871
1696220 871
1696230 871
1696240 871
1696250 872
1696260 872
1696270 872
1696280 873
1696290 873
1696300 873
1696310 874
1696320 874
1696330 874
1696340 875
1696350 875
1696360 875
1696370 875
1696380 876
1696390 876
1696400 877
1696410 877
1696420 877
1696430 878
1696440 878
1696450 878
1696460 879
1696470 879
1696480 879
1696490 880
1696500 880
1696510 880
1696520 881
1696530 881
1696540 881
1696550 882
1696560 883
1696570 885
1696580 887
1696590 888
1696600 888
1696610 886
1696620 885
1696630 883
1696640 882
1696650 881
1696660 881
1696670 880
1696680 879
1696690 878
1696700 878
1696710 877
1696720 876
1696730 875
1696740 874
1696750 873
1696760 872
1696770 872
1696780 871
1696790 870
1696800 869
1696810 868
1696820 867
1696830 865
1696840 864
1696850 863
1696860 862
1696870 861
1696880 860
1696890 859
1696900 858
1696910 857
1696920 856
1696930 855
1696940 854
1696950 854
1696960 853
1696970 853
1696980 852
1696990 851
1697000 850
1697010 849
1697020 848
1697030 848
1697040 847
1697050 846
1697060 846
1697070 845
1697080 844
1697090 843
1697100 842
1697110 842
1697120 841
1697130 840
1697140 839
1697150 837
1697160 836
1697170 835
1697180 835
1697190 834
1697200 833
1697210 832
1697220 831
1697230 830
1697240 829
1697250 829
1697260 828
1697270 827
1697280 826
1697290 825
1697300 824
1697310 822
1697320 819
1697330 817
1697340 815
1697350 814
1697360 814
1697370 814
1697380 813
1697390 813
1697400 812
1697410 812
1697420 811
1697430 810
1697440 808
1697450 807
1697460 805
1697470 803
1697480 801
1697490 800
1697500 798
1697510 797
1697520 796
1697530 796
1697540 796
1697550 795
1697560 795
1697570 795
1697580 796
1697590 796
1697600 797
1697610 799
1697620 800
1697630 802
1697640 804
1697650 806
1697660 808
1697670 809
1697680 811
1697690 813
1697700 815
1697710 817
1697720 819
1697730 821
1697740 822
1697750 822
1697760 823
1697770 823
1697780 822
1697790 822
1697800 822
1697810 821
1697820 821
1697830 820
1697840 820
1697850 819
1697860 818
1697870 817
1697880 815
1697890 814
1697900 813
1697910 811
1697920 810
1697930 809
1697940 807
1697950 805
1697960 804
1697970 803
1697980 802
1697990 802
1698000 801
1698010 800
1698020 800
1698030 799
1698040 798
1698050 797
1698060 798
1698070 798
1698080 799
1698090 800
1698100 800
1698110 801
1698120 801
1698130 802
1698140 803
1698150 804
1698160 805
1698170 805
1698180 806
1698190 807
1698200 808
1698210 809
1698220 809
1698230 810
1698240 811
1698250 812
1698260 813
1698270 814
1698280 815
1698290 816
1698300 818
1698310 819
1698320 820
1698330 821
1698340 822
1698350 822
1698360 823
1698370 824
1698380 825
1698390 825
1698400 827
1698410 827
1698420 828
1698430 829
1698440 829
1698450 830
1698460 830
1698470 831
1698480 831
1698490 831
1698500 831
1698510 831
1698520 831
1698530 831
1698540 831
1698550 831
1698560 830
1698570 830
1698580 830
1698590 830
1698600 830
1698610 830
1698620 830
1698630 830
1698640 830
1698650 830
1698660 830
1698670 830
1698680 830
1698690 830
1698700 830
1698710 830
1698720 830
1698730 830
1698740 830
1698750 830
1698760 830
1698770 829
1698780 829
1698790 829
1698800 828
1698810 828
1698820 827
1698830 827
1698840 826
1698850 826
1698860 826
1698870 825
1698880 825
1698890 825
1698900 824
1698910 824
1698920 824
1698930 824
1698940 823
1698950 823
1698960 823
1698970 823
1698980 823
1698990 823
1699000 823
1699010 823
1699020 822
1699030 822
1699040 822
1699050 822
1699060 822
1699070 822
1699080 822
1699090 822
1699100 821
1699110 821
1699120 821
1699130 821
1699140 821
1699150 821
1699160 821
1699170 821
1699180 821
1699190 820
1699200 820
1699210 820
1699220 820
1699230 821
1699240 821
1699250 821
1699260 821
1699270 821
1699280 821
1699290 821
1699300 821
1699310 821
1699320 821
1699330 821
1699340 821
1699350 821
1699360 821
1699370 821
1699380 821
1699390 821
1699400 822
1699410 822
1699420 822
1699430 822
1699440 822
1699450 822
1699460 822
1699470 823
1699480 823
1699490 823
1699500 823
1699510 823
1699520 824
1699530 824
1699540 824
1699550 824
1699560 824
1699570 824
1699580 824
1699590 824
1699600 824
1699610 824
1699620 825
1699630 825
1699640 825
1699650 824
1699660 824
1699670 824
1699680 824
1699690 825
1699700 825
1699710 825
1699720 825
1699730 825
1699740 825
1699750 825
1699760 825
1699770 825
1699780 825
1699790 825
1699800 825
1699810 825
1699820 825
1699830 825
1699840 825
1699850 825
1699860 825
1699870 825
1699880 825
1699890 825
1699900 825
1699910 825
1699920 825
1699930 825
1699940 825
1699950 825
1699960 825
1699970 825
1699980 824
1699990 824
