1680000 854
1680010 854
1680020 853
1680030 852
1680040 852
1680050 851
1680060 851
1680070 850
1680080 849
1680090 849
1680100 848
1680110 847
1680120 847
1680130 846
1680140 846
1680150 845
1680160 845
1680170 843
1680180 842
1680190 841
1680200 839
1680210 837
1680220 836
1680230 835
1680240 834
1680250 833
1680260 832
1680270 831
1680280 831
1680290 830
1680300 830
1680310 829
1680320 829
1680330 828
1680340 828
1680350 828
1680360 828
1680370 827
1680380 827
1680390 827
1680400 826
1680410 826
1680420 826
1680430 826
1680440 826
1680450 826
1680460 826
1680470 826
1680480 826
1680490 826
1680500 826
1680510 826
1680520 826
1680530 827
1680540 827
1680550 827
1680560 827
1680570 827
1680580 827
1680590 827
1680600 828
1680610 828
1680620 828
1680630 828
1680640 829
1680650 829
1680660 829
1680670 829
1680680 830
1680690 830
1680700 830
1680710 830
1680720 831
1680730 831
1680740 831
1680750 831
1680760 832
1680770 832
1680780 832
1680790 833
1680800 833
1680810 833
1680820 834
1680830 834
1680840 834
1680850 834
1680860 835
1680870 835
1680880 835
1680890 835
1680900 835
1680910 836
1680920 836
1680930 836
1680940 836
1680950 836
1680960 836
1680970 835
1680980 834
1680990 833
1681000 832
1681010 831
1681020 830
1681030 830
1681040 829
1681050 829
1681060 830
1681070 830
1681080 830
1681090 831
1681100 832
1681110 832
1681120 834
1681130 837
1681140 840
1681150 843
1681160 844
1681170 846
1681180 848
1681190 850
1681200 851
1681210 852
1681220 853
1681230 854
1681240 855
1681250 856
1681260 857
1681270 857
1681280 858
1681290 859
1681300 859
1681310 859
1681320 860
1681330 860
1681340 860
1681350 860
1681360 861
1681370 861
1681380 862
1681390 862
1681400 863
1681410 863
1681420 864
1681430 864
1681440 865
1681450 865
1681460 865
1681470 865
1681480 865
1681490 866
1681500 866
1681510 867
1681520 867
1681530 867
1681540 868
1681550 868
1681560 869
1681570 869
1681580 869
1681590 869
1681600 870
1681610 870
1681620 870
1681630 870
1681640 870
1681650 870
1681660 871
1681670 871
1681680 871
1681690 871
1681700 872
1681710 872
1681720 872
1681730 873
1681740 873
1681750 873
1681760 873
1681770 874
1681780 874
1681790 875
1681800 876
1681810 878
1681820 879
1681830 880
1681840 881
1681850 882
1681860 883
1681870 884
1681880 884
1681890 884
1681900 884
1681910 883
1681920 883
1681930 882
1681940 881
1681950 881
1681960 880
1681970 880
1681980 880
1681990 880
1682000 880
1682010 880
1682020 880
1682030 881
1682040 881
1682050 881
1682060 881
1682070 881
1682080 881
1682090 881
1682100 881
1682110 882
1682120 882
1682130 882
1682140 882
1682150 882
1682160 883
1682170 883
1682180 883
1682190 884
1682200 884
1682210 884
1682220 884
1682230 884
1682240 885
1682250 885
1682260 885
1682270 885
1682280 885
1682290 886
1682300 886
1682310 886
1682320 887
1682330 887
1682340 887
1682350 887
1682360 887
1682370 887
1682380 888
1682390 888
1682400 888
1682410 888
1682420 888
1682430 888
1682440 888
1682450 888
1682460 888
1682470 889
1682480 889
1682490 889
1682500 889
1682510 889
1682520 889
1682530 889
1682540 890
1682550 890
1682560 890
1682570 890
1682580 890
1682590 890
1682600 890
1682610 891
1682620 891
1682630 891
1682640 891
1682650 891
1682660 892
1682670 892
1682680 892
1682690 893
1682700 893
1682710 893
1682720 893
1682730 893
1682740 894
1682750 894
1682760 894
1682770 894
1682780 895
1682790 895
1682800 896
1682810 897
1682820 898
1682830 898
1682840 898
1682850 898
1682860 898
1682870 898
1682880 898
1682890 897
1682900 897
1682910 898
1682920 898
1682930 898
1682940 898
1682950 897
1682960 897
1682970 897
1682980 898
1682990 898
1683000 898
1683010 898
1683020 897
1683030 896
1683040 896
1683050 895
1683060 895
1683070 895
1683080 894
1683090 894
1683100 893
1683110 893
1683120 892
1683130 892
1683140 891
1683150 891
1683160 890
1683170 889
1683180 888
1683190 888
1683200 887
1683210 886
1683220 885
1683230 884
1683240 884
1683250 883
1683260 882
1683270 881
1683280 880
1683290 879
1683300 878
1683310 878
1683320 878
1683330 878
1683340 878
1683350 878
1683360 878
1683370 878
1683380 878
1683390 878
1683400 878
1683410 878
1683420 878
1683430 878
1683440 877
1683450 876
1683460 876
1683470 875
1683480 874
1683490 874
1683500 873
1683510 873
1683520 872
1683530 871
1683540 871
1683550 870
1683560 869
1683570 868
1683580 868
1683590 867
1683600 867
1683610 866
1683620 865
1683630 865
1683640 864
1683650 864
1683660 863
1683670 863
1683680 862
1683690 862
1683700 861
1683710 861
1683720 860
1683730 859
1683740 859
1683750 858
1683760 858
1683770 857
1683780 856
1683790 856
1683800 855
1683810 855
1683820 854
1683830 854
1683840 853
1683850 853
1683860 852
1683870 852
1683880 851
1683890 851
1683900 850
1683910 850
1683920 849
1683930 848
1683940 848
1683950 848
1683960 847
1683970 847
1683980 846
1683990 846
1684000 846
1684010 845
1684020 845
1684030 845
1684040 844
1684050 844
1684060 843
1684070 843
1684080 842
1684090 842
1684100 842
1684110 841
1684120 841
1684130 841
1684140 841
1684150 841
1684160 841
1684170 841
1684180 841
1684190 841
1684200 841
1684210 841
1684220 841
1684230 841
1684240 841
1684250 842
1684260 842
1684270 842
1684280 842
1684290 842
1684300 842
1684310 842
1684320 843
1684330 843
1684340 843
1684350 844
1684360 844
1684370 844
1684380 845
1684390 845
1684400 845
1684410 846
1684420 846
1684430 847
1684440 847
1684450 848
1684460 848
1684470 849
1684480 849
1684490 850
1684500 850
1684510 851
1684520 851
1684530 851
1684540 852
1684550 852
1684560 852
1684570 852
1684580 853
1684590 853
1684600 853
1684610 853
1684620 853
1684630 853
1684640 854
1684650 854
1684660 854
1684670 854
1684680 854
1684690 854
1684700 854
1684710 854
1684720 854
1684730 853
1684740 853
1684750 853
1684760 853
1684770 853
1684780 853
1684790 852
1684800 852
1684810 852
1684820 852
1684830 852
1684840 851
1684850 851
1684860 851
1684870 850
1684880 850
1684890 849
1684900 849
1684910 849
1684920 848
1684930 848
1684940 847
1684950 847
1684960 846
1684970 846
1684980 845
1684990 845
1685000 845
1685010 844
1685020 844
1685030 844
1685040 843
1685050 843
1685060 843
1685070 842
1685080 842
1685090 842
1685100 841
1685110 841
1685120 840
1685130 840
1685140 840
1685150 839
1685160 839
1685170 839
1685180 838
1685190 838
1685200 838
1685210 838
1685220 837
1685230 837
1685240 837
1685250 836
1685260 836
1685270 836
1685280 836
1685290 835
1685300 835
1685310 834
1685320 834
1685330 834
1685340 834
1685350 834
1685360 834
1685370 833
1685380 833
1685390 833
1685400 833
1685410 833
1685420 832
1685430 832
1685440 832
1685450 832
1685460 831
1685470 831
1685480 831
1685490 831
1685500 830
1685510 830
1685520 830
1685530 830
1685540 830
1685550 829
1685560 829
1685570 829
1685580 829
1685590 829
1685600 828
1685610 828
1685620 828
1685630 828
1685640 828
1685650 828
1685660 827
1685670 827
1685680 827
1685690 827
1685700 827
1685710 827
1685720 826
1685730 826
1685740 826
1685750 826
1685760 826
1685770 826
1685780 825
1685790 825
1685800 825
1685810 824
1685820 824
1685830 824
1685840 823
1685850 823
1685860 823
1685870 822
1685880 822
1685890 822
1685900 822
1685910 821
1685920 821
1685930 821
1685940 821
1685950 821
1685960 821
1685970 821
1685980 821
1685990 821
1686000 821
1686010 821
1686020 821
1686030 821
1686040 821
1686050 821
1686060 821
1686070 821
1686080 821
1686090 821
1686100 821
1686110 821
1686120 821
1686130 821
1686140 821
1686150 821
1686160 821
1686170 821
1686180 822
1686190 822
1686200 822
1686210 822
1686220 822
1686230 822
1686240 822
1686250 822
1686260 822
1686270 822
1686280 823
1686290 823
1686300 823
1686310 823
1686320 823
1686330 823
1686340 823
1686350 824
1686360 824
1686370 824
1686380 824
1686390 824
1686400 824
1686410 825
1686420 825
1686430 825
1686440 825
1686450 825
1686460 825
1686470 825
1686480 825
1686490 825
1686500 825
1686510 826
1686520 826
1686530 826
1686540 826
1686550 826
1686560 826
1686570 826
1686580 826
1686590 826
1686600 826
1686610 826
1686620 826
1686630 826
1686640 826
1686650 826
1686660 826
1686670 826
1686680 826
1686690 826
1686700 826
1686710 826
1686720 826
1686730 826
1686740 826
1686750 826
1686760 826
1686770 826
1686780 825
1686790 825
1686800 825
1686810 825
1686820 825
1686830 825
1686840 825
1686850 825
1686860 825
1686870 825
1686880 824
1686890 824
1686900 824
1686910 824
1686920 824
1686930 824
1686940 823
1686950 823
1686960 823
1686970 823
1686980 823
1686990 823
1687000 822
1687010 822
1687020 822
1687030 822
1687040 822
1687050 822
1687060 821
1687070 821
1687080 821
1687090 821
1687100 821
1687110 820
1687120 820
1687130 820
1687140 820
1687150 819
1687160 819
1687170 819
1687180 819
1687190 818
1687200 818
1687210 818
1687220 818
1687230 817
1687240 817
1687250 817
1687260 817
1687270 816
1687280 816
1687290 816
1687300 816
1687310 815
1687320 815
1687330 815
1687340 815
1687350 815
1687360 814
1687370 814
1687380 814
1687390 814
1687400 813
1687410 813
1687420 813
1687430 813
1687440 813
1687450 813
1687460 813
1687470 813
1687480 812
1687490 812
1687500 812
1687510 812
1687520 812
1687530 811
1687540 811
1687550 811
1687560 811
1687570 811
1687580 811
1687590 811
1687600 810
1687610 810
1687620 810
1687630 810
1687640 810
1687650 810
1687660 810
1687670 810
1687680 809
1687690 809
1687700 809
1687710 809
1687720 809
1687730 809
1687740 809
1687750 809
1687760 808
1687770 808
1687780 808
1687790 808
1687800 808
1687810 808
1687820 808
1687830 807
1687840 807
1687850 807
1687860 807
1687870 807
1687880 807
1687890 807
1687900 807
1687910 807
1687920 806
1687930 806
1687940 806
1687950 806
1687960 806
1687970 806
1687980 805
1687990 805
1688000 805
1688010 805
1688020 805
1688030 804
1688040 804
1688050 804
1688060 804
1688070 803
1688080 803
1688090 802
1688100 802
1688110 801
1688120 802
1688130 802
1688140 803
1688150 803
1688160 803
1688170 803
1688180 803
1688190 803
1688200 803
1688210 803
1688220 802
1688230 802
1688240 802
1688250 802
1688260 802
1688270 802
1688280 801
1688290 801
1688300 801
1688310 801
1688320 800
1688330 800
1688340 799
1688350 798
1688360 797
1688370 796
1688380 796
1688390 795
1688400 795
1688410 795
1688420 795
1688430 794
1688440 794
1688450 794
1688460 794
1688470 794
1688480 794
1688490 794
1688500 794
1688510 794
1688520 794
1688530 794
1688540 793
1688550 794
1688560 794
1688570 794
1688580 794
1688590 794
1688600 794
1688610 793
1688620 793
1688630 793
1688640 793
1688650 793
1688660 793
1688670 793
1688680 792
1688690 792
1688700 792
1688710 791
1688720 791
1688730 791
1688740 791
1688750 791
1688760 791
1688770 791
1688780 791
1688790 791
1688800 791
1688810 791
1688820 791
1688830 791
1688840 791
1688850 791
1688860 792
1688870 792
1688880 792
1688890 792
1688900 792
1688910 792
1688920 792
1688930 792
1688940 792
1688950 792
1688960 792
1688970 792
1688980 792
1688990 792
1689000 792
1689010 792
1689020 792
1689030 792
1689040 792
1689050 792
1689060 792
1689070 792
1689080 792
1689090 792
1689100 792
1689110 793
1689120 793
1689130 793
1689140 793
1689150 793
1689160 793
1689170 793
1689180 793
1689190 793
1689200 793
1689210 793
1689220 793
1689230 792
1689240 792
1689250 792
1689260 792
1689270 792
1689280 792
1689290 792
1689300 792
1689310 792
1689320 792
1689330 792
1689340 792
1689350 792
1689360 793
1689370 793
1689380 793
1689390 794
1689400 794
1689410 794
1689420 794
1689430 794
1689440 795
1689450 795
1689460 795
1689470 795
1689480 795
1689490 795
1689500 795
1689510 795
1689520 795
1689530 795
1689540 795
1689550 795
1689560 795
1689570 795
1689580 795
1689590 795
1689600 795
1689610 795
1689620 795
1689630 795
1689640 795
1689650 795
1689660 795
1689670 795
1689680 795
1689690 795
1689700 795
1689710 795
1689720 795
1689730 795
1689740 795
1689750 795
1689760 795
1689770 795
1689780 794
1689790 794
1689800 794
1689810 794
1689820 794
1689830 794
1689840 794
1689850 794
1689860 794
1689870 793
1689880 793
1689890 793
1689900 793
1689910 793
1689920 792
1689930 792
1689940 792
1689950 792
1689960 792
1689970 791
1689980 791
1689990 791
1690000 791
1690010 791
1690020 790
1690030 790
1690040 790
1690050 790
1690060 789
1690070 789
1690080 788
1690090 788
1690100 788
1690110 787
1690120 787
1690130 786
1690140 786
1690150 785
1690160 785
1690170 785
1690180 784
1690190 784
1690200 783
1690210 783
1690220 782
1690230 782
1690240 782
1690250 782
1690260 781
1690270 781
1690280 779
1690290 778
1690300 775
1690310 774
1690320 773
1690330 772
1690340 772
1690350 771
1690360 771
1690370 771
1690380 771
1690390 771
1690400 771
1690410 771
1690420 771
1690430 771
1690440 771
1690450 771
1690460 771
1690470 771
1690480 772
1690490 772
1690500 773
1690510 773
1690520 773
1690530 773
1690540 773
1690550 773
1690560 773
1690570 773
1690580 773
1690590 773
1690600 773
1690610 772
1690620 772
1690630 772
1690640 772
1690650 772
1690660 772
1690670 772
1690680 773
1690690 773
1690700 774
1690710 775
1690720 776
1690730 777
1690740 777
1690750 777
1690760 778
1690770 778
1690780 779
1690790 779
1690800 779
1690810 780
1690820 780
1690830 780
1690840 781
1690850 781
1690860 781
1690870 782
1690880 782
1690890 783
1690900 783
1690910 783
1690920 784
1690930 784
1690940 785
1690950 785
1690960 785
1690970 786
1690980 786
1690990 787
1691000 787
1691010 787
1691020 788
1691030 788
1691040 789
1691050 789
1691060 789
1691070 790
1691080 790
1691090 791
1691100 791
1691110 792
1691120 792
1691130 793
1691140 793
1691150 794
1691160 794
1691170 795
1691180 796
1691190 796
1691200 797
1691210 798
1691220 798
1691230 799
1691240 799
1691250 800
1691260 801
1691270 802
1691280 802
1691290 803
1691300 804
1691310 804
1691320 805
1691330 805
1691340 806
1691350 806
1691360 806
1691370 806
1691380 806
1691390 806
1691400 806
1691410 806
1691420 805
1691430 805
1691440 805
1691450 805
1691460 805
1691470 804
1691480 804
1691490 804
1691500 804
1691510 804
1691520 804
1691530 804
1691540 804
1691550 804
1691560 804
1691570 804
1691580 805
1691590 805
1691600 805
1691610 805
1691620 805
1691630 805
1691640 805
1691650 805
1691660 805
1691670 805
1691680 805
1691690 805
1691700 805
1691710 805
1691720 805
1691730 805
1691740 805
1691750 805
1691760 805
1691770 805
1691780 805
1691790 805
1691800 805
1691810 804
1691820 804
1691830 804
1691840 804
1691850 804
1691860 804
1691870 804
1691880 803
1691890 803
1691900 803
1691910 803
1691920 803
1691930 802
1691940 802
1691950 802
1691960 801
1691970 801
1691980 801
1691990 800
1692000 800
1692010 799
1692020 799
1692030 798
1692040 798
1692050 797
1692060 797
1692070 796
1692080 796
1692090 796
1692100 795
1692110 795
1692120 794
1692130 794
1692140 794
1692150 793
1692160 793
1692170 793
1692180 792
1692190 792
1692200 792
1692210 791
1692220 791
1692230 791
1692240 790
1692250 790
1692260 789
1692270 789
1692280 789
1692290 788
1692300 788
1692310 788
1692320 787
1692330 787
1692340 787
1692350 787
1692360 787
1692370 787
1692380 786
1692390 785
1692400 785
1692410 784
1692420 784
1692430 784
1692440 783
1692450 783
1692460 783
1692470 783
1692480 783
1692490 782
1692500 782
1692510 782
1692520 782
1692530 782
1692540 781
1692550 781
1692560 781
1692570 781
1692580 780
1692590 780
1692600 780
1692610 779
1692620 779
1692630 779
1692640 778
1692650 778
1692660 778
1692670 777
1692680 777
1692690 776
1692700 776
1692710 775
1692720 774
1692730 773
1692740 772
1692750 771
1692760 769
1692770 768
1692780 767
1692790 767
1692800 766
1692810 766
1692820 766
1692830 765
1692840 765
1692850 765
1692860 765
1692870 765
1692880 764
1692890 764
1692900 763
1692910 763
1692920 763
1692930 763
1692940 763
1692950 762
1692960 762
1692970 762
1692980 762
1692990 762
1693000 762
1693010 762
1693020 763
1693030 763
1693040 764
1693050 765
1693060 766
1693070 767
1693080 768
1693090 769
1693100 770
1693110 772
1693120 774
1693130 776
1693140 777
1693150 779
1693160 781
1693170 782
1693180 784
1693190 785
1693200 786
1693210 787
1693220 788
1693230 790
1693240 791
1693250 792
1693260 793
1693270 795
1693280 796
1693290 797
1693300 798
1693310 799
1693320 800
1693330 801
1693340 802
1693350 802
1693360 803
1693370 803
1693380 803
1693390 803
1693400 803
1693410 803
1693420 803
1693430 803
1693440 803
1693450 802
1693460 802
1693470 802
1693480 802
1693490 801
1693500 801
1693510 801
1693520 801
1693530 801
1693540 801
1693550 801
1693560 801
1693570 801
1693580 801
1693590 801
1693600 801
1693610 802
1693620 802
1693630 802
1693640 802
1693650 803
1693660 803
1693670 803
1693680 803
1693690 804
1693700 804
1693710 804
1693720 805
1693730 805
1693740 805
1693750 806
1693760 806
1693770 807
1693780 807
1693790 808
1693800 808
1693810 809
1693820 810
1693830 810
1693840 811
1693850 811
1693860 811
1693870 812
1693880 812
1693890 812
1693900 812
1693910 812
1693920 812
1693930 813
1693940 813
1693950 813
1693960 813
1693970 813
1693980 813
1693990 813
1694000 813
1694010 813
1694020 813
1694030 813
1694040 814
1694050 814
1694060 814
1694070 814
1694080 815
1694090 815
1694100 815
1694110 816
1694120 816
1694130 817
1694140 817
1694150 818
1694160 819
1694170 819
1694180 820
1694190 821
1694200 821
1694210 822
1694220 822
1694230 823
1694240 823
1694250 824
1694260 824
1694270 825
1694280 825
1694290 826
1694300 826
1694310 826
1694320 827
1694330 826
1694340 826
1694350 826
1694360 826
1694370 827
1694380 828
1694390 827
1694400 827
1694410 827
1694420 828
1694430 828
1694440 829
1694450 829
1694460 830
1694470 830
1694480 831
1694490 831
1694500 832
1694510 832
1694520 832
1694530 832
1694540 833
1694550 833
1694560 833
1694570 834
1694580 834
1694590 834
1694600 835
1694610 835
1694620 836
1694630 836
1694640 836
1694650 836
1694660 837
1694670 837
1694680 838
1694690 838
1694700 838
1694710 838
1694720 839
1694730 839
1694740 839
1694750 839
1694760 839
1694770 839
1694780 839
1694790 839
1694800 839
1694810 839
1694820 839
1694830 839
1694840 839
1694850 839
1694860 839
1694870 839
1694880 839
1694890 839
1694900 839
1694910 839
1694920 839
1694930 839
1694940 839
1694950 839
1694960 839
1694970 839
1694980 839
1694990 839
1695000 839
1695010 839
1695020 839
1695030 839
1695040 839
1695050 839
1695060 839
1695070 839
1695080 839
1695090 839
1695100 839
1695110 839
1695120 839
1695130 839
1695140 839
1695150 838
1695160 839
1695170 839
1695180 839
1695190 838
1695200 838
1695210 838
1695220 838
1695230 838
1695240 838
1695250 837
1695260 837
1695270 837
1695280 837
1695290 837
1695300 837
1695310 836
1695320 836
1695330 836
1695340 836
1695350 836
1695360 836
1695370 836
1695380 837
1695390 837
1695400 837
1695410 838
1695420 838
1695430 838
1695440 839
1695450 839
1695460 839
1695470 840
1695480 841
1695490 841
1695500 842
1695510 842
1695520 843
1695530 843
1695540 844
1695550 844
1695560 844
1695570 845
1695580 846
1695590 846
1695600 847
1695610 847
1695620 848
1695630 848
1695640 849
1695650 849
1695660 850
1695670 850
1695680 850
1695690 851
1695700 851
1695710 852
1695720 852
1695730 853
1695740 853
1695750 854
1695760 854
1695770 854
1695780 855
1695790 855
1695800 856
1695810 856
1695820 856
1695830 857
1695840 857
1695850 858
1695860 858
1695870 859
1695880 860
1695890 860
1695900 861
1695910 861
1695920 862
1695930 862
1695940 862
1695950 862
1695960 863
1695970 863
1695980 863
1695990 863
1696000 863
1696010 863
1696020 863
1696030 862
1696040 862
1696050 862
1696060 862
1696070 862
1696080 861
1696090 861
1696100 861
1696110 861
1696120 860
1696130 860
1696140 859
1696150 859
1696160 859
1696170 858
1696180 858
1696190 858
1696200 857
1696210 857
1696220 857
1696230 856
1696240 856
1696250 856
1696260 855
1696270 855
1696280 855
1696290 854
1696300 854
1696310 854
1696320 853
1696330 853
1696340 853
1696350 852
1696360 852
1696370 852
1696380 852
1696390 851
1696400 851
1696410 850
1696420 850
1696430 850
1696440 849
1696450 849
1696460 848
1696470 848
1696480 848
1696490 847
1696500 847
1696510 846
1696520 846
1696530 845
1696540 845
1696550 844
1696560 844
1696570 844
1696580 843
1696590 843
1696600 843
1696610 842
1696620 842
1696630 842
1696640 841
1696650 841
1696660 841
1696670 840
1696680 840
1696690 840
1696700 840
1696710 839
1696720 839
1696730 839
1696740 839
1696750 839
1696760 839
1696770 839
1696780 839
1696790 839
1696800 839
1696810 839
1696820 839
1696830 839
1696840 839
1696850 839
1696860 838
1696870 838
1696880 838
1696890 838
1696900 838
1696910 837
1696920 837
1696930 837
1696940 836
1696950 836
1696960 836
1696970 835
1696980 835
1696990 834
1697000 834
1697010 834
1697020 833
1697030 833
1697040 833
1697050 833
1697060 833
1697070 833
1697080 832
1697090 832
1697100 832
1697110 832
1697120 832
1697130 831
1697140 830
1697150 830
1697160 829
1697170 829
1697180 828
1697190 828
1697200 828
1697210 827
1697220 827
1697230 827
1697240 826
1697250 826
1697260 826
1697270 826
1697280 825
1697290 825
1697300 825
1697310 825
1697320 824
1697330 824
1697340 824
1697350 823
1697360 823
1697370 822
1697380 822
1697390 822
1697400 821
1697410 821
1697420 820
1697430 820
1697440 819
1697450 818
1697460 817
1697470 816
1697480 816
1697490 815
1697500 814
1697510 813
1697520 813
1697530 812
1697540 811
1697550 810
1697560 809
1697570 808
1697580 806
1697590 804
1697600 802
1697610 799
1697620 797
1697630 795
1697640 793
1697650 792
1697660 792
1697670 791
1697680 790
1697690 790
1697700 789
1697710 788
1697720 787
1697730 787
1697740 786
1697750 785
1697760 784
1697770 784
1697780 783
1697790 782
1697800 782
1697810 781
1697820 780
1697830 779
1697840 779
1697850 778
1697860 777
1697870 777
1697880 776
1697890 775
1697900 774
1697910 773
1697920 772
1697930 771
1697940 770
1697950 770
1697960 769
1697970 767
1697980 765
1697990 763
1698000 762
1698010 762
1698020 762
1698030 762
1698040 763
1698050 763
1698060 763
1698070 764
1698080 765
1698090 767
1698100 769
1698110 771
1698120 773
1698130 775
1698140 776
1698150 776
1698160 776
1698170 778
1698180 780
1698190 783
1698200 785
1698210 787
1698220 789
1698230 791
1698240 792
1698250 794
1698260 795
1698270 797
1698280 798
1698290 800
1698300 801
1698310 802
1698320 804
1698330 805
1698340 806
1698350 807
1698360 808
1698370 809
1698380 810
1698390 811
1698400 812
1698410 813
1698420 814
1698430 814
1698440 814
1698450 813
1698460 813
1698470 812
1698480 812
1698490 811
1698500 810
1698510 809
1698520 809
1698530 808
1698540 807
1698550 805
1698560 804
1698570 804
1698580 803
1698590 802
1698600 801
1698610 801
1698620 800
1698630 799
1698640 798
1698650 798
1698660 797
1698670 797
1698680 796
1698690 795
1698700 795
1698710 794
1698720 793
1698730 792
1698740 791
1698750 790
1698760 790
1698770 789
1698780 788
1698790 787
1698800 787
1698810 786
1698820 786
1698830 785
1698840 784
1698850 783
1698860 783
1698870 782
1698880 782
1698890 782
1698900 782
1698910 783
1698920 783
1698930 783
1698940 784
1698950 784
1698960 785
1698970 785
1698980 786
1698990 786
1699000 787
1699010 788
1699020 788
1699030 789
1699040 790
1699050 790
1699060 791
1699070 791
1699080 792
1699090 792
1699100 793
1699110 794
1699120 795
1699130 795
1699140 796
1699150 797
1699160 797
1699170 798
1699180 798
1699190 799
1699200 799
1699210 800
1699220 800
1699230 801
1699240 802
1699250 803
1699260 803
1699270 804
1699280 805
1699290 806
1699300 806
1699310 807
1699320 807
1699330 808
1699340 810
1699350 811
1699360 812
1699370 813
1699380 814
1699390 815
1699400 815
1699410 816
1699420 817
1699430 818
1699440 819
1699450 820
1699460 821
1699470 821
1699480 822
1699490 823
1699500 824
1699510 824
1699520 825
1699530 826
1699540 827
1699550 827
1699560 827
1699570 828
1699580 828
1699590 828
1699600 828
1699610 828
1699620 828
1699630 827
1699640 827
1699650 826
1699660 826
1699670 826
1699680 825
1699690 825
1699700 824
1699710 824
1699720 824
1699730 823
1699740 822
1699750 822
1699760 821
1699770 821
1699780 821
1699790 820
1699800 820
1699810 820
1699820 819
1699830 819
1699840 819
1699850 818
1699860 818
1699870 818
1699880 818
1699890 818
1699900 817
1699910 817
1699920 817
1699930 817
1699940 817
1699950 817
1699960 817
1699970 816
1699980 816
1699990 816
