1680000 913
1680010 914
1680020 915
1680030 916
1680040 916
1680050 917
1680060 917
1680070 917
1680080 917
1680090 917
1680100 917
1680110 917
1680120 916
1680130 916
1680140 916
1680150 916
1680160 916
1680170 916
1680180 916
1680190 916
1680200 916
1680210 915
1680220 913
1680230 911
1680240 909
1680250 908
1680260 907
1680270 907
1680280 907
1680290 907
1680300 907
1680310 907
1680320 907
1680330 905
1680340 904
1680350 904
1680360 904
1680370 904
1680380 904
1680390 904
1680400 904
1680410 904
1680420 903
1680430 903
1680440 902
1680450 901
1680460 900
1680470 899
1680480 898
1680490 897
1680500 896
1680510 895
1680520 894
1680530 894
1680540 893
1680550 893
1680560 892
1680570 892
1680580 891
1680590 890
1680600 889
1680610 888
1680620 887
1680630 887
1680640 886
1680650 886
1680660 887
1680670 888
1680680 888
1680690 887
1680700 887
1680710 885
1680720 884
1680730 883
1680740 882
1680750 881
1680760 880
1680770 879
1680780 878
1680790 877
1680800 876
1680810 875
1680820 874
1680830 873
1680840 872
1680850 871
1680860 870
1680870 868
1680880 867
1680890 866
1680900 864
1680910 862
1680920 860
1680930 859
1680940 857
1680950 856
1680960 855
1680970 854
1680980 853
1680990 852
1681000 852
1681010 851
1681020 850
1681030 849
1681040 849
1681050 848
1681060 847
1681070 846
1681080 846
1681090 845
1681100 845
1681110 845
1681120 845
1681130 845
1681140 845
1681150 845
1681160 845
1681170 845
1681180 845
1681190 845
1681200 845
1681210 845
1681220 845
1681230 845
1681240 845
1681250 845
1681260 845
1681270 845
1681280 845
1681290 845
1681300 845
1681310 845
1681320 845
1681330 846
1681340 847
1681350 847
1681360 848
1681370 848
1681380 848
1681390 848
1681400 847
1681410 847
1681420 846
1681430 846
1681440 846
1681450 845
1681460 845
1681470 844
1681480 844
1681490 844
1681500 843
1681510 843
1681520 842
1681530 842
1681540 841
1681550 841
1681560 840
1681570 839
1681580 838
1681590 837
1681600 837
1681610 836
1681620 835
1681630 834
1681640 834
1681650 833
1681660 832
1681670 831
1681680 829
1681690 828
1681700 827
1681710 826
1681720 825
1681730 825
1681740 825
1681750 824
1681760 824
1681770 824
1681780 823
1681790 823
1681800 823
1681810 823
1681820 823
1681830 823
1681840 823
1681850 824
1681860 825
1681870 827
1681880 829
1681890 831
1681900 833
1681910 835
1681920 837
1681930 839
1681940 840
1681950 841
1681960 842
1681970 843
1681980 843
1681990 843
1682000 844
1682010 844
1682020 844
1682030 843
1682040 843
1682050 843
1682060 843
1682070 843
1682080 843
1682090 843
1682100 843
1682110 843
1682120 843
1682130 842
1682140 842
1682150 842
1682160 842
1682170 842
1682180 841
1682190 841
1682200 841
1682210 840
1682220 840
1682230 840
1682240 839
1682250 839
1682260 839
1682270 839
1682280 839
1682290 839
1682300 839
1682310 839
1682320 839
1682330 839
1682340 839
1682350 839
1682360 839
1682370 839
1682380 839
1682390 838
1682400 838
1682410 838
1682420 838
1682430 837
1682440 837
1682450 837
1682460 836
1682470 836
1682480 836
1682490 836
1682500 836
1682510 836
1682520 836
1682530 836
1682540 836
1682550 836
1682560 836
1682570 836
1682580 837
1682590 837
1682600 837
1682610 838
1682620 838
1682630 838
1682640 839
1682650 839
1682660 840
1682670 840
1682680 840
1682690 841
1682700 841
1682710 841
1682720 840
1682730 840
1682740 839
1682750 839
1682760 838
1682770 837
1682780 836
1682790 835
1682800 834
1682810 833
1682820 832
1682830 829
1682840 827
1682850 824
1682860 822
1682870 820
1682880 819
1682890 817
1682900 815
1682910 814
1682920 815
1682930 815
1682940 817
1682950 819
1682960 822
1682970 826
1682980 829
1682990 832
1683000 835
1683010 837
1683020 839
1683030 842
1683040 845
1683050 846
1683060 847
1683070 848
1683080 849
1683090 849
1683100 849
1683110 849
1683120 849
1683130 849
1683140 849
1683150 848
1683160 847
1683170 845
1683180 843
1683190 841
1683200 839
1683210 838
1683220 838
1683230 839
1683240 840
1683250 840
1683260 841
1683270 841
1683280 841
1683290 840
1683300 840
1683310 840
1683320 840
1683330 839
1683340 839
1683350 838
1683360 837
1683370 836
1683380 835
1683390 834
1683400 833
1683410 833
1683420 833
1683430 834
1683440 835
1683450 836
1683460 838
1683470 839
1683480 840
1683490 840
1683500 841
1683510 841
1683520 841
1683530 841
1683540 840
1683550 840
1683560 841
1683570 841
1683580 841
1683590 842
1683600 842
1683610 842
1683620 843
1683630 843
1683640 843
1683650 844
1683660 844
1683670 845
1683680 846
1683690 847
1683700 848
1683710 849
1683720 850
1683730 850
1683740 851
1683750 851
1683760 852
1683770 852
1683780 853
1683790 854
1683800 854
1683810 855
1683820 855
1683830 856
1683840 856
1683850 857
1683860 858
1683870 858
1683880 859
1683890 860
1683900 860
1683910 860
1683920 861
1683930 861
1683940 861
1683950 862
1683960 862
1683970 863
1683980 863
1683990 864
1684000 864
1684010 865
1684020 865
1684030 865
1684040 866
1684050 866
1684060 867
1684070 867
1684080 868
1684090 869
1684100 869
1684110 870
1684120 870
1684130 871
1684140 871
1684150 872
1684160 872
1684170 872
1684180 872
1684190 872
1684200 871
1684210 871
1684220 871
1684230 871
1684240 870
1684250 870
1684260 869
1684270 868
1684280 867
1684290 866
1684300 865
1684310 864
1684320 864
1684330 863
1684340 863
1684350 862
1684360 862
1684370 861
1684380 861
1684390 860
1684400 860
1684410 859
1684420 859
1684430 858
1684440 858
1684450 858
1684460 857
1684470 857
1684480 857
1684490 857
1684500 856
1684510 856
1684520 856
1684530 856
1684540 855
1684550 855
1684560 855
1684570 855
1684580 855
1684590 855
1684600 855
1684610 854
1684620 854
1684630 854
1684640 853
1684650 853
1684660 853
1684670 853
1684680 852
1684690 852
1684700 852
1684710 851
1684720 851
1684730 850
1684740 850
1684750 850
1684760 850
1684770 849
1684780 849
1684790 849
1684800 848
1684810 848
1684820 847
1684830 847
1684840 846
1684850 846
1684860 846
1684870 846
1684880 845
1684890 845
1684900 845
1684910 845
1684920 845
1684930 845
1684940 844
1684950 844
1684960 843
1684970 842
1684980 842
1684990 841
1685000 840
1685010 839
1685020 838
1685030 837
1685040 836
1685050 836
1685060 837
1685070 838
1685080 839
1685090 841
1685100 842
1685110 843
1685120 845
1685130 846
1685140 846
1685150 847
1685160 847
1685170 848
1685180 849
1685190 849
1685200 850
1685210 850
1685220 850
1685230 850
1685240 851
1685250 850
1685260 850
1685270 850
1685280 850
1685290 850
1685300 850
1685310 850
1685320 849
1685330 849
1685340 849
1685350 849
1685360 848
1685370 848
1685380 848
1685390 848
1685400 847
1685410 847
1685420 847
1685430 846
1685440 846
1685450 845
1685460 845
1685470 845
1685480 844
1685490 844
1685500 843
1685510 843
1685520 843
1685530 842
1685540 842
1685550 842
1685560 841
1685570 841
1685580 841
1685590 841
1685600 840
1685610 840
1685620 840
1685630 840
1685640 840
1685650 839
1685660 839
1685670 839
1685680 839
1685690 838
1685700 838
1685710 838
1685720 838
1685730 838
1685740 837
1685750 837
1685760 837
1685770 836
1685780 836
1685790 835
1685800 835
1685810 834
1685820 834
1685830 833
1685840 832
1685850 832
1685860 831
1685870 831
1685880 830
1685890 829
1685900 829
1685910 828
1685920 828
1685930 828
1685940 827
1685950 827
1685960 826
1685970 826
1685980 826
1685990 825
1686000 825
1686010 824
1686020 824
1686030 824
1686040 823
1686050 823
1686060 823
1686070 823
1686080 822
1686090 822
1686100 822
1686110 822
1686120 821
1686130 821
1686140 821
1686150 821
1686160 820
1686170 820
1686180 820
1686190 820
1686200 819
1686210 819
1686220 819
1686230 818
1686240 818
1686250 818
1686260 818
1686270 818
1686280 817
1686290 817
1686300 817
1686310 817
1686320 816
1686330 816
1686340 816
1686350 816
1686360 815
1686370 815
1686380 815
1686390 815
1686400 814
1686410 814
1686420 814
1686430 814
1686440 814
1686450 814
1686460 813
1686470 813
1686480 813
1686490 813
1686500 813
1686510 813
1686520 813
1686530 813
1686540 813
1686550 813
1686560 813
1686570 813
1686580 812
1686590 812
1686600 812
1686610 812
1686620 812
1686630 812
1686640 812
1686650 812
1686660 811
1686670 811
1686680 811
1686690 810
1686700 809
1686710 809
1686720 809
1686730 809
1686740 810
1686750 810
1686760 810
1686770 811
1686780 811
1686790 811
1686800 811
1686810 811
1686820 811
1686830 812
1686840 812
1686850 812
1686860 813
1686870 813
1686880 813
1686890 813
1686900 813
1686910 814
1686920 814
1686930 814
1686940 815
1686950 815
1686960 815
1686970 815
1686980 815
1686990 816
1687000 816
1687010 816
1687020 816
1687030 816
1687040 817
1687050 817
1687060 817
1687070 817
1687080 817
1687090 817
1687100 817
1687110 817
1687120 817
1687130 817
1687140 817
1687150 816
1687160 816
1687170 816
1687180 817
1687190 817
1687200 817
1687210 817
1687220 817
1687230 817
1687240 817
1687250 817
1687260 817
1687270 817
1687280 817
1687290 817
1687300 817
1687310 817
1687320 817
1687330 817
1687340 817
1687350 817
1687360 817
1687370 817
1687380 817
1687390 817
1687400 817
1687410 817
1687420 817
1687430 817
1687440 816
1687450 816
1687460 816
1687470 816
1687480 816
1687490 816
1687500 816
1687510 815
1687520 815
1687530 815
1687540 815
1687550 815
1687560 815
1687570 814
1687580 814
1687590 814
1687600 814
1687610 813
1687620 813
1687630 813
1687640 812
1687650 812
1687660 812
1687670 812
1687680 811
1687690 811
1687700 810
1687710 810
1687720 810
1687730 809
1687740 809
1687750 809
1687760 808
1687770 808
1687780 808
1687790 807
1687800 807
1687810 807
1687820 806
1687830 806
1687840 806
1687850 806
1687860 806
1687870 806
1687880 806
1687890 806
1687900 806
1687910 806
1687920 806
1687930 806
1687940 806
1687950 806
1687960 806
1687970 806
1687980 806
1687990 806
1688000 806
1688010 806
1688020 806
1688030 806
1688040 806
1688050 806
1688060 806
1688070 806
1688080 806
1688090 806
1688100 806
1688110 806
1688120 806
1688130 806
1688140 806
1688150 806
1688160 806
1688170 805
1688180 805
1688190 805
1688200 805
1688210 805
1688220 805
1688230 805
1688240 805
1688250 805
1688260 805
1688270 805
1688280 804
1688290 804
1688300 804
1688310 804
1688320 804
1688330 804
1688340 804
1688350 804
1688360 804
1688370 803
1688380 803
1688390 803
1688400 803
1688410 803
1688420 803
1688430 803
1688440 802
1688450 802
1688460 802
1688470 802
1688480 802
1688490 802
1688500 801
1688510 801
1688520 801
1688530 801
1688540 800
1688550 800
1688560 800
1688570 799
1688580 799
1688590 799
1688600 799
1688610 799
1688620 799
1688630 799
1688640 799
1688650 799
1688660 799
1688670 799
1688680 799
1688690 799
1688700 799
1688710 799
1688720 799
1688730 799
1688740 799
1688750 799
1688760 799
1688770 799
1688780 799
1688790 799
1688800 799
1688810 799
1688820 799
1688830 799
1688840 799
1688850 799
1688860 799
1688870 799
1688880 800
1688890 800
1688900 800
1688910 799
1688920 799
1688930 799
1688940 799
1688950 798
1688960 798
1688970 799
1688980 799
1688990 799
1689000 799
1689010 798
1689020 798
1689030 798
1689040 798
1689050 798
1689060 798
1689070 798
1689080 798
1689090 798
1689100 797
1689110 797
1689120 797
1689130 797
1689140 797
1689150 797
1689160 797
1689170 797
1689180 797
1689190 797
1689200 797
1689210 797
1689220 797
1689230 797
1689240 797
1689250 797
1689260 796
1689270 797
1689280 797
1689290 797
1689300 797
1689310 797
1689320 797
1689330 798
1689340 798
1689350 798
1689360 798
1689370 798
1689380 798
1689390 798
1689400 798
1689410 798
1689420 799
1689430 799
1689440 799
1689450 799
1689460 799
1689470 799
1689480 799
1689490 799
1689500 799
1689510 799
1689520 800
1689530 800
1689540 800
1689550 800
1689560 800
1689570 800
1689580 800
1689590 800
1689600 800
1689610 800
1689620 801
1689630 801
1689640 801
1689650 801
1689660 801
1689670 801
1689680 801
1689690 801
1689700 801
1689710 801
1689720 801
1689730 801
1689740 801
1689750 802
1689760 802
1689770 802
1689780 802
1689790 802
1689800 802
1689810 802
1689820 803
1689830 803
1689840 803
1689850 803
1689860 803
1689870 803
1689880 803
1689890 803
1689900 803
1689910 804
1689920 804
1689930 804
1689940 804
1689950 804
1689960 804
1689970 804
1689980 804
1689990 804
1690000 804
1690010 804
1690020 804
1690030 804
1690040 804
1690050 804
1690060 804
1690070 804
1690080 805
1690090 805
1690100 805
1690110 805
1690120 805
1690130 805
1690140 805
1690150 805
1690160 805
1690170 805
1690180 805
1690190 805
1690200 805
1690210 805
1690220 805
1690230 805
1690240 805
1690250 805
1690260 805
1690270 805
1690280 805
1690290 805
1690300 805
1690310 805
1690320 805
1690330 805
1690340 805
1690350 805
1690360 805
1690370 805
1690380 805
1690390 805
1690400 805
1690410 805
1690420 805
1690430 805
1690440 805
1690450 805
1690460 805
1690470 805
1690480 805
1690490 805
1690500 805
1690510 805
1690520 805
1690530 805
1690540 805
1690550 805
1690560 805
1690570 805
1690580 805
1690590 805
1690600 805
1690610 805
1690620 805
1690630 805
1690640 805
1690650 805
1690660 805
1690670 806
1690680 806
1690690 806
1690700 806
1690710 806
1690720 806
1690730 806
1690740 806
1690750 807
1690760 807
1690770 807
1690780 807
1690790 807
1690800 807
1690810 807
1690820 807
1690830 808
1690840 808
1690850 808
1690860 808
1690870 809
1690880 809
1690890 809
1690900 809
1690910 810
1690920 810
1690930 810
1690940 810
1690950 811
1690960 811
1690970 811
1690980 811
1690990 812
1691000 812
1691010 812
1691020 812
1691030 813
1691040 813
1691050 813
1691060 814
1691070 814
1691080 814
1691090 814
1691100 815
1691110 815
1691120 815
1691130 815
1691140 815
1691150 815
1691160 815
1691170 815
1691180 815
1691190 814
1691200 814
1691210 814
1691220 814
1691230 814
1691240 814
1691250 813
1691260 813
1691270 813
1691280 813
1691290 813
1691300 813
1691310 812
1691320 812
1691330 812
1691340 812
1691350 812
1691360 812
1691370 811
1691380 811
1691390 811
1691400 811
1691410 811
1691420 811
1691430 811
1691440 811
1691450 811
1691460 810
1691470 810
1691480 810
1691490 810
1691500 810
1691510 810
1691520 810
1691530 810
1691540 810
1691550 810
1691560 810
1691570 810
1691580 810
1691590 810
1691600 810
1691610 810
1691620 810
1691630 810
1691640 810
1691650 810
1691660 810
1691670 810
1691680 810
1691690 810
1691700 810
1691710 810
1691720 810
1691730 810
1691740 811
1691750 811
1691760 811
1691770 811
1691780 811
1691790 811
1691800 811
1691810 811
1691820 811
1691830 811
1691840 811
1691850 811
1691860 811
1691870 811
1691880 810
1691890 810
1691900 810
1691910 810
1691920 810
1691930 810
1691940 810
1691950 810
1691960 809
1691970 809
1691980 809
1691990 809
1692000 809
1692010 809
1692020 809
1692030 809
1692040 808
1692050 808
1692060 808
1692070 808
1692080 808
1692090 807
1692100 807
1692110 806
1692120 806
1692130 806
1692140 805
1692150 805
1692160 804
1692170 804
1692180 804
1692190 803
1692200 803
1692210 803
1692220 802
1692230 802
1692240 801
1692250 801
1692260 800
1692270 800
1692280 799
1692290 798
1692300 798
1692310 797
1692320 795
1692330 794
1692340 793
1692350 792
1692360 791
1692370 790
1692380 789
1692390 788
1692400 787
1692410 787
1692420 787
1692430 786
1692440 786
1692450 786
1692460 785
1692470 785
1692480 785
1692490 784
1692500 784
1692510 784
1692520 784
1692530 783
1692540 783
1692550 783
1692560 782
1692570 782
1692580 781
1692590 781
1692600 781
1692610 781
1692620 780
1692630 780
1692640 779
1692650 779
1692660 778
1692670 778
1692680 777
1692690 777
1692700 777
1692710 777
1692720 777
1692730 777
1692740 777
1692750 776
1692760 776
1692770 777
1692780 777
1692790 778
1692800 779
1692810 780
1692820 780
1692830 781
1692840 781
1692850 782
1692860 782
1692870 783
1692880 783
1692890 783
1692900 783
1692910 784
1692920 784
1692930 784
1692940 784
1692950 784
1692960 784
1692970 784
1692980 784
1692990 784
1693000 783
1693010 783
1693020 783
1693030 783
1693040 783
1693050 783
1693060 783
1693070 782
1693080 782
1693090 782
1693100 782
1693110 782
1693120 782
1693130 782
1693140 781
1693150 781
1693160 781
1693170 781
1693180 780
1693190 780
1693200 780
1693210 779
1693220 779
1693230 779
1693240 778
1693250 778
1693260 777
1693270 777
1693280 777
1693290 776
1693300 776
1693310 776
1693320 776
1693330 776
1693340 776
1693350 776
1693360 775
1693370 775
1693380 775
1693390 775
1693400 775
1693410 774
1693420 774
1693430 774
1693440 774
1693450 774
1693460 774
1693470 774
1693480 773
1693490 773
1693500 773
1693510 773
1693520 773
1693530 772
1693540 772
1693550 772
1693560 772
1693570 772
1693580 772
1693590 771
1693600 771
1693610 771
1693620 771
1693630 771
1693640 771
1693650 771
1693660 770
1693670 770
1693680 770
1693690 770
1693700 770
1693710 770
1693720 769
1693730 769
1693740 769
1693750 769
1693760 769
1693770 769
1693780 769
1693790 769
1693800 769
1693810 769
1693820 769
1693830 769
1693840 769
1693850 769
1693860 769
1693870 769
1693880 769
1693890 769
1693900 769
1693910 769
1693920 769
1693930 769
1693940 769
1693950 769
1693960 769
1693970 769
1693980 769
1693990 769
1694000 769
1694010 768
1694020 768
1694030 768
1694040 768
1694050 768
1694060 768
1694070 767
1694080 767
1694090 767
1694100 767
1694110 766
1694120 766
1694130 766
1694140 765
1694150 765
1694160 764
1694170 764
1694180 764
1694190 763
1694200 763
1694210 762
1694220 762
1694230 761
1694240 761
1694250 760
1694260 760
1694270 759
1694280 759
1694290 759
1694300 758
1694310 758
1694320 758
1694330 757
1694340 757
1694350 756
1694360 756
1694370 756
1694380 755
1694390 755
1694400 754
1694410 753
1694420 751
1694430 750
1694440 749
1694450 749
1694460 749
1694470 748
1694480 748
1694490 747
1694500 747
1694510 747
1694520 747
1694530 747
1694540 747
1694550 747
1694560 747
1694570 747
1694580 747
1694590 747
1694600 747
1694610 747
1694620 747
1694630 747
1694640 747
1694650 747
1694660 747
1694670 747
1694680 746
1694690 746
1694700 746
1694710 746
1694720 746
1694730 746
1694740 746
1694750 746
1694760 746
1694770 746
1694780 746
1694790 746
1694800 746
1694810 746
1694820 746
1694830 745
1694840 745
1694850 745
1694860 745
1694870 745
1694880 745
1694890 744
1694900 744
1694910 744
1694920 744
1694930 743
1694940 743
1694950 743
1694960 742
1694970 742
1694980 741
1694990 741
1695000 741
1695010 741
1695020 740
1695030 740
1695040 740
1695050 740
1695060 739
1695070 739
1695080 739
1695090 738
1695100 738
1695110 738
1695120 737
1695130 737
1695140 737
1695150 736
1695160 736
1695170 736
1695180 736
1695190 735
1695200 735
1695210 735
1695220 735
1695230 735
1695240 735
1695250 735
1695260 735
1695270 735
1695280 735
1695290 735
1695300 735
1695310 735
1695320 735
1695330 735
1695340 734
1695350 734
1695360 734
1695370 734
1695380 734
1695390 734
1695400 735
1695410 735
1695420 735
1695430 735
1695440 735
1695450 735
1695460 735
1695470 735
1695480 735
1695490 735
1695500 735
1695510 734
1695520 734
1695530 734
1695540 734
1695550 734
1695560 734
1695570 733
1695580 733
1695590 733
1695600 733
1695610 733
1695620 732
1695630 731
1695640 730
1695650 729
1695660 728
1695670 726
1695680 725
1695690 724
1695700 723
1695710 723
1695720 723
1695730 723
1695740 723
1695750 723
1695760 723
1695770 723
1695780 723
1695790 723
1695800 723
1695810 723
1695820 723
1695830 723
1695840 723
1695850 724
1695860 725
1695870 727
1695880 728
1695890 730
1695900 731
1695910 732
1695920 734
1695930 737
1695940 740
1695950 743
1695960 744
1695970 745
1695980 745
1695990 744
1696000 743
1696010 742
1696020 741
1696030 741
1696040 740
1696050 740
1696060 739
1696070 738
1696080 738
1696090 737
1696100 737
1696110 736
1696120 735
1696130 735
1696140 734
1696150 734
1696160 733
1696170 732
1696180 731
1696190 730
1696200 729
1696210 729
1696220 728
1696230 728
1696240 728
1696250 727
1696260 727
1696270 727
1696280 727
1696290 726
1696300 726
1696310 726
1696320 725
1696330 725
1696340 725
1696350 725
1696360 724
1696370 724
1696380 725
1696390 726
1696400 727
1696410 727
1696420 728
1696430 728
1696440 728
1696450 728
1696460 729
1696470 729
1696480 729
1696490 728
1696500 729
1696510 729
1696520 729
1696530 729
1696540 729
1696550 729
1696560 730
1696570 730
1696580 730
1696590 730
1696600 730
1696610 731
1696620 731
1696630 731
1696640 731
1696650 731
1696660 732
1696670 732
1696680 732
1696690 731
1696700 731
1696710 731
1696720 731
1696730 731
1696740 731
1696750 731
1696760 731
1696770 731
1696780 731
1696790 731
1696800 731
1696810 731
1696820 731
1696830 731
1696840 732
1696850 732
1696860 733
1696870 733
1696880 734
1696890 734
1696900 735
1696910 735
1696920 736
1696930 736
1696940 736
1696950 737
1696960 737
1696970 737
1696980 738
1696990 738
1697000 738
1697010 739
1697020 739
1697030 739
1697040 739
1697050 739
1697060 739
1697070 739
1697080 738
1697090 738
1697100 738
1697110 737
1697120 736
1697130 735
1697140 735
1697150 734
1697160 733
1697170 733
1697180 733
1697190 732
1697200 731
1697210 731
1697220 730
1697230 730
1697240 729
1697250 729
1697260 728
1697270 728
1697280 728
1697290 727
1697300 727
1697310 727
1697320 726
1697330 726
1697340 725
1697350 725
1697360 724
1697370 724
1697380 723
1697390 724
1697400 724
1697410 723
1697420 724
1697430 724
1697440 725
1697450 725
1697460 725
1697470 725
1697480 725
1697490 725
1697500 725
1697510 725
1697520 725
1697530 724
1697540 724
1697550 724
1697560 724
1697570 724
1697580 724
1697590 724
1697600 724
1697610 724
1697620 724
1697630 724
1697640 723
1697650 723
1697660 723
1697670 722
1697680 722
1697690 722
1697700 722
1697710 722
1697720 722
1697730 723
1697740 723
1697750 723
1697760 723
1697770 723
1697780 723
1697790 723
1697800 723
1697810 723
1697820 723
1697830 723
1697840 722
1697850 722
1697860 722
1697870 722
1697880 721
1697890 721
1697900 720
1697910 720
1697920 719
1697930 717
1697940 716
1697950 714
1697960 713
1697970 711
1697980 710
1697990 709
1698000 708
1698010 707
1698020 707
1698030 706
1698040 706
1698050 705
1698060 704
1698070 703
1698080 703
1698090 702
1698100 701
1698110 701
1698120 700
1698130 699
1698140 699
1698150 699
1698160 699
1698170 699
1698180 699
1698190 699
1698200 699
1698210 699
1698220 699
1698230 699
1698240 698
1698250 699
1698260 699
1698270 699
1698280 699
1698290 699
1698300 700
1698310 700
1698320 701
1698330 702
1698340 703
1698350 704
1698360 704
1698370 705
1698380 706
1698390 706
1698400 708
1698410 709
1698420 711
1698430 713
1698440 716
1698450 719
1698460 723
1698470 725
1698480 727
1698490 728
1698500 728
1698510 728
1698520 728
1698530 727
1698540 727
1698550 727
1698560 727
1698570 727
1698580 726
1698590 726
1698600 726
1698610 726
1698620 725
1698630 725
1698640 724
1698650 723
1698660 722
1698670 721
1698680 720
1698690 719
1698700 718
1698710 717
1698720 716
1698730 714
1698740 713
1698750 712
1698760 710
1698770 708
1698780 706
1698790 704
1698800 703
1698810 700
1698820 700
1698830 700
1698840 700
1698850 699
1698860 699
1698870 699
1698880 700
1698890 702
1698900 705
1698910 709
1698920 712
1698930 715
1698940 718
1698950 720
1698960 722
1698970 723
1698980 725
1698990 726
1699000 727
1699010 728
1699020 729
1699030 729
1699040 730
1699050 730
1699060 730
1699070 730
1699080 730
1699090 730
1699100 730
1699110 730
1699120 730
1699130 729
1699140 729
1699150 729
1699160 728
1699170 728
1699180 727
1699190 726
1699200 726
1699210 725
1699220 725
1699230 724
1699240 724
1699250 723
1699260 723
1699270 723
1699280 723
1699290 723
1699300 723
1699310 723
1699320 723
1699330 723
1699340 723
1699350 723
1699360 723
1699370 724
1699380 724
1699390 724
1699400 725
1699410 725
1699420 725
1699430 726
1699440 726
1699450 726
1699460 726
1699470 726
1699480 727
1699490 727
1699500 727
1699510 727
1699520 728
1699530 728
1699540 728
1699550 728
1699560 729
1699570 729
1699580 729
1699590 729
1699600 729
1699610 729
1699620 729
1699630 728
1699640 728
1699650 728
1699660 727
1699670 727
1699680 726
1699690 726
1699700 725
1699710 725
1699720 724
1699730 724
1699740 723
1699750 722
1699760 722
1699770 721
1699780 720
1699790 720
1699800 719
1699810 718
1699820 717
1699830 717
1699840 716
1699850 715
1699860 715
1699870 714
1699880 713
1699890 712
1699900 711
1699910 711
1699920 710
1699930 709
1699940 709
1699950 708
1699960 707
1699970 706
1699980 705
1699990 704
