1680000 850
1680010 850
1680020 850
1680030 850
1680040 850
1680050 850
1680060 851
1680070 851
1680080 851
1680090 850
1680100 850
1680110 850
1680120 850
1680130 849
1680140 849
1680150 848
1680160 848
1680170 848
1680180 846
1680190 846
1680200 845
1680210 845
1680220 844
1680230 844
1680240 845
1680250 845
1680260 846
1680270 846
1680280 846
1680290 847
1680300 847
1680310 847
1680320 848
1680330 848
1680340 847
1680350 847
1680360 846
1680370 845
1680380 844
1680390 843
1680400 841
1680410 838
1680420 836
1680430 834
1680440 832
1680450 833
1680460 833
1680470 833
1680480 834
1680490 834
1680500 834
1680510 835
1680520 835
1680530 836
1680540 837
1680550 838
1680560 838
1680570 839
1680580 839
1680590 840
1680600 840
1680610 841
1680620 842
1680630 843
1680640 843
1680650 844
1680660 845
1680670 846
1680680 848
1680690 848
1680700 849
1680710 850
1680720 851
1680730 853
1680740 853
1680750 853
1680760 853
1680770 853
1680780 853
1680790 852
1680800 851
1680810 851
1680820 850
1680830 849
1680840 849
1680850 848
1680860 848
1680870 847
1680880 847
1680890 847
1680900 846
1680910 846
1680920 846
1680930 846
1680940 846
1680950 846
1680960 845
1680970 845
1680980 844
1680990 844
1681000 844
1681010 844
1681020 844
1681030 844
1681040 844
1681050 844
1681060 844
1681070 844
1681080 844
1681090 845
1681100 845
1681110 846
1681120 846
1681130 847
1681140 846
1681150 846
1681160 846
1681170 846
1681180 846
1681190 846
1681200 846
1681210 846
1681220 846
1681230 846
1681240 846
1681250 846
1681260 846
1681270 846
1681280 846
1681290 846
1681300 847
1681310 847
1681320 847
1681330 847
1681340 847
1681350 847
1681360 848
1681370 848
1681380 848
1681390 848
1681400 849
1681410 849
1681420 850
1681430 850
1681440 851
1681450 852
1681460 852
1681470 853
1681480 853
1681490 854
1681500 854
1681510 854
1681520 854
1681530 854
1681540 854
1681550 854
1681560 855
1681570 855
1681580 856
1681590 856
1681600 857
1681610 857
1681620 857
1681630 858
1681640 859
1681650 860
1681660 860
1681670 861
1681680 861
1681690 861
1681700 861
1681710 860
1681720 859
1681730 859
1681740 858
1681750 857
1681760 856
1681770 855
1681780 854
1681790 853
1681800 852
1681810 851
1681820 850
1681830 848
1681840 847
1681850 845
1681860 842
1681870 839
1681880 837
1681890 836
1681900 834
1681910 832
1681920 830
1681930 828
1681940 826
1681950 824
1681960 822
1681970 820
1681980 817
1681990 816
1682000 814
1682010 813
1682020 812
1682030 812
1682040 812
1682050 812
1682060 813
1682070 813
1682080 814
1682090 815
1682100 815
1682110 816
1682120 816
1682130 818
1682140 819
1682150 820
1682160 822
1682170 823
1682180 823
1682190 824
1682200 825
1682210 826
1682220 827
1682230 827
1682240 828
1682250 829
1682260 830
1682270 831
1682280 832
1682290 833
1682300 833
1682310 834
1682320 834
1682330 835
1682340 835
1682350 836
1682360 836
1682370 837
1682380 837
1682390 838
1682400 838
1682410 838
1682420 839
1682430 839
1682440 839
1682450 840
1682460 840
1682470 840
1682480 841
1682490 841
1682500 841
1682510 841
1682520 840
1682530 840
1682540 839
1682550 839
1682560 839
1682570 838
1682580 837
1682590 837
1682600 836
1682610 835
1682620 834
1682630 833
1682640 833
1682650 832
1682660 831
1682670 831
1682680 830
1682690 830
1682700 829
1682710 828
1682720 828
1682730 827
1682740 826
1682750 826
1682760 825
1682770 824
1682780 824
1682790 823
1682800 822
1682810 822
1682820 821
1682830 820
1682840 820
1682850 819
1682860 818
1682870 818
1682880 817
1682890 816
1682900 816
1682910 815
1682920 814
1682930 813
1682940 812
1682950 812
1682960 811
1682970 809
1682980 808
1682990 807
1683000 806
1683010 805
1683020 804
1683030 804
1683040 804
1683050 804
1683060 804
1683070 804
1683080 804
1683090 804
1683100 806
1683110 807
1683120 810
1683130 811
1683140 812
1683150 813
1683160 815
1683170 816
1683180 817
1683190 817
1683200 817
1683210 817
1683220 816
1683230 816
1683240 816
1683250 816
1683260 816
1683270 816
1683280 816
1683290 816
1683300 816
1683310 816
1683320 817
1683330 817
1683340 818
1683350 819
1683360 820
1683370 820
1683380 822
1683390 823
1683400 824
1683410 825
1683420 826
1683430 827
1683440 827
1683450 828
1683460 829
1683470 829
1683480 829
1683490 829
1683500 828
1683510 828
1683520 828
1683530 828
1683540 828
1683550 828
1683560 829
1683570 829
1683580 829
1683590 829
1683600 829
1683610 829
1683620 829
1683630 829
1683640 830
1683650 830
1683660 830
1683670 830
1683680 830
1683690 830
1683700 830
1683710 830
1683720 830
1683730 830
1683740 829
1683750 829
1683760 829
1683770 829
1683780 829
1683790 829
1683800 829
1683810 829
1683820 828
1683830 827
1683840 827
1683850 826
1683860 826
1683870 826
1683880 827
1683890 827
1683900 827
1683910 827
1683920 827
1683930 827
1683940 828
1683950 828
1683960 829
1683970 829
1683980 829
1683990 829
1684000 829
1684010 830
1684020 830
1684030 831
1684040 832
1684050 832
1684060 833
1684070 833
1684080 833
1684090 834
1684100 835
1684110 835
1684120 835
1684130 836
1684140 837
1684150 838
1684160 839
1684170 840
1684180 840
1684190 840
1684200 841
1684210 842
1684220 842
1684230 842
1684240 842
1684250 843
1684260 844
1684270 844
1684280 845
1684290 845
1684300 845
1684310 846
1684320 846
1684330 846
1684340 846
1684350 846
1684360 846
1684370 846
1684380 846
1684390 846
1684400 846
1684410 846
1684420 846
1684430 846
1684440 846
1684450 846
1684460 846
1684470 846
1684480 846
1684490 846
1684500 846
1684510 846
1684520 847
1684530 847
1684540 847
1684550 847
1684560 848
1684570 848
1684580 849
1684590 849
1684600 849
1684610 849
1684620 850
1684630 850
1684640 851
1684650 850
1684660 850
1684670 849
1684680 849
1684690 849
1684700 848
1684710 848
1684720 847
1684730 847
1684740 847
1684750 846
1684760 846
1684770 845
1684780 845
1684790 844
1684800 843
1684810 843
1684820 842
1684830 842
1684840 841
1684850 841
1684860 841
1684870 840
1684880 840
1684890 839
1684900 839
1684910 839
1684920 838
1684930 838
1684940 838
1684950 837
1684960 837
1684970 837
1684980 837
1684990 836
1685000 836
1685010 836
1685020 836
1685030 835
1685040 835
1685050 835
1685060 835
1685070 834
1685080 834
1685090 834
1685100 834
1685110 834
1685120 834
1685130 833
1685140 833
1685150 833
1685160 833
1685170 832
1685180 832
1685190 832
1685200 831
1685210 831
1685220 830
1685230 829
1685240 828
1685250 828
1685260 827
1685270 827
1685280 827
1685290 827
1685300 827
1685310 827
1685320 828
1685330 828
1685340 828
1685350 829
1685360 829
1685370 829
1685380 830
1685390 830
1685400 830
1685410 831
1685420 831
1685430 831
1685440 831
1685450 831
1685460 831
1685470 831
1685480 831
1685490 831
1685500 831
1685510 831
1685520 831
1685530 831
1685540 831
1685550 831
1685560 831
1685570 831
1685580 831
1685590 831
1685600 831
1685610 831
1685620 831
1685630 830
1685640 830
1685650 830
1685660 830
1685670 830
1685680 830
1685690 830
1685700 830
1685710 830
1685720 830
1685730 829
1685740 829
1685750 829
1685760 829
1685770 828
1685780 828
1685790 828
1685800 827
1685810 827
1685820 826
1685830 826
1685840 825
1685850 825
1685860 825
1685870 824
1685880 824
1685890 823
1685900 823
1685910 823
1685920 823
1685930 822
1685940 822
1685950 822
1685960 821
1685970 821
1685980 821
1685990 820
1686000 820
1686010 820
1686020 819
1686030 819
1686040 819
1686050 818
1686060 818
1686070 818
1686080 817
1686090 817
1686100 817
1686110 817
1686120 816
1686130 816
1686140 816
1686150 816
1686160 815
1686170 815
1686180 815
1686190 815
1686200 815
1686210 814
1686220 814
1686230 814
1686240 814
1686250 813
1686260 813
1686270 813
1686280 813
1686290 812
1686300 812
1686310 812
1686320 812
1686330 812
1686340 812
1686350 812
1686360 811
1686370 811
1686380 811
1686390 811
1686400 811
1686410 811
1686420 811
1686430 811
1686440 811
1686450 811
1686460 810
1686470 810
1686480 810
1686490 810
1686500 810
1686510 809
1686520 809
1686530 809
1686540 809
1686550 808
1686560 808
1686570 808
1686580 808
1686590 808
1686600 808
1686610 807
1686620 807
1686630 807
1686640 807
1686650 807
1686660 807
1686670 806
1686680 806
1686690 806
1686700 805
1686710 805
1686720 805
1686730 805
1686740 805
1686750 804
1686760 804
1686770 804
1686780 804
1686790 803
1686800 803
1686810 803
1686820 803
1686830 802
1686840 802
1686850 802
1686860 802
1686870 802
1686880 802
1686890 801
1686900 801
1686910 801
1686920 801
1686930 801
1686940 800
1686950 800
1686960 800
1686970 800
1686980 800
1686990 800
1687000 800
1687010 800
1687020 800
1687030 799
1687040 799
1687050 799
1687060 799
1687070 799
1687080 799
1687090 799
1687100 799
1687110 798
1687120 798
1687130 798
1687140 798
1687150 798
1687160 798
1687170 798
1687180 797
1687190 797
1687200 797
1687210 797
1687220 797
1687230 796
1687240 796
1687250 796
1687260 796
1687270 796
1687280 796
1687290 795
1687300 795
1687310 795
1687320 795
1687330 794
1687340 794
1687350 794
1687360 794
1687370 794
1687380 794
1687390 794
1687400 794
1687410 794
1687420 794
1687430 794
1687440 793
1687450 793
1687460 793
1687470 793
1687480 793
1687490 793
1687500 793
1687510 792
1687520 792
1687530 792
1687540 792
1687550 792
1687560 792
1687570 792
1687580 792
1687590 792
1687600 791
1687610 791
1687620 791
1687630 791
1687640 791
1687650 791
1687660 791
1687670 791
1687680 791
1687690 791
1687700 791
1687710 791
1687720 791
1687730 791
1687740 791
1687750 792
1687760 791
1687770 791
1687780 791
1687790 791
1687800 791
1687810 791
1687820 791
1687830 791
1687840 791
1687850 790
1687860 790
1687870 790
1687880 790
1687890 790
1687900 789
1687910 789
1687920 790
1687930 791
1687940 791
1687950 792
1687960 792
1687970 793
1687980 793
1687990 793
1688000 794
1688010 794
1688020 795
1688030 795
1688040 796
1688050 796
1688060 797
1688070 797
1688080 798
1688090 798
1688100 799
1688110 799
1688120 799
1688130 800
1688140 800
1688150 800
1688160 800
1688170 800
1688180 800
1688190 800
1688200 799
1688210 799
1688220 799
1688230 799
1688240 799
1688250 799
1688260 798
1688270 798
1688280 798
1688290 798
1688300 798
1688310 798
1688320 798
1688330 798
1688340 798
1688350 798
1688360 798
1688370 798
1688380 798
1688390 798
1688400 798
1688410 798
1688420 798
1688430 798
1688440 798
1688450 798
1688460 798
1688470 798
1688480 798
1688490 798
1688500 798
1688510 798
1688520 797
1688530 797
1688540 797
1688550 797
1688560 797
1688570 797
1688580 797
1688590 797
1688600 796
1688610 796
1688620 796
1688630 796
1688640 796
1688650 796
1688660 796
1688670 796
1688680 796
1688690 796
1688700 795
1688710 795
1688720 795
1688730 795
1688740 795
1688750 795
1688760 795
1688770 795
1688780 795
1688790 795
1688800 795
1688810 794
1688820 794
1688830 794
1688840 794
1688850 794
1688860 794
1688870 794
1688880 794
1688890 794
1688900 794
1688910 794
1688920 794
1688930 793
1688940 793
1688950 793
1688960 792
1688970 792
1688980 793
1688990 793
1689000 793
1689010 793
1689020 792
1689030 792
1689040 791
1689050 789
1689060 788
1689070 787
1689080 787
1689090 787
1689100 787
1689110 788
1689120 789
1689130 790
1689140 792
1689150 793
1689160 794
1689170 794
1689180 794
1689190 795
1689200 795
1689210 796
1689220 796
1689230 796
1689240 796
1689250 797
1689260 797
1689270 797
1689280 797
1689290 797
1689300 797
1689310 797
1689320 797
1689330 796
1689340 796
1689350 796
1689360 796
1689370 796
1689380 796
1689390 795
1689400 795
1689410 795
1689420 795
1689430 795
1689440 795
1689450 795
1689460 794
1689470 794
1689480 794
1689490 794
1689500 794
1689510 794
1689520 794
1689530 794
1689540 794
1689550 794
1689560 793
1689570 793
1689580 793
1689590 793
1689600 793
1689610 793
1689620 792
1689630 792
1689640 792
1689650 791
1689660 791
1689670 791
1689680 791
1689690 791
1689700 790
1689710 790
1689720 790
1689730 789
1689740 789
1689750 789
1689760 788
1689770 787
1689780 787
1689790 786
1689800 786
1689810 786
1689820 785
1689830 785
1689840 785
1689850 785
1689860 785
1689870 784
1689880 785
1689890 785
1689900 785
1689910 785
1689920 785
1689930 784
1689940 784
1689950 784
1689960 784
1689970 784
1689980 784
1689990 783
1690000 783
1690010 783
1690020 783
1690030 783
1690040 783
1690050 783
1690060 784
1690070 784
1690080 784
1690090 784
1690100 784
1690110 784
1690120 784
1690130 784
1690140 784
1690150 784
1690160 785
1690170 785
1690180 785
1690190 785
1690200 785
1690210 785
1690220 785
1690230 785
1690240 785
1690250 785
1690260 785
1690270 785
1690280 785
1690290 785
1690300 785
1690310 785
1690320 785
1690330 785
1690340 785
1690350 785
1690360 785
1690370 785
1690380 785
1690390 786
1690400 786
1690410 786
1690420 787
1690430 787
1690440 787
1690450 787
1690460 787
1690470 788
1690480 788
1690490 788
1690500 788
1690510 788
1690520 789
1690530 789
1690540 789
1690550 789
1690560 790
1690570 790
1690580 791
1690590 791
1690600 791
1690610 791
1690620 791
1690630 791
1690640 792
1690650 792
1690660 792
1690670 792
1690680 793
1690690 793
1690700 793
1690710 793
1690720 794
1690730 794
1690740 794
1690750 794
1690760 794
1690770 795
1690780 795
1690790 795
1690800 795
1690810 796
1690820 796
1690830 796
1690840 796
1690850 797
1690860 797
1690870 797
1690880 798
1690890 798
1690900 798
1690910 799
1690920 799
1690930 799
1690940 800
1690950 800
1690960 800
1690970 801
1690980 801
1690990 802
1691000 802
1691010 802
1691020 803
1691030 803
1691040 804
1691050 804
1691060 805
1691070 805
1691080 805
1691090 806
1691100 806
1691110 806
1691120 806
1691130 807
1691140 807
1691150 807
1691160 807
1691170 807
1691180 807
1691190 807
1691200 807
1691210 807
1691220 807
1691230 807
1691240 807
1691250 807
1691260 807
1691270 807
1691280 807
1691290 806
1691300 806
1691310 806
1691320 806
1691330 806
1691340 806
1691350 806
1691360 806
1691370 806
1691380 806
1691390 806
1691400 806
1691410 806
1691420 806
1691430 806
1691440 806
1691450 806
1691460 806
1691470 806
1691480 806
1691490 806
1691500 806
1691510 806
1691520 807
1691530 807
1691540 807
1691550 807
1691560 807
1691570 807
1691580 807
1691590 807
1691600 807
1691610 807
1691620 808
1691630 808
1691640 808
1691650 808
1691660 808
1691670 808
1691680 808
1691690 809
1691700 809
1691710 809
1691720 809
1691730 809
1691740 809
1691750 810
1691760 810
1691770 810
1691780 810
1691790 810
1691800 810
1691810 810
1691820 810
1691830 810
1691840 810
1691850 810
1691860 810
1691870 810
1691880 810
1691890 810
1691900 810
1691910 810
1691920 810
1691930 810
1691940 810
1691950 810
1691960 810
1691970 810
1691980 810
1691990 810
1692000 809
1692010 809
1692020 809
1692030 809
1692040 809
1692050 809
1692060 809
1692070 809
1692080 809
1692090 809
1692100 809
1692110 809
1692120 809
1692130 809
1692140 809
1692150 809
1692160 809
1692170 809
1692180 809
1692190 809
1692200 809
1692210 808
1692220 808
1692230 808
1692240 808
1692250 808
1692260 808
1692270 808
1692280 808
1692290 808
1692300 808
1692310 808
1692320 808
1692330 808
1692340 807
1692350 807
1692360 807
1692370 807
1692380 807
1692390 807
1692400 806
1692410 806
1692420 806
1692430 806
1692440 806
1692450 806
1692460 805
1692470 805
1692480 805
1692490 805
1692500 805
1692510 805
1692520 804
1692530 804
1692540 804
1692550 804
1692560 804
1692570 803
1692580 803
1692590 803
1692600 803
1692610 803
1692620 803
1692630 802
1692640 802
1692650 802
1692660 802
1692670 802
1692680 802
1692690 801
1692700 801
1692710 801
1692720 801
1692730 801
1692740 801
1692750 800
1692760 800
1692770 800
1692780 800
1692790 800
1692800 800
1692810 800
1692820 799
1692830 799
1692840 799
1692850 799
1692860 799
1692870 799
1692880 798
1692890 798
1692900 798
1692910 798
1692920 798
1692930 798
1692940 798
1692950 798
1692960 798
1692970 798
1692980 797
1692990 797
1693000 797
1693010 797
1693020 797
1693030 797
1693040 797
1693050 797
1693060 797
1693070 797
1693080 796
1693090 796
1693100 796
1693110 796
1693120 796
1693130 795
1693140 795
1693150 795
1693160 795
1693170 794
1693180 794
1693190 794
1693200 794
1693210 793
1693220 793
1693230 793
1693240 793
1693250 792
1693260 792
1693270 792
1693280 792
1693290 791
1693300 791
1693310 791
1693320 791
1693330 790
1693340 790
1693350 790
1693360 789
1693370 789
1693380 789
1693390 788
1693400 788
1693410 787
1693420 787
1693430 786
1693440 785
1693450 785
1693460 784
1693470 783
1693480 782
1693490 781
1693500 780
1693510 779
1693520 779
1693530 779
1693540 778
1693550 778
1693560 777
1693570 777
1693580 776
1693590 776
1693600 776
1693610 776
1693620 776
1693630 776
1693640 776
1693650 776
1693660 775
1693670 775
1693680 775
1693690 775
1693700 776
1693710 777
1693720 778
1693730 779
1693740 779
1693750 779
1693760 780
1693770 780
1693780 780
1693790 780
1693800 779
1693810 779
1693820 779
1693830 779
1693840 778
1693850 778
1693860 778
1693870 778
1693880 778
1693890 778
1693900 778
1693910 778
1693920 778
1693930 778
1693940 778
1693950 778
1693960 778
1693970 778
1693980 778
1693990 778
1694000 778
1694010 778
1694020 778
1694030 778
1694040 778
1694050 777
1694060 777
1694070 777
1694080 777
1694090 777
1694100 777
1694110 777
1694120 776
1694130 776
1694140 776
1694150 776
1694160 775
1694170 775
1694180 775
1694190 774
1694200 774
1694210 774
1694220 774
1694230 774
1694240 774
1694250 774
1694260 774
1694270 774
1694280 774
1694290 774
1694300 774
1694310 775
1694320 775
1694330 775
1694340 775
1694350 776
1694360 776
1694370 776
1694380 777
1694390 777
1694400 778
1694410 778
1694420 778
1694430 779
1694440 779
1694450 780
1694460 780
1694470 781
1694480 781
1694490 782
1694500 782
1694510 782
1694520 783
1694530 783
1694540 783
1694550 783
1694560 784
1694570 784
1694580 784
1694590 784
1694600 785
1694610 785
1694620 785
1694630 785
1694640 785
1694650 785
1694660 784
1694670 784
1694680 783
1694690 783
1694700 782
1694710 782
1694720 781
1694730 781
1694740 780
1694750 779
1694760 779
1694770 778
1694780 777
1694790 777
1694800 776
1694810 775
1694820 775
1694830 774
1694840 774
1694850 773
1694860 773
1694870 772
1694880 772
1694890 772
1694900 771
1694910 770
1694920 770
1694930 769
1694940 768
1694950 768
1694960 767
1694970 767
1694980 766
1694990 765
1695000 765
1695010 764
1695020 763
1695030 762
1695040 762
1695050 762
1695060 761
1695070 761
1695080 761
1695090 761
1695100 760
1695110 759
1695120 759
1695130 759
1695140 758
1695150 758
1695160 757
1695170 757
1695180 756
1695190 756
1695200 755
1695210 755
1695220 754
1695230 753
1695240 753
1695250 752
1695260 751
1695270 750
1695280 749
1695290 748
1695300 748
1695310 746
1695320 745
1695330 744
1695340 743
1695350 742
1695360 742
1695370 741
1695380 741
1695390 740
1695400 740
1695410 740
1695420 739
1695430 739
1695440 739
1695450 739
1695460 738
1695470 738
1695480 738
1695490 737
1695500 737
1695510 736
1695520 736
1695530 736
1695540 736
1695550 736
1695560 735
1695570 734
1695580 734
1695590 734
1695600 734
1695610 734
1695620 734
1695630 734
1695640 734
1695650 734
1695660 733
1695670 732
1695680 732
1695690 732
1695700 732
1695710 732
1695720 731
1695730 730
1695740 729
1695750 729
1695760 729
1695770 729
1695780 729
1695790 729
1695800 729
1695810 729
1695820 729
1695830 729
1695840 729
1695850 729
1695860 729
1695870 730
1695880 731
1695890 731
1695900 731
1695910 732
1695920 732
1695930 732
1695940 733
1695950 734
1695960 734
1695970 735
1695980 736
1695990 736
1696000 736
1696010 737
1696020 737
1696030 738
1696040 738
1696050 738
1696060 738
1696070 739
1696080 739
1696090 739
1696100 739
1696110 739
1696120 739
1696130 738
1696140 738
1696150 738
1696160 738
1696170 738
1696180 737
1696190 737
1696200 736
1696210 736
1696220 736
1696230 736
1696240 735
1696250 735
1696260 735
1696270 735
1696280 734
1696290 733
1696300 733
1696310 732
1696320 731
1696330 731
1696340 731
1696350 731
1696360 730
1696370 730
1696380 730
1696390 729
1696400 729
1696410 728
1696420 728
1696430 727
1696440 727
1696450 726
1696460 725
1696470 725
1696480 724
1696490 724
1696500 723
1696510 722
1696520 721
1696530 721
1696540 720
1696550 720
1696560 720
1696570 720
1696580 721
1696590 721
1696600 722
1696610 722
1696620 723
1696630 724
1696640 726
1696650 727
1696660 728
1696670 730
1696680 731
1696690 732
1696700 733
1696710 734
1696720 735
1696730 736
1696740 736
1696750 737
1696760 738
1696770 739
1696780 739
1696790 739
1696800 740
1696810 740
1696820 741
1696830 741
1696840 741
1696850 742
1696860 742
1696870 742
1696880 743
1696890 743
1696900 744
1696910 744
1696920 744
1696930 745
1696940 745
1696950 746
1696960 746
1696970 747
1696980 747
1696990 748
1697000 748
1697010 749
1697020 749
1697030 749
1697040 750
1697050 750
1697060 750
1697070 750
1697080 750
1697090 750
1697100 750
1697110 750
1697120 750
1697130 750
1697140 749
1697150 749
1697160 749
1697170 748
1697180 748
1697190 747
1697200 747
1697210 747
1697220 747
1697230 747
1697240 747
1697250 747
1697260 747
1697270 747
1697280 748
1697290 748
1697300 748
1697310 748
1697320 749
1697330 749
1697340 749
1697350 750
1697360 750
1697370 751
1697380 751
1697390 752
1697400 752
1697410 752
1697420 753
1697430 753
1697440 754
1697450 754
1697460 755
1697470 755
1697480 755
1697490 755
1697500 755
1697510 755
1697520 755
1697530 755
1697540 755
1697550 755
1697560 755
1697570 755
1697580 755
1697590 755
1697600 755
1697610 755
1697620 755
1697630 755
1697640 756
1697650 756
1697660 756
1697670 756
1697680 756
1697690 756
1697700 756
1697710 757
1697720 757
1697730 758
1697740 758
1697750 759
1697760 759
1697770 760
1697780 760
1697790 761
1697800 761
1697810 762
1697820 763
1697830 764
1697840 764
1697850 765
1697860 766
1697870 767
1697880 768
1697890 770
1697900 771
1697910 771
1697920 772
1697930 772
1697940 772
1697950 771
1697960 771
1697970 770
1697980 769
1697990 769
1698000 768
1698010 767
1698020 766
1698030 764
1698040 763
1698050 762
1698060 761
1698070 760
1698080 758
1698090 757
1698100 755
1698110 754
1698120 754
1698130 752
1698140 751
1698150 750
1698160 748
1698170 747
1698180 746
1698190 744
1698200 743
1698210 742
1698220 741
1698230 740
1698240 739
1698250 738
1698260 736
1698270 734
1698280 732
1698290 730
1698300 728
1698310 727
1698320 726
1698330 725
1698340 725
1698350 724
1698360 724
1698370 723
1698380 723
1698390 723
1698400 722
1698410 722
1698420 722
1698430 722
1698440 722
1698450 721
1698460 721
1698470 720
1698480 720
1698490 719
1698500 719
1698510 719
1698520 718
1698530 717
1698540 716
1698550 715
1698560 715
1698570 715
1698580 715
1698590 715
1698600 715
1698610 715
1698620 715
1698630 715
1698640 715
1698650 715
1698660 715
1698670 715
1698680 715
1698690 716
1698700 716
1698710 716
1698720 717
1698730 718
1698740 718
1698750 719
1698760 719
1698770 719
1698780 719
1698790 718
1698800 718
1698810 718
1698820 718
1698830 718
1698840 718
1698850 718
1698860 718
1698870 718
1698880 717
1698890 717
1698900 716
1698910 716
1698920 715
1698930 715
1698940 714
1698950 714
1698960 713
1698970 713
1698980 712
1698990 711
1699000 710
1699010 708
1699020 706
1699030 705
1699040 703
1699050 702
1699060 701
1699070 700
1699080 699
1699090 698
1699100 697
1699110 696
1699120 695
1699130 695
1699140 694
1699150 694
1699160 694
1699170 693
1699180 693
1699190 692
1699200 692
1699210 691
1699220 691
1699230 690
1699240 690
1699250 690
1699260 690
1699270 690
1699280 690
1699290 689
1699300 689
1699310 689
1699320 689
1699330 689
1699340 689
1699350 689
1699360 689
1699370 689
1699380 689
1699390 689
1699400 689
1699410 689
1699420 689
1699430 689
1699440 689
1699450 688
1699460 688
1699470 688
1699480 688
1699490 687
1699500 687
1699510 687
1699520 686
1699530 686
1699540 686
1699550 687
1699560 687
1699570 687
1699580 687
1699590 687
1699600 687
1699610 687
1699620 687
1699630 687
1699640 687
1699650 687
1699660 687
1699670 687
1699680 687
1699690 687
1699700 686
1699710 686
1699720 685
1699730 685
1699740 685
1699750 685
1699760 685
1699770 685
1699780 685
1699790 687
1699800 689
1699810 691
1699820 693
1699830 695
1699840 698
1699850 700
1699860 702
1699870 705
1699880 709
1699890 712
1699900 714
1699910 716
1699920 718
1699930 720
1699940 722
1699950 722
1699960 721
1699970 720
1699980 719
1699990 718
