1680000 842
1680010 841
1680020 841
1680030 840
1680040 840
1680050 840
1680060 839
1680070 839
1680080 839
1680090 838
1680100 838
1680110 838
1680120 837
1680130 837
1680140 837
1680150 837
1680160 836
1680170 836
1680180 836
1680190 836
1680200 835
1680210 836
1680220 836
1680230 836
1680240 836
1680250 837
1680260 837
1680270 838
1680280 839
1680290 839
1680300 839
1680310 839
1680320 839
1680330 838
1680340 837
1680350 836
1680360 835
1680370 835
1680380 833
1680390 832
1680400 830
1680410 830
1680420 831
1680430 832
1680440 833
1680450 834
1680460 835
1680470 837
1680480 838
1680490 840
1680500 841
1680510 842
1680520 843
1680530 844
1680540 845
1680550 846
1680560 846
1680570 847
1680580 847
1680590 847
1680600 847
1680610 847
1680620 847
1680630 847
1680640 847
1680650 848
1680660 848
1680670 848
1680680 847
1680690 847
1680700 846
1680710 846
1680720 845
1680730 845
1680740 844
1680750 844
1680760 843
1680770 843
1680780 843
1680790 842
1680800 842
1680810 841
1680820 841
1680830 841
1680840 840
1680850 840
1680860 840
1680870 839
1680880 839
1680890 839
1680900 839
1680910 839
1680920 839
1680930 839
1680940 840
1680950 840
1680960 841
1680970 842
1680980 843
1680990 844
1681000 845
1681010 846
1681020 847
1681030 848
1681040 849
1681050 849
1681060 850
1681070 850
1681080 851
1681090 851
1681100 851
1681110 851
1681120 851
1681130 851
1681140 850
1681150 850
1681160 851
1681170 851
1681180 850
1681190 850
1681200 850
1681210 850
1681220 849
1681230 849
1681240 849
1681250 850
1681260 850
1681270 850
1681280 850
1681290 850
1681300 851
1681310 852
1681320 852
1681330 853
1681340 853
1681350 854
1681360 854
1681370 854
1681380 855
1681390 855
1681400 855
1681410 856
1681420 856
1681430 857
1681440 857
1681450 858
1681460 858
1681470 859
1681480 859
1681490 860
1681500 860
1681510 861
1681520 861
1681530 861
1681540 860
1681550 860
1681560 860
1681570 861
1681580 861
1681590 861
1681600 861
1681610 862
1681620 862
1681630 862
1681640 862
1681650 862
1681660 862
1681670 862
1681680 861
1681690 861
1681700 860
1681710 859
1681720 858
1681730 857
1681740 856
1681750 855
1681760 854
1681770 853
1681780 852
1681790 852
1681800 851
1681810 850
1681820 849
1681830 848
1681840 846
1681850 845
1681860 843
1681870 842
1681880 839
1681890 836
1681900 834
1681910 832
1681920 830
1681930 828
1681940 827
1681950 825
1681960 824
1681970 822
1681980 822
1681990 821
1682000 820
1682010 820
1682020 819
1682030 817
1682040 816
1682050 813
1682060 811
1682070 810
1682080 809
1682090 809
1682100 810
1682110 810
1682120 811
1682130 812
1682140 813
1682150 815
1682160 816
1682170 817
1682180 817
1682190 818
1682200 818
1682210 819
1682220 820
1682230 821
1682240 822
1682250 823
1682260 824
1682270 825
1682280 826
1682290 827
1682300 828
1682310 829
1682320 830
1682330 831
1682340 832
1682350 833
1682360 834
1682370 834
1682380 835
1682390 836
1682400 837
1682410 837
1682420 838
1682430 838
1682440 839
1682450 839
1682460 839
1682470 839
1682480 838
1682490 837
1682500 836
1682510 835
1682520 834
1682530 834
1682540 833
1682550 832
1682560 831
1682570 830
1682580 829
1682590 828
1682600 827
1682610 826
1682620 825
1682630 825
1682640 824
1682650 823
1682660 822
1682670 822
1682680 821
1682690 821
1682700 820
1682710 820
1682720 819
1682730 819
1682740 819
1682750 818
1682760 818
1682770 817
1682780 817
1682790 816
1682800 816
1682810 815
1682820 815
1682830 814
1682840 814
1682850 813
1682860 813
1682870 812
1682880 812
1682890 811
1682900 811
1682910 810
1682920 810
1682930 810
1682940 809
1682950 809
1682960 808
1682970 808
1682980 807
1682990 806
1683000 805
1683010 805
1683020 804
1683030 803
1683040 803
1683050 803
1683060 803
1683070 803
1683080 803
1683090 803
1683100 804
1683110 804
1683120 805
1683130 806
1683140 807
1683150 808
1683160 809
1683170 810
1683180 811
1683190 812
1683200 813
1683210 814
1683220 815
1683230 815
1683240 815
1683250 815
1683260 816
1683270 816
1683280 816
1683290 816
1683300 816
1683310 816
1683320 817
1683330 817
1683340 817
1683350 818
1683360 818
1683370 819
1683380 819
1683390 820
1683400 820
1683410 821
1683420 822
1683430 822
1683440 823
1683450 823
1683460 824
1683470 824
1683480 824
1683490 824
1683500 824
1683510 824
1683520 823
1683530 823
1683540 822
1683550 822
1683560 821
1683570 822
1683580 822
1683590 822
1683600 821
1683610 821
1683620 821
1683630 821
1683640 820
1683650 820
1683660 820
1683670 820
1683680 820
1683690 819
1683700 819
1683710 818
1683720 818
1683730 818
1683740 818
1683750 818
1683760 818
1683770 819
1683780 819
1683790 819
1683800 820
1683810 820
1683820 820
1683830 820
1683840 821
1683850 821
1683860 821
1683870 822
1683880 822
1683890 823
1683900 823
1683910 824
1683920 824
1683930 824
1683940 825
1683950 826
1683960 827
1683970 827
1683980 828
1683990 828
1684000 828
1684010 829
1684020 829
1684030 829
1684040 830
1684050 830
1684060 831
1684070 831
1684080 832
1684090 832
1684100 833
1684110 833
1684120 834
1684130 834
1684140 835
1684150 836
1684160 837
1684170 837
1684180 837
1684190 838
1684200 839
1684210 840
1684220 841
1684230 842
1684240 843
1684250 843
1684260 843
1684270 844
1684280 844
1684290 844
1684300 844
1684310 844
1684320 844
1684330 844
1684340 844
1684350 844
1684360 844
1684370 844
1684380 844
1684390 844
1684400 843
1684410 843
1684420 843
1684430 843
1684440 843
1684450 843
1684460 843
1684470 843
1684480 842
1684490 842
1684500 842
1684510 842
1684520 842
1684530 842
1684540 842
1684550 843
1684560 843
1684570 843
1684580 843
1684590 843
1684600 843
1684610 843
1684620 843
1684630 843
1684640 842
1684650 842
1684660 842
1684670 842
1684680 842
1684690 842
1684700 842
1684710 842
1684720 842
1684730 842
1684740 841
1684750 841
1684760 841
1684770 841
1684780 841
1684790 841
1684800 841
1684810 841
1684820 841
1684830 841
1684840 841
1684850 841
1684860 840
1684870 840
1684880 840
1684890 840
1684900 840
1684910 840
1684920 839
1684930 839
1684940 839
1684950 839
1684960 838
1684970 838
1684980 838
1684990 838
1685000 838
1685010 837
1685020 837
1685030 837
1685040 837
1685050 836
1685060 836
1685070 836
1685080 835
1685090 835
1685100 835
1685110 835
1685120 834
1685130 834
1685140 834
1685150 833
1685160 833
1685170 833
1685180 833
1685190 832
1685200 832
1685210 831
1685220 831
1685230 830
1685240 830
1685250 829
1685260 829
1685270 828
1685280 827
1685290 826
1685300 825
1685310 824
1685320 824
1685330 824
1685340 824
1685350 824
1685360 825
1685370 826
1685380 826
1685390 826
1685400 826
1685410 827
1685420 827
1685430 827
1685440 828
1685450 828
1685460 828
1685470 828
1685480 828
1685490 828
1685500 828
1685510 828
1685520 828
1685530 828
1685540 828
1685550 828
1685560 829
1685570 829
1685580 829
1685590 829
1685600 829
1685610 829
1685620 829
1685630 829
1685640 829
1685650 829
1685660 830
1685670 830
1685680 830
1685690 830
1685700 830
1685710 830
1685720 830
1685730 830
1685740 829
1685750 829
1685760 828
1685770 828
1685780 828
1685790 827
1685800 827
1685810 827
1685820 827
1685830 826
1685840 826
1685850 826
1685860 825
1685870 825
1685880 825
1685890 824
1685900 824
1685910 824
1685920 823
1685930 823
1685940 823
1685950 822
1685960 822
1685970 822
1685980 821
1685990 821
1686000 821
1686010 820
1686020 820
1686030 820
1686040 819
1686050 819
1686060 819
1686070 818
1686080 818
1686090 818
1686100 817
1686110 817
1686120 817
1686130 817
1686140 816
1686150 816
1686160 816
1686170 816
1686180 816
1686190 815
1686200 815
1686210 815
1686220 815
1686230 815
1686240 814
1686250 814
1686260 814
1686270 814
1686280 814
1686290 814
1686300 814
1686310 813
1686320 813
1686330 813
1686340 813
1686350 813
1686360 813
1686370 813
1686380 812
1686390 812
1686400 812
1686410 812
1686420 812
1686430 812
1686440 812
1686450 812
1686460 811
1686470 811
1686480 811
1686490 811
1686500 811
1686510 811
1686520 811
1686530 811
1686540 810
1686550 810
1686560 810
1686570 810
1686580 810
1686590 810
1686600 809
1686610 809
1686620 809
1686630 809
1686640 808
1686650 808
1686660 808
1686670 807
1686680 807
1686690 807
1686700 807
1686710 806
1686720 806
1686730 806
1686740 806
1686750 805
1686760 805
1686770 805
1686780 805
1686790 805
1686800 804
1686810 804
1686820 804
1686830 804
1686840 804
1686850 803
1686860 803
1686870 803
1686880 803
1686890 803
1686900 802
1686910 802
1686920 802
1686930 802
1686940 802
1686950 802
1686960 801
1686970 801
1686980 801
1686990 801
1687000 801
1687010 801
1687020 801
1687030 800
1687040 800
1687050 800
1687060 800
1687070 800
1687080 800
1687090 800
1687100 800
1687110 800
1687120 799
1687130 799
1687140 799
1687150 799
1687160 799
1687170 799
1687180 799
1687190 799
1687200 798
1687210 798
1687220 798
1687230 798
1687240 798
1687250 798
1687260 798
1687270 798
1687280 798
1687290 797
1687300 797
1687310 797
1687320 796
1687330 796
1687340 795
1687350 795
1687360 795
1687370 794
1687380 794
1687390 794
1687400 794
1687410 794
1687420 794
1687430 794
1687440 794
1687450 793
1687460 793
1687470 793
1687480 793
1687490 793
1687500 793
1687510 793
1687520 793
1687530 792
1687540 792
1687550 792
1687560 792
1687570 792
1687580 792
1687590 792
1687600 792
1687610 792
1687620 792
1687630 791
1687640 791
1687650 790
1687660 790
1687670 789
1687680 789
1687690 789
1687700 789
1687710 789
1687720 789
1687730 788
1687740 788
1687750 788
1687760 788
1687770 788
1687780 788
1687790 788
1687800 788
1687810 788
1687820 788
1687830 788
1687840 788
1687850 788
1687860 788
1687870 787
1687880 787
1687890 788
1687900 788
1687910 788
1687920 788
1687930 789
1687940 790
1687950 790
1687960 790
1687970 791
1687980 791
1687990 791
1688000 791
1688010 792
1688020 792
1688030 792
1688040 792
1688050 792
1688060 793
1688070 793
1688080 793
1688090 794
1688100 794
1688110 795
1688120 795
1688130 795
1688140 796
1688150 796
1688160 796
1688170 796
1688180 796
1688190 796
1688200 796
1688210 797
1688220 797
1688230 796
1688240 796
1688250 796
1688260 796
1688270 796
1688280 796
1688290 796
1688300 796
1688310 796
1688320 796
1688330 796
1688340 796
1688350 796
1688360 796
1688370 796
1688380 796
1688390 796
1688400 796
1688410 796
1688420 796
1688430 796
1688440 796
1688450 796
1688460 796
1688470 796
1688480 796
1688490 796
1688500 796
1688510 796
1688520 796
1688530 796
1688540 796
1688550 796
1688560 796
1688570 796
1688580 795
1688590 795
1688600 795
1688610 795
1688620 795
1688630 794
1688640 794
1688650 794
1688660 794
1688670 794
1688680 794
1688690 793
1688700 793
1688710 793
1688720 793
1688730 792
1688740 792
1688750 792
1688760 792
1688770 792
1688780 792
1688790 792
1688800 792
1688810 792
1688820 791
1688830 791
1688840 791
1688850 791
1688860 791
1688870 791
1688880 791
1688890 791
1688900 790
1688910 790
1688920 790
1688930 790
1688940 790
1688950 790
1688960 790
1688970 790
1688980 790
1688990 790
1689000 790
1689010 790
1689020 790
1689030 789
1689040 789
1689050 788
1689060 787
1689070 786
1689080 785
1689090 785
1689100 786
1689110 787
1689120 788
1689130 789
1689140 790
1689150 791
1689160 792
1689170 793
1689180 794
1689190 794
1689200 795
1689210 795
1689220 796
1689230 796
1689240 796
1689250 797
1689260 797
1689270 797
1689280 797
1689290 797
1689300 797
1689310 797
1689320 797
1689330 796
1689340 796
1689350 796
1689360 796
1689370 796
1689380 796
1689390 796
1689400 796
1689410 796
1689420 795
1689430 795
1689440 795
1689450 795
1689460 795
1689470 794
1689480 794
1689490 794
1689500 794
1689510 794
1689520 793
1689530 793
1689540 793
1689550 793
1689560 793
1689570 792
1689580 792
1689590 792
1689600 792
1689610 792
1689620 791
1689630 791
1689640 791
1689650 791
1689660 791
1689670 790
1689680 790
1689690 790
1689700 790
1689710 790
1689720 789
1689730 789
1689740 789
1689750 788
1689760 788
1689770 788
1689780 788
1689790 788
1689800 788
1689810 787
1689820 787
1689830 787
1689840 787
1689850 786
1689860 786
1689870 786
1689880 785
1689890 785
1689900 785
1689910 785
1689920 785
1689930 784
1689940 784
1689950 784
1689960 783
1689970 783
1689980 783
1689990 782
1690000 782
1690010 782
1690020 782
1690030 782
1690040 782
1690050 782
1690060 782
1690070 782
1690080 782
1690090 782
1690100 782
1690110 782
1690120 782
1690130 782
1690140 782
1690150 782
1690160 782
1690170 782
1690180 782
1690190 782
1690200 782
1690210 782
1690220 782
1690230 782
1690240 782
1690250 782
1690260 782
1690270 782
1690280 783
1690290 783
1690300 783
1690310 783
1690320 783
1690330 783
1690340 783
1690350 783
1690360 783
1690370 783
1690380 784
1690390 784
1690400 784
1690410 784
1690420 784
1690430 785
1690440 785
1690450 785
1690460 785
1690470 786
1690480 786
1690490 786
1690500 786
1690510 787
1690520 787
1690530 787
1690540 788
1690550 788
1690560 788
1690570 788
1690580 788
1690590 789
1690600 789
1690610 790
1690620 790
1690630 791
1690640 791
1690650 791
1690660 791
1690670 792
1690680 792
1690690 792
1690700 792
1690710 792
1690720 792
1690730 793
1690740 793
1690750 793
1690760 793
1690770 793
1690780 793
1690790 793
1690800 794
1690810 794
1690820 794
1690830 794
1690840 795
1690850 795
1690860 795
1690870 795
1690880 796
1690890 796
1690900 796
1690910 797
1690920 797
1690930 797
1690940 797
1690950 798
1690960 798
1690970 798
1690980 799
1690990 799
1691000 799
1691010 800
1691020 800
1691030 800
1691040 800
1691050 801
1691060 801
1691070 801
1691080 802
1691090 802
1691100 802
1691110 802
1691120 803
1691130 803
1691140 803
1691150 804
1691160 804
1691170 804
1691180 804
1691190 804
1691200 804
1691210 804
1691220 804
1691230 804
1691240 804
1691250 804
1691260 804
1691270 804
1691280 804
1691290 804
1691300 804
1691310 804
1691320 804
1691330 804
1691340 804
1691350 804
1691360 804
1691370 804
1691380 804
1691390 804
1691400 804
1691410 804
1691420 804
1691430 804
1691440 804
1691450 804
1691460 805
1691470 805
1691480 805
1691490 805
1691500 805
1691510 805
1691520 805
1691530 805
1691540 805
1691550 805
1691560 805
1691570 805
1691580 805
1691590 805
1691600 805
1691610 806
1691620 806
1691630 806
1691640 806
1691650 806
1691660 806
1691670 807
1691680 807
1691690 807
1691700 807
1691710 807
1691720 807
1691730 808
1691740 808
1691750 808
1691760 808
1691770 808
1691780 809
1691790 809
1691800 809
1691810 809
1691820 809
1691830 809
1691840 809
1691850 809
1691860 809
1691870 809
1691880 809
1691890 809
1691900 809
1691910 809
1691920 808
1691930 808
1691940 808
1691950 808
1691960 808
1691970 808
1691980 808
1691990 808
1692000 808
1692010 808
1692020 808
1692030 808
1692040 808
1692050 808
1692060 808
1692070 808
1692080 808
1692090 807
1692100 807
1692110 807
1692120 807
1692130 807
1692140 807
1692150 807
1692160 807
1692170 807
1692180 807
1692190 807
1692200 807
1692210 807
1692220 807
1692230 807
1692240 807
1692250 807
1692260 806
1692270 806
1692280 806
1692290 806
1692300 806
1692310 806
1692320 806
1692330 806
1692340 806
1692350 806
1692360 806
1692370 805
1692380 805
1692390 805
1692400 805
1692410 805
1692420 805
1692430 805
1692440 805
1692450 805
1692460 805
1692470 805
1692480 804
1692490 804
1692500 804
1692510 804
1692520 804
1692530 804
1692540 803
1692550 803
1692560 803
1692570 803
1692580 803
1692590 803
1692600 803
1692610 802
1692620 802
1692630 802
1692640 802
1692650 802
1692660 802
1692670 801
1692680 801
1692690 801
1692700 801
1692710 801
1692720 800
1692730 800
1692740 800
1692750 800
1692760 800
1692770 800
1692780 799
1692790 799
1692800 799
1692810 799
1692820 798
1692830 798
1692840 798
1692850 798
1692860 797
1692870 797
1692880 797
1692890 797
1692900 797
1692910 797
1692920 796
1692930 796
1692940 796
1692950 796
1692960 796
1692970 796
1692980 796
1692990 795
1693000 795
1693010 795
1693020 795
1693030 794
1693040 794
1693050 794
1693060 794
1693070 794
1693080 794
1693090 794
1693100 793
1693110 793
1693120 793
1693130 793
1693140 793
1693150 792
1693160 792
1693170 792
1693180 791
1693190 791
1693200 791
1693210 790
1693220 790
1693230 790
1693240 790
1693250 789
1693260 789
1693270 789
1693280 788
1693290 788
1693300 788
1693310 787
1693320 787
1693330 787
1693340 786
1693350 786
1693360 786
1693370 785
1693380 785
1693390 784
1693400 784
1693410 784
1693420 783
1693430 783
1693440 782
1693450 781
1693460 781
1693470 781
1693480 780
1693490 780
1693500 780
1693510 779
1693520 779
1693530 779
1693540 779
1693550 779
1693560 779
1693570 779
1693580 778
1693590 778
1693600 778
1693610 778
1693620 778
1693630 778
1693640 777
1693650 777
1693660 777
1693670 778
1693680 778
1693690 778
1693700 778
1693710 779
1693720 780
1693730 780
1693740 780
1693750 781
1693760 781
1693770 781
1693780 781
1693790 781
1693800 781
1693810 781
1693820 781
1693830 781
1693840 781
1693850 781
1693860 781
1693870 781
1693880 781
1693890 781
1693900 781
1693910 781
1693920 781
1693930 781
1693940 781
1693950 781
1693960 781
1693970 781
1693980 781
1693990 781
1694000 781
1694010 781
1694020 781
1694030 780
1694040 780
1694050 780
1694060 780
1694070 780
1694080 780
1694090 779
1694100 779
1694110 779
1694120 779
1694130 779
1694140 779
1694150 779
1694160 778
1694170 778
1694180 778
1694190 777
1694200 777
1694210 777
1694220 777
1694230 777
1694240 777
1694250 777
1694260 777
1694270 777
1694280 777
1694290 777
1694300 777
1694310 777
1694320 777
1694330 778
1694340 778
1694350 778
1694360 779
1694370 779
1694380 779
1694390 780
1694400 780
1694410 781
1694420 781
1694430 782
1694440 783
1694450 783
1694460 784
1694470 784
1694480 785
1694490 785
1694500 785
1694510 785
1694520 785
1694530 786
1694540 786
1694550 786
1694560 787
1694570 787
1694580 787
1694590 788
1694600 788
1694610 788
1694620 788
1694630 788
1694640 787
1694650 787
1694660 787
1694670 787
1694680 787
1694690 786
1694700 786
1694710 785
1694720 785
1694730 784
1694740 784
1694750 783
1694760 783
1694770 782
1694780 782
1694790 781
1694800 781
1694810 780
1694820 779
1694830 779
1694840 778
1694850 777
1694860 777
1694870 776
1694880 776
1694890 775
1694900 775
1694910 774
1694920 774
1694930 773
1694940 773
1694950 772
1694960 772
1694970 771
1694980 770
1694990 770
1695000 769
1695010 769
1695020 769
1695030 768
1695040 768
1695050 768
1695060 768
1695070 767
1695080 767
1695090 767
1695100 766
1695110 766
1695120 765
1695130 765
1695140 765
1695150 764
1695160 763
1695170 762
1695180 762
1695190 761
1695200 761
1695210 760
1695220 759
1695230 758
1695240 757
1695250 757
1695260 756
1695270 755
1695280 755
1695290 754
1695300 753
1695310 753
1695320 752
1695330 751
1695340 749
1695350 747
1695360 746
1695370 744
1695380 744
1695390 744
1695400 744
1695410 744
1695420 744
1695430 743
1695440 743
1695450 743
1695460 742
1695470 742
1695480 742
1695490 742
1695500 741
1695510 741
1695520 740
1695530 739
1695540 738
1695550 738
1695560 738
1695570 737
1695580 735
1695590 735
1695600 735
1695610 735
1695620 735
1695630 735
1695640 735
1695650 735
1695660 734
1695670 734
1695680 734
1695690 734
1695700 734
1695710 733
1695720 733
1695730 734
1695740 734
1695750 734
1695760 734
1695770 735
1695780 735
1695790 734
1695800 734
1695810 734
1695820 734
1695830 734
1695840 734
1695850 734
1695860 734
1695870 735
1695880 735
1695890 736
1695900 736
1695910 737
1695920 737
1695930 738
1695940 738
1695950 739
1695960 739
1695970 739
1695980 739
1695990 740
1696000 740
1696010 740
1696020 740
1696030 740
1696040 740
1696050 740
1696060 740
1696070 740
1696080 740
1696090 740
1696100 740
1696110 740
1696120 740
1696130 740
1696140 739
1696150 739
1696160 739
1696170 739
1696180 739
1696190 738
1696200 738
1696210 738
1696220 737
1696230 737
1696240 736
1696250 736
1696260 735
1696270 734
1696280 734
1696290 734
1696300 734
1696310 733
1696320 733
1696330 732
1696340 731
1696350 730
1696360 730
1696370 730
1696380 729
1696390 729
1696400 729
1696410 729
1696420 728
1696430 728
1696440 728
1696450 728
1696460 728
1696470 727
1696480 727
1696490 727
1696500 726
1696510 726
1696520 725
1696530 724
1696540 722
1696550 722
1696560 721
1696570 722
1696580 722
1696590 722
1696600 722
1696610 723
1696620 723
1696630 724
1696640 725
1696650 726
1696660 726
1696670 728
1696680 729
1696690 730
1696700 732
1696710 732
1696720 733
1696730 734
1696740 734
1696750 736
1696760 736
1696770 737
1696780 738
1696790 738
1696800 739
1696810 740
1696820 740
1696830 741
1696840 741
1696850 742
1696860 742
1696870 743
1696880 743
1696890 744
1696900 744
1696910 745
1696920 745
1696930 746
1696940 746
1696950 747
1696960 748
1696970 748
1696980 749
1696990 749
1697000 750
1697010 750
1697020 750
1697030 751
1697040 751
1697050 751
1697060 752
1697070 752
1697080 752
1697090 752
1697100 753
1697110 753
1697120 753
1697130 753
1697140 753
1697150 753
1697160 752
1697170 752
1697180 752
1697190 752
1697200 752
1697210 752
1697220 752
1697230 752
1697240 752
1697250 752
1697260 752
1697270 753
1697280 753
1697290 753
1697300 753
1697310 753
1697320 753
1697330 753
1697340 753
1697350 753
1697360 753
1697370 753
1697380 754
1697390 754
1697400 754
1697410 754
1697420 755
1697430 755
1697440 755
1697450 756
1697460 756
1697470 756
1697480 756
1697490 756
1697500 757
1697510 757
1697520 757
1697530 757
1697540 757
1697550 757
1697560 757
1697570 758
1697580 758
1697590 758
1697600 758
1697610 758
1697620 758
1697630 758
1697640 759
1697650 759
1697660 759
1697670 759
1697680 760
1697690 760
1697700 760
1697710 760
1697720 761
1697730 761
1697740 761
1697750 761
1697760 761
1697770 761
1697780 761
1697790 761
1697800 762
1697810 762
1697820 762
1697830 762
1697840 762
1697850 763
1697860 763
1697870 763
1697880 764
1697890 764
1697900 764
1697910 764
1697920 764
1697930 764
1697940 764
1697950 764
1697960 764
1697970 764
1697980 763
1697990 762
1698000 762
1698010 761
1698020 760
1698030 759
1698040 758
1698050 757
1698060 756
1698070 755
1698080 754
1698090 753
1698100 752
1698110 749
1698120 747
1698130 745
1698140 743
1698150 741
1698160 740
1698170 738
1698180 737
1698190 735
1698200 734
1698210 733
1698220 731
1698230 730
1698240 729
1698250 728
1698260 726
1698270 725
1698280 725
1698290 725
1698300 725
1698310 724
1698320 724
1698330 723
1698340 723
1698350 723
1698360 723
1698370 722
1698380 722
1698390 722
1698400 721
1698410 721
1698420 721
1698430 720
1698440 720
1698450 719
1698460 719
1698470 719
1698480 719
1698490 719
1698500 719
1698510 719
1698520 719
1698530 719
1698540 719
1698550 720
1698560 720
1698570 720
1698580 721
1698590 721
1698600 721
1698610 722
1698620 722
1698630 722
1698640 722
1698650 723
1698660 723
1698670 723
1698680 724
1698690 724
1698700 725
1698710 725
1698720 726
1698730 726
1698740 726
1698750 727
1698760 727
1698770 727
1698780 727
1698790 727
1698800 727
1698810 727
1698820 727
1698830 727
1698840 727
1698850 727
1698860 727
1698870 727
1698880 726
1698890 726
1698900 726
1698910 725
1698920 724
1698930 724
1698940 723
1698950 723
1698960 722
1698970 722
1698980 721
1698990 721
1699000 720
1699010 719
1699020 719
1699030 718
1699040 718
1699050 717
1699060 717
1699070 716
1699080 715
1699090 714
1699100 713
1699110 711
1699120 709
1699130 706
1699140 703
1699150 702
1699160 701
1699170 701
1699180 701
1699190 700
1699200 699
1699210 698
1699220 697
1699230 697
1699240 696
1699250 696
1699260 696
1699270 695
1699280 694
1699290 693
1699300 693
1699310 693
1699320 693
1699330 693
1699340 693
1699350 693
1699360 693
1699370 693
1699380 693
1699390 693
1699400 693
1699410 693
1699420 694
1699430 694
1699440 694
1699450 695
1699460 695
1699470 695
1699480 696
1699490 696
1699500 696
1699510 697
1699520 697
1699530 697
1699540 697
1699550 696
1699560 696
1699570 695
1699580 694
1699590 693
1699600 692
1699610 692
1699620 692
1699630 693
1699640 694
1699650 694
1699660 695
1699670 695
1699680 696
1699690 697
1699700 697
1699710 698
1699720 699
1699730 700
1699740 702
1699750 703
1699760 703
1699770 704
1699780 706
1699790 707
1699800 708
1699810 710
1699820 711
1699830 712
1699840 714
1699850 715
1699860 717
1699870 719
1699880 722
1699890 724
1699900 726
1699910 727
1699920 729
1699930 729
1699940 730
1699950 729
1699960 728
1699970 728
1699980 727
1699990 726
