1680000 862
1680010 861
1680020 860
1680030 860
1680040 859
1680050 858
1680060 858
1680070 857
1680080 856
1680090 856
1680100 856
1680110 855
1680120 854
1680130 852
1680140 850
1680150 847
1680160 845
1680170 842
1680180 839
1680190 836
1680200 834
1680210 831
1680220 829
1680230 827
1680240 827
1680250 827
1680260 828
1680270 830
1680280 832
1680290 834
1680300 835
1680310 836
1680320 837
1680330 837
1680340 837
1680350 837
1680360 837
1680370 837
1680380 836
1680390 836
1680400 836
1680410 836
1680420 836
1680430 836
1680440 835
1680450 835
1680460 835
1680470 834
1680480 834
1680490 834
1680500 833
1680510 833
1680520 833
1680530 834
1680540 834
1680550 834
1680560 834
1680570 835
1680580 835
1680590 835
1680600 835
1680610 836
1680620 836
1680630 836
1680640 836
1680650 836
1680660 837
1680670 837
1680680 838
1680690 838
1680700 838
1680710 839
1680720 839
1680730 840
1680740 840
1680750 840
1680760 841
1680770 841
1680780 842
1680790 842
1680800 842
1680810 843
1680820 843
1680830 843
1680840 843
1680850 844
1680860 844
1680870 844
1680880 845
1680890 845
1680900 845
1680910 846
1680920 846
1680930 846
1680940 847
1680950 847
1680960 848
1680970 848
1680980 848
1680990 848
1681000 848
1681010 848
1681020 848
1681030 848
1681040 848
1681050 848
1681060 848
1681070 848
1681080 848
1681090 848
1681100 848
1681110 848
1681120 848
1681130 848
1681140 848
1681150 847
1681160 847
1681170 847
1681180 846
1681190 846
1681200 846
1681210 846
1681220 846
1681230 846
1681240 845
1681250 844
1681260 843
1681270 842
1681280 841
1681290 839
1681300 839
1681310 838
1681320 838
1681330 837
1681340 837
1681350 837
1681360 837
1681370 837
1681380 837
1681390 837
1681400 837
1681410 837
1681420 837
1681430 837
1681440 838
1681450 839
1681460 840
1681470 841
1681480 842
1681490 843
1681500 845
1681510 846
1681520 847
1681530 848
1681540 848
1681550 849
1681560 850
1681570 851
1681580 851
1681590 852
1681600 852
1681610 853
1681620 853
1681630 854
1681640 854
1681650 855
1681660 856
1681670 857
1681680 858
1681690 858
1681700 859
1681710 859
1681720 858
1681730 858
1681740 857
1681750 857
1681760 857
1681770 857
1681780 856
1681790 856
1681800 855
1681810 855
1681820 854
1681830 854
1681840 853
1681850 853
1681860 852
1681870 852
1681880 852
1681890 851
1681900 851
1681910 851
1681920 851
1681930 851
1681940 851
1681950 851
1681960 850
1681970 850
1681980 850
1681990 850
1682000 850
1682010 850
1682020 849
1682030 849
1682040 849
1682050 849
1682060 849
1682070 849
1682080 849
1682090 849
1682100 848
1682110 848
1682120 848
1682130 848
1682140 848
1682150 848
1682160 847
1682170 847
1682180 847
1682190 847
1682200 846
1682210 846
1682220 846
1682230 845
1682240 845
1682250 844
1682260 844
1682270 843
1682280 843
1682290 842
1682300 842
1682310 842
1682320 841
1682330 841
1682340 841
1682350 840
1682360 840
1682370 839
1682380 839
1682390 839
1682400 838
1682410 838
1682420 837
1682430 837
1682440 836
1682450 835
1682460 834
1682470 833
1682480 832
1682490 830
1682500 828
1682510 826
1682520 823
1682530 820
1682540 818
1682550 817
1682560 816
1682570 815
1682580 814
1682590 814
1682600 813
1682610 812
1682620 812
1682630 811
1682640 811
1682650 811
1682660 810
1682670 809
1682680 809
1682690 809
1682700 808
1682710 808
1682720 808
1682730 808
1682740 808
1682750 808
1682760 808
1682770 807
1682780 807
1682790 807
1682800 807
1682810 807
1682820 807
1682830 807
1682840 807
1682850 808
1682860 808
1682870 809
1682880 809
1682890 810
1682900 810
1682910 811
1682920 811
1682930 812
1682940 812
1682950 812
1682960 813
1682970 813
1682980 813
1682990 813
1683000 813
1683010 814
1683020 814
1683030 814
1683040 814
1683050 814
1683060 815
1683070 815
1683080 815
1683090 816
1683100 816
1683110 816
1683120 817
1683130 817
1683140 818
1683150 818
1683160 818
1683170 817
1683180 817
1683190 816
1683200 815
1683210 814
1683220 813
1683230 812
1683240 811
1683250 810
1683260 809
1683270 808
1683280 807
1683290 806
1683300 805
1683310 803
1683320 802
1683330 800
1683340 798
1683350 797
1683360 796
1683370 795
1683380 794
1683390 793
1683400 792
1683410 792
1683420 792
1683430 792
1683440 793
1683450 793
1683460 793
1683470 794
1683480 794
1683490 795
1683500 796
1683510 796
1683520 797
1683530 798
1683540 799
1683550 800
1683560 801
1683570 802
1683580 802
1683590 803
1683600 805
1683610 807
1683620 809
1683630 811
1683640 812
1683650 814
1683660 815
1683670 817
1683680 818
1683690 819
1683700 820
1683710 821
1683720 823
1683730 824
1683740 825
1683750 826
1683760 827
1683770 829
1683780 830
1683790 831
1683800 832
1683810 833
1683820 833
1683830 834
1683840 834
1683850 834
1683860 834
1683870 835
1683880 834
1683890 834
1683900 833
1683910 832
1683920 831
1683930 831
1683940 830
1683950 829
1683960 828
1683970 828
1683980 827
1683990 826
1684000 825
1684010 825
1684020 824
1684030 824
1684040 823
1684050 823
1684060 823
1684070 823
1684080 823
1684090 822
1684100 822
1684110 822
1684120 822
1684130 822
1684140 823
1684150 823
1684160 823
1684170 823
1684180 823
1684190 823
1684200 823
1684210 824
1684220 824
1684230 824
1684240 824
1684250 825
1684260 825
1684270 825
1684280 824
1684290 824
1684300 824
1684310 824
1684320 824
1684330 824
1684340 824
1684350 824
1684360 824
1684370 824
1684380 824
1684390 824
1684400 824
1684410 824
1684420 824
1684430 824
1684440 824
1684450 824
1684460 825
1684470 825
1684480 825
1684490 825
1684500 825
1684510 825
1684520 826
1684530 826
1684540 826
1684550 826
1684560 826
1684570 827
1684580 827
1684590 827
1684600 828
1684610 828
1684620 829
1684630 829
1684640 830
1684650 830
1684660 830
1684670 830
1684680 830
1684690 830
1684700 830
1684710 830
1684720 830
1684730 829
1684740 829
1684750 829
1684760 829
1684770 829
1684780 829
1684790 829
1684800 829
1684810 830
1684820 830
1684830 830
1684840 829
1684850 829
1684860 828
1684870 828
1684880 828
1684890 827
1684900 827
1684910 827
1684920 827
1684930 826
1684940 826
1684950 825
1684960 825
1684970 824
1684980 824
1684990 823
1685000 823
1685010 822
1685020 822
1685030 821
1685040 821
1685050 821
1685060 820
1685070 820
1685080 819
1685090 819
1685100 818
1685110 818
1685120 817
1685130 817
1685140 816
1685150 816
1685160 815
1685170 815
1685180 815
1685190 814
1685200 813
1685210 812
1685220 811
1685230 809
1685240 808
1685250 806
1685260 805
1685270 803
1685280 802
1685290 801
1685300 800
1685310 800
1685320 799
1685330 798
1685340 798
1685350 797
1685360 796
1685370 795
1685380 795
1685390 795
1685400 794
1685410 794
1685420 794
1685430 794
1685440 794
1685450 794
1685460 794
1685470 794
1685480 794
1685490 794
1685500 794
1685510 794
1685520 795
1685530 795
1685540 795
1685550 796
1685560 797
1685570 798
1685580 799
1685590 800
1685600 801
1685610 803
1685620 804
1685630 806
1685640 806
1685650 807
1685660 807
1685670 808
1685680 808
1685690 808
1685700 808
1685710 808
1685720 808
1685730 808
1685740 808
1685750 808
1685760 808
1685770 807
1685780 807
1685790 807
1685800 807
1685810 807
1685820 807
1685830 807
1685840 807
1685850 807
1685860 807
1685870 807
1685880 807
1685890 807
1685900 807
1685910 807
1685920 807
1685930 807
1685940 807
1685950 807
1685960 807
1685970 807
1685980 807
1685990 807
1686000 807
1686010 807
1686020 807
1686030 807
1686040 807
1686050 807
1686060 807
1686070 807
1686080 807
1686090 807
1686100 807
1686110 807
1686120 807
1686130 807
1686140 807
1686150 807
1686160 807
1686170 807
1686180 807
1686190 806
1686200 806
1686210 806
1686220 806
1686230 806
1686240 806
1686250 806
1686260 806
1686270 806
1686280 806
1686290 806
1686300 806
1686310 806
1686320 806
1686330 806
1686340 806
1686350 806
1686360 806
1686370 806
1686380 806
1686390 805
1686400 805
1686410 805
1686420 805
1686430 805
1686440 805
1686450 805
1686460 805
1686470 805
1686480 805
1686490 805
1686500 805
1686510 805
1686520 804
1686530 804
1686540 804
1686550 804
1686560 803
1686570 803
1686580 803
1686590 803
1686600 802
1686610 802
1686620 802
1686630 802
1686640 802
1686650 801
1686660 801
1686670 801
1686680 801
1686690 800
1686700 800
1686710 800
1686720 800
1686730 800
1686740 799
1686750 799
1686760 799
1686770 799
1686780 798
1686790 798
1686800 798
1686810 798
1686820 798
1686830 798
1686840 798
1686850 797
1686860 797
1686870 797
1686880 797
1686890 796
1686900 796
1686910 796
1686920 796
1686930 796
1686940 796
1686950 796
1686960 795
1686970 795
1686980 795
1686990 795
1687000 795
1687010 795
1687020 795
1687030 795
1687040 795
1687050 795
1687060 795
1687070 795
1687080 795
1687090 794
1687100 794
1687110 794
1687120 794
1687130 794
1687140 794
1687150 794
1687160 794
1687170 794
1687180 793
1687190 793
1687200 793
1687210 793
1687220 793
1687230 793
1687240 793
1687250 793
1687260 793
1687270 792
1687280 792
1687290 792
1687300 792
1687310 792
1687320 792
1687330 792
1687340 792
1687350 792
1687360 792
1687370 792
1687380 791
1687390 791
1687400 791
1687410 791
1687420 791
1687430 791
1687440 791
1687450 791
1687460 791
1687470 791
1687480 791
1687490 791
1687500 791
1687510 791
1687520 791
1687530 790
1687540 790
1687550 790
1687560 790
1687570 790
1687580 790
1687590 790
1687600 790
1687610 790
1687620 790
1687630 790
1687640 790
1687650 790
1687660 790
1687670 789
1687680 789
1687690 789
1687700 789
1687710 789
1687720 789
1687730 789
1687740 789
1687750 789
1687760 789
1687770 789
1687780 788
1687790 788
1687800 788
1687810 788
1687820 788
1687830 788
1687840 788
1687850 788
1687860 788
1687870 787
1687880 787
1687890 787
1687900 787
1687910 787
1687920 787
1687930 786
1687940 786
1687950 786
1687960 785
1687970 785
1687980 785
1687990 784
1688000 784
1688010 784
1688020 783
1688030 783
1688040 783
1688050 782
1688060 782
1688070 782
1688080 782
1688090 782
1688100 781
1688110 781
1688120 781
1688130 781
1688140 781
1688150 780
1688160 780
1688170 780
1688180 780
1688190 779
1688200 779
1688210 779
1688220 779
1688230 778
1688240 778
1688250 777
1688260 777
1688270 777
1688280 777
1688290 776
1688300 776
1688310 775
1688320 774
1688330 774
1688340 773
1688350 773
1688360 773
1688370 773
1688380 773
1688390 773
1688400 773
1688410 773
1688420 773
1688430 772
1688440 772
1688450 772
1688460 772
1688470 772
1688480 772
1688490 771
1688500 771
1688510 771
1688520 771
1688530 771
1688540 770
1688550 770
1688560 770
1688570 770
1688580 770
1688590 770
1688600 770
1688610 770
1688620 770
1688630 770
1688640 769
1688650 769
1688660 769
1688670 769
1688680 768
1688690 768
1688700 768
1688710 768
1688720 769
1688730 769
1688740 768
1688750 767
1688760 767
1688770 767
1688780 766
1688790 766
1688800 766
1688810 766
1688820 765
1688830 765
1688840 765
1688850 765
1688860 765
1688870 764
1688880 764
1688890 764
1688900 764
1688910 764
1688920 764
1688930 764
1688940 764
1688950 764
1688960 763
1688970 763
1688980 763
1688990 763
1689000 762
1689010 762
1689020 762
1689030 763
1689040 763
1689050 764
1689060 764
1689070 764
1689080 764
1689090 764
1689100 764
1689110 765
1689120 765
1689130 765
1689140 765
1689150 766
1689160 766
1689170 766
1689180 767
1689190 767
1689200 768
1689210 768
1689220 769
1689230 770
1689240 770
1689250 771
1689260 771
1689270 772
1689280 773
1689290 774
1689300 775
1689310 776
1689320 776
1689330 777
1689340 777
1689350 778
1689360 779
1689370 779
1689380 780
1689390 781
1689400 781
1689410 782
1689420 783
1689430 783
1689440 783
1689450 784
1689460 784
1689470 784
1689480 785
1689490 785
1689500 785
1689510 785
1689520 786
1689530 786
1689540 786
1689550 786
1689560 787
1689570 787
1689580 787
1689590 787
1689600 788
1689610 788
1689620 788
1689630 788
1689640 788
1689650 788
1689660 788
1689670 788
1689680 788
1689690 788
1689700 787
1689710 787
1689720 787
1689730 787
1689740 787
1689750 787
1689760 786
1689770 786
1689780 786
1689790 786
1689800 786
1689810 786
1689820 786
1689830 786
1689840 786
1689850 786
1689860 786
1689870 786
1689880 786
1689890 786
1689900 786
1689910 787
1689920 787
1689930 787
1689940 787
1689950 787
1689960 787
1689970 787
1689980 787
1689990 787
1690000 787
1690010 787
1690020 787
1690030 787
1690040 787
1690050 788
1690060 788
1690070 788
1690080 788
1690090 788
1690100 788
1690110 789
1690120 789
1690130 789
1690140 789
1690150 790
1690160 790
1690170 790
1690180 791
1690190 791
1690200 791
1690210 791
1690220 791
1690230 792
1690240 792
1690250 792
1690260 792
1690270 792
1690280 792
1690290 791
1690300 791
1690310 791
1690320 791
1690330 791
1690340 791
1690350 791
1690360 791
1690370 791
1690380 791
1690390 790
1690400 790
1690410 790
1690420 790
1690430 790
1690440 790
1690450 790
1690460 790
1690470 790
1690480 790
1690490 790
1690500 790
1690510 789
1690520 789
1690530 789
1690540 789
1690550 789
1690560 789
1690570 789
1690580 789
1690590 789
1690600 789
1690610 788
1690620 788
1690630 788
1690640 788
1690650 788
1690660 788
1690670 788
1690680 788
1690690 788
1690700 788
1690710 788
1690720 788
1690730 788
1690740 788
1690750 787
1690760 787
1690770 787
1690780 787
1690790 788
1690800 788
1690810 788
1690820 788
1690830 788
1690840 788
1690850 788
1690860 788
1690870 788
1690880 788
1690890 788
1690900 788
1690910 788
1690920 788
1690930 788
1690940 788
1690950 788
1690960 788
1690970 789
1690980 789
1690990 789
1691000 789
1691010 789
1691020 789
1691030 789
1691040 790
1691050 790
1691060 790
1691070 790
1691080 790
1691090 790
1691100 790
1691110 790
1691120 791
1691130 791
1691140 791
1691150 791
1691160 791
1691170 791
1691180 791
1691190 791
1691200 791
1691210 790
1691220 790
1691230 790
1691240 790
1691250 790
1691260 789
1691270 789
1691280 789
1691290 789
1691300 789
1691310 789
1691320 788
1691330 788
1691340 788
1691350 788
1691360 788
1691370 788
1691380 788
1691390 787
1691400 787
1691410 787
1691420 787
1691430 787
1691440 787
1691450 787
1691460 787
1691470 786
1691480 786
1691490 786
1691500 786
1691510 786
1691520 786
1691530 786
1691540 785
1691550 785
1691560 785
1691570 785
1691580 785
1691590 784
1691600 784
1691610 784
1691620 784
1691630 784
1691640 784
1691650 784
1691660 784
1691670 784
1691680 784
1691690 784
1691700 784
1691710 784
1691720 784
1691730 784
1691740 784
1691750 784
1691760 784
1691770 784
1691780 784
1691790 784
1691800 784
1691810 784
1691820 784
1691830 784
1691840 784
1691850 784
1691860 784
1691870 784
1691880 784
1691890 784
1691900 784
1691910 784
1691920 784
1691930 784
1691940 784
1691950 784
1691960 784
1691970 784
1691980 784
1691990 783
1692000 783
1692010 783
1692020 783
1692030 783
1692040 783
1692050 783
1692060 782
1692070 782
1692080 782
1692090 782
1692100 781
1692110 781
1692120 780
1692130 780
1692140 780
1692150 780
1692160 780
1692170 780
1692180 780
1692190 780
1692200 780
1692210 780
1692220 780
1692230 780
1692240 779
1692250 779
1692260 779
1692270 779
1692280 779
1692290 779
1692300 779
1692310 779
1692320 779
1692330 779
1692340 779
1692350 779
1692360 779
1692370 778
1692380 778
1692390 778
1692400 778
1692410 777
1692420 777
1692430 777
1692440 777
1692450 777
1692460 777
1692470 777
1692480 777
1692490 777
1692500 777
1692510 777
1692520 777
1692530 777
1692540 778
1692550 778
1692560 778
1692570 778
1692580 778
1692590 778
1692600 778
1692610 778
1692620 778
1692630 778
1692640 779
1692650 779
1692660 779
1692670 779
1692680 779
1692690 779
1692700 779
1692710 779
1692720 779
1692730 779
1692740 780
1692750 780
1692760 780
1692770 780
1692780 781
1692790 781
1692800 781
1692810 781
1692820 781
1692830 781
1692840 781
1692850 782
1692860 782
1692870 782
1692880 782
1692890 782
1692900 782
1692910 782
1692920 782
1692930 783
1692940 783
1692950 783
1692960 783
1692970 783
1692980 783
1692990 783
1693000 784
1693010 784
1693020 784
1693030 784
1693040 784
1693050 785
1693060 785
1693070 785
1693080 785
1693090 785
1693100 786
1693110 786
1693120 786
1693130 787
1693140 787
1693150 787
1693160 787
1693170 787
1693180 788
1693190 788
1693200 788
1693210 788
1693220 788
1693230 789
1693240 789
1693250 789
1693260 789
1693270 790
1693280 790
1693290 791
1693300 791
1693310 791
1693320 791
1693330 792
1693340 792
1693350 792
1693360 792
1693370 793
1693380 793
1693390 793
1693400 794
1693410 794
1693420 794
1693430 795
1693440 795
1693450 795
1693460 796
1693470 796
1693480 797
1693490 797
1693500 797
1693510 798
1693520 798
1693530 799
1693540 799
1693550 800
1693560 800
1693570 800
1693580 801
1693590 802
1693600 803
1693610 804
1693620 805
1693630 805
1693640 806
1693650 806
1693660 806
1693670 806
1693680 806
1693690 806
1693700 806
1693710 806
1693720 806
1693730 805
1693740 805
1693750 805
1693760 805
1693770 805
1693780 804
1693790 804
1693800 804
1693810 803
1693820 803
1693830 803
1693840 802
1693850 802
1693860 802
1693870 801
1693880 801
1693890 801
1693900 800
1693910 800
1693920 800
1693930 800
1693940 799
1693950 799
1693960 799
1693970 799
1693980 798
1693990 798
1694000 798
1694010 797
1694020 797
1694030 797
1694040 797
1694050 797
1694060 797
1694070 797
1694080 796
1694090 796
1694100 796
1694110 796
1694120 796
1694130 795
1694140 795
1694150 795
1694160 795
1694170 795
1694180 795
1694190 794
1694200 794
1694210 794
1694220 794
1694230 794
1694240 794
1694250 793
1694260 793
1694270 793
1694280 793
1694290 793
1694300 792
1694310 792
1694320 792
1694330 792
1694340 792
1694350 792
1694360 792
1694370 792
1694380 792
1694390 791
1694400 791
1694410 791
1694420 791
1694430 791
1694440 791
1694450 791
1694460 791
1694470 791
1694480 791
1694490 791
1694500 790
1694510 790
1694520 790
1694530 790
1694540 790
1694550 789
1694560 789
1694570 789
1694580 789
1694590 789
1694600 789
1694610 788
1694620 788
1694630 788
1694640 788
1694650 788
1694660 787
1694670 787
1694680 787
1694690 787
1694700 787
1694710 787
1694720 787
1694730 786
1694740 786
1694750 786
1694760 785
1694770 785
1694780 784
1694790 784
1694800 783
1694810 782
1694820 782
1694830 782
1694840 782
1694850 782
1694860 783
1694870 783
1694880 784
1694890 784
1694900 785
1694910 785
1694920 786
1694930 786
1694940 787
1694950 787
1694960 788
1694970 788
1694980 789
1694990 789
1695000 790
1695010 790
1695020 791
1695030 791
1695040 792
1695050 792
1695060 793
1695070 793
1695080 794
1695090 794
1695100 794
1695110 795
1695120 795
1695130 796
1695140 796
1695150 797
1695160 797
1695170 798
1695180 798
1695190 799
1695200 799
1695210 799
1695220 799
1695230 799
1695240 799
1695250 799
1695260 799
1695270 799
1695280 799
1695290 798
1695300 798
1695310 797
1695320 797
1695330 797
1695340 796
1695350 796
1695360 796
1695370 795
1695380 795
1695390 795
1695400 794
1695410 794
1695420 794
1695430 793
1695440 793
1695450 792
1695460 791
1695470 790
1695480 790
1695490 789
1695500 788
1695510 787
1695520 787
1695530 786
1695540 786
1695550 785
1695560 785
1695570 784
1695580 783
1695590 783
1695600 782
1695610 782
1695620 781
1695630 781
1695640 780
1695650 780
1695660 779
1695670 779
1695680 778
1695690 778
1695700 778
1695710 777
1695720 777
1695730 776
1695740 776
1695750 775
1695760 775
1695770 774
1695780 774
1695790 773
1695800 772
1695810 772
1695820 771
1695830 771
1695840 771
1695850 770
1695860 770
1695870 770
1695880 769
1695890 769
1695900 768
1695910 768
1695920 767
1695930 767
1695940 766
1695950 766
1695960 765
1695970 764
1695980 764
1695990 763
1696000 763
1696010 762
1696020 761
1696030 761
1696040 760
1696050 760
1696060 760
1696070 760
1696080 760
1696090 759
1696100 759
1696110 759
1696120 759
1696130 759
1696140 759
1696150 759
1696160 759
1696170 759
1696180 759
1696190 759
1696200 760
1696210 760
1696220 761
1696230 761
1696240 761
1696250 761
1696260 762
1696270 762
1696280 762
1696290 762
1696300 762
1696310 763
1696320 763
1696330 763
1696340 763
1696350 763
1696360 763
1696370 763
1696380 763
1696390 763
1696400 763
1696410 763
1696420 763
1696430 764
1696440 764
1696450 764
1696460 765
1696470 765
1696480 765
1696490 765
1696500 766
1696510 766
1696520 767
1696530 767
1696540 767
1696550 768
1696560 768
1696570 768
1696580 768
1696590 768
1696600 768
1696610 768
1696620 768
1696630 768
1696640 768
1696650 768
1696660 768
1696670 768
1696680 768
1696690 768
1696700 768
1696710 768
1696720 768
1696730 768
1696740 768
1696750 768
1696760 768
1696770 768
1696780 768
1696790 769
1696800 769
1696810 769
1696820 769
1696830 769
1696840 769
1696850 770
1696860 770
1696870 770
1696880 770
1696890 770
1696900 770
1696910 770
1696920 770
1696930 771
1696940 771
1696950 771
1696960 771
1696970 771
1696980 771
1696990 771
1697000 771
1697010 771
1697020 771
1697030 771
1697040 771
1697050 771
1697060 771
1697070 771
1697080 771
1697090 772
1697100 772
1697110 772
1697120 772
1697130 772
1697140 772
1697150 772
1697160 772
1697170 772
1697180 772
1697190 772
1697200 772
1697210 772
1697220 772
1697230 773
1697240 773
1697250 773
1697260 773
1697270 773
1697280 773
1697290 773
1697300 773
1697310 773
1697320 774
1697330 774
1697340 774
1697350 774
1697360 774
1697370 774
1697380 775
1697390 775
1697400 775
1697410 775
1697420 775
1697430 775
1697440 776
1697450 776
1697460 776
1697470 776
1697480 776
1697490 776
1697500 776
1697510 776
1697520 776
1697530 776
1697540 776
1697550 776
1697560 776
1697570 776
1697580 776
1697590 776
1697600 776
1697610 776
1697620 776
1697630 776
1697640 776
1697650 776
1697660 776
1697670 776
1697680 775
1697690 775
1697700 775
1697710 775
1697720 775
1697730 776
1697740 776
1697750 776
1697760 776
1697770 776
1697780 776
1697790 776
1697800 776
1697810 776
1697820 776
1697830 776
1697840 776
1697850 776
1697860 776
1697870 776
1697880 776
1697890 776
1697900 776
1697910 776
1697920 776
1697930 776
1697940 776
1697950 776
1697960 776
1697970 777
1697980 777
1697990 777
1698000 777
1698010 777
1698020 777
1698030 778
1698040 778
1698050 778
1698060 778
1698070 779
1698080 779
1698090 779
1698100 779
1698110 780
1698120 780
1698130 780
1698140 780
1698150 780
1698160 780
1698170 780
1698180 780
1698190 780
1698200 780
1698210 780
1698220 780
1698230 780
1698240 780
1698250 780
1698260 780
1698270 780
1698280 780
1698290 780
1698300 780
1698310 780
1698320 780
1698330 780
1698340 780
1698350 780
1698360 780
1698370 780
1698380 779
1698390 779
1698400 779
1698410 779
1698420 779
1698430 779
1698440 779
1698450 779
1698460 780
1698470 780
1698480 780
1698490 780
1698500 780
1698510 780
1698520 780
1698530 780
1698540 780
1698550 780
1698560 780
1698570 780
1698580 780
1698590 781
1698600 781
1698610 781
1698620 781
1698630 781
1698640 781
1698650 781
1698660 781
1698670 781
1698680 781
1698690 781
1698700 780
1698710 780
1698720 780
1698730 779
1698740 779
1698750 779
1698760 778
1698770 778
1698780 777
1698790 777
1698800 776
1698810 776
1698820 776
1698830 775
1698840 775
1698850 775
1698860 774
1698870 774
1698880 774
1698890 773
1698900 773
1698910 772
1698920 772
1698930 772
1698940 771
1698950 771
1698960 771
1698970 771
1698980 770
1698990 770
1699000 769
1699010 769
1699020 769
1699030 768
1699040 768
1699050 768
1699060 768
1699070 767
1699080 767
1699090 767
1699100 767
1699110 766
1699120 766
1699130 766
1699140 766
1699150 766
1699160 765
1699170 765
1699180 765
1699190 765
1699200 764
1699210 764
1699220 764
1699230 764
1699240 763
1699250 763
1699260 763
1699270 762
1699280 762
1699290 762
1699300 761
1699310 761
1699320 760
1699330 760
1699340 760
1699350 760
1699360 759
1699370 759
1699380 759
1699390 758
1699400 758
1699410 757
1699420 757
1699430 757
1699440 757
1699450 757
1699460 757
1699470 756
1699480 756
1699490 756
1699500 756
1699510 756
1699520 756
1699530 755
1699540 754
1699550 754
1699560 753
1699570 753
1699580 753
1699590 753
1699600 752
1699610 752
1699620 752
1699630 752
1699640 751
1699650 752
1699660 752
1699670 752
1699680 751
1699690 751
1699700 751
1699710 751
1699720 751
1699730 751
1699740 750
1699750 750
1699760 749
1699770 749
1699780 749
1699790 749
1699800 749
1699810 749
1699820 749
1699830 748
1699840 748
1699850 748
1699860 748
1699870 748
1699880 748
1699890 747
1699900 747
1699910 747
1699920 747
1699930 747
1699940 747
1699950 747
1699960 747
1699970 747
1699980 747
1699990 746
