1680000 838
1680010 836
1680020 834
1680030 832
1680040 830
1680050 828
1680060 826
1680070 825
1680080 823
1680090 822
1680100 820
1680110 819
1680120 818
1680130 818
1680140 817
1680150 817
1680160 816
1680170 816
1680180 815
1680190 815
1680200 814
1680210 814
1680220 814
1680230 814
1680240 813
1680250 813
1680260 812
1680270 811
1680280 810
1680290 809
1680300 808
1680310 806
1680320 805
1680330 804
1680340 804
1680350 803
1680360 803
1680370 802
1680380 802
1680390 801
1680400 801
1680410 801
1680420 800
1680430 800
1680440 799
1680450 799
1680460 798
1680470 798
1680480 797
1680490 797
1680500 796
1680510 796
1680520 795
1680530 795
1680540 794
1680550 794
1680560 793
1680570 793
1680580 792
1680590 791
1680600 791
1680610 790
1680620 790
1680630 790
1680640 791
1680650 791
1680660 792
1680670 792
1680680 793
1680690 793
1680700 794
1680710 795
1680720 795
1680730 796
1680740 797
1680750 797
1680760 798
1680770 799
1680780 801
1680790 802
1680800 803
1680810 804
1680820 805
1680830 806
1680840 807
1680850 808
1680860 809
1680870 809
1680880 810
1680890 810
1680900 811
1680910 811
1680920 812
1680930 812
1680940 813
1680950 814
1680960 815
1680970 816
1680980 817
1680990 819
1681000 821
1681010 822
1681020 824
1681030 826
1681040 827
1681050 829
1681060 830
1681070 831
1681080 832
1681090 833
1681100 835
1681110 836
1681120 837
1681130 838
1681140 839
1681150 840
1681160 842
1681170 843
1681180 844
1681190 845
1681200 846
1681210 847
1681220 848
1681230 848
1681240 849
1681250 850
1681260 851
1681270 851
1681280 852
1681290 852
1681300 852
1681310 852
1681320 852
1681330 852
1681340 852
1681350 852
1681360 852
1681370 851
1681380 850
1681390 849
1681400 849
1681410 848
1681420 847
1681430 846
1681440 844
1681450 843
1681460 842
1681470 841
1681480 839
1681490 838
1681500 836
1681510 834
1681520 833
1681530 831
1681540 830
1681550 829
1681560 827
1681570 826
1681580 825
1681590 824
1681600 823
1681610 822
1681620 821
1681630 819
1681640 818
1681650 818
1681660 816
1681670 815
1681680 814
1681690 812
1681700 810
1681710 809
1681720 807
1681730 804
1681740 801
1681750 797
1681760 795
1681770 792
1681780 790
1681790 788
1681800 786
1681810 784
1681820 782
1681830 781
1681840 779
1681850 777
1681860 776
1681870 774
1681880 773
1681890 771
1681900 769
1681910 767
1681920 765
1681930 763
1681940 762
1681950 761
1681960 761
1681970 763
1681980 765
1681990 766
1682000 766
1682010 764
1682020 761
1682030 760
1682040 760
1682050 761
1682060 763
1682070 762
1682080 761
1682090 758
1682100 756
1682110 754
1682120 752
1682130 750
1682140 751
1682150 752
1682160 755
1682170 758
1682180 762
1682190 765
1682200 764
1682210 763
1682220 762
1682230 761
1682240 760
1682250 758
1682260 757
1682270 757
1682280 756
1682290 756
1682300 756
1682310 756
1682320 756
1682330 756
1682340 755
1682350 755
1682360 755
1682370 755
1682380 755
1682390 756
1682400 757
1682410 758
1682420 758
1682430 759
1682440 760
1682450 763
1682460 766
1682470 770
1682480 772
1682490 774
1682500 774
1682510 776
1682520 778
1682530 779
1682540 780
1682550 782
1682560 783
1682570 783
1682580 784
1682590 785
1682600 786
1682610 787
1682620 788
1682630 789
1682640 791
1682650 792
1682660 794
1682670 796
1682680 798
1682690 800
1682700 803
1682710 805
1682720 806
1682730 807
1682740 807
1682750 808
1682760 808
1682770 809
1682780 809
1682790 810
1682800 810
1682810 811
1682820 812
1682830 813
1682840 814
1682850 814
1682860 815
1682870 816
1682880 817
1682890 819
1682900 820
1682910 822
1682920 823
1682930 824
1682940 826
1682950 827
1682960 829
1682970 831
1682980 833
1682990 834
1683000 835
1683010 837
1683020 838
1683030 839
1683040 841
1683050 842
1683060 843
1683070 844
1683080 845
1683090 846
1683100 847
1683110 848
1683120 849
1683130 850
1683140 851
1683150 851
1683160 851
1683170 851
1683180 851
1683190 851
1683200 851
1683210 851
1683220 850
1683230 850
1683240 850
1683250 851
1683260 851
1683270 851
1683280 851
1683290 850
1683300 850
1683310 849
1683320 848
1683330 847
1683340 846
1683350 845
1683360 844
1683370 844
1683380 843
1683390 842
1683400 841
1683410 840
1683420 839
1683430 838
1683440 838
1683450 837
1683460 836
1683470 835
1683480 835
1683490 834
1683500 833
1683510 832
1683520 831
1683530 831
1683540 830
1683550 829
1683560 829
1683570 828
1683580 827
1683590 826
1683600 825
1683610 825
1683620 824
1683630 823
1683640 823
1683650 822
1683660 821
1683670 820
1683680 819
1683690 818
1683700 817
1683710 817
1683720 816
1683730 816
1683740 815
1683750 814
1683760 811
1683770 809
1683780 807
1683790 806
1683800 805
1683810 804
1683820 803
1683830 802
1683840 802
1683850 801
1683860 801
1683870 801
1683880 801
1683890 801
1683900 800
1683910 800
1683920 800
1683930 799
1683940 799
1683950 799
1683960 798
1683970 799
1683980 799
1683990 799
1684000 799
1684010 799
1684020 799
1684030 799
1684040 799
1684050 799
1684060 799
1684070 799
1684080 799
1684090 799
1684100 799
1684110 799
1684120 798
1684130 798
1684140 798
1684150 798
1684160 798
1684170 798
1684180 797
1684190 797
1684200 797
1684210 797
1684220 797
1684230 796
1684240 796
1684250 796
1684260 796
1684270 796
1684280 796
1684290 795
1684300 795
1684310 795
1684320 795
1684330 795
1684340 794
1684350 794
1684360 794
1684370 794
1684380 793
1684390 793
1684400 793
1684410 793
1684420 792
1684430 792
1684440 792
1684450 791
1684460 791
1684470 791
1684480 791
1684490 791
1684500 791
1684510 790
1684520 790
1684530 790
1684540 790
1684550 790
1684560 790
1684570 790
1684580 790
1684590 790
1684600 791
1684610 791
1684620 791
1684630 791
1684640 791
1684650 791
1684660 791
1684670 791
1684680 791
1684690 790
1684700 790
1684710 790
1684720 790
1684730 789
1684740 789
1684750 789
1684760 789
1684770 789
1684780 789
1684790 789
1684800 789
1684810 788
1684820 788
1684830 788
1684840 788
1684850 788
1684860 788
1684870 788
1684880 788
1684890 788
1684900 788
1684910 788
1684920 788
1684930 788
1684940 788
1684950 788
1684960 787
1684970 787
1684980 787
1684990 787
1685000 787
1685010 787
1685020 787
1685030 787
1685040 787
1685050 787
1685060 786
1685070 786
1685080 786
1685090 786
1685100 786
1685110 785
1685120 785
1685130 784
1685140 783
1685150 783
1685160 782
1685170 781
1685180 780
1685190 779
1685200 778
1685210 778
1685220 776
1685230 775
1685240 773
1685250 772
1685260 770
1685270 770
1685280 768
1685290 767
1685300 766
1685310 766
1685320 766
1685330 767
1685340 767
1685350 767
1685360 768
1685370 769
1685380 771
1685390 774
1685400 778
1685410 782
1685420 785
1685430 787
1685440 789
1685450 789
1685460 790
1685470 790
1685480 791
1685490 791
1685500 791
1685510 791
1685520 792
1685530 792
1685540 792
1685550 792
1685560 792
1685570 792
1685580 792
1685590 792
1685600 792
1685610 792
1685620 792
1685630 791
1685640 790
1685650 789
1685660 788
1685670 787
1685680 786
1685690 786
1685700 785
1685710 784
1685720 784
1685730 783
1685740 782
1685750 782
1685760 781
1685770 781
1685780 780
1685790 780
1685800 779
1685810 779
1685820 778
1685830 778
1685840 778
1685850 777
1685860 777
1685870 777
1685880 777
1685890 776
1685900 776
1685910 776
1685920 776
1685930 775
1685940 775
1685950 775
1685960 775
1685970 774
1685980 774
1685990 774
1686000 774
1686010 774
1686020 774
1686030 775
1686040 775
1686050 775
1686060 775
1686070 775
1686080 775
1686090 776
1686100 776
1686110 776
1686120 776
1686130 777
1686140 777
1686150 777
1686160 778
1686170 778
1686180 779
1686190 779
1686200 780
1686210 780
1686220 781
1686230 781
1686240 781
1686250 782
1686260 782
1686270 783
1686280 783
1686290 784
1686300 784
1686310 785
1686320 786
1686330 786
1686340 786
1686350 787
1686360 786
1686370 786
1686380 786
1686390 786
1686400 785
1686410 785
1686420 785
1686430 785
1686440 784
1686450 784
1686460 784
1686470 784
1686480 783
1686490 783
1686500 783
1686510 783
1686520 782
1686530 782
1686540 782
1686550 782
1686560 781
1686570 781
1686580 781
1686590 781
1686600 780
1686610 780
1686620 780
1686630 780
1686640 779
1686650 779
1686660 779
1686670 779
1686680 779
1686690 778
1686700 778
1686710 778
1686720 778
1686730 778
1686740 777
1686750 777
1686760 777
1686770 777
1686780 776
1686790 776
1686800 776
1686810 775
1686820 775
1686830 775
1686840 774
1686850 774
1686860 773
1686870 773
1686880 772
1686890 772
1686900 772
1686910 771
1686920 771
1686930 770
1686940 770
1686950 770
1686960 769
1686970 769
1686980 768
1686990 768
1687000 767
1687010 767
1687020 767
1687030 767
1687040 767
1687050 767
1687060 767
1687070 767
1687080 767
1687090 767
1687100 767
1687110 767
1687120 767
1687130 767
1687140 767
1687150 767
1687160 767
1687170 766
1687180 766
1687190 766
1687200 766
1687210 766
1687220 766
1687230 766
1687240 766
1687250 767
1687260 767
1687270 767
1687280 767
1687290 767
1687300 767
1687310 767
1687320 768
1687330 768
1687340 768
1687350 769
1687360 769
1687370 769
1687380 769
1687390 770
1687400 770
1687410 770
1687420 770
1687430 771
1687440 771
1687450 771
1687460 771
1687470 771
1687480 772
1687490 772
1687500 772
1687510 772
1687520 772
1687530 772
1687540 772
1687550 773
1687560 773
1687570 773
1687580 773
1687590 773
1687600 773
1687610 773
1687620 773
1687630 773
1687640 774
1687650 774
1687660 774
1687670 774
1687680 774
1687690 774
1687700 774
1687710 774
1687720 774
1687730 774
1687740 774
1687750 773
1687760 773
1687770 773
1687780 773
1687790 773
1687800 773
1687810 773
1687820 773
1687830 773
1687840 773
1687850 773
1687860 773
1687870 773
1687880 773
1687890 773
1687900 773
1687910 773
1687920 773
1687930 773
1687940 773
1687950 773
1687960 773
1687970 773
1687980 773
1687990 773
1688000 773
1688010 773
1688020 773
1688030 773
1688040 773
1688050 773
1688060 772
1688070 773
1688080 773
1688090 773
1688100 773
1688110 773
1688120 773
1688130 773
1688140 773
1688150 773
1688160 773
1688170 773
1688180 773
1688190 774
1688200 774
1688210 774
1688220 774
1688230 774
1688240 774
1688250 774
1688260 774
1688270 774
1688280 774
1688290 774
1688300 774
1688310 774
1688320 774
1688330 774
1688340 774
1688350 774
1688360 774
1688370 774
1688380 774
1688390 774
1688400 774
1688410 774
1688420 773
1688430 773
1688440 773
1688450 773
1688460 773
1688470 773
1688480 773
1688490 773
1688500 773
1688510 773
1688520 773
1688530 773
1688540 773
1688550 772
1688560 772
1688570 772
1688580 772
1688590 772
1688600 772
1688610 772
1688620 772
1688630 772
1688640 772
1688650 772
1688660 772
1688670 772
1688680 772
1688690 772
1688700 771
1688710 771
1688720 771
1688730 771
1688740 771
1688750 771
1688760 770
1688770 770
1688780 770
1688790 770
1688800 770
1688810 769
1688820 769
1688830 769
1688840 769
1688850 768
1688860 768
1688870 768
1688880 768
1688890 768
1688900 768
1688910 768
1688920 767
1688930 767
1688940 767
1688950 767
1688960 767
1688970 767
1688980 767
1688990 767
1689000 767
1689010 767
1689020 766
1689030 766
1689040 766
1689050 766
1689060 765
1689070 765
1689080 765
1689090 765
1689100 764
1689110 764
1689120 764
1689130 764
1689140 764
1689150 763
1689160 763
1689170 763
1689180 762
1689190 762
1689200 762
1689210 761
1689220 761
1689230 761
1689240 760
1689250 759
1689260 758
1689270 757
1689280 756
1689290 754
1689300 753
1689310 753
1689320 752
1689330 750
1689340 749
1689350 749
1689360 749
1689370 749
1689380 749
1689390 749
1689400 749
1689410 749
1689420 749
1689430 750
1689440 751
1689450 752
1689460 755
1689470 757
1689480 759
1689490 761
1689500 762
1689510 763
1689520 764
1689530 765
1689540 765
1689550 766
1689560 766
1689570 767
1689580 767
1689590 768
1689600 768
1689610 768
1689620 769
1689630 769
1689640 770
1689650 770
1689660 770
1689670 771
1689680 771
1689690 771
1689700 771
1689710 771
1689720 772
1689730 772
1689740 772
1689750 773
1689760 773
1689770 773
1689780 774
1689790 774
1689800 775
1689810 775
1689820 776
1689830 777
1689840 777
1689850 778
1689860 778
1689870 779
1689880 778
1689890 778
1689900 778
1689910 778
1689920 778
1689930 778
1689940 778
1689950 778
1689960 777
1689970 777
1689980 777
1689990 776
1690000 776
1690010 776
1690020 775
1690030 775
1690040 775
1690050 774
1690060 774
1690070 774
1690080 773
1690090 773
1690100 773
1690110 772
1690120 772
1690130 772
1690140 771
1690150 771
1690160 771
1690170 770
1690180 770
1690190 770
1690200 770
1690210 769
1690220 769
1690230 769
1690240 769
1690250 768
1690260 768
1690270 768
1690280 768
1690290 767
1690300 767
1690310 767
1690320 767
1690330 767
1690340 767
1690350 767
1690360 766
1690370 766
1690380 766
1690390 766
1690400 765
1690410 765
1690420 765
1690430 765
1690440 764
1690450 764
1690460 764
1690470 764
1690480 764
1690490 764
1690500 764
1690510 764
1690520 763
1690530 763
1690540 763
1690550 763
1690560 762
1690570 762
1690580 762
1690590 762
1690600 762
1690610 762
1690620 761
1690630 761
1690640 761
1690650 761
1690660 761
1690670 761
1690680 760
1690690 760
1690700 760
1690710 760
1690720 760
1690730 760
1690740 760
1690750 760
1690760 760
1690770 760
1690780 760
1690790 760
1690800 760
1690810 760
1690820 759
1690830 759
1690840 759
1690850 759
1690860 759
1690870 759
1690880 760
1690890 760
1690900 760
1690910 760
1690920 760
1690930 760
1690940 760
1690950 760
1690960 760
1690970 760
1690980 761
1690990 761
1691000 761
1691010 762
1691020 762
1691030 762
1691040 763
1691050 763
1691060 763
1691070 764
1691080 764
1691090 765
1691100 765
1691110 765
1691120 766
1691130 766
1691140 766
1691150 766
1691160 766
1691170 766
1691180 766
1691190 766
1691200 766
1691210 766
1691220 766
1691230 766
1691240 766
1691250 766
1691260 766
1691270 766
1691280 766
1691290 766
1691300 766
1691310 766
1691320 766
1691330 766
1691340 766
1691350 766
1691360 766
1691370 766
1691380 766
1691390 766
1691400 766
1691410 766
1691420 766
1691430 766
1691440 766
1691450 766
1691460 766
1691470 766
1691480 766
1691490 766
1691500 766
1691510 766
1691520 766
1691530 766
1691540 766
1691550 766
1691560 766
1691570 766
1691580 766
1691590 766
1691600 766
1691610 766
1691620 766
1691630 766
1691640 765
1691650 765
1691660 765
1691670 765
1691680 765
1691690 765
1691700 765
1691710 765
1691720 765
1691730 765
1691740 765
1691750 765
1691760 765
1691770 765
1691780 765
1691790 765
1691800 765
1691810 765
1691820 765
1691830 765
1691840 765
1691850 765
1691860 765
1691870 765
1691880 766
1691890 766
1691900 766
1691910 766
1691920 767
1691930 767
1691940 767
1691950 767
1691960 767
1691970 768
1691980 768
1691990 768
1692000 768
1692010 768
1692020 768
1692030 769
1692040 769
1692050 769
1692060 769
1692070 769
1692080 769
1692090 769
1692100 769
1692110 769
1692120 769
1692130 769
1692140 769
1692150 769
1692160 769
1692170 769
1692180 769
1692190 769
1692200 769
1692210 769
1692220 769
1692230 769
1692240 769
1692250 769
1692260 769
1692270 770
1692280 770
1692290 770
1692300 770
1692310 770
1692320 770
1692330 770
1692340 770
1692350 770
1692360 770
1692370 770
1692380 771
1692390 771
1692400 771
1692410 771
1692420 771
1692430 771
1692440 771
1692450 771
1692460 772
1692470 772
1692480 772
1692490 772
1692500 772
1692510 772
1692520 772
1692530 772
1692540 772
1692550 772
1692560 772
1692570 772
1692580 772
1692590 772
1692600 772
1692610 772
1692620 772
1692630 772
1692640 772
1692650 772
1692660 772
1692670 772
1692680 772
1692690 772
1692700 772
1692710 772
1692720 772
1692730 772
1692740 772
1692750 772
1692760 772
1692770 771
1692780 771
1692790 771
1692800 771
1692810 771
1692820 771
1692830 771
1692840 771
1692850 771
1692860 771
1692870 771
1692880 771
1692890 771
1692900 771
1692910 771
1692920 771
1692930 771
1692940 771
1692950 771
1692960 771
1692970 771
1692980 771
1692990 771
1693000 771
1693010 771
1693020 771
1693030 771
1693040 771
1693050 770
1693060 770
1693070 769
1693080 769
1693090 769
1693100 769
1693110 768
1693120 768
1693130 768
1693140 768
1693150 768
1693160 768
1693170 768
1693180 767
1693190 766
1693200 766
1693210 766
1693220 766
1693230 766
1693240 767
1693250 766
1693260 766
1693270 766
1693280 765
1693290 763
1693300 761
1693310 760
1693320 759
1693330 759
1693340 759
1693350 758
1693360 758
1693370 759
1693380 759
1693390 759
1693400 759
1693410 759
1693420 759
1693430 760
1693440 760
1693450 761
1693460 762
1693470 762
1693480 763
1693490 764
1693500 765
1693510 766
1693520 767
1693530 768
1693540 769
1693550 770
1693560 771
1693570 771
1693580 772
1693590 772
1693600 773
1693610 774
1693620 774
1693630 774
1693640 775
1693650 775
1693660 775
1693670 776
1693680 776
1693690 777
1693700 777
1693710 777
1693720 778
1693730 778
1693740 778
1693750 779
1693760 779
1693770 779
1693780 779
1693790 780
1693800 780
1693810 780
1693820 780
1693830 780
1693840 780
1693850 780
1693860 780
1693870 780
1693880 780
1693890 780
1693900 780
1693910 780
1693920 780
1693930 779
1693940 779
1693950 779
1693960 779
1693970 779
1693980 778
1693990 778
1694000 778
1694010 778
1694020 777
1694030 777
1694040 777
1694050 776
1694060 776
1694070 776
1694080 776
1694090 775
1694100 775
1694110 775
1694120 775
1694130 775
1694140 775
1694150 774
1694160 774
1694170 774
1694180 774
1694190 774
1694200 774
1694210 774
1694220 773
1694230 773
1694240 773
1694250 773
1694260 772
1694270 772
1694280 772
1694290 772
1694300 772
1694310 771
1694320 771
1694330 771
1694340 771
1694350 770
1694360 770
1694370 770
1694380 770
1694390 770
1694400 770
1694410 769
1694420 769
1694430 769
1694440 769
1694450 769
1694460 768
1694470 768
1694480 768
1694490 768
1694500 768
1694510 768
1694520 768
1694530 768
1694540 769
1694550 769
1694560 769
1694570 769
1694580 769
1694590 769
1694600 769
1694610 769
1694620 770
1694630 770
1694640 770
1694650 770
1694660 770
1694670 770
1694680 770
1694690 770
1694700 770
1694710 770
1694720 770
1694730 770
1694740 770
1694750 770
1694760 770
1694770 770
1694780 770
1694790 770
1694800 769
1694810 769
1694820 769
1694830 769
1694840 769
1694850 769
1694860 769
1694870 768
1694880 768
1694890 768
1694900 767
1694910 767
1694920 767
1694930 767
1694940 766
1694950 766
1694960 766
1694970 765
1694980 765
1694990 764
1695000 764
1695010 764
1695020 763
1695030 763
1695040 762
1695050 762
1695060 760
1695070 758
1695080 757
1695090 757
1695100 757
1695110 757
1695120 757
1695130 756
1695140 755
1695150 755
1695160 755
1695170 756
1695180 757
1695190 758
1695200 758
1695210 759
1695220 760
1695230 760
1695240 761
1695250 761
1695260 762
1695270 762
1695280 762
1695290 763
1695300 763
1695310 763
1695320 763
1695330 763
1695340 763
1695350 764
1695360 764
1695370 764
1695380 764
1695390 764
1695400 765
1695410 765
1695420 765
1695430 766
1695440 766
1695450 766
1695460 766
1695470 767
1695480 767
1695490 768
1695500 768
1695510 768
1695520 768
1695530 769
1695540 769
1695550 769
1695560 770
1695570 770
1695580 771
1695590 771
1695600 772
1695610 772
1695620 773
1695630 774
1695640 774
1695650 775
1695660 775
1695670 776
1695680 776
1695690 777
1695700 777
1695710 777
1695720 777
1695730 778
1695740 778
1695750 778
1695760 777
1695770 777
1695780 777
1695790 777
1695800 777
1695810 776
1695820 776
1695830 776
1695840 776
1695850 775
1695860 775
1695870 775
1695880 775
1695890 774
1695900 774
1695910 774
1695920 774
1695930 773
1695940 773
1695950 773
1695960 773
1695970 773
1695980 773
1695990 772
1696000 772
1696010 772
1696020 772
1696030 772
1696040 771
1696050 771
1696060 771
1696070 771
1696080 771
1696090 770
1696100 770
1696110 770
1696120 770
1696130 770
1696140 770
1696150 769
1696160 769
1696170 769
1696180 769
1696190 769
1696200 769
1696210 769
1696220 768
1696230 768
1696240 768
1696250 768
1696260 768
1696270 768
1696280 768
1696290 768
1696300 768
1696310 768
1696320 767
1696330 767
1696340 767
1696350 767
1696360 767
1696370 767
1696380 766
1696390 766
1696400 766
1696410 766
1696420 765
1696430 765
1696440 765
1696450 765
1696460 764
1696470 764
1696480 764
1696490 764
1696500 763
1696510 763
1696520 763
1696530 763
1696540 763
1696550 763
1696560 762
1696570 762
1696580 762
1696590 762
1696600 762
1696610 761
1696620 761
1696630 761
1696640 761
1696650 761
1696660 760
1696670 760
1696680 760
1696690 759
1696700 759
1696710 759
1696720 759
1696730 759
1696740 760
1696750 760
1696760 760
1696770 760
1696780 760
1696790 761
1696800 761
1696810 761
1696820 761
1696830 761
1696840 761
1696850 762
1696860 762
1696870 762
1696880 762
1696890 762
1696900 762
1696910 762
1696920 763
1696930 763
1696940 763
1696950 763
1696960 763
1696970 763
1696980 763
1696990 764
1697000 764
1697010 764
1697020 765
1697030 765
1697040 766
1697050 766
1697060 767
1697070 768
1697080 768
1697090 769
1697100 769
1697110 770
1697120 770
1697130 771
1697140 771
1697150 771
1697160 772
1697170 772
1697180 772
1697190 773
1697200 773
1697210 774
1697220 774
1697230 774
1697240 774
1697250 774
1697260 774
1697270 774
1697280 774
1697290 774
1697300 774
1697310 774
1697320 774
1697330 774
1697340 774
1697350 775
1697360 775
1697370 775
1697380 775
1697390 775
1697400 775
1697410 775
1697420 775
1697430 775
1697440 776
1697450 776
1697460 776
1697470 776
1697480 776
1697490 776
1697500 776
1697510 775
1697520 775
1697530 775
1697540 774
1697550 774
1697560 774
1697570 773
1697580 773
1697590 773
1697600 772
1697610 772
1697620 772
1697630 772
1697640 772
1697650 772
1697660 772
1697670 772
1697680 772
1697690 771
1697700 772
1697710 772
1697720 772
1697730 772
1697740 772
1697750 772
1697760 772
1697770 772
1697780 772
1697790 772
1697800 772
1697810 772
1697820 772
1697830 773
1697840 773
1697850 773
1697860 773
1697870 773
1697880 773
1697890 774
1697900 774
1697910 774
1697920 774
1697930 774
1697940 775
1697950 775
1697960 775
1697970 776
1697980 776
1697990 776
1698000 776
1698010 777
1698020 777
1698030 777
1698040 778
1698050 778
1698060 778
1698070 779
1698080 779
1698090 779
1698100 780
1698110 780
1698120 781
1698130 781
1698140 782
1698150 782
1698160 783
1698170 783
1698180 784
1698190 785
1698200 785
1698210 786
1698220 787
1698230 787
1698240 788
1698250 788
1698260 789
1698270 790
1698280 791
1698290 791
1698300 793
1698310 794
1698320 795
1698330 796
1698340 797
1698350 798
1698360 799
1698370 800
1698380 801
1698390 802
1698400 803
1698410 804
1698420 805
1698430 805
1698440 806
1698450 806
1698460 806
1698470 806
1698480 806
1698490 805
1698500 805
1698510 805
1698520 805
1698530 804
1698540 804
1698550 804
1698560 804
1698570 803
1698580 803
1698590 803
1698600 802
1698610 802
1698620 802
1698630 801
1698640 801
1698650 800
1698660 800
1698670 800
1698680 799
1698690 799
1698700 799
1698710 799
1698720 799
1698730 799
1698740 799
1698750 799
1698760 799
1698770 799
1698780 798
1698790 798
1698800 798
1698810 798
1698820 798
1698830 798
1698840 798
1698850 798
1698860 798
1698870 798
1698880 798
1698890 798
1698900 798
1698910 798
1698920 797
1698930 797
1698940 797
1698950 797
1698960 797
1698970 797
1698980 797
1698990 797
1699000 796
1699010 796
1699020 796
1699030 796
1699040 795
1699050 795
1699060 795
1699070 795
1699080 795
1699090 794
1699100 794
1699110 794
1699120 794
1699130 794
1699140 793
1699150 793
1699160 793
1699170 793
1699180 793
1699190 792
1699200 792
1699210 792
1699220 792
1699230 791
1699240 791
1699250 790
1699260 790
1699270 790
1699280 789
1699290 789
1699300 788
1699310 788
1699320 787
1699330 787
1699340 787
1699350 786
1699360 786
1699370 785
1699380 784
1699390 784
1699400 783
1699410 783
1699420 782
1699430 781
1699440 780
1699450 780
1699460 779
1699470 779
1699480 779
1699490 778
1699500 778
1699510 777
1699520 776
1699530 776
1699540 775
1699550 775
1699560 775
1699570 775
1699580 774
1699590 774
1699600 774
1699610 774
1699620 773
1699630 773
1699640 773
1699650 773
1699660 772
1699670 772
1699680 772
1699690 772
1699700 771
1699710 771
1699720 771
1699730 771
1699740 770
1699750 770
1699760 770
1699770 770
1699780 769
1699790 769
1699800 769
1699810 768
1699820 768
1699830 768
1699840 768
1699850 767
1699860 767
1699870 767
1699880 766
1699890 766
1699900 766
1699910 766
1699920 765
1699930 765
1699940 765
1699950 765
1699960 765
1699970 765
1699980 765
1699990 764
