1680000 602
1680010 602
1680020 602
1680030 603
1680040 603
1680050 603
1680060 604
1680070 604
1680080 604
1680090 604
1680100 605
1680110 605
1680120 605
1680130 605
1680140 604
1680150 604
1680160 603
1680170 602
1680180 601
1680190 600
1680200 599
1680210 598
1680220 596
1680230 593
1680240 588
1680250 584
1680260 583
1680270 583
1680280 583
1680290 583
1680300 583
1680310 583
1680320 584
1680330 584
1680340 585
1680350 586
1680360 589
1680370 593
1680380 595
1680390 597
1680400 599
1680410 600
1680420 601
1680430 602
1680440 602
1680450 603
1680460 603
1680470 604
1680480 604
1680490 604
1680500 605
1680510 605
1680520 605
1680530 605
1680540 606
1680550 606
1680560 607
1680570 607
1680580 608
1680590 608
1680600 608
1680610 609
1680620 609
1680630 609
1680640 609
1680650 610
1680660 610
1680670 611
1680680 611
1680690 611
1680700 612
1680710 612
1680720 613
1680730 613
1680740 614
1680750 614
1680760 615
1680770 615
1680780 616
1680790 616
1680800 617
1680810 617
1680820 618
1680830 619
1680840 619
1680850 620
1680860 620
1680870 621
1680880 622
1680890 623
1680900 624
1680910 624
1680920 625
1680930 626
1680940 627
1680950 628
1680960 628
1680970 629
1680980 630
1680990 631
1681000 631
1681010 632
1681020 632
1681030 633
1681040 633
1681050 633
1681060 634
1681070 634
1681080 634
1681090 634
1681100 633
1681110 633
1681120 632
1681130 631
1681140 629
1681150 628
1681160 626
1681170 625
1681180 624
1681190 624
1681200 623
1681210 623
1681220 623
1681230 623
1681240 623
1681250 623
1681260 624
1681270 624
1681280 626
1681290 628
1681300 630
1681310 633
1681320 636
1681330 638
1681340 642
1681350 645
1681360 648
1681370 650
1681380 653
1681390 656
1681400 658
1681410 660
1681420 662
1681430 664
1681440 665
1681450 666
1681460 666
1681470 667
1681480 667
1681490 667
1681500 667
1681510 667
1681520 667
1681530 668
1681540 668
1681550 669
1681560 669
1681570 669
1681580 670
1681590 670
1681600 669
1681610 669
1681620 668
1681630 667
1681640 666
1681650 665
1681660 662
1681670 659
1681680 656
1681690 653
1681700 650
1681710 647
1681720 645
1681730 642
1681740 640
1681750 638
1681760 637
1681770 635
1681780 634
1681790 633
1681800 632
1681810 631
1681820 630
1681830 630
1681840 628
1681850 626
1681860 625
1681870 625
1681880 625
1681890 626
1681900 627
1681910 628
1681920 629
1681930 631
1681940 633
1681950 636
1681960 638
1681970 640
1681980 641
1681990 642
1682000 643
1682010 644
1682020 645
1682030 646
1682040 647
1682050 648
1682060 649
1682070 649
1682080 650
1682090 650
1682100 650
1682110 651
1682120 652
1682130 652
1682140 652
1682150 652
1682160 651
1682170 651
1682180 651
1682190 650
1682200 650
1682210 651
1682220 651
1682230 652
1682240 653
1682250 654
1682260 655
1682270 657
1682280 659
1682290 660
1682300 662
1682310 664
1682320 665
1682330 666
1682340 666
1682350 666
1682360 666
1682370 667
1682380 667
1682390 667
1682400 668
1682410 668
1682420 669
1682430 670
1682440 671
1682450 672
1682460 672
1682470 672
1682480 672
1682490 671
1682500 671
1682510 671
1682520 671
1682530 671
1682540 671
1682550 671
1682560 671
1682570 672
1682580 672
1682590 673
1682600 674
1682610 675
1682620 675
1682630 676
1682640 675
1682650 674
1682660 674
1682670 673
1682680 674
1682690 674
1682700 674
1682710 675
1682720 676
1682730 678
1682740 679
1682750 681
1682760 682
1682770 685
1682780 687
1682790 689
1682800 690
1682810 691
1682820 691
1682830 691
1682840 690
1682850 690
1682860 690
1682870 690
1682880 690
1682890 689
1682900 688
1682910 687
1682920 686
1682930 686
1682940 685
1682950 685
1682960 684
1682970 684
1682980 684
1682990 683
1683000 682
1683010 681
1683020 680
1683030 679
1683040 678
1683050 677
1683060 676
1683070 676
1683080 675
1683090 675
1683100 674
1683110 674
1683120 673
1683130 672
1683140 671
1683150 671
1683160 670
1683170 669
1683180 668
1683190 667
1683200 666
1683210 665
1683220 664
1683230 662
1683240 659
1683250 656
1683260 653
1683270 650
1683280 647
1683290 645
1683300 644
1683310 642
1683320 642
1683330 641
1683340 641
1683350 641
1683360 641
1683370 641
1683380 641
1683390 641
1683400 640
1683410 640
1683420 640
1683430 640
1683440 639
1683450 639
1683460 638
1683470 637
1683480 636
1683490 635
1683500 634
1683510 633
1683520 632
1683530 631
1683540 630
1683550 629
1683560 627
1683570 624
1683580 620
1683590 617
1683600 614
1683610 611
1683620 609
1683630 608
1683640 607
1683650 606
1683660 605
1683670 603
1683680 601
1683690 599
1683700 598
1683710 597
1683720 596
1683730 596
1683740 597
1683750 599
1683760 600
1683770 601
1683780 603
1683790 604
1683800 606
1683810 607
1683820 609
1683830 610
1683840 612
1683850 614
1683860 616
1683870 618
1683880 620
1683890 622
1683900 624
1683910 627
1683920 629
1683930 631
1683940 634
1683950 637
1683960 639
1683970 641
1683980 644
1683990 646
1684000 649
1684010 650
1684020 652
1684030 653
1684040 654
1684050 656
1684060 656
1684070 656
1684080 657
1684090 657
1684100 657
1684110 658
1684120 658
1684130 658
1684140 657
1684150 657
1684160 655
1684170 654
1684180 652
1684190 652
1684200 652
1684210 653
1684220 654
1684230 655
1684240 657
1684250 659
1684260 661
1684270 662
1684280 664
1684290 666
1684300 667
1684310 668
1684320 668
1684330 669
1684340 669
1684350 670
1684360 670
1684370 670
1684380 671
1684390 671
1684400 671
1684410 672
1684420 672
1684430 672
1684440 672
1684450 673
1684460 673
1684470 674
1684480 674
1684490 675
1684500 677
1684510 678
1684520 679
1684530 680
1684540 681
1684550 682
1684560 683
1684570 685
1684580 686
1684590 686
1684600 687
1684610 688
1684620 689
1684630 690
1684640 691
1684650 692
1684660 693
1684670 694
1684680 695
1684690 696
1684700 697
1684710 698
1684720 699
1684730 701
1684740 702
1684750 703
1684760 703
1684770 703
1684780 702
1684790 702
1684800 701
1684810 700
1684820 699
1684830 698
1684840 697
1684850 695
1684860 694
1684870 693
1684880 691
1684890 690
1684900 688
1684910 687
1684920 686
1684930 684
1684940 683
1684950 682
1684960 680
1684970 678
1684980 676
1684990 673
1685000 670
1685010 667
1685020 665
1685030 663
1685040 661
1685050 660
1685060 659
1685070 658
1685080 658
1685090 657
1685100 656
1685110 655
1685120 655
1685130 656
1685140 656
1685150 656
1685160 655
1685170 654
1685180 654
1685190 653
1685200 652
1685210 651
1685220 650
1685230 649
1685240 648
1685250 647
1685260 645
1685270 644
1685280 643
1685290 641
1685300 640
1685310 638
1685320 636
1685330 635
1685340 633
1685350 631
1685360 629
1685370 627
1685380 625
1685390 623
1685400 621
1685410 619
1685420 616
1685430 614
1685440 612
1685450 610
1685460 608
1685470 606
1685480 605
1685490 605
1685500 604
1685510 604
1685520 604
1685530 604
1685540 604
1685550 605
1685560 605
1685570 606
1685580 607
1685590 609
1685600 611
1685610 615
1685620 618
1685630 622
1685640 624
1685650 627
1685660 630
1685670 633
1685680 635
1685690 637
1685700 638
1685710 639
1685720 641
1685730 642
1685740 643
1685750 644
1685760 645
1685770 646
1685780 646
1685790 646
1685800 646
1685810 645
1685820 645
1685830 646
1685840 646
1685850 647
1685860 647
1685870 648
1685880 648
1685890 648
1685900 647
1685910 648
1685920 648
1685930 649
1685940 650
1685950 651
1685960 653
1685970 655
1685980 657
1685990 660
1686000 662
1686010 664
1686020 665
1686030 666
1686040 668
1686050 669
1686060 670
1686070 671
1686080 672
1686090 673
1686100 674
1686110 675
1686120 676
1686130 677
1686140 678
1686150 680
1686160 681
1686170 682
1686180 683
1686190 684
1686200 685
1686210 686
1686220 687
1686230 688
1686240 689
1686250 690
1686260 691
1686270 692
1686280 693
1686290 694
1686300 695
1686310 696
1686320 696
1686330 697
1686340 698
1686350 699
1686360 700
1686370 700
1686380 701
1686390 702
1686400 703
1686410 704
1686420 704
1686430 705
1686440 705
1686450 706
1686460 706
1686470 707
1686480 707
1686490 707
1686500 707
1686510 707
1686520 707
1686530 707
1686540 707
1686550 708
1686560 707
1686570 707
1686580 707
1686590 707
1686600 707
1686610 707
1686620 707
1686630 707
1686640 707
1686650 707
1686660 707
1686670 707
1686680 707
1686690 707
1686700 708
1686710 708
1686720 709
1686730 709
1686740 709
1686750 709
1686760 709
1686770 709
1686780 708
1686790 708
1686800 708
1686810 708
1686820 708
1686830 707
1686840 707
1686850 707
1686860 707
1686870 707
1686880 707
1686890 707
1686900 706
1686910 706
1686920 706
1686930 706
1686940 706
1686950 706
1686960 705
1686970 705
1686980 705
1686990 705
1687000 704
1687010 704
1687020 704
1687030 704
1687040 703
1687050 703
1687060 703
1687070 702
1687080 702
1687090 702
1687100 701
1687110 701
1687120 701
1687130 701
1687140 701
1687150 700
1687160 700
1687170 700
1687180 700
1687190 700
1687200 699
1687210 699
1687220 699
1687230 699
1687240 698
1687250 698
1687260 698
1687270 697
1687280 697
1687290 696
1687300 696
1687310 696
1687320 695
1687330 695
1687340 694
1687350 694
1687360 694
1687370 694
1687380 695
1687390 695
1687400 696
1687410 696
1687420 697
1687430 697
1687440 697
1687450 697
1687460 697
1687470 698
1687480 698
1687490 699
1687500 699
1687510 699
1687520 700
1687530 700
1687540 701
1687550 701
1687560 702
1687570 702
1687580 702
1687590 703
1687600 703
1687610 703
1687620 703
1687630 703
1687640 703
1687650 703
1687660 703
1687670 703
1687680 703
1687690 703
1687700 702
1687710 702
1687720 701
1687730 700
1687740 699
1687750 697
1687760 696
1687770 695
1687780 694
1687790 693
1687800 692
1687810 690
1687820 690
1687830 690
1687840 691
1687850 692
1687860 693
1687870 693
1687880 694
1687890 695
1687900 697
1687910 699
1687920 701
1687930 702
1687940 703
1687950 704
1687960 705
1687970 707
1687980 708
1687990 709
1688000 710
1688010 710
1688020 711
1688030 712
1688040 713
1688050 714
1688060 715
1688070 716
1688080 717
1688090 718
1688100 719
1688110 720
1688120 720
1688130 721
1688140 722
1688150 722
1688160 723
1688170 723
1688180 723
1688190 724
1688200 724
1688210 724
1688220 723
1688230 723
1688240 723
1688250 723
1688260 722
1688270 722
1688280 721
1688290 721
1688300 722
1688310 722
1688320 721
1688330 721
1688340 722
1688350 722
1688360 722
1688370 722
1688380 722
1688390 722
1688400 722
1688410 722
1688420 723
1688430 723
1688440 723
1688450 723
1688460 723
1688470 723
1688480 724
1688490 724
1688500 724
1688510 724
1688520 724
1688530 724
1688540 725
1688550 725
1688560 725
1688570 725
1688580 725
1688590 725
1688600 726
1688610 726
1688620 726
1688630 726
1688640 726
1688650 726
1688660 727
1688670 727
1688680 727
1688690 727
1688700 728
1688710 728
1688720 728
1688730 728
1688740 729
1688750 729
1688760 729
1688770 729
1688780 730
1688790 730
1688800 730
1688810 730
1688820 731
1688830 731
1688840 731
1688850 732
1688860 732
1688870 732
1688880 733
1688890 733
1688900 733
1688910 734
1688920 734
1688930 735
1688940 735
1688950 736
1688960 736
1688970 736
1688980 737
1688990 737
1689000 738
1689010 739
1689020 739
1689030 739
1689040 740
1689050 740
1689060 741
1689070 741
1689080 742
1689090 742
1689100 742
1689110 743
1689120 743
1689130 743
1689140 744
1689150 744
1689160 744
1689170 745
1689180 745
1689190 745
1689200 745
1689210 745
1689220 746
1689230 746
1689240 746
1689250 746
1689260 746
1689270 746
1689280 746
1689290 746
1689300 746
1689310 746
1689320 746
1689330 746
1689340 746
1689350 747
1689360 747
1689370 747
1689380 747
1689390 747
1689400 747
1689410 747
1689420 747
1689430 748
1689440 748
1689450 748
1689460 748
1689470 748
1689480 748
1689490 749
1689500 749
1689510 749
1689520 750
1689530 750
1689540 750
1689550 750
1689560 750
1689570 750
1689580 751
1689590 751
1689600 751
1689610 751
1689620 751
1689630 751
1689640 751
1689650 750
1689660 750
1689670 750
1689680 750
1689690 750
1689700 750
1689710 750
1689720 750
1689730 750
1689740 750
1689750 750
1689760 750
1689770 750
1689780 750
1689790 750
1689800 750
1689810 750
1689820 750
1689830 751
1689840 751
1689850 751
1689860 751
1689870 751
1689880 751
1689890 751
1689900 751
1689910 751
1689920 751
1689930 751
1689940 751
1689950 750
1689960 750
1689970 750
1689980 750
1689990 750
1690000 750
1690010 750
1690020 749
1690030 749
1690040 749
1690050 749
1690060 749
1690070 749
1690080 749
1690090 748
1690100 748
1690110 748
1690120 748
1690130 748
1690140 749
1690150 749
1690160 749
1690170 749
1690180 749
1690190 750
1690200 750
1690210 750
1690220 750
1690230 750
1690240 750
1690250 750
1690260 750
1690270 750
1690280 750
1690290 750
1690300 750
1690310 750
1690320 750
1690330 750
1690340 750
1690350 750
1690360 750
1690370 750
1690380 750
1690390 750
1690400 750
1690410 750
1690420 750
1690430 750
1690440 750
1690450 750
1690460 750
1690470 750
1690480 750
1690490 750
1690500 749
1690510 749
1690520 749
1690530 749
1690540 749
1690550 749
1690560 750
1690570 750
1690580 750
1690590 750
1690600 750
1690610 750
1690620 750
1690630 750
1690640 751
1690650 751
1690660 751
1690670 752
1690680 752
1690690 752
1690700 752
1690710 752
1690720 752
1690730 752
1690740 752
1690750 752
1690760 753
1690770 753
1690780 753
1690790 754
1690800 754
1690810 754
1690820 755
1690830 755
1690840 755
1690850 755
1690860 755
1690870 756
1690880 756
1690890 756
1690900 757
1690910 757
1690920 757
1690930 757
1690940 758
1690950 758
1690960 758
1690970 759
1690980 759
1690990 759
1691000 759
1691010 759
1691020 760
1691030 760
1691040 760
1691050 760
1691060 760
1691070 760
1691080 760
1691090 761
1691100 761
1691110 761
1691120 761
1691130 761
1691140 761
1691150 761
1691160 761
1691170 761
1691180 761
1691190 761
1691200 761
1691210 761
1691220 761
1691230 761
1691240 761
1691250 761
1691260 761
1691270 761
1691280 761
1691290 761
1691300 761
1691310 762
1691320 762
1691330 762
1691340 762
1691350 762
1691360 762
1691370 762
1691380 762
1691390 763
1691400 763
1691410 763
1691420 763
1691430 763
1691440 763
1691450 764
1691460 764
1691470 764
1691480 764
1691490 765
1691500 765
1691510 765
1691520 766
1691530 766
1691540 767
1691550 768
1691560 768
1691570 769
1691580 769
1691590 769
1691600 770
1691610 770
1691620 770
1691630 771
1691640 771
1691650 771
1691660 771
1691670 771
1691680 771
1691690 771
1691700 771
1691710 771
1691720 771
1691730 771
1691740 771
1691750 771
1691760 771
1691770 771
1691780 771
1691790 770
1691800 770
1691810 770
1691820 770
1691830 769
1691840 769
1691850 769
1691860 768
1691870 768
1691880 768
1691890 768
1691900 767
1691910 767
1691920 767
1691930 767
1691940 767
1691950 766
1691960 766
1691970 766
1691980 766
1691990 766
1692000 766
1692010 765
1692020 765
1692030 765
1692040 765
1692050 765
1692060 764
1692070 764
1692080 764
1692090 764
1692100 764
1692110 763
1692120 763
1692130 763
1692140 763
1692150 763
1692160 763
1692170 762
1692180 762
1692190 762
1692200 762
1692210 762
1692220 762
1692230 762
1692240 762
1692250 761
1692260 761
1692270 761
1692280 761
1692290 761
1692300 761
1692310 761
1692320 761
1692330 761
1692340 761
1692350 761
1692360 760
1692370 760
1692380 760
1692390 760
1692400 760
1692410 760
1692420 760
1692430 760
1692440 760
1692450 760
1692460 760
1692470 760
1692480 760
1692490 760
1692500 760
1692510 760
1692520 760
1692530 760
1692540 760
1692550 760
1692560 760
1692570 760
1692580 760
1692590 760
1692600 760
1692610 760
1692620 760
1692630 760
1692640 760
1692650 760
1692660 760
1692670 761
1692680 761
1692690 761
1692700 761
1692710 761
1692720 761
1692730 761
1692740 761
1692750 761
1692760 762
1692770 762
1692780 762
1692790 762
1692800 762
1692810 762
1692820 763
1692830 763
1692840 763
1692850 763
1692860 764
1692870 764
1692880 764
1692890 765
1692900 765
1692910 765
1692920 765
1692930 765
1692940 766
1692950 766
1692960 766
1692970 766
1692980 767
1692990 767
1693000 767
1693010 767
1693020 768
1693030 768
1693040 768
1693050 769
1693060 769
1693070 769
1693080 769
1693090 770
1693100 770
1693110 770
1693120 771
1693130 771
1693140 771
1693150 772
1693160 772
1693170 772
1693180 773
1693190 773
1693200 773
1693210 774
1693220 774
1693230 774
1693240 775
1693250 775
1693260 775
1693270 776
1693280 776
1693290 777
1693300 778
1693310 779
1693320 779
1693330 780
1693340 780
1693350 780
1693360 781
1693370 781
1693380 782
1693390 782
1693400 781
1693410 781
1693420 781
1693430 781
1693440 780
1693450 780
1693460 779
1693470 779
1693480 778
1693490 778
1693500 777
1693510 776
1693520 776
1693530 775
1693540 775
1693550 774
1693560 774
1693570 774
1693580 773
1693590 773
1693600 773
1693610 772
1693620 772
1693630 771
1693640 771
1693650 771
1693660 770
1693670 770
1693680 769
1693690 769
1693700 769
1693710 768
1693720 768
1693730 768
1693740 767
1693750 767
1693760 767
1693770 767
1693780 767
1693790 766
1693800 766
1693810 766
1693820 765
1693830 765
1693840 764
1693850 764
1693860 764
1693870 763
1693880 763
1693890 762
1693900 762
1693910 761
1693920 761
1693930 761
1693940 760
1693950 760
1693960 759
1693970 758
1693980 758
1693990 757
1694000 757
1694010 756
1694020 756
1694030 755
1694040 755
1694050 754
1694060 753
1694070 753
1694080 752
1694090 752
1694100 751
1694110 751
1694120 750
1694130 749
1694140 749
1694150 748
1694160 747
1694170 746
1694180 746
1694190 745
1694200 744
1694210 744
1694220 743
1694230 743
1694240 742
1694250 742
1694260 742
1694270 742
1694280 741
1694290 741
1694300 741
1694310 741
1694320 741
1694330 741
1694340 741
1694350 741
1694360 741
1694370 741
1694380 741
1694390 741
1694400 741
1694410 741
1694420 741
1694430 741
1694440 741
1694450 741
1694460 741
1694470 741
1694480 741
1694490 741
1694500 741
1694510 741
1694520 741
1694530 741
1694540 742
1694550 742
1694560 742
1694570 742
1694580 742
1694590 742
1694600 742
1694610 742
1694620 742
1694630 742
1694640 742
1694650 742
1694660 742
1694670 742
1694680 742
1694690 743
1694700 743
1694710 743
1694720 743
1694730 744
1694740 744
1694750 745
1694760 745
1694770 746
1694780 746
1694790 746
1694800 746
1694810 745
1694820 743
1694830 742
1694840 740
1694850 738
1694860 736
1694870 733
1694880 731
1694890 730
1694900 729
1694910 728
1694920 727
1694930 726
1694940 725
1694950 724
1694960 723
1694970 722
1694980 721
1694990 721
1695000 720
1695010 719
1695020 718
1695030 718
1695040 717
1695050 716
1695060 716
1695070 715
1695080 714
1695090 714
1695100 713
1695110 713
1695120 713
1695130 713
1695140 713
1695150 712
1695160 712
1695170 711
1695180 711
1695190 710
1695200 710
1695210 710
1695220 709
1695230 709
1695240 709
1695250 709
1695260 708
1695270 708
1695280 708
1695290 708
1695300 708
1695310 708
1695320 708
1695330 707
1695340 706
1695350 706
1695360 706
1695370 706
1695380 706
1695390 706
1695400 706
1695410 706
1695420 706
1695430 706
1695440 706
1695450 706
1695460 707
1695470 707
1695480 708
1695490 708
1695500 709
1695510 709
1695520 710
1695530 710
1695540 710
1695550 711
1695560 711
1695570 711
1695580 711
1695590 711
1695600 711
1695610 711
1695620 711
1695630 711
1695640 711
1695650 711
1695660 711
1695670 711
1695680 711
1695690 711
1695700 711
1695710 711
1695720 711
1695730 711
1695740 711
1695750 711
1695760 711
1695770 711
1695780 711
1695790 711
1695800 711
1695810 711
1695820 711
1695830 711
1695840 711
1695850 711
1695860 711
1695870 711
1695880 711
1695890 711
1695900 711
1695910 710
1695920 710
1695930 710
1695940 710
1695950 710
1695960 710
1695970 710
1695980 709
1695990 709
1696000 709
1696010 709
1696020 709
1696030 708
1696040 708
1696050 708
1696060 708
1696070 707
1696080 707
1696090 707
1696100 707
1696110 707
1696120 707
1696130 706
1696140 706
1696150 706
1696160 706
1696170 706
1696180 706
1696190 705
1696200 705
1696210 705
1696220 705
1696230 705
1696240 705
1696250 705
1696260 704
1696270 704
1696280 704
1696290 704
1696300 704
1696310 704
1696320 704
1696330 703
1696340 703
1696350 703
1696360 703
1696370 703
1696380 703
1696390 702
1696400 702
1696410 702
1696420 702
1696430 702
1696440 701
1696450 701
1696460 701
1696470 701
1696480 701
1696490 700
1696500 700
1696510 700
1696520 699
1696530 699
1696540 699
1696550 699
1696560 698
1696570 698
1696580 698
1696590 698
1696600 697
1696610 697
1696620 697
1696630 697
1696640 696
1696650 696
1696660 696
1696670 696
1696680 695
1696690 695
1696700 695
1696710 695
1696720 694
1696730 694
1696740 694
1696750 694
1696760 693
1696770 693
1696780 693
1696790 692
1696800 692
1696810 692
1696820 691
1696830 691
1696840 691
1696850 691
1696860 690
1696870 690
1696880 690
1696890 690
1696900 689
1696910 689
1696920 689
1696930 689
1696940 689
1696950 689
1696960 689
1696970 689
1696980 689
1696990 689
1697000 689
1697010 689
1697020 689
1697030 689
1697040 689
1697050 688
1697060 688
1697070 688
1697080 688
1697090 688
1697100 688
1697110 688
1697120 688
1697130 688
1697140 688
1697150 687
1697160 687
1697170 687
1697180 687
1697190 687
1697200 686
1697210 686
1697220 686
1697230 686
1697240 685
1697250 686
1697260 686
1697270 686
1697280 687
1697290 687
1697300 688
1697310 688
1697320 689
1697330 689
1697340 690
1697350 690
1697360 690
1697370 691
1697380 692
1697390 692
1697400 693
1697410 693
1697420 694
1697430 694
1697440 694
1697450 695
1697460 695
1697470 695
1697480 696
1697490 696
1697500 697
1697510 697
1697520 698
1697530 698
1697540 699
1697550 700
1697560 700
1697570 701
1697580 701
1697590 702
1697600 702
1697610 703
1697620 703
1697630 703
1697640 704
1697650 704
1697660 704
1697670 704
1697680 705
1697690 705
1697700 705
1697710 706
1697720 706
1697730 706
1697740 706
1697750 706
1697760 706
1697770 706
1697780 706
1697790 706
1697800 706
1697810 705
1697820 705
1697830 705
1697840 705
1697850 705
1697860 704
1697870 704
1697880 704
1697890 703
1697900 703
1697910 703
1697920 702
1697930 702
1697940 702
1697950 702
1697960 701
1697970 701
1697980 701
1697990 701
1698000 700
1698010 700
1698020 700
1698030 700
1698040 700
1698050 700
1698060 699
1698070 699
1698080 699
1698090 699
1698100 699
1698110 699
1698120 699
1698130 698
1698140 698
1698150 698
1698160 698
1698170 698
1698180 698
1698190 698
1698200 698
1698210 698
1698220 698
1698230 697
1698240 697
1698250 697
1698260 697
1698270 697
1698280 697
1698290 697
1698300 697
1698310 697
1698320 696
1698330 696
1698340 696
1698350 696
1698360 696
1698370 696
1698380 696
1698390 696
1698400 695
1698410 695
1698420 695
1698430 695
1698440 695
1698450 695
1698460 695
1698470 695
1698480 694
1698490 694
1698500 694
1698510 693
1698520 693
1698530 693
1698540 692
1698550 692
1698560 692
1698570 691
1698580 691
1698590 690
1698600 690
1698610 690
1698620 690
1698630 689
1698640 689
1698650 688
1698660 688
1698670 688
1698680 687
1698690 687
1698700 687
1698710 686
1698720 686
1698730 686
1698740 685
1698750 685
1698760 685
1698770 684
1698780 684
1698790 683
1698800 683
1698810 682
1698820 682
1698830 682
1698840 681
1698850 681
1698860 680
1698870 679
1698880 679
1698890 678
1698900 677
1698910 676
1698920 675
1698930 675
1698940 674
1698950 674
1698960 673
1698970 672
1698980 672
1698990 672
1699000 671
1699010 671
1699020 671
1699030 671
1699040 671
1699050 671
1699060 671
1699070 671
1699080 671
1699090 671
1699100 671
1699110 672
1699120 672
1699130 672
1699140 672
1699150 672
1699160 672
1699170 672
1699180 671
1699190 671
1699200 671
1699210 671
1699220 671
1699230 671
1699240 671
1699250 670
1699260 670
1699270 670
1699280 670
1699290 670
1699300 670
1699310 670
1699320 671
1699330 671
1699340 671
1699350 671
1699360 671
1699370 671
1699380 671
1699390 672
1699400 672
1699410 672
1699420 672
1699430 672
1699440 672
1699450 672
1699460 672
1699470 671
1699480 672
1699490 672
1699500 672
1699510 671
1699520 671
1699530 671
1699540 671
1699550 671
1699560 671
1699570 671
1699580 671
1699590 671
1699600 671
1699610 670
1699620 670
1699630 669
1699640 667
1699650 665
1699660 663
1699670 661
1699680 660
1699690 660
1699700 659
1699710 659
1699720 658
1699730 658
1699740 657
1699750 656
1699760 655
1699770 654
1699780 653
1699790 652
1699800 651
1699810 651
1699820 652
1699830 652
1699840 652
1699850 652
1699860 652
1699870 653
1699880 656
1699890 660
1699900 664
1699910 668
1699920 671
1699930 673
1699940 675
1699950 677
1699960 679
1699970 681
1699980 683
1699990 684
