1680000 601
1680010 602
1680020 603
1680030 604
1680040 604
1680050 604
1680060 604
1680070 604
1680080 603
1680090 603
1680100 602
1680110 601
1680120 601
1680130 600
1680140 600
1680150 600
1680160 600
1680170 600
1680180 600
1680190 600
1680200 600
1680210 601
1680220 601
1680230 601
1680240 601
1680250 601
1680260 601
1680270 601
1680280 601
1680290 602
1680300 602
1680310 603
1680320 604
1680330 605
1680340 606
1680350 608
1680360 608
1680370 609
1680380 609
1680390 609
1680400 608
1680410 608
1680420 607
1680430 607
1680440 606
1680450 606
1680460 605
1680470 604
1680480 603
1680490 602
1680500 601
1680510 600
1680520 599
1680530 598
1680540 598
1680550 596
1680560 595
1680570 593
1680580 592
1680590 591
1680600 590
1680610 589
1680620 589
1680630 589
1680640 589
1680650 589
1680660 590
1680670 590
1680680 592
1680690 594
1680700 598
1680710 601
1680720 604
1680730 606
1680740 609
1680750 612
1680760 614
1680770 617
1680780 619
1680790 620
1680800 620
1680810 619
1680820 619
1680830 619
1680840 619
1680850 619
1680860 618
1680870 618
1680880 618
1680890 618
1680900 618
1680910 618
1680920 617
1680930 616
1680940 615
1680950 614
1680960 612
1680970 611
1680980 608
1680990 606
1681000 603
1681010 601
1681020 600
1681030 602
1681040 605
1681050 607
1681060 607
1681070 606
1681080 606
1681090 605
1681100 605
1681110 604
1681120 603
1681130 603
1681140 602
1681150 600
1681160 599
1681170 598
1681180 598
1681190 599
1681200 601
1681210 603
1681220 605
1681230 606
1681240 607
1681250 607
1681260 607
1681270 604
1681280 601
1681290 599
1681300 599
1681310 600
1681320 603
1681330 604
1681340 606
1681350 606
1681360 605
1681370 605
1681380 604
1681390 604
1681400 603
1681410 603
1681420 602
1681430 602
1681440 602
1681450 601
1681460 601
1681470 601
1681480 600
1681490 600
1681500 599
1681510 598
1681520 598
1681530 597
1681540 596
1681550 595
1681560 593
1681570 591
1681580 590
1681590 589
1681600 588
1681610 587
1681620 586
1681630 585
1681640 584
1681650 582
1681660 581
1681670 579
1681680 578
1681690 577
1681700 577
1681710 577
1681720 577
1681730 576
1681740 576
1681750 576
1681760 577
1681770 577
1681780 577
1681790 577
1681800 577
1681810 577
1681820 576
1681830 577
1681840 577
1681850 577
1681860 578
1681870 579
1681880 581
1681890 584
1681900 587
1681910 590
1681920 591
1681930 591
1681940 591
1681950 590
1681960 590
1681970 589
1681980 590
1681990 590
1682000 591
1682010 590
1682020 589
1682030 587
1682040 586
1682050 585
1682060 586
1682070 587
1682080 588
1682090 590
1682100 593
1682110 597
1682120 602
1682130 605
1682140 607
1682150 609
1682160 609
1682170 609
1682180 609
1682190 610
1682200 612
1682210 613
1682220 615
1682230 616
1682240 619
1682250 621
1682260 622
1682270 624
1682280 625
1682290 625
1682300 626
1682310 627
1682320 628
1682330 629
1682340 631
1682350 632
1682360 634
1682370 636
1682380 637
1682390 639
1682400 641
1682410 643
1682420 646
1682430 648
1682440 650
1682450 651
1682460 652
1682470 652
1682480 653
1682490 654
1682500 654
1682510 654
1682520 653
1682530 652
1682540 651
1682550 649
1682560 648
1682570 647
1682580 646
1682590 645
1682600 643
1682610 642
1682620 640
1682630 639
1682640 637
1682650 636
1682660 634
1682670 632
1682680 630
1682690 628
1682700 626
1682710 625
1682720 623
1682730 621
1682740 619
1682750 617
1682760 614
1682770 611
1682780 607
1682790 603
1682800 601
1682810 600
1682820 599
1682830 599
1682840 598
1682850 598
1682860 597
1682870 597
1682880 597
1682890 597
1682900 597
1682910 597
1682920 597
1682930 597
1682940 596
1682950 596
1682960 595
1682970 595
1682980 594
1682990 594
1683000 593
1683010 593
1683020 593
1683030 593
1683040 593
1683050 592
1683060 592
1683070 591
1683080 591
1683090 590
1683100 589
1683110 589
1683120 588
1683130 588
1683140 587
1683150 587
1683160 586
1683170 586
1683180 585
1683190 585
1683200 584
1683210 584
1683220 583
1683230 583
1683240 583
1683250 582
1683260 582
1683270 581
1683280 579
1683290 578
1683300 577
1683310 576
1683320 576
1683330 576
1683340 576
1683350 576
1683360 577
1683370 579
1683380 581
1683390 583
1683400 584
1683410 585
1683420 586
1683430 586
1683440 586
1683450 584
1683460 584
1683470 583
1683480 582
1683490 582
1683500 582
1683510 582
1683520 582
1683530 582
1683540 582
1683550 582
1683560 582
1683570 581
1683580 581
1683590 580
1683600 579
1683610 579
1683620 578
1683630 577
1683640 577
1683650 576
1683660 576
1683670 576
1683680 576
1683690 578
1683700 579
1683710 580
1683720 582
1683730 585
1683740 588
1683750 592
1683760 595
1683770 599
1683780 602
1683790 604
1683800 605
1683810 606
1683820 606
1683830 606
1683840 607
1683850 607
1683860 608
1683870 608
1683880 608
1683890 608
1683900 607
1683910 605
1683920 604
1683930 603
1683940 602
1683950 601
1683960 600
1683970 599
1683980 598
1683990 597
1684000 595
1684010 594
1684020 592
1684030 592
1684040 591
1684050 591
1684060 591
1684070 590
1684080 590
1684090 588
1684100 587
1684110 589
1684120 589
1684130 589
1684140 590
1684150 590
1684160 590
1684170 590
1684180 590
1684190 590
1684200 590
1684210 590
1684220 590
1684230 590
1684240 590
1684250 590
1684260 590
1684270 591
1684280 591
1684290 591
1684300 591
1684310 591
1684320 591
1684330 591
1684340 592
1684350 592
1684360 592
1684370 592
1684380 592
1684390 592
1684400 592
1684410 592
1684420 591
1684430 590
1684440 589
1684450 589
1684460 588
1684470 587
1684480 588
1684490 590
1684500 593
1684510 595
1684520 596
1684530 596
1684540 597
1684550 597
1684560 598
1684570 598
1684580 599
1684590 599
1684600 599
1684610 600
1684620 600
1684630 600
1684640 600
1684650 599
1684660 599
1684670 599
1684680 599
1684690 599
1684700 599
1684710 599
1684720 599
1684730 599
1684740 599
1684750 599
1684760 599
1684770 599
1684780 599
1684790 599
1684800 599
1684810 599
1684820 599
1684830 599
1684840 599
1684850 599
1684860 599
1684870 599
1684880 599
1684890 600
1684900 600
1684910 600
1684920 600
1684930 600
1684940 600
1684950 600
1684960 600
1684970 600
1684980 600
1684990 600
1685000 600
1685010 601
1685020 601
1685030 601
1685040 601
1685050 601
1685060 601
1685070 601
1685080 601
1685090 601
1685100 601
1685110 600
1685120 600
1685130 600
1685140 600
1685150 599
1685160 599
1685170 598
1685180 598
1685190 596
1685200 594
1685210 593
1685220 592
1685230 592
1685240 591
1685250 591
1685260 592
1685270 592
1685280 592
1685290 593
1685300 593
1685310 595
1685320 597
1685330 599
1685340 601
1685350 603
1685360 604
1685370 606
1685380 607
1685390 608
1685400 609
1685410 610
1685420 610
1685430 611
1685440 612
1685450 612
1685460 613
1685470 613
1685480 614
1685490 615
1685500 616
1685510 616
1685520 617
1685530 619
1685540 619
1685550 621
1685560 623
1685570 625
1685580 627
1685590 628
1685600 630
1685610 630
1685620 630
1685630 629
1685640 628
1685650 627
1685660 627
1685670 626
1685680 626
1685690 625
1685700 625
1685710 625
1685720 624
1685730 623
1685740 623
1685750 621
1685760 620
1685770 618
1685780 617
1685790 617
1685800 617
1685810 617
1685820 617
1685830 617
1685840 617
1685850 617
1685860 617
1685870 616
1685880 616
1685890 617
1685900 617
1685910 618
1685920 618
1685930 619
1685940 619
1685950 621
1685960 622
1685970 624
1685980 626
1685990 628
1686000 630
1686010 632
1686020 634
1686030 635
1686040 637
1686050 639
1686060 641
1686070 642
1686080 644
1686090 645
1686100 647
1686110 648
1686120 650
1686130 651
1686140 652
1686150 654
1686160 655
1686170 656
1686180 656
1686190 656
1686200 657
1686210 657
1686220 657
1686230 658
1686240 658
1686250 659
1686260 659
1686270 660
1686280 661
1686290 661
1686300 662
1686310 663
1686320 664
1686330 665
1686340 666
1686350 667
1686360 667
1686370 668
1686380 669
1686390 669
1686400 670
1686410 671
1686420 671
1686430 672
1686440 673
1686450 674
1686460 674
1686470 675
1686480 676
1686490 676
1686500 677
1686510 678
1686520 678
1686530 679
1686540 680
1686550 681
1686560 681
1686570 682
1686580 682
1686590 683
1686600 683
1686610 684
1686620 684
1686630 685
1686640 685
1686650 685
1686660 685
1686670 686
1686680 686
1686690 687
1686700 687
1686710 687
1686720 688
1686730 688
1686740 689
1686750 689
1686760 689
1686770 689
1686780 689
1686790 689
1686800 689
1686810 690
1686820 690
1686830 690
1686840 690
1686850 691
1686860 691
1686870 692
1686880 692
1686890 693
1686900 693
1686910 693
1686920 693
1686930 694
1686940 694
1686950 694
1686960 695
1686970 695
1686980 696
1686990 696
1687000 696
1687010 697
1687020 697
1687030 698
1687040 698
1687050 699
1687060 699
1687070 700
1687080 700
1687090 700
1687100 700
1687110 700
1687120 700
1687130 700
1687140 700
1687150 700
1687160 700
1687170 700
1687180 700
1687190 700
1687200 700
1687210 700
1687220 700
1687230 700
1687240 699
1687250 699
1687260 699
1687270 699
1687280 698
1687290 698
1687300 698
1687310 697
1687320 697
1687330 697
1687340 696
1687350 696
1687360 696
1687370 696
1687380 695
1687390 695
1687400 695
1687410 695
1687420 694
1687430 694
1687440 695
1687450 695
1687460 695
1687470 695
1687480 696
1687490 696
1687500 696
1687510 696
1687520 697
1687530 697
1687540 697
1687550 697
1687560 698
1687570 698
1687580 698
1687590 698
1687600 699
1687610 699
1687620 700
1687630 700
1687640 701
1687650 702
1687660 703
1687670 704
1687680 705
1687690 706
1687700 706
1687710 707
1687720 708
1687730 709
1687740 709
1687750 710
1687760 711
1687770 711
1687780 712
1687790 712
1687800 713
1687810 713
1687820 714
1687830 714
1687840 715
1687850 715
1687860 715
1687870 715
1687880 715
1687890 715
1687900 715
1687910 715
1687920 715
1687930 714
1687940 714
1687950 713
1687960 713
1687970 713
1687980 712
1687990 712
1688000 711
1688010 711
1688020 711
1688030 711
1688040 710
1688050 710
1688060 709
1688070 709
1688080 709
1688090 709
1688100 710
1688110 710
1688120 710
1688130 711
1688140 711
1688150 712
1688160 712
1688170 713
1688180 713
1688190 713
1688200 713
1688210 714
1688220 714
1688230 715
1688240 716
1688250 716
1688260 716
1688270 716
1688280 717
1688290 717
1688300 717
1688310 717
1688320 717
1688330 717
1688340 717
1688350 716
1688360 716
1688370 715
1688380 714
1688390 712
1688400 711
1688410 710
1688420 710
1688430 711
1688440 711
1688450 713
1688460 714
1688470 716
1688480 719
1688490 720
1688500 721
1688510 721
1688520 722
1688530 722
1688540 722
1688550 722
1688560 722
1688570 721
1688580 721
1688590 720
1688600 720
1688610 720
1688620 720
1688630 720
1688640 720
1688650 720
1688660 719
1688670 719
1688680 719
1688690 719
1688700 719
1688710 719
1688720 719
1688730 719
1688740 719
1688750 719
1688760 719
1688770 720
1688780 720
1688790 720
1688800 720
1688810 720
1688820 720
1688830 720
1688840 720
1688850 720
1688860 720
1688870 720
1688880 720
1688890 721
1688900 721
1688910 721
1688920 721
1688930 721
1688940 721
1688950 721
1688960 722
1688970 722
1688980 722
1688990 722
1689000 722
1689010 722
1689020 722
1689030 723
1689040 723
1689050 723
1689060 723
1689070 723
1689080 724
1689090 724
1689100 724
1689110 724
1689120 725
1689130 725
1689140 725
1689150 725
1689160 725
1689170 725
1689180 725
1689190 725
1689200 725
1689210 725
1689220 725
1689230 725
1689240 725
1689250 725
1689260 725
1689270 725
1689280 725
1689290 725
1689300 725
1689310 725
1689320 726
1689330 726
1689340 726
1689350 726
1689360 726
1689370 726
1689380 726
1689390 726
1689400 726
1689410 726
1689420 726
1689430 727
1689440 727
1689450 727
1689460 727
1689470 727
1689480 727
1689490 727
1689500 727
1689510 727
1689520 727
1689530 727
1689540 727
1689550 727
1689560 727
1689570 727
1689580 727
1689590 727
1689600 727
1689610 728
1689620 728
1689630 728
1689640 728
1689650 728
1689660 728
1689670 728
1689680 728
1689690 728
1689700 728
1689710 728
1689720 728
1689730 728
1689740 728
1689750 728
1689760 729
1689770 729
1689780 729
1689790 729
1689800 729
1689810 729
1689820 729
1689830 729
1689840 729
1689850 730
1689860 730
1689870 730
1689880 730
1689890 730
1689900 730
1689910 730
1689920 730
1689930 731
1689940 731
1689950 731
1689960 731
1689970 731
1689980 731
1689990 731
1690000 731
1690010 732
1690020 732
1690030 732
1690040 732
1690050 732
1690060 732
1690070 733
1690080 733
1690090 733
1690100 733
1690110 733
1690120 733
1690130 733
1690140 734
1690150 734
1690160 734
1690170 734
1690180 734
1690190 734
1690200 735
1690210 735
1690220 735
1690230 735
1690240 735
1690250 735
1690260 736
1690270 736
1690280 736
1690290 736
1690300 736
1690310 736
1690320 736
1690330 736
1690340 737
1690350 737
1690360 737
1690370 737
1690380 738
1690390 738
1690400 738
1690410 738
1690420 739
1690430 739
1690440 739
1690450 739
1690460 740
1690470 740
1690480 740
1690490 741
1690500 741
1690510 741
1690520 741
1690530 742
1690540 742
1690550 742
1690560 742
1690570 742
1690580 742
1690590 742
1690600 742
1690610 742
1690620 742
1690630 742
1690640 742
1690650 742
1690660 742
1690670 742
1690680 742
1690690 742
1690700 742
1690710 742
1690720 742
1690730 742
1690740 742
1690750 742
1690760 742
1690770 742
1690780 742
1690790 742
1690800 742
1690810 742
1690820 742
1690830 742
1690840 742
1690850 742
1690860 742
1690870 742
1690880 742
1690890 742
1690900 742
1690910 742
1690920 742
1690930 742
1690940 742
1690950 742
1690960 742
1690970 742
1690980 742
1690990 742
1691000 742
1691010 742
1691020 741
1691030 741
1691040 741
1691050 741
1691060 740
1691070 740
1691080 740
1691090 739
1691100 739
1691110 739
1691120 738
1691130 738
1691140 738
1691150 738
1691160 738
1691170 738
1691180 737
1691190 737
1691200 738
1691210 738
1691220 738
1691230 738
1691240 739
1691250 739
1691260 740
1691270 740
1691280 740
1691290 741
1691300 741
1691310 741
1691320 741
1691330 742
1691340 742
1691350 742
1691360 742
1691370 742
1691380 742
1691390 742
1691400 742
1691410 742
1691420 742
1691430 742
1691440 742
1691450 742
1691460 742
1691470 741
1691480 741
1691490 741
1691500 741
1691510 740
1691520 740
1691530 740
1691540 740
1691550 739
1691560 739
1691570 739
1691580 738
1691590 738
1691600 738
1691610 738
1691620 737
1691630 737
1691640 737
1691650 737
1691660 737
1691670 736
1691680 736
1691690 736
1691700 736
1691710 736
1691720 736
1691730 736
1691740 736
1691750 736
1691760 736
1691770 736
1691780 736
1691790 736
1691800 736
1691810 736
1691820 736
1691830 737
1691840 737
1691850 737
1691860 737
1691870 737
1691880 737
1691890 737
1691900 738
1691910 738
1691920 738
1691930 739
1691940 739
1691950 739
1691960 740
1691970 740
1691980 740
1691990 740
1692000 741
1692010 741
1692020 741
1692030 742
1692040 742
1692050 743
1692060 743
1692070 743
1692080 744
1692090 744
1692100 745
1692110 745
1692120 746
1692130 746
1692140 747
1692150 747
1692160 747
1692170 748
1692180 748
1692190 748
1692200 749
1692210 749
1692220 750
1692230 750
1692240 751
1692250 751
1692260 752
1692270 752
1692280 753
1692290 753
1692300 754
1692310 755
1692320 756
1692330 757
1692340 758
1692350 759
1692360 760
1692370 761
1692380 762
1692390 763
1692400 764
1692410 765
1692420 766
1692430 767
1692440 767
1692450 767
1692460 768
1692470 768
1692480 768
1692490 768
1692500 768
1692510 768
1692520 767
1692530 767
1692540 767
1692550 767
1692560 767
1692570 767
1692580 767
1692590 767
1692600 767
1692610 767
1692620 767
1692630 767
1692640 767
1692650 768
1692660 768
1692670 768
1692680 768
1692690 768
1692700 768
1692710 768
1692720 768
1692730 768
1692740 768
1692750 768
1692760 768
1692770 768
1692780 768
1692790 769
1692800 769
1692810 769
1692820 769
1692830 769
1692840 769
1692850 769
1692860 769
1692870 769
1692880 769
1692890 769
1692900 769
1692910 769
1692920 769
1692930 769
1692940 769
1692950 769
1692960 769
1692970 769
1692980 769
1692990 769
1693000 769
1693010 770
1693020 770
1693030 770
1693040 770
1693050 770
1693060 770
1693070 770
1693080 770
1693090 771
1693100 771
1693110 771
1693120 771
1693130 771
1693140 772
1693150 772
1693160 772
1693170 772
1693180 772
1693190 772
1693200 773
1693210 773
1693220 773
1693230 773
1693240 774
1693250 774
1693260 774
1693270 774
1693280 774
1693290 775
1693300 775
1693310 775
1693320 775
1693330 775
1693340 775
1693350 776
1693360 776
1693370 776
1693380 776
1693390 776
1693400 776
1693410 777
1693420 777
1693430 777
1693440 778
1693450 778
1693460 778
1693470 778
1693480 779
1693490 779
1693500 780
1693510 780
1693520 780
1693530 781
1693540 781
1693550 781
1693560 782
1693570 782
1693580 782
1693590 783
1693600 783
1693610 784
1693620 784
1693630 784
1693640 785
1693650 785
1693660 785
1693670 785
1693680 785
1693690 785
1693700 786
1693710 785
1693720 785
1693730 785
1693740 784
1693750 784
1693760 784
1693770 783
1693780 783
1693790 783
1693800 782
1693810 782
1693820 781
1693830 781
1693840 780
1693850 780
1693860 779
1693870 778
1693880 777
1693890 776
1693900 775
1693910 774
1693920 773
1693930 773
1693940 772
1693950 772
1693960 771
1693970 770
1693980 769
1693990 769
1694000 768
1694010 767
1694020 766
1694030 766
1694040 765
1694050 764
1694060 763
1694070 763
1694080 762
1694090 761
1694100 760
1694110 760
1694120 759
1694130 759
1694140 759
1694150 758
1694160 758
1694170 758
1694180 757
1694190 757
1694200 756
1694210 756
1694220 755
1694230 755
1694240 754
1694250 754
1694260 753
1694270 753
1694280 752
1694290 752
1694300 751
1694310 751
1694320 750
1694330 750
1694340 749
1694350 749
1694360 749
1694370 748
1694380 748
1694390 747
1694400 747
1694410 747
1694420 746
1694430 746
1694440 746
1694450 745
1694460 745
1694470 744
1694480 744
1694490 743
1694500 743
1694510 743
1694520 742
1694530 741
1694540 741
1694550 740
1694560 740
1694570 739
1694580 739
1694590 739
1694600 738
1694610 738
1694620 737
1694630 737
1694640 737
1694650 736
1694660 736
1694670 735
1694680 735
1694690 735
1694700 734
1694710 734
1694720 733
1694730 733
1694740 733
1694750 732
1694760 732
1694770 732
1694780 731
1694790 731
1694800 730
1694810 730
1694820 729
1694830 729
1694840 728
1694850 728
1694860 727
1694870 727
1694880 726
1694890 726
1694900 726
1694910 725
1694920 725
1694930 725
1694940 724
1694950 724
1694960 724
1694970 723
1694980 723
1694990 722
1695000 722
1695010 721
1695020 721
1695030 721
1695040 721
1695050 720
1695060 720
1695070 720
1695080 720
1695090 720
1695100 720
1695110 720
1695120 720
1695130 720
1695140 720
1695150 720
1695160 720
1695170 720
1695180 720
1695190 720
1695200 720
1695210 720
1695220 721
1695230 721
1695240 722
1695250 722
1695260 723
1695270 723
1695280 724
1695290 724
1695300 724
1695310 725
1695320 725
1695330 725
1695340 725
1695350 726
1695360 726
1695370 726
1695380 726
1695390 726
1695400 726
1695410 726
1695420 726
1695430 726
1695440 726
1695450 726
1695460 726
1695470 726
1695480 725
1695490 725
1695500 725
1695510 724
1695520 724
1695530 724
1695540 724
1695550 723
1695560 723
1695570 723
1695580 723
1695590 723
1695600 723
1695610 723
1695620 722
1695630 722
1695640 722
1695650 722
1695660 721
1695670 721
1695680 721
1695690 721
1695700 720
1695710 720
1695720 720
1695730 720
1695740 720
1695750 720
1695760 720
1695770 720
1695780 720
1695790 720
1695800 720
1695810 719
1695820 719
1695830 719
1695840 719
1695850 719
1695860 719
1695870 719
1695880 719
1695890 719
1695900 719
1695910 719
1695920 719
1695930 719
1695940 719
1695950 719
1695960 719
1695970 719
1695980 719
1695990 719
1696000 719
1696010 719
1696020 719
1696030 719
1696040 719
1696050 720
1696060 720
1696070 720
1696080 720
1696090 720
1696100 720
1696110 720
1696120 720
1696130 720
1696140 720
1696150 719
1696160 719
1696170 719
1696180 719
1696190 719
1696200 719
1696210 719
1696220 719
1696230 719
1696240 719
1696250 718
1696260 718
1696270 718
1696280 718
1696290 718
1696300 717
1696310 717
1696320 717
1696330 716
1696340 716
1696350 716
1696360 716
1696370 716
1696380 715
1696390 715
1696400 715
1696410 715
1696420 714
1696430 714
1696440 714
1696450 713
1696460 713
1696470 713
1696480 713
1696490 712
1696500 712
1696510 712
1696520 712
1696530 711
1696540 711
1696550 711
1696560 711
1696570 710
1696580 710
1696590 710
1696600 710
1696610 709
1696620 709
1696630 709
1696640 708
1696650 708
1696660 708
1696670 708
1696680 707
1696690 707
1696700 707
1696710 706
1696720 706
1696730 706
1696740 706
1696750 706
1696760 705
1696770 705
1696780 705
1696790 705
1696800 705
1696810 705
1696820 705
1696830 704
1696840 704
1696850 704
1696860 704
1696870 703
1696880 703
1696890 703
1696900 702
1696910 702
1696920 702
1696930 701
1696940 701
1696950 701
1696960 701
1696970 700
1696980 700
1696990 700
1697000 700
1697010 699
1697020 699
1697030 699
1697040 698
1697050 698
1697060 698
1697070 698
1697080 697
1697090 697
1697100 696
1697110 696
1697120 696
1697130 696
1697140 695
1697150 695
1697160 695
1697170 694
1697180 694
1697190 694
1697200 694
1697210 694
1697220 694
1697230 693
1697240 693
1697250 694
1697260 694
1697270 695
1697280 695
1697290 694
1697300 694
1697310 694
1697320 693
1697330 693
1697340 693
1697350 693
1697360 693
1697370 693
1697380 693
1697390 693
1697400 693
1697410 693
1697420 693
1697430 694
1697440 694
1697450 694
1697460 694
1697470 694
1697480 694
1697490 694
1697500 694
1697510 694
1697520 694
1697530 694
1697540 694
1697550 694
1697560 694
1697570 694
1697580 695
1697590 695
1697600 695
1697610 695
1697620 695
1697630 695
1697640 695
1697650 695
1697660 695
1697670 695
1697680 695
1697690 695
1697700 695
1697710 695
1697720 695
1697730 695
1697740 695
1697750 695
1697760 695
1697770 695
1697780 695
1697790 695
1697800 695
1697810 695
1697820 695
1697830 695
1697840 695
1697850 694
1697860 694
1697870 694
1697880 694
1697890 694
1697900 694
1697910 695
1697920 695
1697930 695
1697940 695
1697950 695
1697960 695
1697970 696
1697980 696
1697990 696
1698000 696
1698010 696
1698020 696
1698030 696
1698040 696
1698050 697
1698060 697
1698070 697
1698080 697
1698090 697
1698100 697
1698110 697
1698120 697
1698130 698
1698140 698
1698150 698
1698160 698
1698170 698
1698180 698
1698190 698
1698200 698
1698210 698
1698220 699
1698230 699
1698240 699
1698250 699
1698260 699
1698270 699
1698280 699
1698290 699
1698300 699
1698310 699
1698320 699
1698330 699
1698340 699
1698350 699
1698360 699
1698370 699
1698380 699
1698390 699
1698400 699
1698410 699
1698420 699
1698430 699
1698440 698
1698450 698
1698460 698
1698470 698
1698480 698
1698490 698
1698500 698
1698510 697
1698520 697
1698530 697
1698540 697
1698550 697
1698560 696
1698570 696
1698580 696
1698590 696
1698600 696
1698610 695
1698620 695
1698630 695
1698640 695
1698650 694
1698660 694
1698670 694
1698680 693
1698690 693
1698700 693
1698710 693
1698720 692
1698730 692
1698740 692
1698750 692
1698760 692
1698770 692
1698780 691
1698790 691
1698800 691
1698810 691
1698820 691
1698830 691
1698840 691
1698850 691
1698860 691
1698870 691
1698880 691
1698890 691
1698900 691
1698910 691
1698920 691
1698930 691
1698940 691
1698950 691
1698960 691
1698970 691
1698980 692
1698990 692
1699000 692
1699010 692
1699020 692
1699030 692
1699040 692
1699050 692
1699060 692
1699070 692
1699080 692
1699090 692
1699100 692
1699110 693
1699120 693
1699130 693
1699140 693
1699150 693
1699160 693
1699170 693
1699180 693
1699190 693
1699200 693
1699210 693
1699220 693
1699230 693
1699240 693
1699250 693
1699260 693
1699270 693
1699280 693
1699290 693
1699300 693
1699310 693
1699320 693
1699330 693
1699340 693
1699350 693
1699360 693
1699370 693
1699380 693
1699390 693
1699400 693
1699410 693
1699420 693
1699430 693
1699440 692
1699450 692
1699460 692
1699470 692
1699480 692
1699490 692
1699500 692
1699510 692
1699520 692
1699530 692
1699540 692
1699550 692
1699560 692
1699570 692
1699580 693
1699590 693
1699600 693
1699610 693
1699620 694
1699630 694
1699640 694
1699650 695
1699660 695
1699670 695
1699680 696
1699690 696
1699700 697
1699710 697
1699720 698
1699730 698
1699740 698
1699750 699
1699760 699
1699770 699
1699780 700
1699790 701
1699800 701
1699810 702
1699820 703
1699830 703
1699840 704
1699850 704
1699860 705
1699870 706
1699880 706
1699890 707
1699900 707
1699910 708
1699920 708
1699930 709
1699940 709
1699950 710
1699960 711
1699970 711
1699980 712
1699990 712
