1680000 729
1680010 729
1680020 729
1680030 729
1680040 729
1680050 728
1680060 728
1680070 728
1680080 728
1680090 727
1680100 727
1680110 727
1680120 727
1680130 727
1680140 726
1680150 726
1680160 726
1680170 726
1680180 726
1680190 726
1680200 726
1680210 726
1680220 726
1680230 727
1680240 727
1680250 727
1680260 727
1680270 727
1680280 728
1680290 728
1680300 728
1680310 728
1680320 728
1680330 727
1680340 727
1680350 727
1680360 727
1680370 727
1680380 726
1680390 726
1680400 726
1680410 725
1680420 725
1680430 725
1680440 725
1680450 725
1680460 724
1680470 724
1680480 724
1680490 724
1680500 724
1680510 724
1680520 724
1680530 724
1680540 724
1680550 723
1680560 723
1680570 723
1680580 723
1680590 723
1680600 723
1680610 723
1680620 723
1680630 723
1680640 722
1680650 722
1680660 722
1680670 721
1680680 721
1680690 721
1680700 720
1680710 720
1680720 719
1680730 719
1680740 719
1680750 718
1680760 718
1680770 718
1680780 718
1680790 717
1680800 717
1680810 716
1680820 715
1680830 714
1680840 713
1680850 712
1680860 712
1680870 711
1680880 711
1680890 710
1680900 710
1680910 709
1680920 709
1680930 709
1680940 708
1680950 708
1680960 708
1680970 708
1680980 707
1680990 707
1681000 707
1681010 707
1681020 707
1681030 706
1681040 706
1681050 704
1681060 701
1681070 699
1681080 697
1681090 698
1681100 700
1681110 703
1681120 704
1681130 705
1681140 705
1681150 706
1681160 706
1681170 706
1681180 706
1681190 706
1681200 705
1681210 705
1681220 705
1681230 705
1681240 705
1681250 706
1681260 706
1681270 707
1681280 707
1681290 707
1681300 708
1681310 709
1681320 709
1681330 710
1681340 711
1681350 712
1681360 714
1681370 715
1681380 716
1681390 717
1681400 717
1681410 718
1681420 718
1681430 717
1681440 717
1681450 716
1681460 716
1681470 715
1681480 714
1681490 713
1681500 713
1681510 713
1681520 712
1681530 711
1681540 711
1681550 710
1681560 709
1681570 708
1681580 708
1681590 707
1681600 706
1681610 705
1681620 704
1681630 703
1681640 702
1681650 702
1681660 701
1681670 700
1681680 699
1681690 698
1681700 698
1681710 697
1681720 696
1681730 695
1681740 694
1681750 693
1681760 692
1681770 692
1681780 691
1681790 690
1681800 689
1681810 689
1681820 689
1681830 688
1681840 688
1681850 688
1681860 687
1681870 687
1681880 687
1681890 687
1681900 687
1681910 687
1681920 686
1681930 686
1681940 686
1681950 685
1681960 685
1681970 684
1681980 683
1681990 682
1682000 681
1682010 680
1682020 679
1682030 678
1682040 677
1682050 676
1682060 675
1682070 674
1682080 673
1682090 672
1682100 671
1682110 670
1682120 669
1682130 668
1682140 668
1682150 667
1682160 666
1682170 665
1682180 664
1682190 663
1682200 663
1682210 662
1682220 661
1682230 661
1682240 660
1682250 660
1682260 660
1682270 659
1682280 659
1682290 659
1682300 659
1682310 658
1682320 658
1682330 658
1682340 657
1682350 657
1682360 656
1682370 656
1682380 655
1682390 654
1682400 654
1682410 653
1682420 652
1682430 651
1682440 650
1682450 649
1682460 648
1682470 647
1682480 645
1682490 643
1682500 641
1682510 639
1682520 637
1682530 636
1682540 634
1682550 633
1682560 632
1682570 632
1682580 632
1682590 632
1682600 632
1682610 633
1682620 634
1682630 635
1682640 636
1682650 637
1682660 639
1682670 640
1682680 643
1682690 645
1682700 647
1682710 648
1682720 648
1682730 648
1682740 648
1682750 648
1682760 648
1682770 647
1682780 647
1682790 647
1682800 646
1682810 646
1682820 646
1682830 646
1682840 646
1682850 645
1682860 645
1682870 645
1682880 644
1682890 644
1682900 643
1682910 642
1682920 641
1682930 640
1682940 638
1682950 637
1682960 635
1682970 634
1682980 632
1682990 631
1683000 629
1683010 628
1683020 627
1683030 626
1683040 625
1683050 624
1683060 622
1683070 621
1683080 620
1683090 618
1683100 617
1683110 615
1683120 614
1683130 612
1683140 610
1683150 609
1683160 608
1683170 606
1683180 604
1683190 603
1683200 602
1683210 600
1683220 599
1683230 598
1683240 597
1683250 597
1683260 596
1683270 595
1683280 595
1683290 594
1683300 594
1683310 594
1683320 594
1683330 594
1683340 594
1683350 594
1683360 595
1683370 595
1683380 597
1683390 599
1683400 600
1683410 602
1683420 603
1683430 604
1683440 606
1683450 607
1683460 608
1683470 609
1683480 611
1683490 611
1683500 611
1683510 612
1683520 612
1683530 612
1683540 612
1683550 613
1683560 613
1683570 613
1683580 613
1683590 613
1683600 613
1683610 613
1683620 612
1683630 612
1683640 611
1683650 609
1683660 608
1683670 605
1683680 603
1683690 601
1683700 599
1683710 598
1683720 596
1683730 595
1683740 593
1683750 592
1683760 590
1683770 589
1683780 588
1683790 586
1683800 585
1683810 583
1683820 580
1683830 577
1683840 572
1683850 569
1683860 566
1683870 565
1683880 564
1683890 564
1683900 563
1683910 563
1683920 562
1683930 561
1683940 561
1683950 561
1683960 562
1683970 566
1683980 570
1683990 575
1684000 579
1684010 583
1684020 587
1684030 590
1684040 593
1684050 596
1684060 599
1684070 602
1684080 604
1684090 605
1684100 606
1684110 607
1684120 607
1684130 607
1684140 608
1684150 608
1684160 609
1684170 609
1684180 610
1684190 611
1684200 612
1684210 614
1684220 615
1684230 616
1684240 617
1684250 619
1684260 620
1684270 621
1684280 623
1684290 624
1684300 625
1684310 627
1684320 628
1684330 629
1684340 630
1684350 631
1684360 632
1684370 633
1684380 634
1684390 636
1684400 637
1684410 638
1684420 639
1684430 641
1684440 642
1684450 643
1684460 644
1684470 645
1684480 646
1684490 648
1684500 649
1684510 650
1684520 651
1684530 652
1684540 653
1684550 654
1684560 655
1684570 656
1684580 657
1684590 658
1684600 659
1684610 660
1684620 661
1684630 661
1684640 662
1684650 662
1684660 663
1684670 663
1684680 664
1684690 664
1684700 664
1684710 663
1684720 663
1684730 663
1684740 663
1684750 664
1684760 665
1684770 666
1684780 668
1684790 669
1684800 671
1684810 672
1684820 674
1684830 675
1684840 676
1684850 677
1684860 678
1684870 678
1684880 678
1684890 678
1684900 677
1684910 677
1684920 676
1684930 676
1684940 675
1684950 675
1684960 675
1684970 675
1684980 675
1684990 675
1685000 674
1685010 673
1685020 671
1685030 669
1685040 668
1685050 667
1685060 667
1685070 668
1685080 669
1685090 669
1685100 670
1685110 671
1685120 672
1685130 673
1685140 674
1685150 675
1685160 676
1685170 677
1685180 678
1685190 679
1685200 680
1685210 681
1685220 682
1685230 682
1685240 683
1685250 684
1685260 684
1685270 685
1685280 685
1685290 686
1685300 686
1685310 686
1685320 686
1685330 687
1685340 687
1685350 687
1685360 688
1685370 688
1685380 689
1685390 689
1685400 689
1685410 690
1685420 690
1685430 691
1685440 691
1685450 692
1685460 692
1685470 693
1685480 693
1685490 694
1685500 694
1685510 695
1685520 695
1685530 695
1685540 696
1685550 696
1685560 696
1685570 697
1685580 697
1685590 698
1685600 698
1685610 698
1685620 698
1685630 699
1685640 699
1685650 699
1685660 698
1685670 698
1685680 698
1685690 698
1685700 698
1685710 697
1685720 697
1685730 697
1685740 697
1685750 697
1685760 698
1685770 698
1685780 698
1685790 698
1685800 698
1685810 698
1685820 698
1685830 698
1685840 698
1685850 698
1685860 698
1685870 698
1685880 698
1685890 697
1685900 697
1685910 697
1685920 697
1685930 697
1685940 697
1685950 697
1685960 697
1685970 696
1685980 696
1685990 696
1686000 696
1686010 696
1686020 696
1686030 695
1686040 695
1686050 695
1686060 695
1686070 695
1686080 695
1686090 695
1686100 695
1686110 695
1686120 695
1686130 695
1686140 695
1686150 694
1686160 694
1686170 694
1686180 694
1686190 694
1686200 694
1686210 694
1686220 694
1686230 694
1686240 694
1686250 694
1686260 694
1686270 694
1686280 694
1686290 694
1686300 694
1686310 694
1686320 694
1686330 694
1686340 695
1686350 695
1686360 695
1686370 695
1686380 696
1686390 696
1686400 696
1686410 696
1686420 696
1686430 696
1686440 697
1686450 697
1686460 697
1686470 697
1686480 697
1686490 697
1686500 697
1686510 697
1686520 698
1686530 698
1686540 698
1686550 698
1686560 698
1686570 698
1686580 698
1686590 698
1686600 698
1686610 698
1686620 698
1686630 698
1686640 699
1686650 699
1686660 699
1686670 699
1686680 699
1686690 699
1686700 699
1686710 700
1686720 700
1686730 700
1686740 700
1686750 700
1686760 700
1686770 700
1686780 700
1686790 700
1686800 700
1686810 700
1686820 700
1686830 700
1686840 700
1686850 700
1686860 700
1686870 700
1686880 700
1686890 700
1686900 700
1686910 700
1686920 700
1686930 700
1686940 700
1686950 700
1686960 700
1686970 700
1686980 700
1686990 700
1687000 700
1687010 699
1687020 699
1687030 698
1687040 699
1687050 699
1687060 698
1687070 698
1687080 698
1687090 698
1687100 698
1687110 698
1687120 697
1687130 697
1687140 697
1687150 697
1687160 696
1687170 696
1687180 696
1687190 696
1687200 696
1687210 696
1687220 696
1687230 695
1687240 695
1687250 696
1687260 695
1687270 695
1687280 695
1687290 695
1687300 695
1687310 695
1687320 695
1687330 695
1687340 695
1687350 695
1687360 695
1687370 696
1687380 696
1687390 696
1687400 696
1687410 696
1687420 696
1687430 696
1687440 696
1687450 696
1687460 696
1687470 696
1687480 696
1687490 696
1687500 696
1687510 696
1687520 696
1687530 696
1687540 696
1687550 695
1687560 695
1687570 695
1687580 695
1687590 695
1687600 695
1687610 695
1687620 696
1687630 696
1687640 697
1687650 698
1687660 700
1687670 700
1687680 700
1687690 701
1687700 701
1687710 701
1687720 702
1687730 703
1687740 703
1687750 703
1687760 704
1687770 704
1687780 705
1687790 705
1687800 705
1687810 706
1687820 706
1687830 706
1687840 707
1687850 707
1687860 707
1687870 708
1687880 708
1687890 708
1687900 709
1687910 709
1687920 709
1687930 710
1687940 710
1687950 710
1687960 711
1687970 711
1687980 712
1687990 712
1688000 712
1688010 713
1688020 713
1688030 713
1688040 714
1688050 714
1688060 714
1688070 714
1688080 715
1688090 715
1688100 715
1688110 715
1688120 715
1688130 716
1688140 716
1688150 716
1688160 716
1688170 716
1688180 716
1688190 716
1688200 716
1688210 716
1688220 716
1688230 716
1688240 716
1688250 716
1688260 716
1688270 715
1688280 715
1688290 715
1688300 715
1688310 715
1688320 715
1688330 715
1688340 715
1688350 715
1688360 715
1688370 715
1688380 715
1688390 715
1688400 715
1688410 715
1688420 715
1688430 715
1688440 715
1688450 715
1688460 715
1688470 715
1688480 715
1688490 715
1688500 715
1688510 715
1688520 715
1688530 714
1688540 714
1688550 714
1688560 714
1688570 714
1688580 714
1688590 714
1688600 714
1688610 714
1688620 714
1688630 714
1688640 714
1688650 714
1688660 714
1688670 714
1688680 714
1688690 714
1688700 714
1688710 714
1688720 714
1688730 714
1688740 714
1688750 715
1688760 715
1688770 715
1688780 715
1688790 715
1688800 715
1688810 715
1688820 715
1688830 716
1688840 716
1688850 716
1688860 717
1688870 717
1688880 717
1688890 717
1688900 718
1688910 718
1688920 718
1688930 718
1688940 718
1688950 718
1688960 718
1688970 717
1688980 717
1688990 717
1689000 717
1689010 716
1689020 716
1689030 716
1689040 716
1689050 715
1689060 715
1689070 715
1689080 714
1689090 714
1689100 714
1689110 713
1689120 713
1689130 713
1689140 713
1689150 713
1689160 712
1689170 712
1689180 712
1689190 712
1689200 711
1689210 711
1689220 711
1689230 711
1689240 710
1689250 710
1689260 709
1689270 709
1689280 708
1689290 708
1689300 707
1689310 707
1689320 707
1689330 707
1689340 707
1689350 707
1689360 707
1689370 708
1689380 708
1689390 708
1689400 708
1689410 708
1689420 708
1689430 709
1689440 709
1689450 709
1689460 709
1689470 709
1689480 708
1689490 708
1689500 708
1689510 707
1689520 707
1689530 707
1689540 707
1689550 706
1689560 706
1689570 706
1689580 706
1689590 706
1689600 706
1689610 706
1689620 705
1689630 705
1689640 705
1689650 705
1689660 705
1689670 704
1689680 704
1689690 704
1689700 704
1689710 704
1689720 703
1689730 703
1689740 703
1689750 703
1689760 703
1689770 703
1689780 702
1689790 702
1689800 702
1689810 702
1689820 702
1689830 702
1689840 702
1689850 702
1689860 702
1689870 702
1689880 702
1689890 702
1689900 701
1689910 701
1689920 701
1689930 701
1689940 701
1689950 701
1689960 701
1689970 701
1689980 701
1689990 700
1690000 700
1690010 700
1690020 700
1690030 700
1690040 700
1690050 700
1690060 700
1690070 700
1690080 700
1690090 700
1690100 700
1690110 699
1690120 699
1690130 699
1690140 699
1690150 699
1690160 699
1690170 699
1690180 699
1690190 699
1690200 699
1690210 699
1690220 699
1690230 699
1690240 699
1690250 699
1690260 699
1690270 699
1690280 699
1690290 699
1690300 699
1690310 699
1690320 699
1690330 699
1690340 699
1690350 699
1690360 698
1690370 698
1690380 698
1690390 698
1690400 698
1690410 698
1690420 698
1690430 698
1690440 698
1690450 698
1690460 697
1690470 697
1690480 697
1690490 697
1690500 696
1690510 696
1690520 696
1690530 696
1690540 696
1690550 695
1690560 695
1690570 695
1690580 694
1690590 694
1690600 693
1690610 693
1690620 692
1690630 692
1690640 692
1690650 691
1690660 691
1690670 690
1690680 689
1690690 689
1690700 688
1690710 687
1690720 687
1690730 686
1690740 685
1690750 684
1690760 684
1690770 683
1690780 683
1690790 682
1690800 682
1690810 682
1690820 681
1690830 681
1690840 681
1690850 681
1690860 681
1690870 681
1690880 680
1690890 680
1690900 681
1690910 681
1690920 682
1690930 683
1690940 684
1690950 685
1690960 687
1690970 687
1690980 688
1690990 688
1691000 688
1691010 689
1691020 689
1691030 689
1691040 689
1691050 688
1691060 688
1691070 688
1691080 688
1691090 688
1691100 688
1691110 688
1691120 688
1691130 687
1691140 687
1691150 687
1691160 687
1691170 687
1691180 687
1691190 687
1691200 687
1691210 687
1691220 687
1691230 687
1691240 686
1691250 686
1691260 686
1691270 686
1691280 686
1691290 686
1691300 687
1691310 687
1691320 687
1691330 687
1691340 687
1691350 687
1691360 688
1691370 688
1691380 688
1691390 688
1691400 688
1691410 689
1691420 689
1691430 689
1691440 689
1691450 690
1691460 690
1691470 690
1691480 690
1691490 691
1691500 691
1691510 691
1691520 691
1691530 691
1691540 691
1691550 690
1691560 690
1691570 690
1691580 690
1691590 690
1691600 690
1691610 690
1691620 690
1691630 689
1691640 689
1691650 689
1691660 689
1691670 689
1691680 689
1691690 688
1691700 688
1691710 688
1691720 688
1691730 688
1691740 688
1691750 688
1691760 688
1691770 687
1691780 687
1691790 687
1691800 687
1691810 687
1691820 687
1691830 687
1691840 687
1691850 686
1691860 686
1691870 686
1691880 686
1691890 685
1691900 685
1691910 685
1691920 685
1691930 685
1691940 686
1691950 686
1691960 686
1691970 687
1691980 687
1691990 687
1692000 688
1692010 688
1692020 688
1692030 689
1692040 689
1692050 689
1692060 690
1692070 691
1692080 691
1692090 691
1692100 692
1692110 692
1692120 692
1692130 692
1692140 692
1692150 692
1692160 693
1692170 693
1692180 693
1692190 693
1692200 693
1692210 693
1692220 693
1692230 693
1692240 694
1692250 694
1692260 694
1692270 694
1692280 694
1692290 694
1692300 694
1692310 694
1692320 694
1692330 694
1692340 694
1692350 694
1692360 694
1692370 694
1692380 694
1692390 694
1692400 694
1692410 694
1692420 694
1692430 694
1692440 694
1692450 694
1692460 694
1692470 694
1692480 694
1692490 694
1692500 694
1692510 693
1692520 693
1692530 693
1692540 693
1692550 693
1692560 692
1692570 692
1692580 692
1692590 691
1692600 691
1692610 691
1692620 690
1692630 690
1692640 690
1692650 689
1692660 689
1692670 689
1692680 688
1692690 688
1692700 687
1692710 687
1692720 686
1692730 686
1692740 685
1692750 684
1692760 683
1692770 682
1692780 682
1692790 682
1692800 682
1692810 682
1692820 682
1692830 682
1692840 682
1692850 682
1692860 682
1692870 682
1692880 682
1692890 682
1692900 682
1692910 682
1692920 682
1692930 682
1692940 682
1692950 682
1692960 682
1692970 682
1692980 682
1692990 682
1693000 682
1693010 682
1693020 682
1693030 682
1693040 682
1693050 682
1693060 682
1693070 682
1693080 683
1693090 683
1693100 683
1693110 683
1693120 683
1693130 683
1693140 683
1693150 683
1693160 683
1693170 684
1693180 684
1693190 685
1693200 685
1693210 686
1693220 686
1693230 687
1693240 687
1693250 688
1693260 688
1693270 689
1693280 689
1693290 690
1693300 691
1693310 691
1693320 692
1693330 692
1693340 692
1693350 693
1693360 693
1693370 694
1693380 694
1693390 695
1693400 695
1693410 695
1693420 696
1693430 696
1693440 696
1693450 697
1693460 697
1693470 698
1693480 698
1693490 698
1693500 699
1693510 699
1693520 700
1693530 700
1693540 701
1693550 701
1693560 701
1693570 702
1693580 702
1693590 702
1693600 703
1693610 703
1693620 704
1693630 704
1693640 705
1693650 705
1693660 706
1693670 706
1693680 707
1693690 707
1693700 707
1693710 708
1693720 708
1693730 709
1693740 709
1693750 710
1693760 710
1693770 711
1693780 711
1693790 712
1693800 712
1693810 713
1693820 713
1693830 714
1693840 714
1693850 715
1693860 715
1693870 716
1693880 716
1693890 717
1693900 718
1693910 718
1693920 719
1693930 719
1693940 720
1693950 721
1693960 721
1693970 722
1693980 723
1693990 724
1694000 724
1694010 725
1694020 725
1694030 726
1694040 727
1694050 728
1694060 729
1694070 730
1694080 732
1694090 734
1694100 735
1694110 736
1694120 738
1694130 739
1694140 741
1694150 742
1694160 743
1694170 743
1694180 743
1694190 743
1694200 743
1694210 743
1694220 743
1694230 742
1694240 742
1694250 742
1694260 741
1694270 741
1694280 740
1694290 740
1694300 740
1694310 739
1694320 738
1694330 737
1694340 737
1694350 736
1694360 735
1694370 735
1694380 734
1694390 734
1694400 733
1694410 733
1694420 732
1694430 732
1694440 731
1694450 731
1694460 731
1694470 730
1694480 730
1694490 730
1694500 730
1694510 730
1694520 730
1694530 730
1694540 730
1694550 730
1694560 730
1694570 730
1694580 730
1694590 730
1694600 730
1694610 730
1694620 730
1694630 730
1694640 730
1694650 730
1694660 730
1694670 730
1694680 730
1694690 730
1694700 730
1694710 730
1694720 729
1694730 729
1694740 729
1694750 729
1694760 729
1694770 729
1694780 728
1694790 728
1694800 728
1694810 728
1694820 727
1694830 727
1694840 727
1694850 726
1694860 726
1694870 726
1694880 726
1694890 726
1694900 725
1694910 725
1694920 725
1694930 725
1694940 725
1694950 724
1694960 724
1694970 724
1694980 723
1694990 723
1695000 723
1695010 723
1695020 722
1695030 722
1695040 722
1695050 721
1695060 721
1695070 721
1695080 721
1695090 720
1695100 720
1695110 720
1695120 720
1695130 719
1695140 719
1695150 719
1695160 719
1695170 718
1695180 718
1695190 718
1695200 717
1695210 717
1695220 717
1695230 716
1695240 716
1695250 716
1695260 715
1695270 715
1695280 715
1695290 715
1695300 714
1695310 714
1695320 714
1695330 714
1695340 713
1695350 713
1695360 713
1695370 713
1695380 712
1695390 712
1695400 712
1695410 712
1695420 711
1695430 711
1695440 711
1695450 711
1695460 710
1695470 710
1695480 710
1695490 710
1695500 709
1695510 709
1695520 709
1695530 709
1695540 708
1695550 708
1695560 708
1695570 708
1695580 708
1695590 708
1695600 707
1695610 707
1695620 707
1695630 707
1695640 707
1695650 707
1695660 707
1695670 707
1695680 707
1695690 707
1695700 706
1695710 706
1695720 706
1695730 706
1695740 706
1695750 706
1695760 706
1695770 706
1695780 706
1695790 706
1695800 706
1695810 706
1695820 705
1695830 705
1695840 704
1695850 703
1695860 703
1695870 703
1695880 703
1695890 703
1695900 703
1695910 703
1695920 703
1695930 702
1695940 702
1695950 702
1695960 703
1695970 703
1695980 703
1695990 703
1696000 704
1696010 704
1696020 705
1696030 705
1696040 706
1696050 706
1696060 707
1696070 707
1696080 708
1696090 708
1696100 709
1696110 709
1696120 710
1696130 710
1696140 710
1696150 711
1696160 711
1696170 712
1696180 713
1696190 714
1696200 714
1696210 715
1696220 715
1696230 716
1696240 716
1696250 717
1696260 717
1696270 717
1696280 718
1696290 718
1696300 718
1696310 718
1696320 718
1696330 718
1696340 718
1696350 718
1696360 718
1696370 718
1696380 718
1696390 718
1696400 718
1696410 718
1696420 719
1696430 719
1696440 719
1696450 719
1696460 720
1696470 720
1696480 720
1696490 720
1696500 721
1696510 721
1696520 721
1696530 721
1696540 721
1696550 721
1696560 721
1696570 721
1696580 721
1696590 721
1696600 721
1696610 720
1696620 720
1696630 720
1696640 720
1696650 720
1696660 719
1696670 719
1696680 719
1696690 719
1696700 719
1696710 719
1696720 719
1696730 719
1696740 719
1696750 719
1696760 719
1696770 719
1696780 719
1696790 719
1696800 719
1696810 718
1696820 718
1696830 718
1696840 717
1696850 717
1696860 717
1696870 716
1696880 716
1696890 715
1696900 715
1696910 715
1696920 714
1696930 714
1696940 713
1696950 713
1696960 712
1696970 712
1696980 712
1696990 711
1697000 711
1697010 711
1697020 710
1697030 710
1697040 710
1697050 710
1697060 709
1697070 709
1697080 709
1697090 709
1697100 709
1697110 708
1697120 708
1697130 708
1697140 708
1697150 708
1697160 707
1697170 707
1697180 707
1697190 706
1697200 706
1697210 705
1697220 705
1697230 704
1697240 704
1697250 704
1697260 703
1697270 703
1697280 702
1697290 702
1697300 702
1697310 701
1697320 701
1697330 700
1697340 700
1697350 700
1697360 699
1697370 699
1697380 699
1697390 698
1697400 698
1697410 698
1697420 698
1697430 697
1697440 697
1697450 697
1697460 697
1697470 696
1697480 696
1697490 696
1697500 697
1697510 698
1697520 698
1697530 697
1697540 695
1697550 694
1697560 694
1697570 695
1697580 695
1697590 696
1697600 696
1697610 696
1697620 696
1697630 696
1697640 696
1697650 696
1697660 696
1697670 696
1697680 695
1697690 695
1697700 695
1697710 695
1697720 695
1697730 695
1697740 694
1697750 694
1697760 693
1697770 693
1697780 692
1697790 692
1697800 691
1697810 691
1697820 691
1697830 690
1697840 690
1697850 690
1697860 689
1697870 688
1697880 688
1697890 687
1697900 686
1697910 686
1697920 685
1697930 685
1697940 684
1697950 683
1697960 683
1697970 682
1697980 682
1697990 681
1698000 681
1698010 680
1698020 679
1698030 679
1698040 678
1698050 677
1698060 676
1698070 676
1698080 675
1698090 674
1698100 673
1698110 672
1698120 672
1698130 671
1698140 670
1698150 669
1698160 668
1698170 667
1698180 665
1698190 664
1698200 662
1698210 661
1698220 659
1698230 658
1698240 657
1698250 655
1698260 655
1698270 654
1698280 653
1698290 653
1698300 652
1698310 651
1698320 650
1698330 650
1698340 649
1698350 648
1698360 646
1698370 645
1698380 644
1698390 643
1698400 642
1698410 642
1698420 640
1698430 639
1698440 639
1698450 640
1698460 640
1698470 641
1698480 643
1698490 644
1698500 646
1698510 648
1698520 650
1698530 651
1698540 653
1698550 654
1698560 654
1698570 654
1698580 654
1698590 653
1698600 653
1698610 653
1698620 652
1698630 651
1698640 651
1698650 650
1698660 650
1698670 649
1698680 649
1698690 648
1698700 648
1698710 647
1698720 647
1698730 647
1698740 646
1698750 646
1698760 646
1698770 645
1698780 645
1698790 645
1698800 644
1698810 644
1698820 643
1698830 643
1698840 642
1698850 642
1698860 641
1698870 641
1698880 640
1698890 640
1698900 639
1698910 639
1698920 638
1698930 638
1698940 637
1698950 637
1698960 636
1698970 636
1698980 635
1698990 635
1699000 634
1699010 634
1699020 633
1699030 633
1699040 632
1699050 632
1699060 631
1699070 631
1699080 630
1699090 629
1699100 629
1699110 628
1699120 628
1699130 627
1699140 626
1699150 626
1699160 625
1699170 624
1699180 623
1699190 622
1699200 621
1699210 620
1699220 619
1699230 618
1699240 617
1699250 615
1699260 614
1699270 612
1699280 611
1699290 610
1699300 608
1699310 607
1699320 606
1699330 605
1699340 606
1699350 607
1699360 607
1699370 608
1699380 609
1699390 611
1699400 614
1699410 618
1699420 621
1699430 623
1699440 625
1699450 626
1699460 628
1699470 629
1699480 630
1699490 631
1699500 632
1699510 633
1699520 633
1699530 633
1699540 633
1699550 633
1699560 633
1699570 632
1699580 632
1699590 631
1699600 630
1699610 630
1699620 629
1699630 628
1699640 627
1699650 626
1699660 626
1699670 625
1699680 624
1699690 624
1699700 623
1699710 623
1699720 622
1699730 622
1699740 622
1699750 621
1699760 621
1699770 621
1699780 620
1699790 620
1699800 619
1699810 619
1699820 619
1699830 619
1699840 619
1699850 618
1699860 618
1699870 618
1699880 617
1699890 616
1699900 615
1699910 614
1699920 613
1699930 611
1699940 610
1699950 609
1699960 608
1699970 607
1699980 606
1699990 606
