1680000 714
1680010 713
1680020 713
1680030 713
1680040 713
1680050 713
1680060 713
1680070 713
1680080 712
1680090 712
1680100 713
1680110 713
1680120 713
1680130 713
1680140 713
1680150 714
1680160 714
1680170 714
1680180 714
1680190 714
1680200 714
1680210 714
1680220 714
1680230 714
1680240 714
1680250 714
1680260 715
1680270 715
1680280 716
1680290 716
1680300 716
1680310 716
1680320 715
1680330 715
1680340 714
1680350 714
1680360 713
1680370 713
1680380 713
1680390 713
1680400 713
1680410 713
1680420 713
1680430 713
1680440 712
1680450 712
1680460 711
1680470 711
1680480 710
1680490 708
1680500 707
1680510 707
1680520 706
1680530 705
1680540 704
1680550 704
1680560 703
1680570 702
1680580 701
1680590 701
1680600 700
1680610 699
1680620 698
1680630 697
1680640 696
1680650 695
1680660 694
1680670 693
1680680 691
1680690 690
1680700 688
1680710 686
1680720 685
1680730 683
1680740 682
1680750 680
1680760 678
1680770 676
1680780 674
1680790 671
1680800 669
1680810 667
1680820 666
1680830 665
1680840 664
1680850 664
1680860 663
1680870 661
1680880 660
1680890 659
1680900 658
1680910 657
1680920 656
1680930 655
1680940 655
1680950 654
1680960 654
1680970 654
1680980 654
1680990 654
1681000 654
1681010 654
1681020 654
1681030 653
1681040 653
1681050 652
1681060 652
1681070 651
1681080 651
1681090 651
1681100 651
1681110 651
1681120 651
1681130 650
1681140 648
1681150 646
1681160 645
1681170 644
1681180 645
1681190 645
1681200 645
1681210 645
1681220 645
1681230 645
1681240 645
1681250 645
1681260 644
1681270 644
1681280 644
1681290 645
1681300 645
1681310 646
1681320 647
1681330 648
1681340 650
1681350 651
1681360 652
1681370 653
1681380 654
1681390 655
1681400 656
1681410 656
1681420 657
1681430 658
1681440 658
1681450 659
1681460 660
1681470 660
1681480 661
1681490 662
1681500 663
1681510 664
1681520 664
1681530 665
1681540 666
1681550 667
1681560 668
1681570 669
1681580 669
1681590 668
1681600 669
1681610 669
1681620 669
1681630 669
1681640 669
1681650 669
1681660 669
1681670 668
1681680 668
1681690 668
1681700 667
1681710 666
1681720 665
1681730 664
1681740 662
1681750 661
1681760 659
1681770 658
1681780 656
1681790 655
1681800 655
1681810 655
1681820 655
1681830 654
1681840 652
1681850 650
1681860 646
1681870 643
1681880 640
1681890 639
1681900 638
1681910 638
1681920 638
1681930 639
1681940 640
1681950 642
1681960 644
1681970 646
1681980 649
1681990 652
1682000 655
1682010 657
1682020 660
1682030 662
1682040 663
1682050 663
1682060 662
1682070 660
1682080 659
1682090 658
1682100 659
1682110 660
1682120 662
1682130 666
1682140 669
1682150 672
1682160 673
1682170 675
1682180 677
1682190 678
1682200 679
1682210 680
1682220 681
1682230 681
1682240 681
1682250 682
1682260 682
1682270 682
1682280 683
1682290 685
1682300 686
1682310 687
1682320 687
1682330 687
1682340 687
1682350 686
1682360 686
1682370 685
1682380 685
1682390 685
1682400 685
1682410 685
1682420 684
1682430 684
1682440 684
1682450 684
1682460 684
1682470 684
1682480 683
1682490 683
1682500 682
1682510 682
1682520 682
1682530 682
1682540 682
1682550 682
1682560 681
1682570 681
1682580 681
1682590 680
1682600 679
1682610 678
1682620 677
1682630 676
1682640 675
1682650 674
1682660 673
1682670 672
1682680 671
1682690 670
1682700 669
1682710 668
1682720 668
1682730 667
1682740 666
1682750 665
1682760 665
1682770 664
1682780 663
1682790 662
1682800 661
1682810 660
1682820 658
1682830 657
1682840 656
1682850 654
1682860 653
1682870 652
1682880 651
1682890 650
1682900 650
1682910 651
1682920 652
1682930 654
1682940 656
1682950 657
1682960 657
1682970 657
1682980 657
1682990 657
1683000 657
1683010 657
1683020 657
1683030 657
1683040 657
1683050 657
1683060 657
1683070 657
1683080 657
1683090 657
1683100 657
1683110 657
1683120 657
1683130 657
1683140 657
1683150 657
1683160 657
1683170 656
1683180 656
1683190 655
1683200 655
1683210 654
1683220 654
1683230 654
1683240 653
1683250 653
1683260 653
1683270 652
1683280 651
1683290 650
1683300 649
1683310 649
1683320 648
1683330 647
1683340 647
1683350 646
1683360 646
1683370 645
1683380 645
1683390 644
1683400 644
1683410 643
1683420 643
1683430 642
1683440 642
1683450 641
1683460 641
1683470 640
1683480 639
1683490 639
1683500 638
1683510 637
1683520 636
1683530 636
1683540 635
1683550 634
1683560 633
1683570 633
1683580 632
1683590 631
1683600 630
1683610 629
1683620 628
1683630 627
1683640 625
1683650 622
1683660 620
1683670 619
1683680 618
1683690 618
1683700 618
1683710 618
1683720 618
1683730 618
1683740 619
1683750 620
1683760 621
1683770 622
1683780 623
1683790 623
1683800 624
1683810 624
1683820 624
1683830 624
1683840 624
1683850 623
1683860 623
1683870 622
1683880 621
1683890 620
1683900 619
1683910 618
1683920 617
1683930 616
1683940 614
1683950 613
1683960 611
1683970 609
1683980 608
1683990 606
1684000 604
1684010 603
1684020 602
1684030 601
1684040 599
1684050 598
1684060 596
1684070 594
1684080 592
1684090 590
1684100 587
1684110 584
1684120 581
1684130 578
1684140 576
1684150 574
1684160 572
1684170 570
1684180 569
1684190 567
1684200 566
1684210 566
1684220 566
1684230 565
1684240 565
1684250 565
1684260 565
1684270 565
1684280 566
1684290 567
1684300 569
1684310 572
1684320 576
1684330 580
1684340 583
1684350 587
1684360 590
1684370 594
1684380 597
1684390 600
1684400 602
1684410 604
1684420 605
1684430 605
1684440 606
1684450 606
1684460 606
1684470 605
1684480 605
1684490 604
1684500 602
1684510 600
1684520 598
1684530 596
1684540 594
1684550 593
1684560 591
1684570 590
1684580 589
1684590 588
1684600 588
1684610 588
1684620 588
1684630 589
1684640 590
1684650 591
1684660 592
1684670 594
1684680 596
1684690 597
1684700 598
1684710 599
1684720 599
1684730 600
1684740 601
1684750 603
1684760 604
1684770 605
1684780 607
1684790 609
1684800 609
1684810 610
1684820 611
1684830 611
1684840 612
1684850 613
1684860 614
1684870 615
1684880 616
1684890 616
1684900 618
1684910 619
1684920 621
1684930 623
1684940 626
1684950 628
1684960 629
1684970 630
1684980 632
1684990 634
1685000 636
1685010 640
1685020 643
1685030 647
1685040 648
1685050 650
1685060 651
1685070 652
1685080 653
1685090 654
1685100 656
1685110 657
1685120 659
1685130 660
1685140 661
1685150 662
1685160 664
1685170 665
1685180 667
1685190 668
1685200 669
1685210 670
1685220 670
1685230 671
1685240 672
1685250 672
1685260 673
1685270 673
1685280 674
1685290 675
1685300 675
1685310 676
1685320 677
1685330 677
1685340 678
1685350 679
1685360 680
1685370 681
1685380 682
1685390 683
1685400 684
1685410 685
1685420 686
1685430 687
1685440 688
1685450 689
1685460 689
1685470 690
1685480 691
1685490 692
1685500 692
1685510 693
1685520 694
1685530 695
1685540 695
1685550 696
1685560 697
1685570 697
1685580 698
1685590 699
1685600 699
1685610 700
1685620 701
1685630 701
1685640 702
1685650 702
1685660 703
1685670 703
1685680 704
1685690 704
1685700 705
1685710 705
1685720 706
1685730 707
1685740 708
1685750 709
1685760 709
1685770 710
1685780 710
1685790 711
1685800 711
1685810 711
1685820 711
1685830 711
1685840 711
1685850 710
1685860 710
1685870 710
1685880 710
1685890 710
1685900 709
1685910 709
1685920 709
1685930 709
1685940 709
1685950 708
1685960 708
1685970 708
1685980 707
1685990 707
1686000 707
1686010 707
1686020 706
1686030 706
1686040 706
1686050 705
1686060 705
1686070 705
1686080 705
1686090 704
1686100 704
1686110 704
1686120 704
1686130 704
1686140 704
1686150 704
1686160 704
1686170 704
1686180 703
1686190 703
1686200 703
1686210 703
1686220 703
1686230 703
1686240 703
1686250 703
1686260 703
1686270 703
1686280 704
1686290 704
1686300 704
1686310 704
1686320 705
1686330 705
1686340 705
1686350 706
1686360 706
1686370 706
1686380 707
1686390 707
1686400 707
1686410 708
1686420 708
1686430 709
1686440 709
1686450 710
1686460 710
1686470 710
1686480 711
1686490 711
1686500 712
1686510 712
1686520 712
1686530 713
1686540 713
1686550 713
1686560 713
1686570 714
1686580 714
1686590 714
1686600 715
1686610 715
1686620 715
1686630 716
1686640 716
1686650 716
1686660 716
1686670 717
1686680 717
1686690 717
1686700 717
1686710 717
1686720 718
1686730 718
1686740 718
1686750 718
1686760 719
1686770 719
1686780 719
1686790 719
1686800 719
1686810 719
1686820 719
1686830 719
1686840 719
1686850 719
1686860 719
1686870 719
1686880 719
1686890 719
1686900 719
1686910 719
1686920 719
1686930 718
1686940 718
1686950 718
1686960 718
1686970 718
1686980 718
1686990 718
1687000 718
1687010 718
1687020 718
1687030 717
1687040 717
1687050 717
1687060 717
1687070 717
1687080 717
1687090 717
1687100 717
1687110 717
1687120 717
1687130 717
1687140 717
1687150 717
1687160 717
1687170 717
1687180 717
1687190 717
1687200 717
1687210 717
1687220 717
1687230 717
1687240 717
1687250 717
1687260 717
1687270 717
1687280 717
1687290 717
1687300 717
1687310 717
1687320 717
1687330 717
1687340 717
1687350 717
1687360 716
1687370 716
1687380 716
1687390 716
1687400 716
1687410 716
1687420 716
1687430 716
1687440 716
1687450 716
1687460 715
1687470 715
1687480 715
1687490 715
1687500 715
1687510 715
1687520 715
1687530 715
1687540 715
1687550 715
1687560 715
1687570 715
1687580 715
1687590 715
1687600 715
1687610 715
1687620 715
1687630 714
1687640 714
1687650 714
1687660 714
1687670 714
1687680 714
1687690 714
1687700 714
1687710 714
1687720 714
1687730 714
1687740 715
1687750 715
1687760 715
1687770 715
1687780 715
1687790 715
1687800 715
1687810 715
1687820 715
1687830 715
1687840 714
1687850 714
1687860 714
1687870 714
1687880 714
1687890 714
1687900 714
1687910 714
1687920 714
1687930 714
1687940 714
1687950 714
1687960 714
1687970 714
1687980 714
1687990 714
1688000 714
1688010 713
1688020 713
1688030 713
1688040 713
1688050 713
1688060 713
1688070 713
1688080 713
1688090 713
1688100 713
1688110 713
1688120 713
1688130 713
1688140 713
1688150 714
1688160 714
1688170 714
1688180 714
1688190 714
1688200 714
1688210 714
1688220 714
1688230 714
1688240 714
1688250 714
1688260 714
1688270 714
1688280 714
1688290 714
1688300 714
1688310 714
1688320 714
1688330 715
1688340 715
1688350 715
1688360 715
1688370 715
1688380 715
1688390 715
1688400 715
1688410 715
1688420 715
1688430 715
1688440 716
1688450 716
1688460 716
1688470 716
1688480 716
1688490 716
1688500 716
1688510 717
1688520 717
1688530 717
1688540 717
1688550 717
1688560 717
1688570 717
1688580 717
1688590 718
1688600 718
1688610 718
1688620 718
1688630 718
1688640 718
1688650 719
1688660 719
1688670 719
1688680 719
1688690 719
1688700 720
1688710 720
1688720 720
1688730 720
1688740 720
1688750 720
1688760 720
1688770 720
1688780 720
1688790 720
1688800 720
1688810 721
1688820 721
1688830 721
1688840 721
1688850 721
1688860 721
1688870 721
1688880 721
1688890 721
1688900 721
1688910 721
1688920 721
1688930 721
1688940 721
1688950 721
1688960 721
1688970 721
1688980 721
1688990 721
1689000 721
1689010 721
1689020 721
1689030 721
1689040 721
1689050 721
1689060 721
1689070 721
1689080 721
1689090 721
1689100 721
1689110 721
1689120 721
1689130 721
1689140 721
1689150 721
1689160 721
1689170 721
1689180 721
1689190 721
1689200 721
1689210 721
1689220 721
1689230 721
1689240 721
1689250 721
1689260 721
1689270 721
1689280 721
1689290 721
1689300 721
1689310 721
1689320 721
1689330 721
1689340 721
1689350 721
1689360 721
1689370 721
1689380 721
1689390 721
1689400 721
1689410 720
1689420 720
1689430 720
1689440 720
1689450 720
1689460 720
1689470 720
1689480 720
1689490 720
1689500 720
1689510 720
1689520 720
1689530 720
1689540 721
1689550 721
1689560 721
1689570 721
1689580 721
1689590 721
1689600 721
1689610 721
1689620 721
1689630 721
1689640 721
1689650 721
1689660 721
1689670 721
1689680 720
1689690 720
1689700 720
1689710 720
1689720 720
1689730 720
1689740 720
1689750 719
1689760 719
1689770 719
1689780 719
1689790 719
1689800 719
1689810 719
1689820 719
1689830 718
1689840 718
1689850 718
1689860 718
1689870 718
1689880 718
1689890 718
1689900 718
1689910 717
1689920 717
1689930 717
1689940 717
1689950 717
1689960 717
1689970 717
1689980 716
1689990 716
1690000 716
1690010 716
1690020 716
1690030 715
1690040 715
1690050 715
1690060 715
1690070 715
1690080 715
1690090 715
1690100 715
1690110 714
1690120 714
1690130 714
1690140 714
1690150 714
1690160 714
1690170 714
1690180 714
1690190 714
1690200 713
1690210 713
1690220 713
1690230 713
1690240 713
1690250 713
1690260 712
1690270 712
1690280 712
1690290 712
1690300 712
1690310 711
1690320 711
1690330 711
1690340 711
1690350 710
1690360 710
1690370 710
1690380 710
1690390 709
1690400 709
1690410 709
1690420 709
1690430 709
1690440 708
1690450 708
1690460 708
1690470 708
1690480 708
1690490 707
1690500 707
1690510 707
1690520 707
1690530 706
1690540 705
1690550 704
1690560 703
1690570 702
1690580 701
1690590 700
1690600 700
1690610 700
1690620 700
1690630 700
1690640 700
1690650 700
1690660 701
1690670 702
1690680 703
1690690 705
1690700 708
1690710 709
1690720 710
1690730 710
1690740 710
1690750 711
1690760 711
1690770 712
1690780 712
1690790 712
1690800 712
1690810 712
1690820 712
1690830 712
1690840 712
1690850 712
1690860 711
1690870 711
1690880 711
1690890 711
1690900 711
1690910 711
1690920 711
1690930 711
1690940 711
1690950 711
1690960 711
1690970 711
1690980 712
1690990 712
1691000 712
1691010 712
1691020 712
1691030 712
1691040 713
1691050 713
1691060 713
1691070 713
1691080 713
1691090 713
1691100 713
1691110 714
1691120 714
1691130 714
1691140 714
1691150 714
1691160 714
1691170 714
1691180 714
1691190 714
1691200 714
1691210 714
1691220 714
1691230 714
1691240 714
1691250 715
1691260 715
1691270 715
1691280 715
1691290 715
1691300 715
1691310 715
1691320 715
1691330 716
1691340 716
1691350 716
1691360 716
1691370 716
1691380 716
1691390 716
1691400 717
1691410 717
1691420 717
1691430 717
1691440 717
1691450 717
1691460 717
1691470 717
1691480 717
1691490 717
1691500 717
1691510 716
1691520 716
1691530 716
1691540 715
1691550 715
1691560 715
1691570 715
1691580 714
1691590 714
1691600 714
1691610 714
1691620 713
1691630 713
1691640 713
1691650 713
1691660 713
1691670 712
1691680 712
1691690 712
1691700 712
1691710 711
1691720 711
1691730 711
1691740 710
1691750 710
1691760 710
1691770 710
1691780 710
1691790 710
1691800 710
1691810 711
1691820 711
1691830 711
1691840 711
1691850 712
1691860 712
1691870 712
1691880 712
1691890 712
1691900 713
1691910 713
1691920 713
1691930 713
1691940 713
1691950 713
1691960 713
1691970 714
1691980 714
1691990 714
1692000 714
1692010 714
1692020 714
1692030 715
1692040 715
1692050 715
1692060 715
1692070 715
1692080 715
1692090 716
1692100 716
1692110 716
1692120 716
1692130 717
1692140 717
1692150 717
1692160 718
1692170 718
1692180 719
1692190 719
1692200 720
1692210 720
1692220 720
1692230 719
1692240 719
1692250 719
1692260 719
1692270 719
1692280 719
1692290 719
1692300 719
1692310 719
1692320 719
1692330 719
1692340 719
1692350 719
1692360 719
1692370 719
1692380 719
1692390 719
1692400 719
1692410 719
1692420 719
1692430 719
1692440 719
1692450 719
1692460 719
1692470 719
1692480 718
1692490 718
1692500 718
1692510 718
1692520 718
1692530 718
1692540 717
1692550 717
1692560 717
1692570 717
1692580 716
1692590 716
1692600 715
1692610 715
1692620 715
1692630 715
1692640 714
1692650 714
1692660 714
1692670 713
1692680 713
1692690 713
1692700 713
1692710 713
1692720 712
1692730 712
1692740 712
1692750 712
1692760 712
1692770 712
1692780 712
1692790 712
1692800 712
1692810 712
1692820 712
1692830 712
1692840 712
1692850 711
1692860 711
1692870 711
1692880 711
1692890 711
1692900 711
1692910 710
1692920 710
1692930 710
1692940 710
1692950 710
1692960 709
1692970 709
1692980 709
1692990 709
1693000 708
1693010 708
1693020 708
1693030 708
1693040 708
1693050 708
1693060 707
1693070 707
1693080 707
1693090 707
1693100 707
1693110 706
1693120 706
1693130 706
1693140 706
1693150 706
1693160 706
1693170 706
1693180 706
1693190 705
1693200 705
1693210 705
1693220 705
1693230 705
1693240 705
1693250 705
1693260 704
1693270 704
1693280 704
1693290 703
1693300 703
1693310 702
1693320 702
1693330 702
1693340 702
1693350 703
1693360 703
1693370 702
1693380 702
1693390 702
1693400 702
1693410 702
1693420 702
1693430 702
1693440 702
1693450 702
1693460 702
1693470 702
1693480 702
1693490 702
1693500 703
1693510 703
1693520 703
1693530 703
1693540 703
1693550 703
1693560 703
1693570 704
1693580 704
1693590 704
1693600 704
1693610 705
1693620 705
1693630 705
1693640 705
1693650 705
1693660 706
1693670 706
1693680 706
1693690 707
1693700 707
1693710 707
1693720 708
1693730 708
1693740 708
1693750 709
1693760 709
1693770 710
1693780 710
1693790 711
1693800 711
1693810 711
1693820 712
1693830 712
1693840 713
1693850 713
1693860 714
1693870 714
1693880 715
1693890 715
1693900 716
1693910 717
1693920 717
1693930 718
1693940 719
1693950 720
1693960 721
1693970 722
1693980 723
1693990 724
1694000 725
1694010 725
1694020 726
1694030 727
1694040 728
1694050 729
1694060 731
1694070 732
1694080 733
1694090 734
1694100 734
1694110 734
1694120 733
1694130 733
1694140 732
1694150 731
1694160 731
1694170 730
1694180 730
1694190 729
1694200 729
1694210 729
1694220 728
1694230 728
1694240 728
1694250 728
1694260 727
1694270 727
1694280 727
1694290 727
1694300 727
1694310 727
1694320 726
1694330 726
1694340 726
1694350 726
1694360 726
1694370 726
1694380 726
1694390 726
1694400 726
1694410 727
1694420 727
1694430 727
1694440 727
1694450 727
1694460 727
1694470 727
1694480 727
1694490 728
1694500 728
1694510 728
1694520 728
1694530 729
1694540 729
1694550 730
1694560 730
1694570 731
1694580 731
1694590 732
1694600 732
1694610 732
1694620 733
1694630 733
1694640 734
1694650 734
1694660 735
1694670 735
1694680 735
1694690 735
1694700 735
1694710 735
1694720 735
1694730 735
1694740 735
1694750 735
1694760 734
1694770 734
1694780 734
1694790 733
1694800 733
1694810 733
1694820 732
1694830 732
1694840 732
1694850 731
1694860 731
1694870 730
1694880 730
1694890 730
1694900 729
1694910 729
1694920 729
1694930 728
1694940 728
1694950 728
1694960 727
1694970 727
1694980 727
1694990 726
1695000 726
1695010 726
1695020 725
1695030 725
1695040 725
1695050 725
1695060 724
1695070 724
1695080 724
1695090 724
1695100 723
1695110 723
1695120 723
1695130 722
1695140 722
1695150 722
1695160 722
1695170 721
1695180 721
1695190 721
1695200 721
1695210 721
1695220 720
1695230 720
1695240 720
1695250 720
1695260 719
1695270 719
1695280 719
1695290 719
1695300 718
1695310 718
1695320 718
1695330 718
1695340 718
1695350 718
1695360 717
1695370 717
1695380 717
1695390 717
1695400 717
1695410 717
1695420 716
1695430 716
1695440 716
1695450 716
1695460 716
1695470 716
1695480 716
1695490 716
1695500 717
1695510 717
1695520 717
1695530 717
1695540 718
1695550 718
1695560 718
1695570 718
1695580 718
1695590 718
1695600 718
1695610 718
1695620 719
1695630 719
1695640 719
1695650 719
1695660 719
1695670 719
1695680 719
1695690 719
1695700 719
1695710 719
1695720 719
1695730 719
1695740 719
1695750 719
1695760 719
1695770 719
1695780 719
1695790 719
1695800 719
1695810 719
1695820 719
1695830 720
1695840 720
1695850 720
1695860 720
1695870 720
1695880 721
1695890 721
1695900 721
1695910 721
1695920 720
1695930 720
1695940 720
1695950 720
1695960 720
1695970 720
1695980 720
1695990 720
1696000 720
1696010 720
1696020 719
1696030 719
1696040 719
1696050 719
1696060 719
1696070 718
1696080 718
1696090 718
1696100 718
1696110 718
1696120 718
1696130 718
1696140 718
1696150 718
1696160 718
1696170 718
1696180 718
1696190 718
1696200 718
1696210 718
1696220 718
1696230 718
1696240 718
1696250 718
1696260 718
1696270 718
1696280 718
1696290 718
1696300 718
1696310 718
1696320 718
1696330 718
1696340 718
1696350 718
1696360 718
1696370 718
1696380 718
1696390 719
1696400 719
1696410 719
1696420 719
1696430 719
1696440 719
1696450 719
1696460 719
1696470 720
1696480 720
1696490 720
1696500 720
1696510 720
1696520 721
1696530 721
1696540 721
1696550 721
1696560 721
1696570 722
1696580 722
1696590 722
1696600 722
1696610 723
1696620 723
1696630 723
1696640 723
1696650 723
1696660 723
1696670 723
1696680 723
1696690 723
1696700 723
1696710 723
1696720 723
1696730 723
1696740 723
1696750 723
1696760 723
1696770 722
1696780 722
1696790 722
1696800 722
1696810 722
1696820 722
1696830 722
1696840 722
1696850 722
1696860 722
1696870 722
1696880 722
1696890 722
1696900 722
1696910 722
1696920 721
1696930 721
1696940 720
1696950 719
1696960 718
1696970 718
1696980 717
1696990 716
1697000 715
1697010 714
1697020 713
1697030 713
1697040 712
1697050 711
1697060 710
1697070 710
1697080 709
1697090 708
1697100 708
1697110 707
1697120 706
1697130 706
1697140 705
1697150 704
1697160 704
1697170 703
1697180 703
1697190 702
1697200 702
1697210 701
1697220 700
1697230 700
1697240 699
1697250 699
1697260 698
1697270 698
1697280 697
1697290 696
1697300 695
1697310 693
1697320 694
1697330 694
1697340 693
1697350 693
1697360 692
1697370 692
1697380 691
1697390 690
1697400 690
1697410 689
1697420 689
1697430 688
1697440 688
1697450 687
1697460 687
1697470 686
1697480 686
1697490 685
1697500 685
1697510 684
1697520 683
1697530 683
1697540 682
1697550 681
1697560 681
1697570 680
1697580 680
1697590 679
1697600 678
1697610 678
1697620 678
1697630 677
1697640 676
1697650 676
1697660 675
1697670 674
1697680 674
1697690 673
1697700 673
1697710 673
1697720 672
1697730 672
1697740 672
1697750 671
1697760 671
1697770 671
1697780 671
1697790 671
1697800 670
1697810 670
1697820 670
1697830 670
1697840 669
1697850 669
1697860 669
1697870 669
1697880 668
1697890 668
1697900 668
1697910 668
1697920 667
1697930 667
1697940 667
1697950 667
1697960 667
1697970 667
1697980 667
1697990 668
1698000 668
1698010 669
1698020 669
1698030 669
1698040 670
1698050 671
1698060 672
1698070 672
1698080 673
1698090 674
1698100 675
1698110 676
1698120 677
1698130 677
1698140 678
1698150 679
1698160 680
1698170 681
1698180 682
1698190 682
1698200 683
1698210 683
1698220 684
1698230 684
1698240 684
1698250 684
1698260 684
1698270 684
1698280 683
1698290 683
1698300 682
1698310 682
1698320 681
1698330 681
1698340 680
1698350 679
1698360 679
1698370 678
1698380 677
1698390 677
1698400 676
1698410 675
1698420 675
1698430 674
1698440 673
1698450 672
1698460 672
1698470 671
1698480 670
1698490 670
1698500 669
1698510 669
1698520 668
1698530 668
1698540 667
1698550 666
1698560 666
1698570 666
1698580 665
1698590 665
1698600 665
1698610 664
1698620 664
1698630 664
1698640 664
1698650 664
1698660 664
1698670 664
1698680 664
1698690 663
1698700 663
1698710 662
1698720 662
1698730 661
1698740 660
1698750 660
1698760 659
1698770 659
1698780 658
1698790 658
1698800 657
1698810 657
1698820 656
1698830 656
1698840 656
1698850 655
1698860 655
1698870 654
1698880 654
1698890 653
1698900 652
1698910 651
1698920 649
1698930 648
1698940 646
1698950 643
1698960 642
1698970 640
1698980 639
1698990 638
1699000 637
1699010 636
1699020 636
1699030 635
1699040 634
1699050 634
1699060 633
1699070 632
1699080 632
1699090 632
1699100 632
1699110 633
1699120 633
1699130 633
1699140 634
1699150 634
1699160 636
1699170 637
1699180 639
1699190 640
1699200 641
1699210 642
1699220 642
1699230 643
1699240 644
1699250 644
1699260 645
1699270 645
1699280 646
1699290 646
1699300 646
1699310 647
1699320 647
1699330 647
1699340 647
1699350 647
1699360 647
1699370 647
1699380 647
1699390 647
1699400 647
1699410 647
1699420 647
1699430 646
1699440 646
1699450 646
1699460 645
1699470 644
1699480 644
1699490 644
1699500 643
1699510 643
1699520 643
1699530 643
1699540 643
1699550 642
1699560 641
1699570 640
1699580 640
1699590 639
1699600 638
1699610 638
1699620 637
1699630 636
1699640 636
1699650 636
1699660 635
1699670 635
1699680 635
1699690 635
1699700 635
1699710 635
1699720 635
1699730 636
1699740 636
1699750 637
1699760 638
1699770 638
1699780 639
1699790 640
1699800 641
1699810 642
1699820 643
1699830 644
1699840 645
1699850 646
1699860 647
1699870 648
1699880 649
1699890 651
1699900 652
1699910 653
1699920 653
1699930 654
1699940 655
1699950 656
1699960 657
1699970 659
1699980 661
1699990 663
