1680000 729
1680010 729
1680020 728
1680030 728
1680040 728
1680050 727
1680060 727
1680070 727
1680080 726
1680090 726
1680100 726
1680110 726
1680120 725
1680130 725
1680140 725
1680150 725
1680160 725
1680170 724
1680180 724
1680190 724
1680200 725
1680210 725
1680220 725
1680230 725
1680240 725
1680250 725
1680260 725
1680270 726
1680280 726
1680290 726
1680300 726
1680310 726
1680320 726
1680330 726
1680340 725
1680350 725
1680360 725
1680370 724
1680380 724
1680390 724
1680400 724
1680410 723
1680420 723
1680430 723
1680440 722
1680450 722
1680460 722
1680470 722
1680480 721
1680490 721
1680500 721
1680510 721
1680520 721
1680530 720
1680540 720
1680550 720
1680560 720
1680570 720
1680580 720
1680590 720
1680600 720
1680610 720
1680620 720
1680630 719
1680640 719
1680650 719
1680660 718
1680670 718
1680680 717
1680690 717
1680700 717
1680710 716
1680720 716
1680730 716
1680740 715
1680750 715
1680760 714
1680770 714
1680780 713
1680790 712
1680800 711
1680810 710
1680820 709
1680830 708
1680840 708
1680850 707
1680860 706
1680870 706
1680880 705
1680890 705
1680900 705
1680910 704
1680920 704
1680930 704
1680940 704
1680950 704
1680960 704
1680970 703
1680980 703
1680990 703
1681000 702
1681010 702
1681020 701
1681030 701
1681040 700
1681050 699
1681060 698
1681070 696
1681080 695
1681090 695
1681100 695
1681110 696
1681120 698
1681130 700
1681140 701
1681150 701
1681160 701
1681170 701
1681180 701
1681190 701
1681200 701
1681210 702
1681220 703
1681230 705
1681240 705
1681250 706
1681260 706
1681270 707
1681280 707
1681290 707
1681300 708
1681310 708
1681320 709
1681330 710
1681340 711
1681350 712
1681360 712
1681370 712
1681380 712
1681390 712
1681400 712
1681410 713
1681420 713
1681430 713
1681440 713
1681450 713
1681460 713
1681470 712
1681480 712
1681490 712
1681500 712
1681510 712
1681520 712
1681530 713
1681540 713
1681550 713
1681560 712
1681570 711
1681580 710
1681590 709
1681600 707
1681610 706
1681620 705
1681630 704
1681640 703
1681650 702
1681660 701
1681670 700
1681680 699
1681690 699
1681700 698
1681710 697
1681720 697
1681730 696
1681740 695
1681750 694
1681760 693
1681770 692
1681780 690
1681790 689
1681800 688
1681810 687
1681820 686
1681830 685
1681840 684
1681850 683
1681860 683
1681870 682
1681880 682
1681890 682
1681900 682
1681910 682
1681920 681
1681930 681
1681940 680
1681950 680
1681960 680
1681970 680
1681980 679
1681990 678
1682000 678
1682010 677
1682020 676
1682030 676
1682040 675
1682050 674
1682060 674
1682070 673
1682080 673
1682090 672
1682100 671
1682110 671
1682120 670
1682130 669
1682140 669
1682150 668
1682160 667
1682170 667
1682180 666
1682190 665
1682200 664
1682210 664
1682220 663
1682230 662
1682240 662
1682250 661
1682260 661
1682270 660
1682280 660
1682290 660
1682300 659
1682310 659
1682320 658
1682330 658
1682340 657
1682350 657
1682360 657
1682370 656
1682380 656
1682390 655
1682400 655
1682410 654
1682420 653
1682430 653
1682440 652
1682450 651
1682460 651
1682470 650
1682480 649
1682490 648
1682500 647
1682510 646
1682520 645
1682530 644
1682540 642
1682550 640
1682560 638
1682570 635
1682580 633
1682590 631
1682600 630
1682610 629
1682620 628
1682630 629
1682640 629
1682650 629
1682660 629
1682670 630
1682680 631
1682690 633
1682700 634
1682710 636
1682720 636
1682730 636
1682740 636
1682750 636
1682760 636
1682770 637
1682780 638
1682790 639
1682800 640
1682810 640
1682820 640
1682830 640
1682840 640
1682850 639
1682860 639
1682870 639
1682880 639
1682890 638
1682900 638
1682910 637
1682920 637
1682930 636
1682940 634
1682950 633
1682960 631
1682970 629
1682980 626
1682990 624
1683000 621
1683010 619
1683020 617
1683030 616
1683040 614
1683050 613
1683060 612
1683070 612
1683080 612
1683090 612
1683100 612
1683110 612
1683120 611
1683130 611
1683140 610
1683150 609
1683160 607
1683170 606
1683180 605
1683190 604
1683200 602
1683210 601
1683220 600
1683230 598
1683240 597
1683250 595
1683260 595
1683270 594
1683280 593
1683290 592
1683300 591
1683310 590
1683320 590
1683330 591
1683340 591
1683350 591
1683360 591
1683370 592
1683380 593
1683390 594
1683400 596
1683410 598
1683420 600
1683430 602
1683440 603
1683450 603
1683460 603
1683470 603
1683480 603
1683490 602
1683500 602
1683510 603
1683520 605
1683530 607
1683540 609
1683550 610
1683560 611
1683570 611
1683580 612
1683590 612
1683600 613
1683610 613
1683620 613
1683630 613
1683640 613
1683650 613
1683660 611
1683670 609
1683680 606
1683690 604
1683700 601
1683710 599
1683720 597
1683730 595
1683740 593
1683750 591
1683760 589
1683770 587
1683780 585
1683790 583
1683800 580
1683810 578
1683820 575
1683830 572
1683840 569
1683850 566
1683860 565
1683870 564
1683880 564
1683890 563
1683900 563
1683910 562
1683920 562
1683930 561
1683940 561
1683950 562
1683960 564
1683970 569
1683980 574
1683990 579
1684000 583
1684010 587
1684020 590
1684030 594
1684040 597
1684050 600
1684060 603
1684070 605
1684080 607
1684090 609
1684100 610
1684110 611
1684120 611
1684130 611
1684140 611
1684150 612
1684160 612
1684170 612
1684180 613
1684190 613
1684200 614
1684210 615
1684220 615
1684230 617
1684240 618
1684250 619
1684260 620
1684270 622
1684280 623
1684290 625
1684300 626
1684310 626
1684320 627
1684330 628
1684340 628
1684350 629
1684360 630
1684370 630
1684380 631
1684390 632
1684400 633
1684410 634
1684420 635
1684430 636
1684440 637
1684450 638
1684460 639
1684470 640
1684480 641
1684490 642
1684500 643
1684510 644
1684520 645
1684530 646
1684540 647
1684550 648
1684560 649
1684570 650
1684580 651
1684590 651
1684600 652
1684610 653
1684620 654
1684630 655
1684640 655
1684650 655
1684660 655
1684670 656
1684680 656
1684690 656
1684700 656
1684710 656
1684720 656
1684730 655
1684740 656
1684750 657
1684760 658
1684770 660
1684780 662
1684790 663
1684800 664
1684810 665
1684820 666
1684830 667
1684840 668
1684850 668
1684860 668
1684870 668
1684880 669
1684890 669
1684900 669
1684910 669
1684920 669
1684930 669
1684940 669
1684950 669
1684960 669
1684970 669
1684980 669
1684990 669
1685000 669
1685010 667
1685020 665
1685030 663
1685040 664
1685050 665
1685060 668
1685070 670
1685080 671
1685090 672
1685100 673
1685110 674
1685120 675
1685130 676
1685140 677
1685150 678
1685160 679
1685170 680
1685180 680
1685190 680
1685200 681
1685210 682
1685220 683
1685230 683
1685240 684
1685250 685
1685260 685
1685270 686
1685280 686
1685290 687
1685300 688
1685310 688
1685320 688
1685330 688
1685340 689
1685350 689
1685360 689
1685370 690
1685380 690
1685390 690
1685400 691
1685410 691
1685420 692
1685430 692
1685440 693
1685450 694
1685460 694
1685470 695
1685480 695
1685490 695
1685500 696
1685510 696
1685520 696
1685530 697
1685540 698
1685550 698
1685560 698
1685570 698
1685580 698
1685590 698
1685600 699
1685610 699
1685620 699
1685630 699
1685640 700
1685650 700
1685660 700
1685670 700
1685680 699
1685690 699
1685700 699
1685710 699
1685720 699
1685730 699
1685740 699
1685750 700
1685760 700
1685770 700
1685780 700
1685790 700
1685800 700
1685810 700
1685820 700
1685830 700
1685840 700
1685850 700
1685860 700
1685870 700
1685880 700
1685890 700
1685900 700
1685910 700
1685920 699
1685930 699
1685940 699
1685950 699
1685960 699
1685970 699
1685980 698
1685990 698
1686000 698
1686010 697
1686020 697
1686030 697
1686040 696
1686050 696
1686060 696
1686070 696
1686080 696
1686090 696
1686100 696
1686110 696
1686120 696
1686130 696
1686140 695
1686150 695
1686160 695
1686170 695
1686180 695
1686190 695
1686200 695
1686210 695
1686220 695
1686230 695
1686240 695
1686250 695
1686260 695
1686270 695
1686280 695
1686290 695
1686300 695
1686310 694
1686320 695
1686330 695
1686340 695
1686350 696
1686360 696
1686370 696
1686380 697
1686390 697
1686400 697
1686410 697
1686420 698
1686430 698
1686440 698
1686450 698
1686460 698
1686470 698
1686480 699
1686490 699
1686500 699
1686510 699
1686520 699
1686530 699
1686540 699
1686550 699
1686560 699
1686570 699
1686580 699
1686590 700
1686600 700
1686610 700
1686620 700
1686630 700
1686640 700
1686650 700
1686660 700
1686670 701
1686680 701
1686690 701
1686700 701
1686710 701
1686720 701
1686730 701
1686740 701
1686750 701
1686760 701
1686770 701
1686780 701
1686790 701
1686800 702
1686810 702
1686820 702
1686830 702
1686840 702
1686850 702
1686860 702
1686870 702
1686880 702
1686890 702
1686900 702
1686910 702
1686920 702
1686930 702
1686940 701
1686950 701
1686960 701
1686970 701
1686980 701
1686990 701
1687000 701
1687010 700
1687020 700
1687030 700
1687040 700
1687050 700
1687060 700
1687070 699
1687080 699
1687090 699
1687100 699
1687110 699
1687120 698
1687130 698
1687140 698
1687150 698
1687160 698
1687170 698
1687180 697
1687190 697
1687200 697
1687210 697
1687220 697
1687230 697
1687240 697
1687250 697
1687260 697
1687270 697
1687280 696
1687290 696
1687300 696
1687310 696
1687320 696
1687330 696
1687340 696
1687350 697
1687360 697
1687370 697
1687380 697
1687390 697
1687400 697
1687410 697
1687420 697
1687430 697
1687440 697
1687450 697
1687460 697
1687470 697
1687480 697
1687490 697
1687500 697
1687510 697
1687520 697
1687530 697
1687540 697
1687550 697
1687560 696
1687570 696
1687580 696
1687590 696
1687600 696
1687610 696
1687620 696
1687630 696
1687640 697
1687650 698
1687660 699
1687670 700
1687680 700
1687690 701
1687700 701
1687710 702
1687720 702
1687730 703
1687740 703
1687750 704
1687760 704
1687770 705
1687780 705
1687790 706
1687800 706
1687810 706
1687820 707
1687830 707
1687840 707
1687850 708
1687860 708
1687870 708
1687880 709
1687890 709
1687900 709
1687910 710
1687920 710
1687930 710
1687940 711
1687950 711
1687960 711
1687970 711
1687980 712
1687990 712
1688000 712
1688010 713
1688020 713
1688030 713
1688040 714
1688050 714
1688060 714
1688070 714
1688080 715
1688090 715
1688100 715
1688110 715
1688120 715
1688130 715
1688140 716
1688150 716
1688160 716
1688170 716
1688180 716
1688190 715
1688200 715
1688210 715
1688220 715
1688230 715
1688240 715
1688250 715
1688260 716
1688270 716
1688280 716
1688290 715
1688300 715
1688310 715
1688320 715
1688330 715
1688340 715
1688350 715
1688360 715
1688370 715
1688380 715
1688390 715
1688400 715
1688410 715
1688420 715
1688430 715
1688440 715
1688450 715
1688460 715
1688470 715
1688480 715
1688490 715
1688500 715
1688510 715
1688520 715
1688530 715
1688540 715
1688550 715
1688560 715
1688570 714
1688580 714
1688590 714
1688600 714
1688610 714
1688620 714
1688630 714
1688640 714
1688650 714
1688660 714
1688670 714
1688680 714
1688690 715
1688700 715
1688710 715
1688720 715
1688730 715
1688740 715
1688750 715
1688760 715
1688770 715
1688780 715
1688790 715
1688800 716
1688810 716
1688820 716
1688830 716
1688840 717
1688850 717
1688860 717
1688870 718
1688880 718
1688890 718
1688900 718
1688910 718
1688920 719
1688930 719
1688940 719
1688950 719
1688960 718
1688970 718
1688980 718
1688990 718
1689000 718
1689010 717
1689020 717
1689030 717
1689040 717
1689050 716
1689060 716
1689070 716
1689080 715
1689090 715
1689100 715
1689110 715
1689120 714
1689130 714
1689140 714
1689150 714
1689160 713
1689170 713
1689180 713
1689190 713
1689200 712
1689210 712
1689220 712
1689230 712
1689240 711
1689250 711
1689260 710
1689270 708
1689280 708
1689290 708
1689300 708
1689310 708
1689320 707
1689330 707
1689340 707
1689350 708
1689360 708
1689370 709
1689380 710
1689390 710
1689400 710
1689410 711
1689420 711
1689430 711
1689440 711
1689450 710
1689460 710
1689470 710
1689480 710
1689490 709
1689500 709
1689510 709
1689520 709
1689530 708
1689540 708
1689550 708
1689560 708
1689570 708
1689580 707
1689590 707
1689600 707
1689610 707
1689620 707
1689630 707
1689640 707
1689650 706
1689660 706
1689670 706
1689680 706
1689690 706
1689700 705
1689710 705
1689720 705
1689730 705
1689740 705
1689750 705
1689760 704
1689770 704
1689780 704
1689790 704
1689800 704
1689810 704
1689820 704
1689830 704
1689840 703
1689850 703
1689860 703
1689870 703
1689880 703
1689890 703
1689900 703
1689910 703
1689920 703
1689930 703
1689940 702
1689950 702
1689960 702
1689970 702
1689980 702
1689990 702
1690000 701
1690010 701
1690020 701
1690030 701
1690040 701
1690050 700
1690060 700
1690070 700
1690080 700
1690090 700
1690100 700
1690110 700
1690120 700
1690130 700
1690140 700
1690150 699
1690160 699
1690170 699
1690180 699
1690190 699
1690200 699
1690210 699
1690220 699
1690230 699
1690240 699
1690250 699
1690260 699
1690270 699
1690280 699
1690290 699
1690300 699
1690310 699
1690320 698
1690330 698
1690340 698
1690350 698
1690360 698
1690370 698
1690380 698
1690390 698
1690400 698
1690410 697
1690420 697
1690430 697
1690440 697
1690450 697
1690460 697
1690470 697
1690480 697
1690490 696
1690500 696
1690510 696
1690520 696
1690530 695
1690540 695
1690550 695
1690560 695
1690570 694
1690580 693
1690590 692
1690600 691
1690610 690
1690620 690
1690630 690
1690640 689
1690650 689
1690660 688
1690670 688
1690680 687
1690690 687
1690700 686
1690710 685
1690720 685
1690730 684
1690740 684
1690750 683
1690760 683
1690770 683
1690780 682
1690790 682
1690800 682
1690810 682
1690820 682
1690830 681
1690840 681
1690850 681
1690860 682
1690870 682
1690880 683
1690890 684
1690900 684
1690910 685
1690920 686
1690930 687
1690940 689
1690950 689
1690960 690
1690970 690
1690980 690
1690990 690
1691000 690
1691010 690
1691020 690
1691030 690
1691040 690
1691050 690
1691060 689
1691070 689
1691080 689
1691090 689
1691100 689
1691110 689
1691120 689
1691130 689
1691140 689
1691150 688
1691160 688
1691170 688
1691180 688
1691190 688
1691200 688
1691210 688
1691220 687
1691230 687
1691240 687
1691250 687
1691260 687
1691270 687
1691280 687
1691290 687
1691300 688
1691310 688
1691320 688
1691330 688
1691340 688
1691350 689
1691360 689
1691370 689
1691380 689
1691390 690
1691400 690
1691410 690
1691420 691
1691430 691
1691440 691
1691450 692
1691460 692
1691470 692
1691480 692
1691490 692
1691500 692
1691510 692
1691520 692
1691530 692
1691540 692
1691550 692
1691560 692
1691570 692
1691580 691
1691590 691
1691600 691
1691610 691
1691620 691
1691630 691
1691640 690
1691650 690
1691660 690
1691670 690
1691680 690
1691690 690
1691700 690
1691710 689
1691720 689
1691730 689
1691740 689
1691750 689
1691760 689
1691770 689
1691780 689
1691790 689
1691800 688
1691810 688
1691820 688
1691830 688
1691840 688
1691850 688
1691860 688
1691870 687
1691880 686
1691890 686
1691900 686
1691910 687
1691920 687
1691930 687
1691940 687
1691950 688
1691960 688
1691970 688
1691980 689
1691990 689
1692000 689
1692010 690
1692020 690
1692030 691
1692040 691
1692050 691
1692060 692
1692070 693
1692080 693
1692090 693
1692100 694
1692110 694
1692120 694
1692130 695
1692140 695
1692150 695
1692160 695
1692170 695
1692180 695
1692190 695
1692200 695
1692210 695
1692220 696
1692230 696
1692240 696
1692250 696
1692260 696
1692270 696
1692280 696
1692290 696
1692300 696
1692310 696
1692320 696
1692330 696
1692340 696
1692350 696
1692360 696
1692370 696
1692380 696
1692390 696
1692400 696
1692410 696
1692420 696
1692430 696
1692440 696
1692450 696
1692460 696
1692470 696
1692480 695
1692490 695
1692500 695
1692510 695
1692520 695
1692530 694
1692540 694
1692550 694
1692560 693
1692570 693
1692580 693
1692590 693
1692600 692
1692610 692
1692620 692
1692630 691
1692640 691
1692650 691
1692660 691
1692670 690
1692680 690
1692690 689
1692700 688
1692710 687
1692720 687
1692730 686
1692740 685
1692750 684
1692760 684
1692770 683
1692780 683
1692790 683
1692800 683
1692810 683
1692820 683
1692830 683
1692840 683
1692850 683
1692860 683
1692870 683
1692880 683
1692890 683
1692900 683
1692910 683
1692920 683
1692930 683
1692940 683
1692950 683
1692960 683
1692970 683
1692980 683
1692990 683
1693000 683
1693010 683
1693020 683
1693030 684
1693040 684
1693050 684
1693060 684
1693070 684
1693080 684
1693090 684
1693100 684
1693110 684
1693120 684
1693130 684
1693140 684
1693150 684
1693160 684
1693170 684
1693180 684
1693190 684
1693200 685
1693210 685
1693220 686
1693230 687
1693240 687
1693250 688
1693260 689
1693270 689
1693280 690
1693290 691
1693300 691
1693310 692
1693320 693
1693330 693
1693340 694
1693350 694
1693360 694
1693370 695
1693380 695
1693390 696
1693400 696
1693410 696
1693420 697
1693430 697
1693440 698
1693450 698
1693460 699
1693470 699
1693480 699
1693490 700
1693500 700
1693510 701
1693520 701
1693530 701
1693540 701
1693550 702
1693560 702
1693570 702
1693580 703
1693590 703
1693600 704
1693610 704
1693620 704
1693630 705
1693640 705
1693650 705
1693660 706
1693670 706
1693680 707
1693690 707
1693700 708
1693710 708
1693720 708
1693730 709
1693740 709
1693750 710
1693760 710
1693770 711
1693780 711
1693790 711
1693800 712
1693810 712
1693820 713
1693830 713
1693840 714
1693850 715
1693860 715
1693870 716
1693880 716
1693890 717
1693900 717
1693910 718
1693920 719
1693930 719
1693940 720
1693950 721
1693960 721
1693970 722
1693980 723
1693990 724
1694000 724
1694010 725
1694020 726
1694030 727
1694040 728
1694050 729
1694060 730
1694070 731
1694080 732
1694090 734
1694100 735
1694110 736
1694120 737
1694130 738
1694140 739
1694150 739
1694160 739
1694170 740
1694180 740
1694190 740
1694200 740
1694210 739
1694220 739
1694230 738
1694240 738
1694250 737
1694260 737
1694270 737
1694280 737
1694290 736
1694300 736
1694310 736
1694320 735
1694330 735
1694340 734
1694350 734
1694360 733
1694370 733
1694380 733
1694390 733
1694400 732
1694410 732
1694420 731
1694430 731
1694440 731
1694450 730
1694460 730
1694470 729
1694480 729
1694490 729
1694500 729
1694510 729
1694520 729
1694530 729
1694540 729
1694550 729
1694560 729
1694570 729
1694580 729
1694590 729
1694600 729
1694610 729
1694620 729
1694630 729
1694640 729
1694650 729
1694660 729
1694670 729
1694680 729
1694690 729
1694700 729
1694710 728
1694720 728
1694730 728
1694740 728
1694750 728
1694760 728
1694770 728
1694780 727
1694790 727
1694800 727
1694810 727
1694820 727
1694830 727
1694840 726
1694850 726
1694860 726
1694870 726
1694880 726
1694890 725
1694900 725
1694910 725
1694920 725
1694930 725
1694940 724
1694950 724
1694960 724
1694970 724
1694980 724
1694990 723
1695000 723
1695010 723
1695020 722
1695030 722
1695040 722
1695050 722
1695060 721
1695070 721
1695080 721
1695090 720
1695100 720
1695110 720
1695120 720
1695130 720
1695140 719
1695150 719
1695160 719
1695170 718
1695180 718
1695190 718
1695200 718
1695210 717
1695220 717
1695230 716
1695240 716
1695250 716
1695260 715
1695270 715
1695280 715
1695290 715
1695300 714
1695310 714
1695320 714
1695330 714
1695340 713
1695350 713
1695360 713
1695370 713
1695380 712
1695390 712
1695400 712
1695410 712
1695420 711
1695430 711
1695440 711
1695450 711
1695460 711
1695470 710
1695480 710
1695490 710
1695500 710
1695510 709
1695520 709
1695530 709
1695540 709
1695550 709
1695560 709
1695570 709
1695580 709
1695590 709
1695600 709
1695610 709
1695620 709
1695630 708
1695640 708
1695650 708
1695660 708
1695670 708
1695680 708
1695690 708
1695700 708
1695710 708
1695720 708
1695730 707
1695740 707
1695750 707
1695760 707
1695770 706
1695780 706
1695790 706
1695800 706
1695810 706
1695820 706
1695830 705
1695840 705
1695850 705
1695860 704
1695870 703
1695880 703
1695890 703
1695900 703
1695910 703
1695920 703
1695930 703
1695940 703
1695950 703
1695960 703
1695970 703
1695980 703
1695990 704
1696000 704
1696010 705
1696020 705
1696030 706
1696040 707
1696050 707
1696060 708
1696070 708
1696080 708
1696090 709
1696100 709
1696110 710
1696120 710
1696130 710
1696140 711
1696150 712
1696160 712
1696170 713
1696180 714
1696190 714
1696200 714
1696210 715
1696220 715
1696230 715
1696240 716
1696250 716
1696260 716
1696270 717
1696280 717
1696290 717
1696300 717
1696310 717
1696320 717
1696330 717
1696340 718
1696350 718
1696360 718
1696370 718
1696380 718
1696390 718
1696400 718
1696410 718
1696420 718
1696430 718
1696440 719
1696450 719
1696460 719
1696470 719
1696480 720
1696490 720
1696500 720
1696510 720
1696520 720
1696530 720
1696540 720
1696550 720
1696560 720
1696570 720
1696580 720
1696590 720
1696600 720
1696610 719
1696620 719
1696630 719
1696640 719
1696650 718
1696660 718
1696670 718
1696680 718
1696690 718
1696700 717
1696710 717
1696720 717
1696730 717
1696740 717
1696750 717
1696760 717
1696770 717
1696780 717
1696790 716
1696800 716
1696810 716
1696820 716
1696830 716
1696840 715
1696850 715
1696860 715
1696870 714
1696880 714
1696890 714
1696900 714
1696910 713
1696920 713
1696930 713
1696940 712
1696950 712
1696960 712
1696970 711
1696980 711
1696990 711
1697000 710
1697010 710
1697020 710
1697030 710
1697040 709
1697050 709
1697060 709
1697070 709
1697080 708
1697090 708
1697100 708
1697110 708
1697120 708
1697130 708
1697140 707
1697150 707
1697160 707
1697170 706
1697180 706
1697190 706
1697200 705
1697210 705
1697220 705
1697230 704
1697240 704
1697250 704
1697260 703
1697270 703
1697280 703
1697290 702
1697300 702
1697310 702
1697320 701
1697330 701
1697340 700
1697350 700
1697360 700
1697370 699
1697380 699
1697390 699
1697400 698
1697410 698
1697420 698
1697430 698
1697440 698
1697450 697
1697460 697
1697470 698
1697480 698
1697490 698
1697500 697
1697510 696
1697520 696
1697530 695
1697540 695
1697550 694
1697560 695
1697570 696
1697580 696
1697590 696
1697600 696
1697610 696
1697620 696
1697630 696
1697640 696
1697650 696
1697660 695
1697670 695
1697680 695
1697690 695
1697700 695
1697710 695
1697720 695
1697730 695
1697740 694
1697750 694
1697760 694
1697770 693
1697780 693
1697790 693
1697800 692
1697810 692
1697820 691
1697830 691
1697840 691
1697850 691
1697860 690
1697870 690
1697880 689
1697890 688
1697900 688
1697910 687
1697920 687
1697930 686
1697940 686
1697950 685
1697960 684
1697970 684
1697980 683
1697990 683
1698000 682
1698010 682
1698020 681
1698030 680
1698040 679
1698050 679
1698060 678
1698070 677
1698080 676
1698090 675
1698100 675
1698110 674
1698120 673
1698130 672
1698140 671
1698150 670
1698160 669
1698170 667
1698180 666
1698190 664
1698200 662
1698210 661
1698220 659
1698230 658
1698240 657
1698250 656
1698260 656
1698270 655
1698280 655
1698290 654
1698300 653
1698310 653
1698320 652
1698330 651
1698340 651
1698350 650
1698360 649
1698370 648
1698380 647
1698390 646
1698400 645
1698410 643
1698420 642
1698430 641
1698440 641
1698450 640
1698460 640
1698470 641
1698480 642
1698490 642
1698500 643
1698510 644
1698520 646
1698530 648
1698540 650
1698550 652
1698560 654
1698570 655
1698580 656
1698590 655
1698600 655
1698610 655
1698620 654
1698630 654
1698640 653
1698650 652
1698660 652
1698670 651
1698680 651
1698690 650
1698700 650
1698710 649
1698720 649
1698730 649
1698740 648
1698750 648
1698760 648
1698770 648
1698780 647
1698790 647
1698800 647
1698810 646
1698820 646
1698830 645
1698840 645
1698850 644
1698860 643
1698870 643
1698880 642
1698890 641
1698900 640
1698910 640
1698920 639
1698930 638
1698940 638
1698950 637
1698960 636
1698970 636
1698980 635
1698990 635
1699000 634
1699010 633
1699020 633
1699030 632
1699040 632
1699050 631
1699060 630
1699070 629
1699080 629
1699090 628
1699100 627
1699110 626
1699120 625
1699130 624
1699140 623
1699150 622
1699160 621
1699170 621
1699180 620
1699190 619
1699200 618
1699210 618
1699220 617
1699230 616
1699240 616
1699250 615
1699260 614
1699270 614
1699280 613
1699290 613
1699300 613
1699310 611
1699320 610
1699330 607
1699340 607
1699350 608
1699360 608
1699370 609
1699380 609
1699390 610
1699400 612
1699410 615
1699420 618
1699430 621
1699440 624
1699450 625
1699460 627
1699470 628
1699480 629
1699490 630
1699500 631
1699510 631
1699520 632
1699530 633
1699540 633
1699550 634
1699560 634
1699570 634
1699580 634
1699590 634
1699600 633
1699610 633
1699620 632
1699630 632
1699640 631
1699650 630
1699660 630
1699670 629
1699680 628
1699690 628
1699700 627
1699710 626
1699720 626
1699730 625
1699740 625
1699750 624
1699760 624
1699770 623
1699780 622
1699790 621
1699800 621
1699810 621
1699820 621
1699830 621
1699840 621
1699850 620
1699860 619
1699870 619
1699880 618
1699890 617
1699900 617
1699910 616
1699920 614
1699930 613
1699940 610
1699950 608
1699960 607
1699970 607
1699980 607
1699990 607
