1680000 672
1680010 672
1680020 671
1680030 670
1680040 670
1680050 669
1680060 669
1680070 668
1680080 668
1680090 667
1680100 667
1680110 666
1680120 666
1680130 665
1680140 665
1680150 664
1680160 663
1680170 662
1680180 661
1680190 661
1680200 660
1680210 659
1680220 659
1680230 658
1680240 657
1680250 657
1680260 656
1680270 656
1680280 655
1680290 655
1680300 655
1680310 654
1680320 654
1680330 654
1680340 653
1680350 652
1680360 651
1680370 649
1680380 649
1680390 649
1680400 648
1680410 647
1680420 647
1680430 646
1680440 645
1680450 645
1680460 645
1680470 644
1680480 644
1680490 644
1680500 644
1680510 644
1680520 643
1680530 643
1680540 643
1680550 643
1680560 643
1680570 643
1680580 643
1680590 643
1680600 642
1680610 643
1680620 643
1680630 643
1680640 643
1680650 643
1680660 643
1680670 644
1680680 644
1680690 645
1680700 646
1680710 647
1680720 648
1680730 649
1680740 650
1680750 651
1680760 652
1680770 653
1680780 653
1680790 654
1680800 654
1680810 654
1680820 654
1680830 654
1680840 654
1680850 655
1680860 655
1680870 655
1680880 655
1680890 655
1680900 655
1680910 655
1680920 654
1680930 654
1680940 654
1680950 654
1680960 654
1680970 654
1680980 654
1680990 654
1681000 654
1681010 655
1681020 655
1681030 655
1681040 655
1681050 655
1681060 656
1681070 656
1681080 657
1681090 657
1681100 658
1681110 659
1681120 659
1681130 659
1681140 660
1681150 660
1681160 661
1681170 661
1681180 662
1681190 662
1681200 663
1681210 663
1681220 663
1681230 663
1681240 663
1681250 662
1681260 662
1681270 662
1681280 662
1681290 662
1681300 663
1681310 663
1681320 663
1681330 663
1681340 663
1681350 663
1681360 663
1681370 664
1681380 664
1681390 664
1681400 665
1681410 665
1681420 665
1681430 665
1681440 666
1681450 666
1681460 666
1681470 666
1681480 666
1681490 666
1681500 667
1681510 667
1681520 667
1681530 667
1681540 667
1681550 667
1681560 667
1681570 668
1681580 668
1681590 668
1681600 668
1681610 669
1681620 669
1681630 669
1681640 670
1681650 670
1681660 670
1681670 670
1681680 670
1681690 670
1681700 670
1681710 670
1681720 670
1681730 670
1681740 670
1681750 669
1681760 669
1681770 669
1681780 668
1681790 668
1681800 668
1681810 667
1681820 667
1681830 666
1681840 665
1681850 665
1681860 664
1681870 664
1681880 663
1681890 663
1681900 663
1681910 662
1681920 662
1681930 661
1681940 661
1681950 660
1681960 660
1681970 659
1681980 659
1681990 659
1682000 658
1682010 658
1682020 657
1682030 657
1682040 657
1682050 656
1682060 656
1682070 655
1682080 655
1682090 654
1682100 654
1682110 653
1682120 653
1682130 652
1682140 652
1682150 652
1682160 651
1682170 651
1682180 651
1682190 650
1682200 650
1682210 650
1682220 649
1682230 649
1682240 649
1682250 648
1682260 648
1682270 647
1682280 647
1682290 646
1682300 646
1682310 646
1682320 645
1682330 645
1682340 644
1682350 644
1682360 643
1682370 643
1682380 642
1682390 642
1682400 641
1682410 641
1682420 641
1682430 640
1682440 640
1682450 639
1682460 639
1682470 638
1682480 638
1682490 637
1682500 637
1682510 637
1682520 636
1682530 636
1682540 636
1682550 636
1682560 635
1682570 635
1682580 634
1682590 633
1682600 633
1682610 632
1682620 631
1682630 630
1682640 629
1682650 629
1682660 628
1682670 627
1682680 626
1682690 625
1682700 624
1682710 624
1682720 623
1682730 622
1682740 621
1682750 618
1682760 616
1682770 615
1682780 615
1682790 615
1682800 615
1682810 614
1682820 613
1682830 612
1682840 611
1682850 610
1682860 609
1682870 608
1682880 607
1682890 606
1682900 605
1682910 604
1682920 603
1682930 601
1682940 599
1682950 597
1682960 595
1682970 594
1682980 593
1682990 593
1683000 592
1683010 592
1683020 591
1683030 590
1683040 589
1683050 589
1683060 589
1683070 589
1683080 589
1683090 589
1683100 588
1683110 588
1683120 588
1683130 588
1683140 588
1683150 589
1683160 590
1683170 592
1683180 593
1683190 594
1683200 594
1683210 594
1683220 594
1683230 594
1683240 593
1683250 593
1683260 593
1683270 592
1683280 592
1683290 592
1683300 592
1683310 591
1683320 591
1683330 591
1683340 590
1683350 590
1683360 590
1683370 590
1683380 589
1683390 589
1683400 589
1683410 588
1683420 588
1683430 588
1683440 588
1683450 587
1683460 587
1683470 586
1683480 586
1683490 586
1683500 586
1683510 585
1683520 585
1683530 585
1683540 584
1683550 584
1683560 583
1683570 583
1683580 582
1683590 582
1683600 582
1683610 581
1683620 581
1683630 580
1683640 580
1683650 580
1683660 579
1683670 579
1683680 579
1683690 579
1683700 578
1683710 578
1683720 578
1683730 577
1683740 577
1683750 577
1683760 577
1683770 576
1683780 576
1683790 576
1683800 575
1683810 575
1683820 575
1683830 574
1683840 574
1683850 574
1683860 573
1683870 573
1683880 572
1683890 572
1683900 571
1683910 571
1683920 571
1683930 570
1683940 570
1683950 569
1683960 569
1683970 569
1683980 568
1683990 568
1684000 567
1684010 567
1684020 567
1684030 566
1684040 565
1684050 565
1684060 565
1684070 565
1684080 565
1684090 564
1684100 564
1684110 564
1684120 564
1684130 564
1684140 563
1684150 563
1684160 563
1684170 563
1684180 563
1684190 562
1684200 562
1684210 562
1684220 561
1684230 561
1684240 560
1684250 560
1684260 559
1684270 559
1684280 558
1684290 558
1684300 557
1684310 556
1684320 555
1684330 554
1684340 553
1684350 551
1684360 550
1684370 548
1684380 547
1684390 546
1684400 545
1684410 544
1684420 543
1684430 542
1684440 542
1684450 542
1684460 542
1684470 542
1684480 543
1684490 542
1684500 542
1684510 542
1684520 543
1684530 543
1684540 543
1684550 543
1684560 543
1684570 544
1684580 544
1684590 544
1684600 544
1684610 544
1684620 545
1684630 545
1684640 545
1684650 546
1684660 546
1684670 546
1684680 547
1684690 547
1684700 548
1684710 548
1684720 549
1684730 549
1684740 550
1684750 551
1684760 552
1684770 553
1684780 554
1684790 555
1684800 556
1684810 556
1684820 557
1684830 558
1684840 558
1684850 559
1684860 559
1684870 560
1684880 560
1684890 561
1684900 562
1684910 562
1684920 563
1684930 563
1684940 563
1684950 564
1684960 564
1684970 565
1684980 565
1684990 566
1685000 566
1685010 567
1685020 568
1685030 568
1685040 568
1685050 568
1685060 568
1685070 568
1685080 568
1685090 568
1685100 568
1685110 568
1685120 568
1685130 568
1685140 568
1685150 568
1685160 569
1685170 569
1685180 569
1685190 568
1685200 565
1685210 564
1685220 563
1685230 564
1685240 566
1685250 567
1685260 567
1685270 566
1685280 565
1685290 563
1685300 561
1685310 560
1685320 560
1685330 561
1685340 561
1685350 561
1685360 562
1685370 563
1685380 564
1685390 565
1685400 565
1685410 566
1685420 566
1685430 566
1685440 566
1685450 566
1685460 566
1685470 565
1685480 565
1685490 563
1685500 561
1685510 560
1685520 558
1685530 557
1685540 556
1685550 555
1685560 555
1685570 555
1685580 554
1685590 554
1685600 554
1685610 554
1685620 554
1685630 556
1685640 558
1685650 561
1685660 563
1685670 564
1685680 565
1685690 565
1685700 565
1685710 565
1685720 565
1685730 565
1685740 565
1685750 565
1685760 566
1685770 566
1685780 567
1685790 567
1685800 568
1685810 569
1685820 569
1685830 570
1685840 571
1685850 573
1685860 575
1685870 578
1685880 580
1685890 583
1685900 585
1685910 587
1685920 589
1685930 590
1685940 592
1685950 593
1685960 594
1685970 595
1685980 596
1685990 596
1686000 597
1686010 597
1686020 598
1686030 599
1686040 599
1686050 600
1686060 601
1686070 601
1686080 602
1686090 603
1686100 604
1686110 605
1686120 606
1686130 607
1686140 607
1686150 608
1686160 609
1686170 610
1686180 612
1686190 613
1686200 614
1686210 616
1686220 617
1686230 618
1686240 618
1686250 619
1686260 620
1686270 621
1686280 622
1686290 623
1686300 624
1686310 625
1686320 626
1686330 628
1686340 629
1686350 630
1686360 631
1686370 632
1686380 632
1686390 633
1686400 633
1686410 634
1686420 635
1686430 636
1686440 637
1686450 637
1686460 638
1686470 639
1686480 639
1686490 640
1686500 641
1686510 641
1686520 642
1686530 642
1686540 643
1686550 643
1686560 644
1686570 644
1686580 644
1686590 645
1686600 645
1686610 645
1686620 646
1686630 646
1686640 646
1686650 646
1686660 646
1686670 646
1686680 646
1686690 646
1686700 646
1686710 646
1686720 647
1686730 647
1686740 647
1686750 647
1686760 647
1686770 647
1686780 647
1686790 648
1686800 648
1686810 648
1686820 648
1686830 649
1686840 649
1686850 649
1686860 649
1686870 650
1686880 650
1686890 651
1686900 651
1686910 652
1686920 652
1686930 652
1686940 653
1686950 653
1686960 653
1686970 654
1686980 654
1686990 654
1687000 654
1687010 654
1687020 654
1687030 654
1687040 654
1687050 654
1687060 654
1687070 654
1687080 654
1687090 654
1687100 654
1687110 654
1687120 654
1687130 654
1687140 655
1687150 655
1687160 655
1687170 655
1687180 655
1687190 655
1687200 655
1687210 655
1687220 656
1687230 656
1687240 656
1687250 656
1687260 656
1687270 656
1687280 656
1687290 656
1687300 656
1687310 656
1687320 657
1687330 657
1687340 657
1687350 657
1687360 657
1687370 657
1687380 657
1687390 657
1687400 657
1687410 657
1687420 657
1687430 657
1687440 657
1687450 657
1687460 657
1687470 657
1687480 657
1687490 657
1687500 657
1687510 657
1687520 657
1687530 657
1687540 657
1687550 657
1687560 657
1687570 657
1687580 657
1687590 656
1687600 656
1687610 656
1687620 656
1687630 656
1687640 656
1687650 656
1687660 655
1687670 655
1687680 655
1687690 655
1687700 655
1687710 655
1687720 654
1687730 654
1687740 654
1687750 654
1687760 653
1687770 653
1687780 653
1687790 653
1687800 652
1687810 652
1687820 652
1687830 652
1687840 651
1687850 651
1687860 651
1687870 651
1687880 650
1687890 650
1687900 650
1687910 649
1687920 649
1687930 648
1687940 648
1687950 648
1687960 648
1687970 647
1687980 647
1687990 647
1688000 647
1688010 647
1688020 646
1688030 646
1688040 646
1688050 646
1688060 645
1688070 645
1688080 645
1688090 645
1688100 644
1688110 644
1688120 643
1688130 642
1688140 642
1688150 642
1688160 641
1688170 641
1688180 641
1688190 640
1688200 640
1688210 639
1688220 638
1688230 637
1688240 637
1688250 636
1688260 635
1688270 635
1688280 634
1688290 634
1688300 634
1688310 633
1688320 633
1688330 632
1688340 633
1688350 635
1688360 637
1688370 640
1688380 641
1688390 643
1688400 644
1688410 645
1688420 646
1688430 647
1688440 647
1688450 648
1688460 649
1688470 649
1688480 650
1688490 650
1688500 651
1688510 652
1688520 652
1688530 653
1688540 653
1688550 653
1688560 654
1688570 654
1688580 654
1688590 655
1688600 655
1688610 655
1688620 656
1688630 656
1688640 657
1688650 657
1688660 658
1688670 658
1688680 659
1688690 659
1688700 660
1688710 660
1688720 661
1688730 661
1688740 662
1688750 662
1688760 662
1688770 663
1688780 663
1688790 664
1688800 664
1688810 664
1688820 664
1688830 664
1688840 665
1688850 665
1688860 665
1688870 665
1688880 665
1688890 665
1688900 665
1688910 665
1688920 664
1688930 664
1688940 664
1688950 664
1688960 664
1688970 664
1688980 663
1688990 663
1689000 663
1689010 663
1689020 662
1689030 662
1689040 662
1689050 662
1689060 662
1689070 662
1689080 661
1689090 661
1689100 660
1689110 660
1689120 661
1689130 661
1689140 662
1689150 663
1689160 664
1689170 664
1689180 665
1689190 665
1689200 666
1689210 666
1689220 666
1689230 667
1689240 667
1689250 667
1689260 668
1689270 668
1689280 669
1689290 669
1689300 670
1689310 670
1689320 671
1689330 671
1689340 671
1689350 671
1689360 671
1689370 671
1689380 671
1689390 671
1689400 670
1689410 670
1689420 670
1689430 669
1689440 669
1689450 668
1689460 667
1689470 667
1689480 666
1689490 665
1689500 664
1689510 663
1689520 662
1689530 662
1689540 661
1689550 660
1689560 659
1689570 658
1689580 657
1689590 656
1689600 655
1689610 653
1689620 652
1689630 650
1689640 648
1689650 646
1689660 645
1689670 643
1689680 641
1689690 640
1689700 638
1689710 637
1689720 636
1689730 635
1689740 634
1689750 633
1689760 632
1689770 631
1689780 631
1689790 630
1689800 630
1689810 629
1689820 629
1689830 629
1689840 628
1689850 627
1689860 627
1689870 627
1689880 627
1689890 627
1689900 627
1689910 627
1689920 627
1689930 627
1689940 628
1689950 630
1689960 631
1689970 633
1689980 635
1689990 637
1690000 638
1690010 639
1690020 640
1690030 641
1690040 641
1690050 642
1690060 642
1690070 643
1690080 644
1690090 644
1690100 645
1690110 645
1690120 646
1690130 646
1690140 647
1690150 647
1690160 648
1690170 649
1690180 649
1690190 650
1690200 651
1690210 651
1690220 652
1690230 653
1690240 654
1690250 655
1690260 655
1690270 656
1690280 657
1690290 658
1690300 659
1690310 659
1690320 660
1690330 661
1690340 661
1690350 662
1690360 663
1690370 664
1690380 664
1690390 665
1690400 666
1690410 667
1690420 667
1690430 668
1690440 669
1690450 670
1690460 671
1690470 672
1690480 673
1690490 673
1690500 674
1690510 675
1690520 676
1690530 677
1690540 677
1690550 678
1690560 679
1690570 680
1690580 681
1690590 682
1690600 684
1690610 685
1690620 686
1690630 687
1690640 688
1690650 690
1690660 691
1690670 692
1690680 694
1690690 695
1690700 696
1690710 697
1690720 698
1690730 699
1690740 699
1690750 699
1690760 699
1690770 699
1690780 699
1690790 699
1690800 698
1690810 698
1690820 697
1690830 695
1690840 694
1690850 693
1690860 692
1690870 691
1690880 690
1690890 689
1690900 688
1690910 687
1690920 686
1690930 685
1690940 685
1690950 684
1690960 683
1690970 682
1690980 681
1690990 680
1691000 679
1691010 678
1691020 677
1691030 676
1691040 675
1691050 674
1691060 674
1691070 673
1691080 672
1691090 671
1691100 670
1691110 669
1691120 668
1691130 667
1691140 667
1691150 666
1691160 665
1691170 664
1691180 663
1691190 663
1691200 662
1691210 662
1691220 661
1691230 661
1691240 660
1691250 660
1691260 660
1691270 660
1691280 659
1691290 659
1691300 659
1691310 659
1691320 659
1691330 659
1691340 659
1691350 658
1691360 658
1691370 658
1691380 658
1691390 658
1691400 658
1691410 658
1691420 657
1691430 657
1691440 657
1691450 657
1691460 656
1691470 656
1691480 656
1691490 656
1691500 655
1691510 655
1691520 654
1691530 653
1691540 652
1691550 652
1691560 651
1691570 650
1691580 649
1691590 648
1691600 647
1691610 647
1691620 647
1691630 646
1691640 647
1691650 647
1691660 647
1691670 647
1691680 647
1691690 646
1691700 646
1691710 646
1691720 646
1691730 646
1691740 646
1691750 647
1691760 647
1691770 646
1691780 647
1691790 647
1691800 647
1691810 647
1691820 647
1691830 647
1691840 647
1691850 647
1691860 647
1691870 647
1691880 647
1691890 648
1691900 648
1691910 648
1691920 649
1691930 649
1691940 649
1691950 649
1691960 649
1691970 650
1691980 650
1691990 650
1692000 651
1692010 651
1692020 651
1692030 651
1692040 651
1692050 651
1692060 651
1692070 651
1692080 650
1692090 650
1692100 649
1692110 649
1692120 648
1692130 648
1692140 648
1692150 647
1692160 647
1692170 646
1692180 646
1692190 645
1692200 645
1692210 644
1692220 644
1692230 644
1692240 643
1692250 643
1692260 643
1692270 642
1692280 642
1692290 641
1692300 641
1692310 641
1692320 640
1692330 640
1692340 640
1692350 640
1692360 639
1692370 639
1692380 639
1692390 638
1692400 638
1692410 638
1692420 638
1692430 637
1692440 637
1692450 637
1692460 637
1692470 636
1692480 636
1692490 636
1692500 636
1692510 635
1692520 635
1692530 635
1692540 635
1692550 635
1692560 635
1692570 634
1692580 634
1692590 634
1692600 633
1692610 633
1692620 633
1692630 633
1692640 632
1692650 632
1692660 632
1692670 632
1692680 632
1692690 631
1692700 631
1692710 631
1692720 630
1692730 630
1692740 630
1692750 629
1692760 629
1692770 629
1692780 628
1692790 628
1692800 628
1692810 628
1692820 627
1692830 627
1692840 627
1692850 626
1692860 626
1692870 626
1692880 626
1692890 626
1692900 626
1692910 626
1692920 626
1692930 626
1692940 626
1692950 626
1692960 626
1692970 627
1692980 627
1692990 628
1693000 628
1693010 629
1693020 629
1693030 630
1693040 630
1693050 630
1693060 631
1693070 632
1693080 632
1693090 633
1693100 634
1693110 635
1693120 635
1693130 636
1693140 636
1693150 636
1693160 637
1693170 637
1693180 637
1693190 637
1693200 638
1693210 638
1693220 638
1693230 638
1693240 638
1693250 638
1693260 637
1693270 637
1693280 637
1693290 637
1693300 637
1693310 636
1693320 636
1693330 636
1693340 636
1693350 636
1693360 636
1693370 636
1693380 636
1693390 636
1693400 636
1693410 636
1693420 636
1693430 636
1693440 636
1693450 636
1693460 636
1693470 635
1693480 635
1693490 635
1693500 635
1693510 635
1693520 635
1693530 635
1693540 635
1693550 635
1693560 635
1693570 634
1693580 634
1693590 634
1693600 634
1693610 634
1693620 634
1693630 634
1693640 633
1693650 633
1693660 633
1693670 633
1693680 632
1693690 631
1693700 631
1693710 631
1693720 630
1693730 630
1693740 630
1693750 629
1693760 629
1693770 628
1693780 628
1693790 628
1693800 627
1693810 626
1693820 626
1693830 625
1693840 624
1693850 623
1693860 623
1693870 623
1693880 623
1693890 623
1693900 623
1693910 622
1693920 622
1693930 622
1693940 621
1693950 621
1693960 621
1693970 621
1693980 621
1693990 621
1694000 621
1694010 621
1694020 621
1694030 620
1694040 620
1694050 620
1694060 620
1694070 620
1694080 620
1694090 619
1694100 619
1694110 619
1694120 619
1694130 618
1694140 618
1694150 618
1694160 618
1694170 617
1694180 617
1694190 617
1694200 617
1694210 617
1694220 616
1694230 616
1694240 616
1694250 616
1694260 615
1694270 615
1694280 615
1694290 615
1694300 614
1694310 614
1694320 614
1694330 614
1694340 613
1694350 613
1694360 613
1694370 613
1694380 613
1694390 612
1694400 612
1694410 612
1694420 612
1694430 611
1694440 611
1694450 611
1694460 611
1694470 610
1694480 610
1694490 610
1694500 610
1694510 609
1694520 609
1694530 608
1694540 608
1694550 608
1694560 607
1694570 607
1694580 607
1694590 607
1694600 607
1694610 607
1694620 607
1694630 607
1694640 606
1694650 606
1694660 606
1694670 606
1694680 606
1694690 606
1694700 605
1694710 605
1694720 605
1694730 605
1694740 605
1694750 604
1694760 604
1694770 604
1694780 604
1694790 604
1694800 604
1694810 603
1694820 603
1694830 603
1694840 603
1694850 603
1694860 602
1694870 602
1694880 602
1694890 602
1694900 601
1694910 601
1694920 601
1694930 600
1694940 600
1694950 599
1694960 599
1694970 599
1694980 599
1694990 599
1695000 599
1695010 599
1695020 599
1695030 599
1695040 599
1695050 601
1695060 603
1695070 605
1695080 606
1695090 606
1695100 607
1695110 608
1695120 608
1695130 609
1695140 609
1695150 610
1695160 610
1695170 611
1695180 611
1695190 612
1695200 612
1695210 613
1695220 613
1695230 614
1695240 614
1695250 615
1695260 615
1695270 616
1695280 616
1695290 616
1695300 617
1695310 617
1695320 617
1695330 617
1695340 617
1695350 617
1695360 617
1695370 617
1695380 617
1695390 617
1695400 617
1695410 617
1695420 617
1695430 617
1695440 617
1695450 617
1695460 617
1695470 617
1695480 617
1695490 617
1695500 617
1695510 617
1695520 617
1695530 617
1695540 618
1695550 617
1695560 617
1695570 617
1695580 617
1695590 617
1695600 617
1695610 617
1695620 617
1695630 617
1695640 617
1695650 617
1695660 617
1695670 617
1695680 617
1695690 617
1695700 617
1695710 617
1695720 617
1695730 617
1695740 617
1695750 617
1695760 617
1695770 617
1695780 617
1695790 617
1695800 617
1695810 617
1695820 617
1695830 617
1695840 616
1695850 616
1695860 616
1695870 616
1695880 616
1695890 616
1695900 616
1695910 616
1695920 616
1695930 616
1695940 616
1695950 616
1695960 616
1695970 616
1695980 616
1695990 616
1696000 616
1696010 616
1696020 616
1696030 616
1696040 615
1696050 615
1696060 615
1696070 615
1696080 615
1696090 615
1696100 615
1696110 615
1696120 614
1696130 614
1696140 614
1696150 614
1696160 614
1696170 614
1696180 614
1696190 614
1696200 613
1696210 613
1696220 613
1696230 613
1696240 613
1696250 613
1696260 613
1696270 614
1696280 613
1696290 613
1696300 613
1696310 613
1696320 613
1696330 613
1696340 612
1696350 612
1696360 612
1696370 611
1696380 611
1696390 611
1696400 611
1696410 611
1696420 612
1696430 612
1696440 611
1696450 611
1696460 611
1696470 611
1696480 611
1696490 612
1696500 612
1696510 613
1696520 614
1696530 614
1696540 615
1696550 616
1696560 616
1696570 617
1696580 617
1696590 618
1696600 619
1696610 620
1696620 621
1696630 622
1696640 622
1696650 623
1696660 624
1696670 626
1696680 627
1696690 627
1696700 628
1696710 629
1696720 629
1696730 630
1696740 630
1696750 631
1696760 631
1696770 631
1696780 631
1696790 632
1696800 632
1696810 632
1696820 632
1696830 632
1696840 632
1696850 631
1696860 631
1696870 631
1696880 630
1696890 630
1696900 629
1696910 629
1696920 628
1696930 628
1696940 628
1696950 628
1696960 627
1696970 627
1696980 627
1696990 627
1697000 626
1697010 626
1697020 626
1697030 626
1697040 626
1697050 626
1697060 626
1697070 626
1697080 626
1697090 626
1697100 625
1697110 625
1697120 625
1697130 625
1697140 625
1697150 625
1697160 625
1697170 625
1697180 625
1697190 625
1697200 625
1697210 625
1697220 625
1697230 625
1697240 626
1697250 626
1697260 626
1697270 626
1697280 626
1697290 627
1697300 627
1697310 627
1697320 627
1697330 628
1697340 628
1697350 628
1697360 629
1697370 629
1697380 630
1697390 630
1697400 630
1697410 631
1697420 631
1697430 632
1697440 632
1697450 633
1697460 633
1697470 633
1697480 633
1697490 634
1697500 634
1697510 634
1697520 634
1697530 634
1697540 634
1697550 634
1697560 634
1697570 634
1697580 634
1697590 634
1697600 634
1697610 634
1697620 634
1697630 634
1697640 633
1697650 632
1697660 632
1697670 631
1697680 631
1697690 630
1697700 630
1697710 629
1697720 629
1697730 628
1697740 628
1697750 627
1697760 627
1697770 626
1697780 626
1697790 625
1697800 625
1697810 624
1697820 624
1697830 623
1697840 623
1697850 622
1697860 622
1697870 621
1697880 621
1697890 621
1697900 620
1697910 620
1697920 620
1697930 619
1697940 619
1697950 618
1697960 618
1697970 618
1697980 617
1697990 617
1698000 616
1698010 616
1698020 615
1698030 615
1698040 614
1698050 614
1698060 614
1698070 613
1698080 613
1698090 612
1698100 612
1698110 611
1698120 611
1698130 610
1698140 610
1698150 609
1698160 609
1698170 609
1698180 608
1698190 608
1698200 607
1698210 607
1698220 606
1698230 606
1698240 606
1698250 605
1698260 605
1698270 604
1698280 604
1698290 604
1698300 603
1698310 603
1698320 603
1698330 602
1698340 602
1698350 602
1698360 601
1698370 601
1698380 601
1698390 600
1698400 600
1698410 600
1698420 599
1698430 599
1698440 599
1698450 599
1698460 598
1698470 597
1698480 597
1698490 597
1698500 597
1698510 597
1698520 597
1698530 597
1698540 596
1698550 595
1698560 595
1698570 595
1698580 594
1698590 594
1698600 594
1698610 594
1698620 593
1698630 593
1698640 593
1698650 592
1698660 592
1698670 592
1698680 592
1698690 591
1698700 591
1698710 591
1698720 592
1698730 592
1698740 592
1698750 592
1698760 592
1698770 592
1698780 593
1698790 593
1698800 593
1698810 593
1698820 593
1698830 593
1698840 594
1698850 595
1698860 595
1698870 596
1698880 597
1698890 597
1698900 598
1698910 598
1698920 599
1698930 599
1698940 600
1698950 601
1698960 601
1698970 602
1698980 602
1698990 603
1699000 603
1699010 604
1699020 604
1699030 605
1699040 606
1699050 607
1699060 608
1699070 608
1699080 608
1699090 609
1699100 609
1699110 609
1699120 610
1699130 610
1699140 610
1699150 610
1699160 610
1699170 609
1699180 609
1699190 609
1699200 608
1699210 608
1699220 607
1699230 606
1699240 606
1699250 605
1699260 604
1699270 603
1699280 602
1699290 601
1699300 601
1699310 600
1699320 599
1699330 598
1699340 597
1699350 596
1699360 595
1699370 593
1699380 592
1699390 591
1699400 590
1699410 589
1699420 588
1699430 587
1699440 585
1699450 584
1699460 583
1699470 583
1699480 582
1699490 582
1699500 582
1699510 582
1699520 583
1699530 585
1699540 587
1699550 590
1699560 593
1699570 595
1699580 596
1699590 597
1699600 597
1699610 597
1699620 597
1699630 597
1699640 597
1699650 597
1699660 597
1699670 597
1699680 598
1699690 598
1699700 598
1699710 598
1699720 598
1699730 598
1699740 598
1699750 598
1699760 597
1699770 597
1699780 597
1699790 597
1699800 597
1699810 596
1699820 596
1699830 595
1699840 595
1699850 595
1699860 594
1699870 593
1699880 593
1699890 592
1699900 591
1699910 591
1699920 590
1699930 590
1699940 589
1699950 588
1699960 588
1699970 587
1699980 587
1699990 586
