1680000 664
1680010 663
1680020 663
1680030 662
1680040 662
1680050 662
1680060 661
1680070 661
1680080 660
1680090 659
1680100 658
1680110 658
1680120 657
1680130 656
1680140 655
1680150 654
1680160 654
1680170 653
1680180 652
1680190 651
1680200 650
1680210 650
1680220 649
1680230 649
1680240 649
1680250 648
1680260 647
1680270 647
1680280 646
1680290 646
1680300 645
1680310 645
1680320 644
1680330 644
1680340 643
1680350 643
1680360 642
1680370 642
1680380 643
1680390 644
1680400 645
1680410 646
1680420 647
1680430 648
1680440 649
1680450 650
1680460 651
1680470 651
1680480 651
1680490 651
1680500 651
1680510 651
1680520 651
1680530 650
1680540 651
1680550 651
1680560 651
1680570 651
1680580 650
1680590 650
1680600 650
1680610 650
1680620 649
1680630 649
1680640 649
1680650 649
1680660 648
1680670 648
1680680 648
1680690 647
1680700 647
1680710 646
1680720 646
1680730 645
1680740 644
1680750 643
1680760 641
1680770 640
1680780 639
1680790 638
1680800 637
1680810 636
1680820 634
1680830 633
1680840 633
1680850 632
1680860 632
1680870 631
1680880 631
1680890 631
1680900 630
1680910 630
1680920 631
1680930 632
1680940 633
1680950 634
1680960 635
1680970 635
1680980 636
1680990 636
1681000 636
1681010 637
1681020 637
1681030 637
1681040 637
1681050 638
1681060 638
1681070 638
1681080 639
1681090 639
1681100 639
1681110 639
1681120 640
1681130 640
1681140 640
1681150 640
1681160 641
1681170 641
1681180 641
1681190 641
1681200 642
1681210 642
1681220 642
1681230 642
1681240 643
1681250 643
1681260 643
1681270 643
1681280 643
1681290 643
1681300 644
1681310 644
1681320 644
1681330 644
1681340 644
1681350 644
1681360 645
1681370 645
1681380 645
1681390 645
1681400 646
1681410 646
1681420 646
1681430 646
1681440 646
1681450 647
1681460 647
1681470 647
1681480 648
1681490 648
1681500 648
1681510 648
1681520 648
1681530 648
1681540 648
1681550 649
1681560 649
1681570 649
1681580 649
1681590 649
1681600 649
1681610 649
1681620 649
1681630 649
1681640 649
1681650 649
1681660 649
1681670 649
1681680 650
1681690 650
1681700 649
1681710 649
1681720 649
1681730 649
1681740 649
1681750 649
1681760 649
1681770 648
1681780 648
1681790 648
1681800 647
1681810 647
1681820 647
1681830 647
1681840 646
1681850 646
1681860 646
1681870 646
1681880 645
1681890 645
1681900 645
1681910 645
1681920 644
1681930 643
1681940 643
1681950 642
1681960 642
1681970 642
1681980 641
1681990 641
1682000 640
1682010 640
1682020 639
1682030 639
1682040 638
1682050 638
1682060 637
1682070 636
1682080 636
1682090 635
1682100 634
1682110 633
1682120 632
1682130 631
1682140 630
1682150 630
1682160 630
1682170 629
1682180 629
1682190 629
1682200 629
1682210 628
1682220 628
1682230 628
1682240 627
1682250 626
1682260 626
1682270 625
1682280 625
1682290 625
1682300 624
1682310 624
1682320 624
1682330 623
1682340 622
1682350 622
1682360 622
1682370 622
1682380 622
1682390 622
1682400 622
1682410 622
1682420 623
1682430 623
1682440 624
1682450 624
1682460 624
1682470 624
1682480 623
1682490 623
1682500 623
1682510 623
1682520 623
1682530 623
1682540 623
1682550 624
1682560 624
1682570 624
1682580 624
1682590 624
1682600 624
1682610 624
1682620 624
1682630 624
1682640 624
1682650 624
1682660 624
1682670 624
1682680 624
1682690 623
1682700 622
1682710 621
1682720 620
1682730 619
1682740 619
1682750 617
1682760 617
1682770 616
1682780 615
1682790 614
1682800 614
1682810 613
1682820 612
1682830 611
1682840 610
1682850 610
1682860 609
1682870 608
1682880 608
1682890 607
1682900 607
1682910 606
1682920 605
1682930 605
1682940 604
1682950 604
1682960 603
1682970 602
1682980 602
1682990 601
1683000 601
1683010 601
1683020 600
1683030 599
1683040 599
1683050 599
1683060 598
1683070 597
1683080 597
1683090 596
1683100 596
1683110 595
1683120 595
1683130 594
1683140 594
1683150 593
1683160 593
1683170 592
1683180 592
1683190 591
1683200 591
1683210 590
1683220 590
1683230 590
1683240 589
1683250 588
1683260 588
1683270 587
1683280 587
1683290 586
1683300 586
1683310 585
1683320 585
1683330 584
1683340 584
1683350 583
1683360 583
1683370 582
1683380 582
1683390 582
1683400 581
1683410 581
1683420 581
1683430 581
1683440 581
1683450 581
1683460 580
1683470 579
1683480 579
1683490 578
1683500 577
1683510 577
1683520 576
1683530 576
1683540 575
1683550 574
1683560 574
1683570 573
1683580 572
1683590 571
1683600 571
1683610 570
1683620 570
1683630 569
1683640 569
1683650 569
1683660 568
1683670 568
1683680 568
1683690 568
1683700 567
1683710 567
1683720 567
1683730 567
1683740 567
1683750 566
1683760 566
1683770 566
1683780 566
1683790 565
1683800 565
1683810 565
1683820 564
1683830 564
1683840 563
1683850 563
1683860 563
1683870 563
1683880 562
1683890 562
1683900 561
1683910 561
1683920 560
1683930 559
1683940 558
1683950 558
1683960 557
1683970 556
1683980 555
1683990 555
1684000 554
1684010 553
1684020 553
1684030 551
1684040 551
1684050 551
1684060 551
1684070 551
1684080 551
1684090 551
1684100 551
1684110 551
1684120 551
1684130 551
1684140 551
1684150 551
1684160 552
1684170 552
1684180 553
1684190 554
1684200 555
1684210 556
1684220 557
1684230 558
1684240 558
1684250 558
1684260 558
1684270 558
1684280 558
1684290 559
1684300 559
1684310 559
1684320 560
1684330 560
1684340 561
1684350 561
1684360 561
1684370 561
1684380 561
1684390 560
1684400 560
1684410 560
1684420 560
1684430 559
1684440 559
1684450 559
1684460 559
1684470 558
1684480 557
1684490 556
1684500 554
1684510 553
1684520 551
1684530 548
1684540 545
1684550 543
1684560 541
1684570 541
1684580 540
1684590 540
1684600 541
1684610 541
1684620 542
1684630 542
1684640 541
1684650 541
1684660 541
1684670 541
1684680 541
1684690 542
1684700 542
1684710 542
1684720 542
1684730 542
1684740 542
1684750 542
1684760 542
1684770 541
1684780 541
1684790 541
1684800 541
1684810 541
1684820 541
1684830 541
1684840 541
1684850 540
1684860 540
1684870 539
1684880 539
1684890 539
1684900 539
1684910 540
1684920 540
1684930 540
1684940 540
1684950 541
1684960 541
1684970 541
1684980 541
1684990 541
1685000 541
1685010 541
1685020 541
1685030 541
1685040 542
1685050 544
1685060 548
1685070 554
1685080 560
1685090 564
1685100 565
1685110 566
1685120 567
1685130 567
1685140 567
1685150 567
1685160 568
1685170 568
1685180 568
1685190 567
1685200 567
1685210 566
1685220 565
1685230 563
1685240 560
1685250 556
1685260 551
1685270 547
1685280 543
1685290 540
1685300 539
1685310 539
1685320 539
1685330 538
1685340 537
1685350 537
1685360 537
1685370 539
1685380 541
1685390 542
1685400 545
1685410 548
1685420 550
1685430 552
1685440 555
1685450 558
1685460 560
1685470 563
1685480 565
1685490 567
1685500 569
1685510 570
1685520 572
1685530 574
1685540 576
1685550 578
1685560 579
1685570 581
1685580 583
1685590 584
1685600 586
1685610 588
1685620 589
1685630 591
1685640 593
1685650 594
1685660 596
1685670 598
1685680 599
1685690 601
1685700 602
1685710 604
1685720 606
1685730 607
1685740 609
1685750 611
1685760 613
1685770 615
1685780 616
1685790 618
1685800 620
1685810 622
1685820 623
1685830 625
1685840 626
1685850 628
1685860 629
1685870 630
1685880 631
1685890 632
1685900 634
1685910 634
1685920 635
1685930 635
1685940 635
1685950 635
1685960 635
1685970 634
1685980 634
1685990 634
1686000 634
1686010 633
1686020 633
1686030 633
1686040 633
1686050 633
1686060 632
1686070 632
1686080 632
1686090 632
1686100 632
1686110 631
1686120 631
1686130 631
1686140 630
1686150 630
1686160 629
1686170 628
1686180 628
1686190 627
1686200 626
1686210 624
1686220 622
1686230 620
1686240 619
1686250 617
1686260 616
1686270 615
1686280 614
1686290 613
1686300 612
1686310 612
1686320 611
1686330 611
1686340 610
1686350 610
1686360 610
1686370 611
1686380 611
1686390 611
1686400 611
1686410 611
1686420 612
1686430 612
1686440 613
1686450 613
1686460 614
1686470 615
1686480 615
1686490 616
1686500 616
1686510 617
1686520 618
1686530 618
1686540 619
1686550 619
1686560 620
1686570 620
1686580 621
1686590 622
1686600 622
1686610 623
1686620 624
1686630 624
1686640 625
1686650 625
1686660 626
1686670 626
1686680 626
1686690 627
1686700 627
1686710 627
1686720 627
1686730 628
1686740 628
1686750 629
1686760 629
1686770 630
1686780 631
1686790 631
1686800 632
1686810 633
1686820 634
1686830 634
1686840 635
1686850 636
1686860 636
1686870 637
1686880 638
1686890 638
1686900 639
1686910 640
1686920 640
1686930 641
1686940 641
1686950 641
1686960 642
1686970 642
1686980 643
1686990 643
1687000 644
1687010 644
1687020 644
1687030 645
1687040 645
1687050 645
1687060 646
1687070 646
1687080 646
1687090 647
1687100 647
1687110 647
1687120 648
1687130 648
1687140 648
1687150 649
1687160 649
1687170 649
1687180 650
1687190 650
1687200 650
1687210 651
1687220 651
1687230 651
1687240 651
1687250 651
1687260 651
1687270 651
1687280 652
1687290 652
1687300 652
1687310 652
1687320 652
1687330 652
1687340 652
1687350 652
1687360 652
1687370 652
1687380 652
1687390 652
1687400 653
1687410 653
1687420 653
1687430 653
1687440 653
1687450 653
1687460 653
1687470 653
1687480 653
1687490 653
1687500 653
1687510 654
1687520 654
1687530 654
1687540 654
1687550 654
1687560 654
1687570 654
1687580 654
1687590 654
1687600 654
1687610 654
1687620 654
1687630 654
1687640 654
1687650 654
1687660 654
1687670 654
1687680 654
1687690 654
1687700 654
1687710 654
1687720 654
1687730 653
1687740 653
1687750 653
1687760 653
1687770 652
1687780 652
1687790 652
1687800 652
1687810 652
1687820 651
1687830 651
1687840 651
1687850 651
1687860 651
1687870 650
1687880 650
1687890 650
1687900 650
1687910 649
1687920 649
1687930 649
1687940 649
1687950 648
1687960 648
1687970 648
1687980 648
1687990 647
1688000 647
1688010 647
1688020 647
1688030 646
1688040 646
1688050 646
1688060 646
1688070 645
1688080 645
1688090 645
1688100 644
1688110 644
1688120 644
1688130 644
1688140 643
1688150 643
1688160 643
1688170 642
1688180 642
1688190 641
1688200 641
1688210 641
1688220 640
1688230 640
1688240 640
1688250 639
1688260 639
1688270 638
1688280 638
1688290 638
1688300 637
1688310 637
1688320 636
1688330 636
1688340 635
1688350 635
1688360 634
1688370 633
1688380 632
1688390 631
1688400 630
1688410 629
1688420 628
1688430 627
1688440 627
1688450 627
1688460 626
1688470 626
1688480 626
1688490 625
1688500 625
1688510 625
1688520 625
1688530 625
1688540 626
1688550 627
1688560 628
1688570 629
1688580 631
1688590 632
1688600 633
1688610 634
1688620 635
1688630 636
1688640 637
1688650 638
1688660 639
1688670 640
1688680 641
1688690 642
1688700 642
1688710 643
1688720 644
1688730 645
1688740 646
1688750 647
1688760 647
1688770 647
1688780 648
1688790 648
1688800 649
1688810 649
1688820 649
1688830 649
1688840 649
1688850 649
1688860 649
1688870 649
1688880 649
1688890 649
1688900 649
1688910 649
1688920 649
1688930 649
1688940 649
1688950 649
1688960 649
1688970 649
1688980 649
1688990 649
1689000 649
1689010 649
1689020 649
1689030 649
1689040 649
1689050 648
1689060 648
1689070 647
1689080 646
1689090 646
1689100 645
1689110 644
1689120 643
1689130 642
1689140 641
1689150 639
1689160 637
1689170 636
1689180 634
1689190 634
1689200 633
1689210 634
1689220 635
1689230 636
1689240 636
1689250 637
1689260 637
1689270 636
1689280 636
1689290 636
1689300 636
1689310 636
1689320 636
1689330 636
1689340 635
1689350 635
1689360 635
1689370 635
1689380 635
1689390 634
1689400 634
1689410 634
1689420 633
1689430 633
1689440 632
1689450 631
1689460 630
1689470 629
1689480 628
1689490 627
1689500 626
1689510 625
1689520 624
1689530 624
1689540 623
1689550 623
1689560 623
1689570 623
1689580 623
1689590 622
1689600 622
1689610 622
1689620 622
1689630 623
1689640 623
1689650 625
1689660 627
1689670 629
1689680 631
1689690 633
1689700 635
1689710 636
1689720 638
1689730 639
1689740 640
1689750 641
1689760 642
1689770 643
1689780 644
1689790 645
1689800 646
1689810 646
1689820 647
1689830 648
1689840 649
1689850 649
1689860 650
1689870 651
1689880 652
1689890 653
1689900 653
1689910 654
1689920 655
1689930 657
1689940 658
1689950 659
1689960 660
1689970 661
1689980 662
1689990 663
1690000 664
1690010 666
1690020 667
1690030 668
1690040 669
1690050 670
1690060 671
1690070 673
1690080 674
1690090 675
1690100 675
1690110 676
1690120 677
1690130 677
1690140 678
1690150 678
1690160 678
1690170 678
1690180 678
1690190 678
1690200 678
1690210 678
1690220 678
1690230 678
1690240 678
1690250 678
1690260 678
1690270 678
1690280 678
1690290 678
1690300 678
1690310 678
1690320 678
1690330 678
1690340 678
1690350 678
1690360 678
1690370 679
1690380 679
1690390 679
1690400 679
1690410 679
1690420 679
1690430 679
1690440 679
1690450 679
1690460 680
1690470 680
1690480 680
1690490 680
1690500 680
1690510 680
1690520 680
1690530 680
1690540 680
1690550 680
1690560 680
1690570 680
1690580 680
1690590 681
1690600 681
1690610 681
1690620 681
1690630 681
1690640 682
1690650 682
1690660 682
1690670 682
1690680 682
1690690 681
1690700 681
1690710 680
1690720 680
1690730 680
1690740 679
1690750 679
1690760 678
1690770 678
1690780 678
1690790 677
1690800 677
1690810 676
1690820 676
1690830 676
1690840 675
1690850 675
1690860 675
1690870 674
1690880 674
1690890 673
1690900 673
1690910 673
1690920 672
1690930 672
1690940 672
1690950 671
1690960 671
1690970 671
1690980 670
1690990 670
1691000 670
1691010 669
1691020 669
1691030 669
1691040 668
1691050 668
1691060 668
1691070 667
1691080 667
1691090 667
1691100 667
1691110 666
1691120 666
1691130 666
1691140 665
1691150 665
1691160 664
1691170 664
1691180 663
1691190 663
1691200 662
1691210 662
1691220 662
1691230 661
1691240 661
1691250 660
1691260 660
1691270 659
1691280 659
1691290 658
1691300 658
1691310 657
1691320 657
1691330 656
1691340 656
1691350 655
1691360 654
1691370 654
1691380 653
1691390 653
1691400 652
1691410 651
1691420 651
1691430 651
1691440 650
1691450 650
1691460 649
1691470 649
1691480 648
1691490 647
1691500 647
1691510 646
1691520 645
1691530 645
1691540 644
1691550 644
1691560 643
1691570 642
1691580 642
1691590 641
1691600 641
1691610 640
1691620 639
1691630 639
1691640 638
1691650 638
1691660 637
1691670 636
1691680 636
1691690 635
1691700 634
1691710 634
1691720 633
1691730 633
1691740 632
1691750 631
1691760 630
1691770 629
1691780 628
1691790 627
1691800 625
1691810 624
1691820 624
1691830 623
1691840 622
1691850 622
1691860 621
1691870 621
1691880 620
1691890 620
1691900 619
1691910 619
1691920 619
1691930 618
1691940 618
1691950 618
1691960 618
1691970 618
1691980 618
1691990 618
1692000 618
1692010 618
1692020 618
1692030 618
1692040 619
1692050 619
1692060 620
1692070 620
1692080 620
1692090 620
1692100 620
1692110 620
1692120 620
1692130 620
1692140 620
1692150 620
1692160 620
1692170 620
1692180 620
1692190 620
1692200 620
1692210 620
1692220 620
1692230 619
1692240 619
1692250 619
1692260 619
1692270 619
1692280 619
1692290 620
1692300 620
1692310 620
1692320 621
1692330 621
1692340 621
1692350 621
1692360 622
1692370 622
1692380 622
1692390 623
1692400 623
1692410 624
1692420 624
1692430 625
1692440 625
1692450 626
1692460 626
1692470 627
1692480 627
1692490 628
1692500 628
1692510 629
1692520 629
1692530 630
1692540 630
1692550 631
1692560 631
1692570 632
1692580 633
1692590 633
1692600 634
1692610 634
1692620 635
1692630 635
1692640 635
1692650 635
1692660 635
1692670 635
1692680 635
1692690 635
1692700 635
1692710 634
1692720 634
1692730 634
1692740 633
1692750 633
1692760 633
1692770 632
1692780 632
1692790 632
1692800 631
1692810 631
1692820 631
1692830 630
1692840 630
1692850 630
1692860 629
1692870 629
1692880 628
1692890 628
1692900 627
1692910 627
1692920 626
1692930 626
1692940 625
1692950 624
1692960 624
1692970 623
1692980 623
1692990 622
1693000 622
1693010 621
1693020 621
1693030 621
1693040 620
1693050 619
1693060 618
1693070 617
1693080 615
1693090 614
1693100 614
1693110 613
1693120 612
1693130 612
1693140 612
1693150 612
1693160 612
1693170 613
1693180 613
1693190 614
1693200 614
1693210 614
1693220 614
1693230 614
1693240 615
1693250 616
1693260 616
1693270 617
1693280 618
1693290 618
1693300 619
1693310 620
1693320 620
1693330 621
1693340 622
1693350 622
1693360 623
1693370 623
1693380 623
1693390 624
1693400 624
1693410 624
1693420 624
1693430 624
1693440 624
1693450 624
1693460 624
1693470 624
1693480 624
1693490 624
1693500 624
1693510 624
1693520 624
1693530 624
1693540 623
1693550 623
1693560 623
1693570 622
1693580 622
1693590 621
1693600 621
1693610 620
1693620 620
1693630 619
1693640 619
1693650 619
1693660 619
1693670 618
1693680 617
1693690 617
1693700 617
1693710 616
1693720 616
1693730 615
1693740 615
1693750 614
1693760 614
1693770 613
1693780 613
1693790 612
1693800 612
1693810 611
1693820 611
1693830 611
1693840 611
1693850 610
1693860 610
1693870 609
1693880 609
1693890 609
1693900 609
1693910 608
1693920 608
1693930 608
1693940 608
1693950 608
1693960 608
1693970 607
1693980 607
1693990 607
1694000 607
1694010 606
1694020 606
1694030 606
1694040 606
1694050 606
1694060 606
1694070 605
1694080 605
1694090 605
1694100 604
1694110 604
1694120 605
1694130 605
1694140 605
1694150 605
1694160 605
1694170 606
1694180 606
1694190 606
1694200 606
1694210 606
1694220 606
1694230 606
1694240 606
1694250 605
1694260 605
1694270 605
1694280 605
1694290 605
1694300 604
1694310 604
1694320 604
1694330 604
1694340 603
1694350 603
1694360 603
1694370 603
1694380 602
1694390 602
1694400 602
1694410 602
1694420 601
1694430 601
1694440 601
1694450 601
1694460 601
1694470 601
1694480 601
1694490 600
1694500 600
1694510 600
1694520 600
1694530 600
1694540 600
1694550 600
1694560 600
1694570 600
1694580 599
1694590 599
1694600 599
1694610 599
1694620 599
1694630 599
1694640 598
1694650 598
1694660 598
1694670 598
1694680 598
1694690 598
1694700 598
1694710 598
1694720 598
1694730 598
1694740 598
1694750 598
1694760 597
1694770 597
1694780 597
1694790 597
1694800 597
1694810 597
1694820 597
1694830 597
1694840 597
1694850 597
1694860 597
1694870 597
1694880 597
1694890 597
1694900 597
1694910 597
1694920 597
1694930 597
1694940 596
1694950 596
1694960 596
1694970 595
1694980 595
1694990 594
1695000 594
1695010 594
1695020 594
1695030 594
1695040 595
1695050 596
1695060 597
1695070 598
1695080 598
1695090 599
1695100 599
1695110 600
1695120 600
1695130 601
1695140 601
1695150 601
1695160 602
1695170 602
1695180 603
1695190 603
1695200 603
1695210 604
1695220 604
1695230 604
1695240 604
1695250 605
1695260 605
1695270 605
1695280 605
1695290 605
1695300 605
1695310 605
1695320 605
1695330 606
1695340 606
1695350 606
1695360 606
1695370 606
1695380 606
1695390 606
1695400 606
1695410 606
1695420 607
1695430 607
1695440 607
1695450 607
1695460 607
1695470 607
1695480 607
1695490 607
1695500 607
1695510 607
1695520 607
1695530 607
1695540 607
1695550 607
1695560 607
1695570 608
1695580 608
1695590 608
1695600 608
1695610 608
1695620 608
1695630 608
1695640 608
1695650 608
1695660 607
1695670 607
1695680 607
1695690 607
1695700 607
1695710 607
1695720 607
1695730 607
1695740 607
1695750 607
1695760 607
1695770 607
1695780 607
1695790 608
1695800 608
1695810 608
1695820 608
1695830 608
1695840 607
1695850 607
1695860 607
1695870 607
1695880 607
1695890 607
1695900 607
1695910 607
1695920 607
1695930 607
1695940 607
1695950 607
1695960 607
1695970 607
1695980 607
1695990 606
1696000 606
1696010 606
1696020 606
1696030 606
1696040 606
1696050 606
1696060 606
1696070 606
1696080 605
1696090 605
1696100 605
1696110 605
1696120 605
1696130 605
1696140 605
1696150 604
1696160 604
1696170 604
1696180 604
1696190 604
1696200 604
1696210 604
1696220 604
1696230 604
1696240 604
1696250 604
1696260 604
1696270 604
1696280 603
1696290 603
1696300 603
1696310 603
1696320 602
1696330 602
1696340 602
1696350 602
1696360 602
1696370 602
1696380 602
1696390 602
1696400 603
1696410 603
1696420 603
1696430 604
1696440 604
1696450 605
1696460 605
1696470 605
1696480 606
1696490 606
1696500 607
1696510 608
1696520 608
1696530 609
1696540 610
1696550 610
1696560 611
1696570 611
1696580 612
1696590 613
1696600 613
1696610 614
1696620 615
1696630 616
1696640 617
1696650 617
1696660 618
1696670 619
1696680 620
1696690 621
1696700 622
1696710 623
1696720 624
1696730 624
1696740 625
1696750 626
1696760 627
1696770 627
1696780 628
1696790 628
1696800 629
1696810 629
1696820 630
1696830 630
1696840 630
1696850 630
1696860 630
1696870 630
1696880 630
1696890 630
1696900 630
1696910 629
1696920 629
1696930 629
1696940 628
1696950 628
1696960 628
1696970 627
1696980 627
1696990 627
1697000 626
1697010 626
1697020 626
1697030 626
1697040 626
1697050 625
1697060 625
1697070 625
1697080 625
1697090 624
1697100 624
1697110 624
1697120 624
1697130 623
1697140 623
1697150 623
1697160 623
1697170 623
1697180 622
1697190 622
1697200 622
1697210 622
1697220 622
1697230 621
1697240 621
1697250 621
1697260 621
1697270 621
1697280 621
1697290 621
1697300 621
1697310 620
1697320 620
1697330 620
1697340 620
1697350 619
1697360 619
1697370 619
1697380 618
1697390 618
1697400 618
1697410 618
1697420 617
1697430 617
1697440 618
1697450 619
1697460 620
1697470 621
1697480 622
1697490 623
1697500 623
1697510 624
1697520 624
1697530 624
1697540 625
1697550 625
1697560 625
1697570 625
1697580 625
1697590 624
1697600 624
1697610 624
1697620 623
1697630 623
1697640 622
1697650 622
1697660 621
1697670 621
1697680 621
1697690 621
1697700 621
1697710 621
1697720 620
1697730 620
1697740 620
1697750 619
1697760 619
1697770 619
1697780 618
1697790 618
1697800 617
1697810 617
1697820 617
1697830 616
1697840 616
1697850 616
1697860 616
1697870 615
1697880 615
1697890 615
1697900 615
1697910 614
1697920 614
1697930 614
1697940 614
1697950 614
1697960 613
1697970 613
1697980 613
1697990 613
1698000 613
1698010 612
1698020 612
1698030 612
1698040 612
1698050 612
1698060 612
1698070 612
1698080 612
1698090 612
1698100 612
1698110 612
1698120 612
1698130 612
1698140 612
1698150 612
1698160 612
1698170 612
1698180 612
1698190 612
1698200 612
1698210 612
1698220 612
1698230 613
1698240 613
1698250 614
1698260 614
1698270 615
1698280 616
1698290 616
1698300 617
1698310 617
1698320 618
1698330 618
1698340 618
1698350 619
1698360 619
1698370 619
1698380 619
1698390 618
1698400 618
1698410 617
1698420 617
1698430 616
1698440 615
1698450 614
1698460 614
1698470 613
1698480 612
1698490 612
1698500 611
1698510 611
1698520 610
1698530 610
1698540 609
1698550 609
1698560 608
1698570 608
1698580 608
1698590 607
1698600 607
1698610 606
1698620 606
1698630 606
1698640 606
1698650 605
1698660 605
1698670 605
1698680 605
1698690 604
1698700 604
1698710 603
1698720 603
1698730 603
1698740 602
1698750 602
1698760 602
1698770 601
1698780 601
1698790 601
1698800 601
1698810 600
1698820 600
1698830 600
1698840 599
1698850 599
1698860 599
1698870 598
1698880 598
1698890 597
1698900 597
1698910 597
1698920 596
1698930 596
1698940 596
1698950 595
1698960 595
1698970 594
1698980 594
1698990 594
1699000 594
1699010 593
1699020 593
1699030 593
1699040 593
1699050 593
1699060 593
1699070 593
1699080 594
1699090 594
1699100 595
1699110 595
1699120 594
1699130 593
1699140 593
1699150 593
1699160 592
1699170 592
1699180 592
1699190 591
1699200 591
1699210 590
1699220 590
1699230 589
1699240 588
1699250 588
1699260 588
1699270 587
1699280 587
1699290 587
1699300 587
1699310 587
1699320 586
1699330 585
1699340 585
1699350 584
1699360 584
1699370 584
1699380 584
1699390 583
1699400 582
1699410 581
1699420 581
1699430 580
1699440 580
1699450 580
1699460 580
1699470 579
1699480 579
1699490 578
1699500 578
1699510 577
1699520 576
1699530 577
1699540 577
1699550 576
1699560 575
1699570 574
1699580 574
1699590 573
1699600 573
1699610 572
1699620 572
1699630 572
1699640 571
1699650 572
1699660 572
1699670 573
1699680 574
1699690 574
1699700 574
1699710 574
1699720 574
1699730 575
1699740 575
1699750 575
1699760 576
1699770 576
1699780 576
1699790 577
1699800 577
1699810 577
1699820 577
1699830 577
1699840 576
1699850 576
1699860 576
1699870 576
1699880 576
1699890 576
1699900 576
1699910 576
1699920 576
1699930 576
1699940 575
1699950 575
1699960 575
1699970 575
1699980 574
1699990 574
