1680000 668
1680010 668
1680020 668
1680030 668
1680040 669
1680050 669
1680060 669
1680070 670
1680080 670
1680090 671
1680100 671
1680110 672
1680120 673
1680130 674
1680140 674
1680150 675
1680160 675
1680170 675
1680180 675
1680190 676
1680200 676
1680210 676
1680220 677
1680230 677
1680240 677
1680250 677
1680260 677
1680270 676
1680280 676
1680290 675
1680300 675
1680310 675
1680320 675
1680330 675
1680340 675
1680350 674
1680360 674
1680370 674
1680380 674
1680390 673
1680400 673
1680410 673
1680420 673
1680430 673
1680440 673
1680450 673
1680460 673
1680470 673
1680480 673
1680490 674
1680500 674
1680510 674
1680520 674
1680530 674
1680540 674
1680550 674
1680560 675
1680570 675
1680580 675
1680590 675
1680600 675
1680610 676
1680620 676
1680630 676
1680640 676
1680650 677
1680660 677
1680670 677
1680680 677
1680690 677
1680700 677
1680710 678
1680720 678
1680730 678
1680740 678
1680750 678
1680760 678
1680770 678
1680780 678
1680790 678
1680800 679
1680810 679
1680820 679
1680830 679
1680840 679
1680850 680
1680860 680
1680870 680
1680880 680
1680890 680
1680900 681
1680910 681
1680920 681
1680930 681
1680940 681
1680950 681
1680960 681
1680970 681
1680980 681
1680990 681
1681000 680
1681010 680
1681020 680
1681030 679
1681040 679
1681050 679
1681060 679
1681070 678
1681080 678
1681090 678
1681100 677
1681110 677
1681120 677
1681130 677
1681140 677
1681150 677
1681160 676
1681170 676
1681180 676
1681190 676
1681200 675
1681210 675
1681220 675
1681230 675
1681240 675
1681250 675
1681260 674
1681270 674
1681280 674
1681290 674
1681300 674
1681310 674
1681320 674
1681330 673
1681340 673
1681350 673
1681360 673
1681370 673
1681380 673
1681390 673
1681400 673
1681410 673
1681420 673
1681430 673
1681440 673
1681450 673
1681460 673
1681470 673
1681480 673
1681490 673
1681500 673
1681510 673
1681520 672
1681530 672
1681540 672
1681550 672
1681560 672
1681570 672
1681580 672
1681590 672
1681600 672
1681610 672
1681620 672
1681630 671
1681640 671
1681650 671
1681660 671
1681670 671
1681680 671
1681690 671
1681700 671
1681710 671
1681720 671
1681730 670
1681740 670
1681750 670
1681760 670
1681770 670
1681780 669
1681790 669
1681800 669
1681810 669
1681820 669
1681830 669
1681840 669
1681850 668
1681860 668
1681870 668
1681880 668
1681890 668
1681900 668
1681910 667
1681920 667
1681930 667
1681940 667
1681950 667
1681960 666
1681970 666
1681980 666
1681990 666
1682000 666
1682010 666
1682020 665
1682030 665
1682040 665
1682050 665
1682060 665
1682070 665
1682080 665
1682090 664
1682100 664
1682110 664
1682120 664
1682130 664
1682140 664
1682150 664
1682160 664
1682170 663
1682180 663
1682190 663
1682200 663
1682210 663
1682220 662
1682230 662
1682240 662
1682250 662
1682260 662
1682270 662
1682280 662
1682290 661
1682300 661
1682310 661
1682320 661
1682330 660
1682340 660
1682350 660
1682360 660
1682370 660
1682380 659
1682390 659
1682400 659
1682410 658
1682420 658
1682430 658
1682440 658
1682450 658
1682460 658
1682470 657
1682480 657
1682490 657
1682500 657
1682510 657
1682520 657
1682530 657
1682540 656
1682550 656
1682560 656
1682570 655
1682580 655
1682590 655
1682600 654
1682610 654
1682620 654
1682630 654
1682640 653
1682650 653
1682660 653
1682670 653
1682680 653
1682690 652
1682700 652
1682710 652
1682720 652
1682730 652
1682740 652
1682750 651
1682760 651
1682770 651
1682780 651
1682790 651
1682800 651
1682810 650
1682820 650
1682830 650
1682840 650
1682850 650
1682860 650
1682870 650
1682880 650
1682890 650
1682900 650
1682910 650
1682920 650
1682930 650
1682940 649
1682950 649
1682960 649
1682970 649
1682980 649
1682990 649
1683000 649
1683010 649
1683020 649
1683030 648
1683040 648
1683050 648
1683060 648
1683070 648
1683080 648
1683090 647
1683100 647
1683110 647
1683120 647
1683130 647
1683140 647
1683150 647
1683160 647
1683170 647
1683180 647
1683190 647
1683200 647
1683210 647
1683220 647
1683230 647
1683240 647
1683250 647
1683260 647
1683270 647
1683280 647
1683290 647
1683300 647
1683310 647
1683320 647
1683330 647
1683340 647
1683350 647
1683360 647
1683370 647
1683380 647
1683390 646
1683400 646
1683410 646
1683420 646
1683430 646
1683440 646
1683450 646
1683460 646
1683470 645
1683480 645
1683490 645
1683500 645
1683510 645
1683520 644
1683530 644
1683540 644
1683550 644
1683560 644
1683570 643
1683580 643
1683590 643
1683600 643
1683610 642
1683620 642
1683630 642
1683640 641
1683650 641
1683660 641
1683670 641
1683680 640
1683690 640
1683700 639
1683710 639
1683720 639
1683730 638
1683740 638
1683750 637
1683760 637
1683770 636
1683780 636
1683790 635
1683800 635
1683810 634
1683820 634
1683830 634
1683840 633
1683850 633
1683860 633
1683870 632
1683880 632
1683890 631
1683900 631
1683910 631
1683920 630
1683930 630
1683940 629
1683950 629
1683960 629
1683970 628
1683980 627
1683990 626
1684000 625
1684010 625
1684020 625
1684030 625
1684040 624
1684050 624
1684060 623
1684070 623
1684080 623
1684090 622
1684100 622
1684110 621
1684120 621
1684130 620
1684140 620
1684150 620
1684160 620
1684170 621
1684180 622
1684190 622
1684200 623
1684210 623
1684220 624
1684230 625
1684240 626
1684250 625
1684260 625
1684270 625
1684280 625
1684290 625
1684300 626
1684310 626
1684320 626
1684330 626
1684340 626
1684350 626
1684360 626
1684370 627
1684380 627
1684390 627
1684400 627
1684410 627
1684420 627
1684430 628
1684440 628
1684450 628
1684460 628
1684470 629
1684480 629
1684490 629
1684500 630
1684510 630
1684520 630
1684530 631
1684540 631
1684550 631
1684560 632
1684570 632
1684580 632
1684590 633
1684600 634
1684610 634
1684620 634
1684630 634
1684640 634
1684650 635
1684660 635
1684670 635
1684680 636
1684690 636
1684700 636
1684710 636
1684720 636
1684730 636
1684740 636
1684750 636
1684760 636
1684770 636
1684780 636
1684790 636
1684800 637
1684810 637
1684820 637
1684830 636
1684840 636
1684850 636
1684860 636
1684870 636
1684880 636
1684890 636
1684900 636
1684910 636
1684920 636
1684930 636
1684940 636
1684950 636
1684960 636
1684970 636
1684980 635
1684990 635
1685000 635
1685010 635
1685020 635
1685030 635
1685040 635
1685050 635
1685060 635
1685070 635
1685080 635
1685090 634
1685100 634
1685110 634
1685120 634
1685130 634
1685140 634
1685150 634
1685160 634
1685170 633
1685180 633
1685190 633
1685200 633
1685210 633
1685220 633
1685230 632
1685240 632
1685250 632
1685260 632
1685270 632
1685280 632
1685290 632
1685300 632
1685310 631
1685320 631
1685330 631
1685340 631
1685350 630
1685360 630
1685370 630
1685380 629
1685390 629
1685400 629
1685410 629
1685420 628
1685430 628
1685440 628
1685450 627
1685460 627
1685470 627
1685480 627
1685490 626
1685500 626
1685510 626
1685520 625
1685530 625
1685540 625
1685550 624
1685560 624
1685570 624
1685580 623
1685590 623
1685600 623
1685610 622
1685620 622
1685630 621
1685640 620
1685650 620
1685660 619
1685670 618
1685680 617
1685690 617
1685700 616
1685710 616
1685720 615
1685730 615
1685740 614
1685750 614
1685760 614
1685770 615
1685780 615
1685790 616
1685800 617
1685810 617
1685820 618
1685830 618
1685840 618
1685850 619
1685860 619
1685870 620
1685880 621
1685890 622
1685900 623
1685910 624
1685920 625
1685930 627
1685940 628
1685950 628
1685960 629
1685970 630
1685980 631
1685990 631
1686000 631
1686010 631
1686020 632
1686030 632
1686040 632
1686050 632
1686060 633
1686070 633
1686080 633
1686090 634
1686100 634
1686110 634
1686120 634
1686130 634
1686140 634
1686150 634
1686160 634
1686170 635
1686180 635
1686190 635
1686200 635
1686210 635
1686220 635
1686230 635
1686240 635
1686250 635
1686260 635
1686270 635
1686280 635
1686290 635
1686300 635
1686310 635
1686320 635
1686330 636
1686340 636
1686350 636
1686360 636
1686370 636
1686380 636
1686390 636
1686400 636
1686410 636
1686420 636
1686430 636
1686440 636
1686450 636
1686460 636
1686470 636
1686480 636
1686490 636
1686500 636
1686510 636
1686520 636
1686530 636
1686540 636
1686550 636
1686560 636
1686570 636
1686580 636
1686590 636
1686600 636
1686610 636
1686620 636
1686630 636
1686640 636
1686650 636
1686660 636
1686670 636
1686680 636
1686690 636
1686700 635
1686710 635
1686720 635
1686730 635
1686740 635
1686750 635
1686760 635
1686770 635
1686780 635
1686790 634
1686800 634
1686810 634
1686820 634
1686830 634
1686840 634
1686850 633
1686860 633
1686870 633
1686880 633
1686890 633
1686900 633
1686910 633
1686920 633
1686930 633
1686940 633
1686950 633
1686960 633
1686970 632
1686980 632
1686990 632
1687000 632
1687010 632
1687020 632
1687030 631
1687040 631
1687050 631
1687060 631
1687070 631
1687080 631
1687090 631
1687100 631
1687110 630
1687120 630
1687130 630
1687140 630
1687150 630
1687160 629
1687170 629
1687180 629
1687190 629
1687200 629
1687210 628
1687220 628
1687230 628
1687240 628
1687250 628
1687260 627
1687270 627
1687280 627
1687290 627
1687300 627
1687310 627
1687320 626
1687330 626
1687340 625
1687350 625
1687360 625
1687370 624
1687380 624
1687390 624
1687400 624
1687410 623
1687420 623
1687430 623
1687440 623
1687450 622
1687460 622
1687470 622
1687480 622
1687490 621
1687500 621
1687510 621
1687520 621
1687530 621
1687540 621
1687550 620
1687560 620
1687570 620
1687580 620
1687590 620
1687600 619
1687610 619
1687620 619
1687630 619
1687640 619
1687650 618
1687660 618
1687670 618
1687680 618
1687690 618
1687700 617
1687710 617
1687720 617
1687730 616
1687740 616
1687750 616
1687760 616
1687770 616
1687780 615
1687790 615
1687800 615
1687810 614
1687820 614
1687830 613
1687840 612
1687850 612
1687860 612
1687870 612
1687880 613
1687890 612
1687900 611
1687910 611
1687920 610
1687930 610
1687940 610
1687950 610
1687960 610
1687970 610
1687980 610
1687990 610
1688000 610
1688010 610
1688020 610
1688030 609
1688040 609
1688050 609
1688060 608
1688070 608
1688080 607
1688090 607
1688100 607
1688110 607
1688120 607
1688130 607
1688140 607
1688150 607
1688160 606
1688170 606
1688180 606
1688190 606
1688200 606
1688210 606
1688220 605
1688230 605
1688240 605
1688250 605
1688260 605
1688270 605
1688280 605
1688290 605
1688300 605
1688310 605
1688320 605
1688330 605
1688340 605
1688350 605
1688360 605
1688370 605
1688380 605
1688390 605
1688400 605
1688410 605
1688420 605
1688430 605
1688440 605
1688450 604
1688460 604
1688470 604
1688480 604
1688490 603
1688500 603
1688510 603
1688520 603
1688530 603
1688540 603
1688550 602
1688560 602
1688570 602
1688580 602
1688590 602
1688600 602
1688610 602
1688620 602
1688630 601
1688640 601
1688650 601
1688660 601
1688670 601
1688680 601
1688690 601
1688700 601
1688710 601
1688720 601
1688730 600
1688740 600
1688750 600
1688760 600
1688770 599
1688780 599
1688790 599
1688800 598
1688810 598
1688820 598
1688830 598
1688840 597
1688850 597
1688860 597
1688870 597
1688880 596
1688890 596
1688900 596
1688910 595
1688920 595
1688930 595
1688940 594
1688950 594
1688960 594
1688970 593
1688980 593
1688990 592
1689000 592
1689010 592
1689020 592
1689030 591
1689040 591
1689050 591
1689060 590
1689070 590
1689080 590
1689090 589
1689100 589
1689110 589
1689120 589
1689130 589
1689140 588
1689150 588
1689160 588
1689170 588
1689180 588
1689190 588
1689200 587
1689210 587
1689220 587
1689230 587
1689240 586
1689250 586
1689260 586
1689270 585
1689280 585
1689290 585
1689300 585
1689310 584
1689320 584
1689330 584
1689340 584
1689350 584
1689360 583
1689370 583
1689380 583
1689390 583
1689400 583
1689410 583
1689420 583
1689430 583
1689440 582
1689450 581
1689460 580
1689470 579
1689480 578
1689490 576
1689500 575
1689510 574
1689520 573
1689530 573
1689540 573
1689550 573
1689560 573
1689570 574
1689580 575
1689590 578
1689600 581
1689610 584
1689620 585
1689630 586
1689640 586
1689650 586
1689660 586
1689670 586
1689680 586
1689690 586
1689700 585
1689710 585
1689720 585
1689730 585
1689740 585
1689750 585
1689760 585
1689770 584
1689780 584
1689790 584
1689800 584
1689810 583
1689820 583
1689830 583
1689840 583
1689850 583
1689860 583
1689870 582
1689880 582
1689890 582
1689900 582
1689910 582
1689920 582
1689930 582
1689940 582
1689950 582
1689960 582
1689970 582
1689980 581
1689990 581
1690000 581
1690010 581
1690020 581
1690030 581
1690040 581
1690050 581
1690060 580
1690070 580
1690080 580
1690090 580
1690100 580
1690110 580
1690120 580
1690130 580
1690140 579
1690150 579
1690160 579
1690170 579
1690180 579
1690190 579
1690200 579
1690210 578
1690220 578
1690230 578
1690240 578
1690250 578
1690260 578
1690270 577
1690280 577
1690290 577
1690300 577
1690310 577
1690320 577
1690330 576
1690340 576
1690350 576
1690360 576
1690370 576
1690380 576
1690390 575
1690400 575
1690410 575
1690420 575
1690430 574
1690440 573
1690450 572
1690460 571
1690470 571
1690480 571
1690490 572
1690500 572
1690510 573
1690520 573
1690530 573
1690540 573
1690550 573
1690560 572
1690570 571
1690580 569
1690590 567
1690600 565
1690610 565
1690620 565
1690630 565
1690640 564
1690650 564
1690660 564
1690670 564
1690680 564
1690690 564
1690700 565
1690710 566
1690720 567
1690730 569
1690740 570
1690750 570
1690760 571
1690770 571
1690780 571
1690790 571
1690800 572
1690810 572
1690820 571
1690830 571
1690840 569
1690850 568
1690860 567
1690870 566
1690880 566
1690890 566
1690900 565
1690910 566
1690920 568
1690930 571
1690940 574
1690950 577
1690960 579
1690970 581
1690980 583
1690990 585
1691000 586
1691010 587
1691020 588
1691030 588
1691040 589
1691050 590
1691060 591
1691070 591
1691080 591
1691090 592
1691100 592
1691110 592
1691120 593
1691130 593
1691140 593
1691150 593
1691160 594
1691170 594
1691180 595
1691190 596
1691200 596
1691210 596
1691220 595
1691230 595
1691240 594
1691250 593
1691260 593
1691270 592
1691280 591
1691290 590
1691300 590
1691310 589
1691320 589
1691330 588
1691340 588
1691350 588
1691360 587
1691370 587
1691380 587
1691390 587
1691400 586
1691410 586
1691420 586
1691430 585
1691440 585
1691450 585
1691460 585
1691470 584
1691480 584
1691490 584
1691500 584
1691510 583
1691520 583
1691530 583
1691540 583
1691550 583
1691560 582
1691570 582
1691580 582
1691590 582
1691600 582
1691610 582
1691620 582
1691630 582
1691640 582
1691650 582
1691660 581
1691670 581
1691680 581
1691690 581
1691700 581
1691710 580
1691720 580
1691730 579
1691740 578
1691750 577
1691760 576
1691770 576
1691780 575
1691790 575
1691800 574
1691810 574
1691820 574
1691830 573
1691840 573
1691850 574
1691860 575
1691870 577
1691880 580
1691890 584
1691900 587
1691910 589
1691920 591
1691930 591
1691940 591
1691950 591
1691960 591
1691970 592
1691980 592
1691990 593
1692000 594
1692010 595
1692020 596
1692030 596
1692040 597
1692050 597
1692060 597
1692070 598
1692080 598
1692090 598
1692100 598
1692110 599
1692120 599
1692130 599
1692140 599
1692150 600
1692160 600
1692170 600
1692180 601
1692190 601
1692200 601
1692210 601
1692220 601
1692230 601
1692240 601
1692250 601
1692260 601
1692270 601
1692280 601
1692290 601
1692300 601
1692310 601
1692320 601
1692330 601
1692340 601
1692350 601
1692360 601
1692370 601
1692380 601
1692390 602
1692400 602
1692410 602
1692420 602
1692430 602
1692440 602
1692450 602
1692460 602
1692470 602
1692480 602
1692490 603
1692500 603
1692510 603
1692520 602
1692530 602
1692540 602
1692550 602
1692560 602
1692570 601
1692580 601
1692590 601
1692600 601
1692610 601
1692620 601
1692630 601
1692640 600
1692650 600
1692660 600
1692670 600
1692680 600
1692690 600
1692700 600
1692710 599
1692720 599
1692730 599
1692740 599
1692750 599
1692760 599
1692770 599
1692780 599
1692790 600
1692800 600
1692810 600
1692820 600
1692830 600
1692840 600
1692850 600
1692860 600
1692870 600
1692880 600
1692890 600
1692900 600
1692910 600
1692920 600
1692930 599
1692940 599
1692950 599
1692960 599
1692970 599
1692980 599
1692990 599
1693000 599
1693010 599
1693020 599
1693030 599
1693040 599
1693050 599
1693060 599
1693070 598
1693080 598
1693090 598
1693100 598
1693110 599
1693120 598
1693130 597
1693140 597
1693150 597
1693160 596
1693170 596
1693180 595
1693190 595
1693200 595
1693210 594
1693220 594
1693230 594
1693240 593
1693250 593
1693260 593
1693270 592
1693280 591
1693290 591
1693300 590
1693310 590
1693320 589
1693330 589
1693340 588
1693350 588
1693360 588
1693370 588
1693380 588
1693390 587
1693400 587
1693410 587
1693420 586
1693430 586
1693440 585
1693450 584
1693460 583
1693470 582
1693480 581
1693490 580
1693500 580
1693510 579
1693520 579
1693530 578
1693540 577
1693550 577
1693560 577
1693570 577
1693580 577
1693590 577
1693600 577
1693610 577
1693620 577
1693630 577
1693640 578
1693650 578
1693660 578
1693670 578
1693680 578
1693690 578
1693700 577
1693710 577
1693720 577
1693730 577
1693740 578
1693750 578
1693760 579
1693770 579
1693780 578
1693790 578
1693800 578
1693810 578
1693820 577
1693830 577
1693840 577
1693850 577
1693860 577
1693870 577
1693880 577
1693890 577
1693900 577
1693910 576
1693920 576
1693930 576
1693940 577
1693950 576
1693960 576
1693970 576
1693980 576
1693990 575
1694000 575
1694010 574
1694020 574
1694030 573
1694040 574
1694050 574
1694060 575
1694070 576
1694080 576
1694090 577
1694100 578
1694110 578
1694120 578
1694130 578
1694140 578
1694150 578
1694160 578
1694170 578
1694180 578
1694190 578
1694200 578
1694210 578
1694220 579
1694230 579
1694240 579
1694250 579
1694260 579
1694270 579
1694280 579
1694290 579
1694300 579
1694310 579
1694320 579
1694330 579
1694340 579
1694350 579
1694360 580
1694370 580
1694380 580
1694390 580
1694400 580
1694410 581
1694420 580
1694430 580
1694440 580
1694450 579
1694460 579
1694470 579
1694480 578
1694490 578
1694500 578
1694510 577
1694520 577
1694530 577
1694540 577
1694550 576
1694560 576
1694570 576
1694580 576
1694590 576
1694600 575
1694610 575
1694620 575
1694630 575
1694640 575
1694650 575
1694660 575
1694670 575
1694680 575
1694690 575
1694700 575
1694710 574
1694720 574
1694730 574
1694740 575
1694750 575
1694760 575
1694770 575
1694780 575
1694790 575
1694800 575
1694810 574
1694820 574
1694830 574
1694840 573
1694850 573
1694860 573
1694870 573
1694880 573
1694890 573
1694900 573
1694910 573
1694920 572
1694930 572
1694940 572
1694950 572
1694960 572
1694970 571
1694980 571
1694990 571
1695000 570
1695010 570
1695020 570
1695030 569
1695040 569
1695050 569
1695060 568
1695070 568
1695080 568
1695090 568
1695100 568
1695110 567
1695120 567
1695130 567
1695140 566
1695150 566
1695160 565
1695170 565
1695180 565
1695190 564
1695200 564
1695210 564
1695220 564
1695230 564
1695240 564
1695250 564
1695260 564
1695270 564
1695280 563
1695290 563
1695300 563
1695310 562
1695320 562
1695330 562
1695340 562
1695350 561
1695360 561
1695370 561
1695380 560
1695390 560
1695400 560
1695410 560
1695420 560
1695430 559
1695440 559
1695450 558
1695460 558
1695470 558
1695480 557
1695490 557
1695500 557
1695510 557
1695520 556
1695530 556
1695540 556
1695550 556
1695560 556
1695570 555
1695580 555
1695590 555
1695600 555
1695610 555
1695620 554
1695630 554
1695640 554
1695650 554
1695660 554
1695670 554
1695680 553
1695690 553
1695700 553
1695710 553
1695720 553
1695730 553
1695740 553
1695750 553
1695760 553
1695770 553
1695780 553
1695790 554
1695800 554
1695810 554
1695820 554
1695830 554
1695840 554
1695850 554
1695860 554
1695870 554
1695880 554
1695890 554
1695900 555
1695910 555
1695920 555
1695930 555
1695940 554
1695950 554
1695960 554
1695970 554
1695980 554
1695990 554
1696000 554
1696010 554
1696020 554
1696030 553
1696040 553
1696050 553
1696060 553
1696070 553
1696080 553
1696090 553
1696100 553
1696110 553
1696120 553
1696130 552
1696140 552
1696150 552
1696160 552
1696170 552
1696180 552
1696190 552
1696200 552
1696210 552
1696220 552
1696230 552
1696240 552
1696250 551
1696260 551
1696270 551
1696280 551
1696290 551
1696300 551
1696310 550
1696320 550
1696330 550
1696340 550
1696350 550
1696360 550
1696370 550
1696380 551
1696390 551
1696400 551
1696410 552
1696420 552
1696430 552
1696440 553
1696450 553
1696460 553
1696470 553
1696480 554
1696490 554
1696500 554
1696510 554
1696520 554
1696530 555
1696540 555
1696550 555
1696560 555
1696570 555
1696580 556
1696590 556
1696600 556
1696610 557
1696620 557
1696630 557
1696640 557
1696650 557
1696660 558
1696670 558
1696680 558
1696690 558
1696700 558
1696710 558
1696720 558
1696730 558
1696740 558
1696750 558
1696760 557
1696770 557
1696780 557
1696790 557
1696800 557
1696810 557
1696820 557
1696830 557
1696840 557
1696850 557
1696860 557
1696870 557
1696880 557
1696890 557
1696900 557
1696910 556
1696920 556
1696930 556
1696940 556
1696950 556
1696960 555
1696970 555
1696980 555
1696990 554
1697000 554
1697010 554
1697020 554
1697030 554
1697040 553
1697050 553
1697060 553
1697070 553
1697080 553
1697090 553
1697100 553
1697110 553
1697120 553
1697130 553
1697140 553
1697150 553
1697160 553
1697170 553
1697180 553
1697190 553
1697200 552
1697210 552
1697220 552
1697230 552
1697240 552
1697250 553
1697260 553
1697270 553
1697280 553
1697290 553
1697300 553
1697310 553
1697320 554
1697330 554
1697340 553
1697350 553
1697360 553
1697370 553
1697380 553
1697390 554
1697400 554
1697410 555
1697420 555
1697430 555
1697440 555
1697450 555
1697460 555
1697470 556
1697480 556
1697490 555
1697500 555
1697510 555
1697520 555
1697530 554
1697540 554
1697550 554
1697560 553
1697570 553
1697580 553
1697590 552
1697600 552
1697610 552
1697620 552
1697630 551
1697640 551
1697650 551
1697660 551
1697670 550
1697680 550
1697690 550
1697700 550
1697710 549
1697720 549
1697730 549
1697740 548
1697750 548
1697760 548
1697770 547
1697780 547
1697790 547
1697800 546
1697810 546
1697820 546
1697830 546
1697840 545
1697850 545
1697860 545
1697870 544
1697880 544
1697890 544
1697900 544
1697910 544
1697920 544
1697930 543
1697940 543
1697950 543
1697960 543
1697970 543
1697980 543
1697990 543
1698000 543
1698010 543
1698020 543
1698030 543
1698040 543
1698050 543
1698060 543
1698070 543
1698080 543
1698090 543
1698100 543
1698110 542
1698120 542
1698130 542
1698140 541
1698150 541
1698160 541
1698170 540
1698180 540
1698190 540
1698200 539
1698210 539
1698220 539
1698230 539
1698240 538
1698250 538
1698260 538
1698270 538
1698280 537
1698290 537
1698300 537
1698310 537
1698320 537
1698330 536
1698340 536
1698350 536
1698360 536
1698370 535
1698380 535
1698390 535
1698400 535
1698410 534
1698420 534
1698430 534
1698440 534
1698450 533
1698460 533
1698470 533
1698480 532
1698490 532
1698500 532
1698510 531
1698520 531
1698530 531
1698540 530
1698550 530
1698560 530
1698570 529
1698580 529
1698590 528
1698600 528
1698610 527
1698620 527
1698630 527
1698640 526
1698650 526
1698660 526
1698670 525
1698680 525
1698690 525
1698700 525
1698710 524
1698720 524
1698730 524
1698740 524
1698750 524
1698760 524
1698770 524
1698780 523
1698790 523
1698800 523
1698810 522
1698820 522
1698830 522
1698840 521
1698850 521
1698860 521
1698870 520
1698880 520
1698890 520
1698900 519
1698910 518
1698920 517
1698930 516
1698940 515
1698950 514
1698960 513
1698970 512
1698980 512
1698990 511
1699000 511
1699010 510
1699020 510
1699030 511
1699040 511
1699050 512
1699060 512
1699070 513
1699080 514
1699090 516
1699100 519
1699110 522
1699120 525
1699130 528
1699140 531
1699150 533
1699160 535
1699170 535
1699180 536
1699190 537
1699200 537
1699210 538
1699220 538
1699230 538
1699240 539
1699250 539
1699260 539
1699270 539
1699280 539
1699290 540
1699300 540
1699310 541
1699320 541
1699330 541
1699340 542
1699350 542
1699360 542
1699370 542
1699380 543
1699390 543
1699400 543
1699410 543
1699420 543
1699430 543
1699440 543
1699450 544
1699460 544
1699470 544
1699480 544
1699490 544
1699500 544
1699510 544
1699520 544
1699530 544
1699540 545
1699550 545
1699560 545
1699570 545
1699580 545
1699590 545
1699600 546
1699610 546
1699620 547
1699630 547
1699640 548
1699650 548
1699660 549
1699670 549
1699680 550
1699690 550
1699700 551
1699710 551
1699720 552
1699730 552
1699740 553
1699750 553
1699760 554
1699770 554
1699780 554
1699790 554
1699800 554
1699810 554
1699820 554
1699830 555
1699840 555
1699850 555
1699860 556
1699870 556
1699880 556
1699890 557
1699900 557
1699910 558
1699920 558
1699930 558
1699940 559
1699950 559
1699960 559
1699970 559
1699980 560
1699990 560
