1680000 630
1680010 630
1680020 630
1680030 629
1680040 629
1680050 629
1680060 629
1680070 628
1680080 628
1680090 627
1680100 626
1680110 626
1680120 626
1680130 625
1680140 625
1680150 624
1680160 623
1680170 623
1680180 622
1680190 622
1680200 621
1680210 621
1680220 620
1680230 619
1680240 618
1680250 618
1680260 617
1680270 618
1680280 619
1680290 620
1680300 623
1680310 626
1680320 628
1680330 628
1680340 628
1680350 628
1680360 629
1680370 629
1680380 629
1680390 630
1680400 631
1680410 632
1680420 633
1680430 633
1680440 634
1680450 634
1680460 634
1680470 634
1680480 634
1680490 634
1680500 634
1680510 634
1680520 633
1680530 633
1680540 633
1680550 632
1680560 632
1680570 631
1680580 631
1680590 630
1680600 630
1680610 630
1680620 630
1680630 629
1680640 629
1680650 629
1680660 629
1680670 629
1680680 629
1680690 629
1680700 629
1680710 629
1680720 629
1680730 630
1680740 631
1680750 631
1680760 632
1680770 632
1680780 632
1680790 633
1680800 633
1680810 633
1680820 633
1680830 634
1680840 634
1680850 634
1680860 634
1680870 634
1680880 634
1680890 634
1680900 634
1680910 634
1680920 634
1680930 634
1680940 634
1680950 634
1680960 634
1680970 634
1680980 635
1680990 635
1681000 635
1681010 634
1681020 634
1681030 634
1681040 634
1681050 634
1681060 634
1681070 634
1681080 634
1681090 635
1681100 635
1681110 635
1681120 635
1681130 635
1681140 635
1681150 635
1681160 635
1681170 635
1681180 635
1681190 635
1681200 635
1681210 635
1681220 635
1681230 635
1681240 635
1681250 635
1681260 635
1681270 634
1681280 634
1681290 634
1681300 633
1681310 633
1681320 632
1681330 632
1681340 631
1681350 631
1681360 630
1681370 630
1681380 629
1681390 629
1681400 629
1681410 628
1681420 628
1681430 628
1681440 628
1681450 627
1681460 627
1681470 626
1681480 626
1681490 625
1681500 625
1681510 626
1681520 626
1681530 627
1681540 627
1681550 628
1681560 629
1681570 630
1681580 631
1681590 632
1681600 633
1681610 634
1681620 635
1681630 636
1681640 637
1681650 637
1681660 638
1681670 639
1681680 639
1681690 640
1681700 640
1681710 640
1681720 641
1681730 641
1681740 641
1681750 642
1681760 642
1681770 642
1681780 643
1681790 643
1681800 643
1681810 644
1681820 644
1681830 644
1681840 645
1681850 645
1681860 645
1681870 646
1681880 646
1681890 646
1681900 646
1681910 647
1681920 647
1681930 647
1681940 647
1681950 647
1681960 648
1681970 648
1681980 648
1681990 648
1682000 648
1682010 648
1682020 649
1682030 649
1682040 649
1682050 649
1682060 649
1682070 649
1682080 649
1682090 649
1682100 649
1682110 649
1682120 649
1682130 649
1682140 649
1682150 649
1682160 649
1682170 649
1682180 649
1682190 649
1682200 649
1682210 649
1682220 648
1682230 648
1682240 648
1682250 648
1682260 648
1682270 647
1682280 647
1682290 647
1682300 647
1682310 647
1682320 646
1682330 646
1682340 646
1682350 646
1682360 646
1682370 646
1682380 646
1682390 645
1682400 645
1682410 645
1682420 645
1682430 645
1682440 645
1682450 645
1682460 645
1682470 645
1682480 645
1682490 644
1682500 644
1682510 644
1682520 644
1682530 644
1682540 644
1682550 643
1682560 643
1682570 643
1682580 643
1682590 643
1682600 643
1682610 643
1682620 643
1682630 643
1682640 643
1682650 643
1682660 642
1682670 642
1682680 642
1682690 642
1682700 642
1682710 642
1682720 642
1682730 642
1682740 642
1682750 642
1682760 642
1682770 642
1682780 641
1682790 641
1682800 641
1682810 641
1682820 641
1682830 641
1682840 641
1682850 640
1682860 640
1682870 639
1682880 639
1682890 639
1682900 639
1682910 639
1682920 640
1682930 641
1682940 641
1682950 641
1682960 642
1682970 642
1682980 643
1682990 643
1683000 643
1683010 644
1683020 644
1683030 644
1683040 644
1683050 644
1683060 645
1683070 645
1683080 645
1683090 645
1683100 645
1683110 646
1683120 646
1683130 646
1683140 646
1683150 646
1683160 646
1683170 646
1683180 646
1683190 646
1683200 646
1683210 646
1683220 646
1683230 646
1683240 646
1683250 646
1683260 647
1683270 647
1683280 647
1683290 647
1683300 647
1683310 647
1683320 647
1683330 647
1683340 647
1683350 647
1683360 647
1683370 647
1683380 647
1683390 647
1683400 647
1683410 647
1683420 647
1683430 647
1683440 647
1683450 647
1683460 647
1683470 647
1683480 647
1683490 647
1683500 647
1683510 647
1683520 647
1683530 647
1683540 647
1683550 647
1683560 647
1683570 647
1683580 647
1683590 647
1683600 647
1683610 647
1683620 647
1683630 647
1683640 647
1683650 647
1683660 647
1683670 647
1683680 646
1683690 646
1683700 646
1683710 646
1683720 646
1683730 646
1683740 647
1683750 647
1683760 647
1683770 647
1683780 647
1683790 647
1683800 647
1683810 647
1683820 647
1683830 648
1683840 648
1683850 648
1683860 648
1683870 648
1683880 648
1683890 648
1683900 648
1683910 648
1683920 648
1683930 648
1683940 648
1683950 648
1683960 648
1683970 648
1683980 648
1683990 648
1684000 648
1684010 648
1684020 648
1684030 648
1684040 647
1684050 647
1684060 647
1684070 647
1684080 647
1684090 647
1684100 647
1684110 647
1684120 647
1684130 647
1684140 646
1684150 646
1684160 646
1684170 646
1684180 646
1684190 646
1684200 646
1684210 646
1684220 646
1684230 646
1684240 645
1684250 645
1684260 645
1684270 645
1684280 645
1684290 645
1684300 645
1684310 645
1684320 645
1684330 645
1684340 645
1684350 645
1684360 645
1684370 645
1684380 645
1684390 644
1684400 644
1684410 644
1684420 644
1684430 644
1684440 644
1684450 644
1684460 644
1684470 644
1684480 644
1684490 644
1684500 644
1684510 643
1684520 643
1684530 643
1684540 643
1684550 643
1684560 643
1684570 643
1684580 643
1684590 643
1684600 643
1684610 643
1684620 643
1684630 643
1684640 642
1684650 642
1684660 642
1684670 642
1684680 642
1684690 642
1684700 642
1684710 642
1684720 641
1684730 641
1684740 641
1684750 641
1684760 641
1684770 641
1684780 641
1684790 641
1684800 641
1684810 640
1684820 640
1684830 640
1684840 640
1684850 640
1684860 640
1684870 640
1684880 640
1684890 639
1684900 639
1684910 639
1684920 639
1684930 639
1684940 639
1684950 639
1684960 638
1684970 638
1684980 638
1684990 638
1685000 637
1685010 637
1685020 637
1685030 637
1685040 637
1685050 636
1685060 636
1685070 636
1685080 636
1685090 636
1685100 635
1685110 635
1685120 635
1685130 635
1685140 635
1685150 634
1685160 634
1685170 634
1685180 633
1685190 633
1685200 633
1685210 632
1685220 632
1685230 632
1685240 632
1685250 632
1685260 631
1685270 631
1685280 631
1685290 631
1685300 631
1685310 630
1685320 630
1685330 630
1685340 629
1685350 629
1685360 629
1685370 629
1685380 628
1685390 628
1685400 628
1685410 628
1685420 627
1685430 627
1685440 627
1685450 627
1685460 626
1685470 626
1685480 626
1685490 626
1685500 626
1685510 626
1685520 626
1685530 625
1685540 625
1685550 625
1685560 625
1685570 625
1685580 625
1685590 625
1685600 625
1685610 624
1685620 624
1685630 624
1685640 624
1685650 624
1685660 624
1685670 623
1685680 623
1685690 623
1685700 623
1685710 623
1685720 623
1685730 623
1685740 622
1685750 622
1685760 622
1685770 622
1685780 622
1685790 622
1685800 621
1685810 621
1685820 621
1685830 620
1685840 620
1685850 620
1685860 620
1685870 620
1685880 619
1685890 619
1685900 619
1685910 619
1685920 618
1685930 618
1685940 617
1685950 616
1685960 615
1685970 615
1685980 614
1685990 614
1686000 614
1686010 614
1686020 613
1686030 613
1686040 613
1686050 613
1686060 613
1686070 613
1686080 613
1686090 613
1686100 613
1686110 613
1686120 613
1686130 613
1686140 613
1686150 612
1686160 612
1686170 612
1686180 612
1686190 612
1686200 612
1686210 611
1686220 611
1686230 611
1686240 611
1686250 611
1686260 611
1686270 610
1686280 610
1686290 610
1686300 610
1686310 610
1686320 610
1686330 610
1686340 609
1686350 609
1686360 609
1686370 609
1686380 609
1686390 609
1686400 609
1686410 609
1686420 609
1686430 609
1686440 608
1686450 608
1686460 608
1686470 608
1686480 608
1686490 608
1686500 608
1686510 608
1686520 608
1686530 607
1686540 607
1686550 607
1686560 607
1686570 607
1686580 607
1686590 606
1686600 606
1686610 606
1686620 606
1686630 606
1686640 606
1686650 606
1686660 606
1686670 606
1686680 606
1686690 606
1686700 606
1686710 606
1686720 606
1686730 606
1686740 606
1686750 606
1686760 606
1686770 606
1686780 606
1686790 606
1686800 606
1686810 606
1686820 606
1686830 606
1686840 606
1686850 606
1686860 607
1686870 607
1686880 607
1686890 607
1686900 606
1686910 606
1686920 606
1686930 606
1686940 606
1686950 606
1686960 606
1686970 606
1686980 605
1686990 605
1687000 605
1687010 605
1687020 605
1687030 605
1687040 605
1687050 604
1687060 604
1687070 604
1687080 604
1687090 603
1687100 603
1687110 603
1687120 603
1687130 603
1687140 602
1687150 602
1687160 602
1687170 602
1687180 602
1687190 602
1687200 602
1687210 602
1687220 602
1687230 602
1687240 602
1687250 602
1687260 602
1687270 602
1687280 602
1687290 602
1687300 601
1687310 601
1687320 601
1687330 601
1687340 601
1687350 601
1687360 601
1687370 601
1687380 601
1687390 600
1687400 600
1687410 600
1687420 600
1687430 600
1687440 599
1687450 599
1687460 599
1687470 598
1687480 598
1687490 598
1687500 597
1687510 597
1687520 597
1687530 597
1687540 597
1687550 597
1687560 597
1687570 597
1687580 597
1687590 596
1687600 596
1687610 596
1687620 597
1687630 597
1687640 597
1687650 598
1687660 599
1687670 600
1687680 600
1687690 601
1687700 601
1687710 601
1687720 600
1687730 600
1687740 600
1687750 599
1687760 599
1687770 599
1687780 600
1687790 601
1687800 601
1687810 602
1687820 602
1687830 603
1687840 603
1687850 604
1687860 604
1687870 605
1687880 605
1687890 606
1687900 606
1687910 607
1687920 607
1687930 608
1687940 608
1687950 608
1687960 609
1687970 609
1687980 609
1687990 609
1688000 610
1688010 610
1688020 611
1688030 611
1688040 612
1688050 613
1688060 613
1688070 613
1688080 614
1688090 614
1688100 614
1688110 614
1688120 614
1688130 614
1688140 614
1688150 614
1688160 614
1688170 614
1688180 614
1688190 614
1688200 614
1688210 615
1688220 615
1688230 615
1688240 615
1688250 615
1688260 616
1688270 616
1688280 616
1688290 616
1688300 616
1688310 617
1688320 617
1688330 617
1688340 617
1688350 618
1688360 618
1688370 618
1688380 618
1688390 618
1688400 619
1688410 619
1688420 619
1688430 619
1688440 620
1688450 620
1688460 620
1688470 620
1688480 621
1688490 621
1688500 621
1688510 621
1688520 621
1688530 622
1688540 622
1688550 622
1688560 622
1688570 622
1688580 622
1688590 622
1688600 622
1688610 622
1688620 622
1688630 622
1688640 622
1688650 622
1688660 622
1688670 622
1688680 622
1688690 622
1688700 622
1688710 622
1688720 622
1688730 622
1688740 622
1688750 622
1688760 623
1688770 623
1688780 623
1688790 623
1688800 623
1688810 623
1688820 623
1688830 623
1688840 623
1688850 623
1688860 623
1688870 623
1688880 623
1688890 623
1688900 623
1688910 623
1688920 623
1688930 623
1688940 623
1688950 623
1688960 623
1688970 623
1688980 624
1688990 624
1689000 623
1689010 623
1689020 623
1689030 623
1689040 623
1689050 623
1689060 623
1689070 623
1689080 624
1689090 624
1689100 624
1689110 624
1689120 624
1689130 624
1689140 624
1689150 624
1689160 624
1689170 624
1689180 624
1689190 624
1689200 624
1689210 624
1689220 623
1689230 623
1689240 623
1689250 623
1689260 623
1689270 623
1689280 623
1689290 623
1689300 623
1689310 623
1689320 623
1689330 623
1689340 623
1689350 623
1689360 623
1689370 623
1689380 623
1689390 623
1689400 623
1689410 623
1689420 623
1689430 623
1689440 623
1689450 622
1689460 622
1689470 622
1689480 622
1689490 621
1689500 621
1689510 621
1689520 620
1689530 620
1689540 620
1689550 620
1689560 620
1689570 619
1689580 619
1689590 619
1689600 619
1689610 618
1689620 618
1689630 618
1689640 617
1689650 617
1689660 617
1689670 616
1689680 616
1689690 615
1689700 615
1689710 614
1689720 614
1689730 614
1689740 613
1689750 613
1689760 612
1689770 612
1689780 611
1689790 611
1689800 611
1689810 610
1689820 610
1689830 609
1689840 609
1689850 609
1689860 608
1689870 608
1689880 608
1689890 608
1689900 608
1689910 608
1689920 608
1689930 608
1689940 608
1689950 608
1689960 608
1689970 608
1689980 608
1689990 608
1690000 608
1690010 608
1690020 608
1690030 608
1690040 608
1690050 608
1690060 607
1690070 607
1690080 606
1690090 606
1690100 607
1690110 607
1690120 607
1690130 607
1690140 607
1690150 608
1690160 608
1690170 608
1690180 609
1690190 609
1690200 610
1690210 610
1690220 610
1690230 610
1690240 610
1690250 610
1690260 610
1690270 611
1690280 611
1690290 611
1690300 611
1690310 611
1690320 611
1690330 612
1690340 612
1690350 612
1690360 612
1690370 612
1690380 612
1690390 613
1690400 613
1690410 613
1690420 613
1690430 613
1690440 613
1690450 613
1690460 613
1690470 613
1690480 613
1690490 614
1690500 614
1690510 614
1690520 614
1690530 614
1690540 615
1690550 615
1690560 615
1690570 615
1690580 615
1690590 615
1690600 616
1690610 616
1690620 616
1690630 617
1690640 617
1690650 617
1690660 618
1690670 618
1690680 619
1690690 619
1690700 619
1690710 620
1690720 620
1690730 620
1690740 621
1690750 621
1690760 622
1690770 622
1690780 622
1690790 623
1690800 623
1690810 623
1690820 623
1690830 624
1690840 624
1690850 624
1690860 624
1690870 624
1690880 625
1690890 625
1690900 625
1690910 625
1690920 626
1690930 625
1690940 625
1690950 625
1690960 626
1690970 626
1690980 626
1690990 626
1691000 626
1691010 626
1691020 626
1691030 627
1691040 627
1691050 627
1691060 627
1691070 627
1691080 627
1691090 627
1691100 628
1691110 628
1691120 628
1691130 628
1691140 628
1691150 628
1691160 629
1691170 629
1691180 629
1691190 629
1691200 629
1691210 629
1691220 629
1691230 629
1691240 629
1691250 629
1691260 629
1691270 629
1691280 630
1691290 630
1691300 630
1691310 630
1691320 630
1691330 630
1691340 630
1691350 630
1691360 630
1691370 631
1691380 631
1691390 631
1691400 631
1691410 631
1691420 631
1691430 631
1691440 631
1691450 631
1691460 631
1691470 631
1691480 631
1691490 631
1691500 631
1691510 630
1691520 630
1691530 630
1691540 630
1691550 630
1691560 630
1691570 629
1691580 629
1691590 629
1691600 629
1691610 629
1691620 629
1691630 629
1691640 628
1691650 628
1691660 628
1691670 628
1691680 628
1691690 628
1691700 628
1691710 628
1691720 627
1691730 627
1691740 627
1691750 627
1691760 627
1691770 627
1691780 627
1691790 626
1691800 626
1691810 626
1691820 626
1691830 626
1691840 626
1691850 625
1691860 625
1691870 625
1691880 625
1691890 624
1691900 624
1691910 624
1691920 624
1691930 623
1691940 623
1691950 623
1691960 622
1691970 622
1691980 621
1691990 621
1692000 620
1692010 620
1692020 620
1692030 619
1692040 619
1692050 618
1692060 618
1692070 618
1692080 617
1692090 617
1692100 617
1692110 617
1692120 616
1692130 616
1692140 616
1692150 616
1692160 616
1692170 615
1692180 615
1692190 615
1692200 614
1692210 614
1692220 614
1692230 613
1692240 613
1692250 613
1692260 613
1692270 612
1692280 612
1692290 612
1692300 612
1692310 612
1692320 612
1692330 611
1692340 611
1692350 611
1692360 611
1692370 610
1692380 610
1692390 610
1692400 610
1692410 609
1692420 609
1692430 609
1692440 608
1692450 608
1692460 608
1692470 608
1692480 608
1692490 608
1692500 607
1692510 607
1692520 607
1692530 607
1692540 607
1692550 607
1692560 607
1692570 607
1692580 606
1692590 606
1692600 606
1692610 606
1692620 606
1692630 606
1692640 606
1692650 606
1692660 606
1692670 606
1692680 606
1692690 607
1692700 607
1692710 607
1692720 607
1692730 606
1692740 606
1692750 606
1692760 605
1692770 605
1692780 604
1692790 604
1692800 604
1692810 603
1692820 603
1692830 603
1692840 603
1692850 602
1692860 602
1692870 602
1692880 602
1692890 603
1692900 604
1692910 604
1692920 605
1692930 605
1692940 606
1692950 606
1692960 606
1692970 607
1692980 607
1692990 607
1693000 608
1693010 608
1693020 608
1693030 608
1693040 609
1693050 609
1693060 609
1693070 609
1693080 609
1693090 609
1693100 609
1693110 608
1693120 608
1693130 608
1693140 609
1693150 609
1693160 609
1693170 609
1693180 609
1693190 609
1693200 609
1693210 609
1693220 609
1693230 609
1693240 609
1693250 609
1693260 609
1693270 609
1693280 609
1693290 609
1693300 609
1693310 609
1693320 609
1693330 609
1693340 609
1693350 609
1693360 609
1693370 609
1693380 609
1693390 609
1693400 609
1693410 609
1693420 609
1693430 609
1693440 609
1693450 609
1693460 609
1693470 609
1693480 609
1693490 609
1693500 609
1693510 608
1693520 608
1693530 608
1693540 608
1693550 608
1693560 608
1693570 608
1693580 608
1693590 608
1693600 608
1693610 608
1693620 608
1693630 608
1693640 608
1693650 607
1693660 608
1693670 608
1693680 608
1693690 608
1693700 608
1693710 607
1693720 607
1693730 607
1693740 607
1693750 607
1693760 606
1693770 606
1693780 606
1693790 606
1693800 606
1693810 606
1693820 606
1693830 605
1693840 605
1693850 605
1693860 605
1693870 605
1693880 605
1693890 604
1693900 604
1693910 604
1693920 604
1693930 604
1693940 603
1693950 603
1693960 603
1693970 603
1693980 603
1693990 603
1694000 603
1694010 604
1694020 604
1694030 604
1694040 604
1694050 604
1694060 604
1694070 603
1694080 603
1694090 603
1694100 603
1694110 603
1694120 603
1694130 603
1694140 603
1694150 603
1694160 603
1694170 603
1694180 602
1694190 602
1694200 602
1694210 602
1694220 602
1694230 601
1694240 601
1694250 601
1694260 601
1694270 600
1694280 600
1694290 601
1694300 601
1694310 601
1694320 602
1694330 602
1694340 603
1694350 603
1694360 603
1694370 603
1694380 604
1694390 604
1694400 604
1694410 604
1694420 605
1694430 605
1694440 605
1694450 606
1694460 606
1694470 606
1694480 606
1694490 606
1694500 607
1694510 607
1694520 607
1694530 607
1694540 608
1694550 608
1694560 608
1694570 608
1694580 608
1694590 608
1694600 607
1694610 607
1694620 607
1694630 607
1694640 608
1694650 609
1694660 609
1694670 609
1694680 609
1694690 609
1694700 609
1694710 609
1694720 609
1694730 609
1694740 609
1694750 609
1694760 608
1694770 608
1694780 608
1694790 607
1694800 607
1694810 607
1694820 606
1694830 606
1694840 606
1694850 606
1694860 605
1694870 605
1694880 605
1694890 605
1694900 604
1694910 604
1694920 604
1694930 604
1694940 603
1694950 603
1694960 603
1694970 603
1694980 603
1694990 603
1695000 603
1695010 603
1695020 603
1695030 603
1695040 603
1695050 602
1695060 602
1695070 602
1695080 601
1695090 601
1695100 600
1695110 600
1695120 599
1695130 599
1695140 598
1695150 598
1695160 597
1695170 597
1695180 597
1695190 596
1695200 596
1695210 596
1695220 595
1695230 595
1695240 594
1695250 594
1695260 593
1695270 593
1695280 593
1695290 592
1695300 592
1695310 591
1695320 591
1695330 591
1695340 590
1695350 590
1695360 589
1695370 589
1695380 588
1695390 588
1695400 587
1695410 587
1695420 587
1695430 587
1695440 586
1695450 586
1695460 586
1695470 586
1695480 586
1695490 585
1695500 585
1695510 584
1695520 584
1695530 585
1695540 587
1695550 588
1695560 588
1695570 589
1695580 589
1695590 590
1695600 590
1695610 591
1695620 591
1695630 592
1695640 592
1695650 592
1695660 593
1695670 593
1695680 593
1695690 594
1695700 594
1695710 594
1695720 595
1695730 595
1695740 596
1695750 596
1695760 597
1695770 597
1695780 598
1695790 598
1695800 598
1695810 598
1695820 598
1695830 598
1695840 598
1695850 598
1695860 599
1695870 599
1695880 599
1695890 599
1695900 599
1695910 599
1695920 600
1695930 600
1695940 600
1695950 600
1695960 600
1695970 600
1695980 600
1695990 600
1696000 600
1696010 600
1696020 599
1696030 599
1696040 599
1696050 599
1696060 599
1696070 599
1696080 598
1696090 598
1696100 598
1696110 598
1696120 598
1696130 598
1696140 597
1696150 597
1696160 597
1696170 597
1696180 597
1696190 597
1696200 596
1696210 596
1696220 596
1696230 596
1696240 596
1696250 596
1696260 595
1696270 595
1696280 595
1696290 595
1696300 595
1696310 595
1696320 594
1696330 594
1696340 594
1696350 594
1696360 594
1696370 593
1696380 593
1696390 593
1696400 593
1696410 593
1696420 593
1696430 592
1696440 592
1696450 592
1696460 592
1696470 592
1696480 591
1696490 591
1696500 591
1696510 591
1696520 591
1696530 591
1696540 591
1696550 591
1696560 590
1696570 590
1696580 590
1696590 589
1696600 589
1696610 588
1696620 588
1696630 588
1696640 587
1696650 587
1696660 586
1696670 586
1696680 585
1696690 585
1696700 585
1696710 585
1696720 584
1696730 584
1696740 584
1696750 584
1696760 584
1696770 584
1696780 583
1696790 583
1696800 583
1696810 583
1696820 582
1696830 582
1696840 582
1696850 581
1696860 581
1696870 581
1696880 580
1696890 580
1696900 580
1696910 580
1696920 579
1696930 579
1696940 579
1696950 578
1696960 578
1696970 577
1696980 577
1696990 576
1697000 576
1697010 576
1697020 576
1697030 575
1697040 575
1697050 575
1697060 574
1697070 574
1697080 574
1697090 573
1697100 573
1697110 573
1697120 573
1697130 572
1697140 572
1697150 572
1697160 571
1697170 571
1697180 571
1697190 571
1697200 570
1697210 570
1697220 569
1697230 569
1697240 569
1697250 568
1697260 568
1697270 568
1697280 568
1697290 568
1697300 567
1697310 567
1697320 567
1697330 567
1697340 567
1697350 567
1697360 567
1697370 567
1697380 567
1697390 566
1697400 566
1697410 566
1697420 566
1697430 565
1697440 565
1697450 565
1697460 564
1697470 564
1697480 564
1697490 563
1697500 563
1697510 562
1697520 562
1697530 561
1697540 561
1697550 561
1697560 561
1697570 560
1697580 560
1697590 560
1697600 559
1697610 559
1697620 559
1697630 559
1697640 558
1697650 558
1697660 557
1697670 557
1697680 557
1697690 557
1697700 557
1697710 556
1697720 556
1697730 556
1697740 556
1697750 556
1697760 556
1697770 555
1697780 555
1697790 555
1697800 554
1697810 554
1697820 554
1697830 554
1697840 553
1697850 553
1697860 553
1697870 553
1697880 552
1697890 552
1697900 552
1697910 551
1697920 551
1697930 551
1697940 550
1697950 550
1697960 550
1697970 550
1697980 549
1697990 549
1698000 549
1698010 548
1698020 548
1698030 548
1698040 547
1698050 547
1698060 547
1698070 547
1698080 546
1698090 546
1698100 546
1698110 545
1698120 545
1698130 545
1698140 544
1698150 544
1698160 543
1698170 543
1698180 542
1698190 542
1698200 542
1698210 542
1698220 541
1698230 541
1698240 540
1698250 540
1698260 540
1698270 540
1698280 541
1698290 541
1698300 541
1698310 541
1698320 541
1698330 541
1698340 541
1698350 542
1698360 542
1698370 543
1698380 544
1698390 546
1698400 548
1698410 550
1698420 552
1698430 554
1698440 555
1698450 556
1698460 558
1698470 559
1698480 560
1698490 561
1698500 562
1698510 563
1698520 563
1698530 564
1698540 565
1698550 565
1698560 566
1698570 566
1698580 566
1698590 567
1698600 567
1698610 567
1698620 567
1698630 568
1698640 568
1698650 568
1698660 567
1698670 567
1698680 567
1698690 567
1698700 567
1698710 567
1698720 567
1698730 566
1698740 566
1698750 566
1698760 566
1698770 566
1698780 566
1698790 566
1698800 566
1698810 566
1698820 566
1698830 565
1698840 565
1698850 565
1698860 565
1698870 565
1698880 564
1698890 564
1698900 564
1698910 564
1698920 564
1698930 564
1698940 564
1698950 564
1698960 564
1698970 564
1698980 563
1698990 563
1699000 563
1699010 563
1699020 563
1699030 563
1699040 562
1699050 562
1699060 562
1699070 562
1699080 562
1699090 562
1699100 562
1699110 563
1699120 563
1699130 563
1699140 564
1699150 564
1699160 564
1699170 564
1699180 564
1699190 564
1699200 564
1699210 563
1699220 563
1699230 563
1699240 562
1699250 562
1699260 563
1699270 563
1699280 563
1699290 562
1699300 562
1699310 561
1699320 561
1699330 560
1699340 560
1699350 559
1699360 559
1699370 558
1699380 558
1699390 557
1699400 558
1699410 558
1699420 557
1699430 557
1699440 557
1699450 556
1699460 556
1699470 555
1699480 554
1699490 552
1699500 552
1699510 553
1699520 554
1699530 554
1699540 555
1699550 556
1699560 557
1699570 560
1699580 562
1699590 563
1699600 563
1699610 564
1699620 564
1699630 565
1699640 565
1699650 565
1699660 566
1699670 566
1699680 566
1699690 567
1699700 567
1699710 567
1699720 567
1699730 568
1699740 568
1699750 568
1699760 568
1699770 568
1699780 568
1699790 569
1699800 569
1699810 569
1699820 569
1699830 569
1699840 569
1699850 570
1699860 570
1699870 570
1699880 570
1699890 570
1699900 570
1699910 570
1699920 571
1699930 571
1699940 571
1699950 571
1699960 571
1699970 571
1699980 571
1699990 571
