1680000 621
1680010 620
1680020 620
1680030 620
1680040 619
1680050 619
1680060 618
1680070 618
1680080 618
1680090 617
1680100 617
1680110 617
1680120 617
1680130 617
1680140 616
1680150 616
1680160 616
1680170 616
1680180 615
1680190 615
1680200 615
1680210 615
1680220 614
1680230 614
1680240 614
1680250 613
1680260 611
1680270 609
1680280 607
1680290 604
1680300 603
1680310 602
1680320 603
1680330 603
1680340 604
1680350 605
1680360 605
1680370 606
1680380 607
1680390 609
1680400 611
1680410 613
1680420 615
1680430 616
1680440 617
1680450 618
1680460 618
1680470 618
1680480 619
1680490 619
1680500 619
1680510 619
1680520 619
1680530 619
1680540 619
1680550 619
1680560 619
1680570 619
1680580 618
1680590 618
1680600 618
1680610 618
1680620 618
1680630 618
1680640 618
1680650 618
1680660 617
1680670 617
1680680 617
1680690 617
1680700 617
1680710 617
1680720 616
1680730 616
1680740 616
1680750 616
1680760 615
1680770 615
1680780 614
1680790 614
1680800 613
1680810 613
1680820 612
1680830 612
1680840 611
1680850 611
1680860 610
1680870 610
1680880 609
1680890 609
1680900 608
1680910 608
1680920 607
1680930 607
1680940 607
1680950 606
1680960 606
1680970 605
1680980 605
1680990 604
1681000 604
1681010 603
1681020 603
1681030 602
1681040 602
1681050 601
1681060 600
1681070 600
1681080 599
1681090 598
1681100 598
1681110 597
1681120 597
1681130 597
1681140 597
1681150 596
1681160 596
1681170 596
1681180 596
1681190 596
1681200 597
1681210 597
1681220 598
1681230 598
1681240 598
1681250 598
1681260 598
1681270 598
1681280 599
1681290 599
1681300 599
1681310 600
1681320 600
1681330 601
1681340 602
1681350 603
1681360 604
1681370 605
1681380 606
1681390 607
1681400 609
1681410 610
1681420 611
1681430 612
1681440 613
1681450 614
1681460 615
1681470 615
1681480 616
1681490 617
1681500 617
1681510 618
1681520 619
1681530 620
1681540 620
1681550 621
1681560 621
1681570 622
1681580 622
1681590 623
1681600 623
1681610 623
1681620 624
1681630 624
1681640 624
1681650 624
1681660 625
1681670 625
1681680 625
1681690 626
1681700 626
1681710 626
1681720 627
1681730 627
1681740 627
1681750 627
1681760 627
1681770 627
1681780 628
1681790 628
1681800 628
1681810 628
1681820 628
1681830 628
1681840 628
1681850 628
1681860 628
1681870 628
1681880 628
1681890 627
1681900 627
1681910 627
1681920 627
1681930 627
1681940 627
1681950 627
1681960 627
1681970 627
1681980 627
1681990 628
1682000 628
1682010 628
1682020 628
1682030 628
1682040 628
1682050 629
1682060 629
1682070 629
1682080 629
1682090 629
1682100 630
1682110 630
1682120 630
1682130 630
1682140 630
1682150 630
1682160 631
1682170 631
1682180 631
1682190 631
1682200 631
1682210 631
1682220 631
1682230 631
1682240 631
1682250 631
1682260 631
1682270 632
1682280 632
1682290 632
1682300 632
1682310 632
1682320 632
1682330 632
1682340 632
1682350 632
1682360 632
1682370 632
1682380 633
1682390 633
1682400 633
1682410 633
1682420 633
1682430 633
1682440 633
1682450 633
1682460 633
1682470 633
1682480 632
1682490 632
1682500 632
1682510 632
1682520 632
1682530 632
1682540 632
1682550 632
1682560 632
1682570 631
1682580 631
1682590 631
1682600 631
1682610 631
1682620 631
1682630 631
1682640 631
1682650 631
1682660 631
1682670 630
1682680 630
1682690 630
1682700 630
1682710 630
1682720 629
1682730 629
1682740 629
1682750 629
1682760 629
1682770 628
1682780 628
1682790 628
1682800 628
1682810 628
1682820 627
1682830 626
1682840 626
1682850 624
1682860 623
1682870 621
1682880 620
1682890 620
1682900 620
1682910 619
1682920 619
1682930 619
1682940 619
1682950 620
1682960 620
1682970 621
1682980 622
1682990 622
1683000 623
1683010 623
1683020 623
1683030 624
1683040 624
1683050 624
1683060 625
1683070 625
1683080 626
1683090 626
1683100 627
1683110 627
1683120 627
1683130 628
1683140 628
1683150 628
1683160 629
1683170 629
1683180 629
1683190 629
1683200 629
1683210 629
1683220 629
1683230 629
1683240 629
1683250 629
1683260 629
1683270 629
1683280 629
1683290 629
1683300 629
1683310 629
1683320 628
1683330 628
1683340 628
1683350 627
1683360 627
1683370 627
1683380 627
1683390 628
1683400 628
1683410 629
1683420 629
1683430 630
1683440 630
1683450 630
1683460 631
1683470 631
1683480 631
1683490 632
1683500 632
1683510 632
1683520 632
1683530 632
1683540 632
1683550 632
1683560 632
1683570 632
1683580 632
1683590 633
1683600 633
1683610 633
1683620 633
1683630 633
1683640 633
1683650 633
1683660 633
1683670 633
1683680 633
1683690 633
1683700 633
1683710 633
1683720 633
1683730 633
1683740 633
1683750 633
1683760 633
1683770 633
1683780 633
1683790 633
1683800 633
1683810 633
1683820 633
1683830 633
1683840 633
1683850 633
1683860 633
1683870 633
1683880 633
1683890 633
1683900 633
1683910 633
1683920 633
1683930 633
1683940 633
1683950 632
1683960 632
1683970 632
1683980 632
1683990 632
1684000 632
1684010 632
1684020 632
1684030 632
1684040 632
1684050 632
1684060 632
1684070 632
1684080 632
1684090 632
1684100 632
1684110 632
1684120 632
1684130 631
1684140 631
1684150 631
1684160 631
1684170 631
1684180 631
1684190 631
1684200 631
1684210 631
1684220 631
1684230 631
1684240 631
1684250 631
1684260 631
1684270 631
1684280 631
1684290 631
1684300 630
1684310 630
1684320 630
1684330 630
1684340 630
1684350 630
1684360 630
1684370 630
1684380 630
1684390 630
1684400 630
1684410 630
1684420 630
1684430 630
1684440 630
1684450 630
1684460 630
1684470 629
1684480 629
1684490 629
1684500 629
1684510 629
1684520 629
1684530 629
1684540 629
1684550 629
1684560 629
1684570 628
1684580 628
1684590 628
1684600 628
1684610 628
1684620 628
1684630 627
1684640 627
1684650 627
1684660 627
1684670 627
1684680 627
1684690 627
1684700 626
1684710 626
1684720 626
1684730 626
1684740 626
1684750 626
1684760 626
1684770 626
1684780 626
1684790 626
1684800 627
1684810 627
1684820 627
1684830 627
1684840 627
1684850 627
1684860 627
1684870 627
1684880 627
1684890 627
1684900 627
1684910 627
1684920 627
1684930 627
1684940 627
1684950 627
1684960 626
1684970 626
1684980 626
1684990 626
1685000 626
1685010 626
1685020 626
1685030 626
1685040 626
1685050 626
1685060 625
1685070 625
1685080 625
1685090 625
1685100 625
1685110 625
1685120 624
1685130 624
1685140 624
1685150 624
1685160 624
1685170 624
1685180 624
1685190 624
1685200 624
1685210 624
1685220 624
1685230 624
1685240 624
1685250 624
1685260 624
1685270 624
1685280 624
1685290 625
1685300 625
1685310 625
1685320 625
1685330 625
1685340 625
1685350 625
1685360 625
1685370 625
1685380 625
1685390 625
1685400 626
1685410 626
1685420 626
1685430 626
1685440 626
1685450 626
1685460 626
1685470 626
1685480 626
1685490 626
1685500 626
1685510 626
1685520 626
1685530 626
1685540 626
1685550 626
1685560 626
1685570 626
1685580 626
1685590 626
1685600 626
1685610 626
1685620 626
1685630 626
1685640 626
1685650 626
1685660 626
1685670 626
1685680 626
1685690 626
1685700 626
1685710 626
1685720 626
1685730 626
1685740 626
1685750 626
1685760 626
1685770 626
1685780 626
1685790 626
1685800 626
1685810 626
1685820 626
1685830 626
1685840 626
1685850 626
1685860 626
1685870 626
1685880 626
1685890 626
1685900 626
1685910 626
1685920 626
1685930 626
1685940 626
1685950 626
1685960 626
1685970 626
1685980 626
1685990 626
1686000 626
1686010 626
1686020 626
1686030 626
1686040 626
1686050 625
1686060 625
1686070 625
1686080 625
1686090 625
1686100 625
1686110 625
1686120 625
1686130 625
1686140 625
1686150 625
1686160 625
1686170 625
1686180 625
1686190 624
1686200 624
1686210 624
1686220 624
1686230 624
1686240 624
1686250 624
1686260 624
1686270 624
1686280 624
1686290 623
1686300 623
1686310 623
1686320 623
1686330 623
1686340 623
1686350 623
1686360 622
1686370 622
1686380 622
1686390 622
1686400 621
1686410 621
1686420 621
1686430 621
1686440 621
1686450 620
1686460 620
1686470 620
1686480 620
1686490 619
1686500 619
1686510 619
1686520 619
1686530 618
1686540 618
1686550 618
1686560 617
1686570 617
1686580 617
1686590 617
1686600 617
1686610 616
1686620 616
1686630 616
1686640 615
1686650 615
1686660 615
1686670 615
1686680 614
1686690 614
1686700 614
1686710 614
1686720 613
1686730 613
1686740 612
1686750 612
1686760 612
1686770 611
1686780 611
1686790 611
1686800 611
1686810 610
1686820 610
1686830 610
1686840 610
1686850 610
1686860 609
1686870 609
1686880 609
1686890 609
1686900 609
1686910 608
1686920 608
1686930 608
1686940 608
1686950 607
1686960 607
1686970 607
1686980 607
1686990 607
1687000 606
1687010 606
1687020 606
1687030 605
1687040 605
1687050 605
1687060 605
1687070 605
1687080 604
1687090 604
1687100 604
1687110 604
1687120 604
1687130 603
1687140 603
1687150 603
1687160 603
1687170 603
1687180 603
1687190 603
1687200 603
1687210 603
1687220 603
1687230 603
1687240 603
1687250 603
1687260 602
1687270 602
1687280 602
1687290 601
1687300 601
1687310 601
1687320 600
1687330 600
1687340 600
1687350 600
1687360 600
1687370 599
1687380 599
1687390 599
1687400 599
1687410 599
1687420 599
1687430 599
1687440 599
1687450 599
1687460 599
1687470 599
1687480 598
1687490 598
1687500 598
1687510 598
1687520 598
1687530 597
1687540 597
1687550 596
1687560 595
1687570 595
1687580 595
1687590 595
1687600 595
1687610 595
1687620 595
1687630 595
1687640 595
1687650 595
1687660 595
1687670 595
1687680 595
1687690 594
1687700 594
1687710 594
1687720 594
1687730 594
1687740 594
1687750 593
1687760 593
1687770 593
1687780 593
1687790 593
1687800 593
1687810 593
1687820 593
1687830 593
1687840 592
1687850 592
1687860 592
1687870 592
1687880 592
1687890 592
1687900 592
1687910 592
1687920 591
1687930 591
1687940 590
1687950 590
1687960 590
1687970 590
1687980 590
1687990 590
1688000 590
1688010 590
1688020 590
1688030 590
1688040 590
1688050 592
1688060 593
1688070 595
1688080 597
1688090 599
1688100 600
1688110 601
1688120 602
1688130 603
1688140 604
1688150 605
1688160 605
1688170 606
1688180 606
1688190 606
1688200 607
1688210 607
1688220 607
1688230 607
1688240 607
1688250 607
1688260 608
1688270 608
1688280 608
1688290 608
1688300 608
1688310 608
1688320 608
1688330 608
1688340 608
1688350 608
1688360 608
1688370 608
1688380 608
1688390 608
1688400 609
1688410 609
1688420 609
1688430 609
1688440 609
1688450 609
1688460 609
1688470 609
1688480 609
1688490 609
1688500 609
1688510 609
1688520 609
1688530 609
1688540 609
1688550 609
1688560 609
1688570 608
1688580 608
1688590 608
1688600 608
1688610 608
1688620 607
1688630 607
1688640 607
1688650 607
1688660 606
1688670 606
1688680 606
1688690 605
1688700 605
1688710 605
1688720 605
1688730 604
1688740 604
1688750 604
1688760 605
1688770 605
1688780 606
1688790 606
1688800 606
1688810 607
1688820 607
1688830 607
1688840 608
1688850 608
1688860 608
1688870 608
1688880 608
1688890 608
1688900 608
1688910 608
1688920 608
1688930 608
1688940 608
1688950 608
1688960 608
1688970 608
1688980 608
1688990 608
1689000 608
1689010 608
1689020 608
1689030 608
1689040 608
1689050 608
1689060 608
1689070 608
1689080 608
1689090 608
1689100 607
1689110 607
1689120 606
1689130 606
1689140 605
1689150 604
1689160 604
1689170 603
1689180 602
1689190 601
1689200 601
1689210 600
1689220 599
1689230 598
1689240 598
1689250 597
1689260 597
1689270 597
1689280 597
1689290 598
1689300 598
1689310 598
1689320 598
1689330 599
1689340 599
1689350 599
1689360 599
1689370 599
1689380 599
1689390 599
1689400 599
1689410 598
1689420 598
1689430 598
1689440 599
1689450 599
1689460 599
1689470 599
1689480 599
1689490 599
1689500 598
1689510 598
1689520 598
1689530 598
1689540 598
1689550 597
1689560 597
1689570 597
1689580 596
1689590 596
1689600 596
1689610 595
1689620 595
1689630 594
1689640 594
1689650 594
1689660 593
1689670 591
1689680 589
1689690 587
1689700 586
1689710 585
1689720 585
1689730 584
1689740 584
1689750 585
1689760 585
1689770 585
1689780 586
1689790 586
1689800 587
1689810 588
1689820 589
1689830 591
1689840 592
1689850 593
1689860 594
1689870 595
1689880 595
1689890 596
1689900 596
1689910 597
1689920 597
1689930 597
1689940 598
1689950 598
1689960 599
1689970 600
1689980 600
1689990 600
1690000 601
1690010 601
1690020 602
1690030 602
1690040 603
1690050 604
1690060 604
1690070 605
1690080 605
1690090 605
1690100 606
1690110 607
1690120 607
1690130 608
1690140 608
1690150 609
1690160 609
1690170 610
1690180 610
1690190 610
1690200 611
1690210 611
1690220 612
1690230 612
1690240 613
1690250 613
1690260 613
1690270 614
1690280 614
1690290 615
1690300 615
1690310 616
1690320 616
1690330 617
1690340 617
1690350 617
1690360 617
1690370 618
1690380 618
1690390 618
1690400 618
1690410 618
1690420 618
1690430 618
1690440 618
1690450 619
1690460 619
1690470 619
1690480 619
1690490 619
1690500 619
1690510 619
1690520 619
1690530 619
1690540 620
1690550 620
1690560 620
1690570 620
1690580 620
1690590 620
1690600 620
1690610 620
1690620 620
1690630 620
1690640 620
1690650 620
1690660 620
1690670 620
1690680 620
1690690 620
1690700 620
1690710 620
1690720 620
1690730 620
1690740 620
1690750 620
1690760 620
1690770 620
1690780 620
1690790 620
1690800 620
1690810 620
1690820 620
1690830 620
1690840 620
1690850 620
1690860 620
1690870 619
1690880 619
1690890 619
1690900 619
1690910 619
1690920 619
1690930 619
1690940 619
1690950 619
1690960 619
1690970 619
1690980 620
1690990 620
1691000 620
1691010 620
1691020 620
1691030 620
1691040 620
1691050 620
1691060 620
1691070 620
1691080 620
1691090 620
1691100 620
1691110 620
1691120 620
1691130 620
1691140 620
1691150 620
1691160 620
1691170 620
1691180 620
1691190 620
1691200 620
1691210 619
1691220 619
1691230 619
1691240 619
1691250 619
1691260 619
1691270 619
1691280 619
1691290 619
1691300 619
1691310 619
1691320 619
1691330 619
1691340 619
1691350 619
1691360 618
1691370 618
1691380 619
1691390 618
1691400 618
1691410 618
1691420 618
1691430 618
1691440 618
1691450 617
1691460 617
1691470 617
1691480 617
1691490 617
1691500 617
1691510 617
1691520 617
1691530 617
1691540 617
1691550 616
1691560 616
1691570 616
1691580 616
1691590 616
1691600 616
1691610 616
1691620 616
1691630 616
1691640 616
1691650 616
1691660 615
1691670 615
1691680 615
1691690 615
1691700 615
1691710 615
1691720 615
1691730 615
1691740 615
1691750 615
1691760 615
1691770 614
1691780 614
1691790 614
1691800 614
1691810 614
1691820 614
1691830 614
1691840 614
1691850 614
1691860 614
1691870 613
1691880 613
1691890 613
1691900 613
1691910 613
1691920 613
1691930 613
1691940 613
1691950 613
1691960 613
1691970 613
1691980 613
1691990 613
1692000 612
1692010 612
1692020 612
1692030 612
1692040 612
1692050 612
1692060 612
1692070 611
1692080 611
1692090 611
1692100 611
1692110 611
1692120 611
1692130 610
1692140 610
1692150 610
1692160 610
1692170 610
1692180 610
1692190 610
1692200 610
1692210 609
1692220 609
1692230 609
1692240 609
1692250 609
1692260 609
1692270 609
1692280 609
1692290 609
1692300 608
1692310 608
1692320 608
1692330 608
1692340 608
1692350 607
1692360 607
1692370 607
1692380 607
1692390 607
1692400 606
1692410 606
1692420 606
1692430 606
1692440 606
1692450 606
1692460 606
1692470 605
1692480 605
1692490 605
1692500 605
1692510 605
1692520 604
1692530 604
1692540 604
1692550 604
1692560 603
1692570 603
1692580 603
1692590 603
1692600 602
1692610 602
1692620 602
1692630 602
1692640 601
1692650 601
1692660 601
1692670 601
1692680 600
1692690 600
1692700 600
1692710 600
1692720 599
1692730 599
1692740 599
1692750 599
1692760 599
1692770 598
1692780 598
1692790 598
1692800 598
1692810 598
1692820 597
1692830 597
1692840 597
1692850 597
1692860 596
1692870 596
1692880 596
1692890 596
1692900 595
1692910 595
1692920 595
1692930 595
1692940 595
1692950 595
1692960 595
1692970 595
1692980 594
1692990 594
1693000 594
1693010 594
1693020 594
1693030 593
1693040 593
1693050 593
1693060 593
1693070 593
1693080 592
1693090 592
1693100 592
1693110 591
1693120 591
1693130 591
1693140 591
1693150 590
1693160 590
1693170 590
1693180 589
1693190 589
1693200 589
1693210 589
1693220 589
1693230 589
1693240 589
1693250 589
1693260 588
1693270 588
1693280 588
1693290 588
1693300 588
1693310 588
1693320 588
1693330 588
1693340 588
1693350 588
1693360 588
1693370 588
1693380 587
1693390 587
1693400 587
1693410 587
1693420 587
1693430 586
1693440 586
1693450 586
1693460 586
1693470 586
1693480 586
1693490 586
1693500 586
1693510 586
1693520 586
1693530 586
1693540 586
1693550 587
1693560 587
1693570 587
1693580 587
1693590 587
1693600 587
1693610 588
1693620 588
1693630 588
1693640 589
1693650 589
1693660 589
1693670 590
1693680 590
1693690 591
1693700 591
1693710 591
1693720 592
1693730 592
1693740 592
1693750 593
1693760 593
1693770 593
1693780 593
1693790 593
1693800 593
1693810 593
1693820 593
1693830 594
1693840 594
1693850 594
1693860 594
1693870 594
1693880 594
1693890 594
1693900 594
1693910 594
1693920 594
1693930 594
1693940 594
1693950 594
1693960 594
1693970 594
1693980 594
1693990 594
1694000 594
1694010 594
1694020 593
1694030 593
1694040 593
1694050 593
1694060 593
1694070 593
1694080 593
1694090 593
1694100 593
1694110 593
1694120 593
1694130 593
1694140 594
1694150 594
1694160 594
1694170 594
1694180 594
1694190 594
1694200 594
1694210 594
1694220 594
1694230 594
1694240 594
1694250 594
1694260 594
1694270 594
1694280 594
1694290 594
1694300 594
1694310 593
1694320 593
1694330 593
1694340 593
1694350 593
1694360 593
1694370 593
1694380 593
1694390 593
1694400 592
1694410 592
1694420 592
1694430 592
1694440 592
1694450 592
1694460 592
1694470 591
1694480 591
1694490 591
1694500 591
1694510 591
1694520 590
1694530 590
1694540 590
1694550 590
1694560 590
1694570 590
1694580 590
1694590 590
1694600 589
1694610 589
1694620 589
1694630 589
1694640 589
1694650 589
1694660 588
1694670 588
1694680 588
1694690 588
1694700 588
1694710 587
1694720 587
1694730 587
1694740 587
1694750 587
1694760 587
1694770 587
1694780 587
1694790 586
1694800 586
1694810 585
1694820 585
1694830 584
1694840 584
1694850 583
1694860 583
1694870 583
1694880 583
1694890 583
1694900 582
1694910 582
1694920 582
1694930 582
1694940 581
1694950 581
1694960 581
1694970 580
1694980 580
1694990 580
1695000 579
1695010 579
1695020 579
1695030 578
1695040 578
1695050 578
1695060 577
1695070 577
1695080 577
1695090 576
1695100 576
1695110 576
1695120 575
1695130 575
1695140 575
1695150 575
1695160 574
1695170 574
1695180 574
1695190 573
1695200 573
1695210 573
1695220 573
1695230 572
1695240 572
1695250 572
1695260 572
1695270 571
1695280 571
1695290 570
1695300 570
1695310 570
1695320 569
1695330 569
1695340 568
1695350 568
1695360 567
1695370 567
1695380 567
1695390 567
1695400 566
1695410 566
1695420 566
1695430 566
1695440 566
1695450 566
1695460 566
1695470 566
1695480 566
1695490 566
1695500 566
1695510 566
1695520 565
1695530 565
1695540 566
1695550 566
1695560 566
1695570 566
1695580 566
1695590 566
1695600 566
1695610 566
1695620 566
1695630 566
1695640 566
1695650 566
1695660 566
1695670 565
1695680 565
1695690 565
1695700 565
1695710 565
1695720 565
1695730 565
1695740 565
1695750 564
1695760 564
1695770 564
1695780 564
1695790 564
1695800 564
1695810 564
1695820 564
1695830 564
1695840 564
1695850 563
1695860 563
1695870 563
1695880 563
1695890 563
1695900 562
1695910 562
1695920 562
1695930 562
1695940 562
1695950 562
1695960 562
1695970 562
1695980 562
1695990 562
1696000 562
1696010 562
1696020 562
1696030 561
1696040 561
1696050 561
1696060 561
1696070 561
1696080 561
1696090 560
1696100 560
1696110 560
1696120 560
1696130 560
1696140 560
1696150 560
1696160 560
1696170 559
1696180 559
1696190 559
1696200 559
1696210 559
1696220 560
1696230 560
1696240 560
1696250 560
1696260 560
1696270 560
1696280 560
1696290 560
1696300 560
1696310 560
1696320 560
1696330 560
1696340 560
1696350 560
1696360 560
1696370 560
1696380 560
1696390 561
1696400 561
1696410 561
1696420 561
1696430 561
1696440 561
1696450 561
1696460 561
1696470 560
1696480 560
1696490 560
1696500 560
1696510 560
1696520 559
1696530 559
1696540 558
1696550 558
1696560 558
1696570 558
1696580 557
1696590 557
1696600 557
1696610 557
1696620 557
1696630 557
1696640 557
1696650 557
1696660 557
1696670 557
1696680 556
1696690 556
1696700 556
1696710 556
1696720 556
1696730 556
1696740 556
1696750 555
1696760 555
1696770 555
1696780 554
1696790 554
1696800 554
1696810 555
1696820 554
1696830 554
1696840 554
1696850 554
1696860 554
1696870 554
1696880 553
1696890 553
1696900 553
1696910 553
1696920 553
1696930 553
1696940 553
1696950 553
1696960 553
1696970 553
1696980 553
1696990 553
1697000 553
1697010 553
1697020 552
1697030 552
1697040 552
1697050 552
1697060 552
1697070 551
1697080 551
1697090 551
1697100 551
1697110 551
1697120 551
1697130 551
1697140 551
1697150 551
1697160 551
1697170 551
1697180 551
1697190 551
1697200 551
1697210 551
1697220 551
1697230 551
1697240 551
1697250 551
1697260 552
1697270 552
1697280 552
1697290 553
1697300 553
1697310 554
1697320 554
1697330 554
1697340 554
1697350 555
1697360 555
1697370 555
1697380 555
1697390 556
1697400 556
1697410 556
1697420 557
1697430 558
1697440 557
1697450 557
1697460 557
1697470 557
1697480 556
1697490 555
1697500 554
1697510 553
1697520 553
1697530 553
1697540 553
1697550 553
1697560 554
1697570 556
1697580 558
1697590 559
1697600 559
1697610 559
1697620 560
1697630 561
1697640 562
1697650 562
1697660 562
1697670 563
1697680 563
1697690 564
1697700 564
1697710 564
1697720 565
1697730 565
1697740 566
1697750 566
1697760 566
1697770 567
1697780 567
1697790 568
1697800 568
1697810 568
1697820 569
1697830 569
1697840 570
1697850 570
1697860 570
1697870 571
1697880 571
1697890 571
1697900 571
1697910 572
1697920 572
1697930 572
1697940 572
1697950 572
1697960 572
1697970 572
1697980 572
1697990 572
1698000 572
1698010 573
1698020 573
1698030 573
1698040 573
1698050 574
1698060 574
1698070 574
1698080 574
1698090 574
1698100 574
1698110 574
1698120 574
1698130 574
1698140 574
1698150 574
1698160 575
1698170 575
1698180 575
1698190 575
1698200 575
1698210 575
1698220 575
1698230 575
1698240 575
1698250 575
1698260 575
1698270 575
1698280 575
1698290 575
1698300 575
1698310 575
1698320 575
1698330 575
1698340 575
1698350 575
1698360 575
1698370 575
1698380 575
1698390 575
1698400 575
1698410 575
1698420 575
1698430 574
1698440 574
1698450 574
1698460 574
1698470 574
1698480 574
1698490 574
1698500 574
1698510 574
1698520 574
1698530 574
1698540 574
1698550 574
1698560 574
1698570 573
1698580 573
1698590 573
1698600 573
1698610 573
1698620 573
1698630 573
1698640 572
1698650 572
1698660 572
1698670 572
1698680 571
1698690 570
1698700 570
1698710 569
1698720 568
1698730 567
1698740 566
1698750 565
1698760 564
1698770 563
1698780 562
1698790 561
1698800 560
1698810 560
1698820 561
1698830 561
1698840 561
1698850 561
1698860 561
1698870 561
1698880 562
1698890 562
1698900 562
1698910 563
1698920 564
1698930 565
1698940 566
1698950 567
1698960 568
1698970 570
1698980 571
1698990 572
1699000 573
1699010 574
1699020 574
1699030 575
1699040 575
1699050 575
1699060 576
1699070 576
1699080 576
1699090 577
1699100 577
1699110 577
1699120 578
1699130 578
1699140 579
1699150 579
1699160 580
1699170 580
1699180 580
1699190 580
1699200 580
1699210 580
1699220 580
1699230 580
1699240 581
1699250 581
1699260 581
1699270 581
1699280 582
1699290 582
1699300 583
1699310 583
1699320 584
1699330 584
1699340 585
1699350 585
1699360 586
1699370 586
1699380 586
1699390 587
1699400 587
1699410 587
1699420 587
1699430 588
1699440 588
1699450 588
1699460 587
1699470 587
1699480 587
1699490 587
1699500 587
1699510 587
1699520 587
1699530 587
1699540 587
1699550 588
1699560 588
1699570 588
1699580 588
1699590 588
1699600 588
1699610 588
1699620 588
1699630 588
1699640 588
1699650 588
1699660 588
1699670 589
1699680 589
1699690 589
1699700 589
1699710 589
1699720 589
1699730 589
1699740 590
1699750 590
1699760 590
1699770 590
1699780 590
1699790 591
1699800 591
1699810 591
1699820 591
1699830 591
1699840 592
1699850 592
1699860 592
1699870 592
1699880 592
1699890 592
1699900 593
1699910 593
1699920 593
1699930 593
1699940 593
1699950 593
1699960 593
1699970 593
1699980 593
1699990 593
