1680000 616
1680010 616
1680020 616
1680030 616
1680040 615
1680050 615
1680060 615
1680070 615
1680080 615
1680090 614
1680100 614
1680110 614
1680120 614
1680130 614
1680140 614
1680150 613
1680160 613
1680170 613
1680180 613
1680190 613
1680200 613
1680210 612
1680220 612
1680230 612
1680240 612
1680250 612
1680260 610
1680270 609
1680280 607
1680290 606
1680300 605
1680310 604
1680320 604
1680330 604
1680340 605
1680350 606
1680360 607
1680370 608
1680380 611
1680390 613
1680400 615
1680410 616
1680420 617
1680430 617
1680440 617
1680450 618
1680460 618
1680470 619
1680480 620
1680490 620
1680500 621
1680510 621
1680520 622
1680530 621
1680540 621
1680550 621
1680560 621
1680570 620
1680580 620
1680590 620
1680600 619
1680610 619
1680620 618
1680630 618
1680640 618
1680650 618
1680660 618
1680670 617
1680680 617
1680690 617
1680700 617
1680710 617
1680720 617
1680730 617
1680740 617
1680750 617
1680760 617
1680770 616
1680780 616
1680790 616
1680800 616
1680810 615
1680820 615
1680830 614
1680840 614
1680850 613
1680860 613
1680870 613
1680880 612
1680890 612
1680900 612
1680910 611
1680920 611
1680930 611
1680940 610
1680950 609
1680960 609
1680970 608
1680980 607
1680990 606
1681000 606
1681010 605
1681020 605
1681030 604
1681040 604
1681050 603
1681060 602
1681070 602
1681080 601
1681090 600
1681100 599
1681110 599
1681120 598
1681130 598
1681140 598
1681150 598
1681160 598
1681170 598
1681180 598
1681190 599
1681200 602
1681210 603
1681220 603
1681230 603
1681240 603
1681250 603
1681260 603
1681270 603
1681280 603
1681290 603
1681300 603
1681310 602
1681320 602
1681330 602
1681340 602
1681350 602
1681360 603
1681370 603
1681380 603
1681390 604
1681400 605
1681410 606
1681420 607
1681430 608
1681440 609
1681450 610
1681460 611
1681470 612
1681480 613
1681490 614
1681500 615
1681510 616
1681520 617
1681530 618
1681540 619
1681550 620
1681560 621
1681570 621
1681580 622
1681590 623
1681600 624
1681610 624
1681620 625
1681630 626
1681640 626
1681650 627
1681660 627
1681670 628
1681680 628
1681690 628
1681700 628
1681710 629
1681720 629
1681730 630
1681740 630
1681750 630
1681760 631
1681770 631
1681780 631
1681790 631
1681800 630
1681810 629
1681820 629
1681830 630
1681840 630
1681850 631
1681860 631
1681870 630
1681880 630
1681890 630
1681900 630
1681910 629
1681920 629
1681930 629
1681940 629
1681950 629
1681960 629
1681970 629
1681980 629
1681990 629
1682000 629
1682010 629
1682020 629
1682030 629
1682040 629
1682050 630
1682060 630
1682070 630
1682080 630
1682090 630
1682100 631
1682110 631
1682120 631
1682130 631
1682140 631
1682150 631
1682160 631
1682170 631
1682180 631
1682190 632
1682200 632
1682210 632
1682220 632
1682230 632
1682240 632
1682250 632
1682260 632
1682270 632
1682280 632
1682290 632
1682300 632
1682310 633
1682320 633
1682330 633
1682340 633
1682350 633
1682360 633
1682370 633
1682380 633
1682390 633
1682400 633
1682410 633
1682420 633
1682430 634
1682440 634
1682450 634
1682460 634
1682470 633
1682480 633
1682490 633
1682500 633
1682510 633
1682520 633
1682530 633
1682540 633
1682550 633
1682560 632
1682570 632
1682580 632
1682590 632
1682600 632
1682610 631
1682620 631
1682630 631
1682640 631
1682650 631
1682660 631
1682670 631
1682680 631
1682690 631
1682700 631
1682710 630
1682720 630
1682730 630
1682740 630
1682750 629
1682760 629
1682770 628
1682780 628
1682790 627
1682800 627
1682810 626
1682820 626
1682830 625
1682840 624
1682850 624
1682860 623
1682870 622
1682880 621
1682890 621
1682900 621
1682910 621
1682920 622
1682930 622
1682940 623
1682950 625
1682960 626
1682970 626
1682980 627
1682990 627
1683000 627
1683010 627
1683020 627
1683030 627
1683040 627
1683050 627
1683060 627
1683070 627
1683080 627
1683090 627
1683100 627
1683110 628
1683120 628
1683130 629
1683140 629
1683150 630
1683160 630
1683170 631
1683180 631
1683190 631
1683200 631
1683210 631
1683220 631
1683230 631
1683240 632
1683250 632
1683260 632
1683270 632
1683280 632
1683290 632
1683300 632
1683310 632
1683320 632
1683330 632
1683340 631
1683350 631
1683360 631
1683370 630
1683380 630
1683390 630
1683400 630
1683410 629
1683420 629
1683430 630
1683440 630
1683450 630
1683460 631
1683470 631
1683480 632
1683490 632
1683500 633
1683510 633
1683520 633
1683530 634
1683540 634
1683550 634
1683560 634
1683570 634
1683580 634
1683590 634
1683600 634
1683610 634
1683620 634
1683630 634
1683640 634
1683650 634
1683660 634
1683670 634
1683680 634
1683690 634
1683700 634
1683710 634
1683720 635
1683730 635
1683740 635
1683750 635
1683760 635
1683770 635
1683780 635
1683790 635
1683800 634
1683810 634
1683820 634
1683830 634
1683840 634
1683850 634
1683860 634
1683870 634
1683880 634
1683890 634
1683900 634
1683910 634
1683920 634
1683930 634
1683940 634
1683950 634
1683960 634
1683970 634
1683980 634
1683990 633
1684000 633
1684010 633
1684020 633
1684030 633
1684040 633
1684050 633
1684060 633
1684070 633
1684080 633
1684090 633
1684100 633
1684110 633
1684120 633
1684130 633
1684140 633
1684150 633
1684160 632
1684170 632
1684180 632
1684190 632
1684200 632
1684210 632
1684220 632
1684230 632
1684240 632
1684250 632
1684260 632
1684270 632
1684280 632
1684290 632
1684300 632
1684310 632
1684320 631
1684330 631
1684340 631
1684350 631
1684360 631
1684370 631
1684380 631
1684390 631
1684400 631
1684410 631
1684420 631
1684430 631
1684440 631
1684450 631
1684460 631
1684470 631
1684480 630
1684490 630
1684500 630
1684510 630
1684520 630
1684530 630
1684540 630
1684550 630
1684560 630
1684570 629
1684580 629
1684590 629
1684600 629
1684610 629
1684620 629
1684630 629
1684640 629
1684650 628
1684660 628
1684670 628
1684680 628
1684690 628
1684700 628
1684710 628
1684720 628
1684730 628
1684740 628
1684750 627
1684760 627
1684770 627
1684780 627
1684790 627
1684800 628
1684810 628
1684820 628
1684830 628
1684840 628
1684850 628
1684860 628
1684870 628
1684880 628
1684890 628
1684900 628
1684910 628
1684920 628
1684930 628
1684940 628
1684950 628
1684960 628
1684970 627
1684980 627
1684990 627
1685000 627
1685010 627
1685020 627
1685030 627
1685040 627
1685050 627
1685060 627
1685070 627
1685080 627
1685090 627
1685100 626
1685110 626
1685120 626
1685130 626
1685140 626
1685150 626
1685160 626
1685170 626
1685180 626
1685190 626
1685200 625
1685210 626
1685220 626
1685230 626
1685240 625
1685250 626
1685260 626
1685270 625
1685280 625
1685290 625
1685300 625
1685310 625
1685320 625
1685330 626
1685340 626
1685350 626
1685360 626
1685370 626
1685380 626
1685390 626
1685400 626
1685410 626
1685420 626
1685430 626
1685440 626
1685450 626
1685460 626
1685470 626
1685480 626
1685490 626
1685500 626
1685510 626
1685520 626
1685530 626
1685540 626
1685550 626
1685560 626
1685570 626
1685580 626
1685590 626
1685600 626
1685610 626
1685620 626
1685630 626
1685640 626
1685650 626
1685660 626
1685670 626
1685680 626
1685690 626
1685700 626
1685710 626
1685720 626
1685730 626
1685740 626
1685750 626
1685760 626
1685770 626
1685780 626
1685790 626
1685800 626
1685810 626
1685820 626
1685830 626
1685840 626
1685850 626
1685860 626
1685870 626
1685880 626
1685890 627
1685900 627
1685910 627
1685920 627
1685930 627
1685940 627
1685950 627
1685960 627
1685970 627
1685980 627
1685990 627
1686000 627
1686010 627
1686020 626
1686030 626
1686040 626
1686050 626
1686060 626
1686070 626
1686080 626
1686090 626
1686100 626
1686110 625
1686120 625
1686130 625
1686140 625
1686150 625
1686160 625
1686170 625
1686180 625
1686190 625
1686200 625
1686210 624
1686220 624
1686230 624
1686240 624
1686250 624
1686260 624
1686270 624
1686280 623
1686290 623
1686300 623
1686310 623
1686320 623
1686330 623
1686340 622
1686350 622
1686360 622
1686370 622
1686380 622
1686390 621
1686400 621
1686410 621
1686420 620
1686430 620
1686440 620
1686450 620
1686460 619
1686470 618
1686480 618
1686490 618
1686500 617
1686510 617
1686520 617
1686530 617
1686540 616
1686550 616
1686560 616
1686570 615
1686580 615
1686590 615
1686600 615
1686610 615
1686620 614
1686630 614
1686640 614
1686650 614
1686660 614
1686670 613
1686680 613
1686690 613
1686700 613
1686710 613
1686720 613
1686730 612
1686740 612
1686750 612
1686760 611
1686770 611
1686780 611
1686790 610
1686800 610
1686810 610
1686820 610
1686830 610
1686840 610
1686850 610
1686860 609
1686870 609
1686880 609
1686890 609
1686900 609
1686910 608
1686920 608
1686930 608
1686940 608
1686950 608
1686960 607
1686970 607
1686980 607
1686990 607
1687000 607
1687010 606
1687020 606
1687030 606
1687040 606
1687050 605
1687060 605
1687070 605
1687080 605
1687090 604
1687100 604
1687110 604
1687120 604
1687130 603
1687140 603
1687150 603
1687160 603
1687170 603
1687180 602
1687190 603
1687200 602
1687210 602
1687220 602
1687230 601
1687240 601
1687250 600
1687260 600
1687270 600
1687280 600
1687290 599
1687300 599
1687310 599
1687320 599
1687330 599
1687340 599
1687350 599
1687360 598
1687370 598
1687380 598
1687390 598
1687400 598
1687410 598
1687420 597
1687430 597
1687440 597
1687450 597
1687460 597
1687470 597
1687480 597
1687490 597
1687500 597
1687510 597
1687520 597
1687530 597
1687540 597
1687550 597
1687560 597
1687570 597
1687580 597
1687590 596
1687600 597
1687610 597
1687620 597
1687630 597
1687640 597
1687650 597
1687660 597
1687670 597
1687680 597
1687690 597
1687700 597
1687710 597
1687720 597
1687730 597
1687740 597
1687750 597
1687760 597
1687770 596
1687780 596
1687790 596
1687800 595
1687810 595
1687820 594
1687830 593
1687840 593
1687850 593
1687860 592
1687870 592
1687880 592
1687890 591
1687900 591
1687910 591
1687920 591
1687930 591
1687940 591
1687950 591
1687960 591
1687970 591
1687980 591
1687990 591
1688000 592
1688010 593
1688020 594
1688030 595
1688040 596
1688050 597
1688060 598
1688070 599
1688080 600
1688090 601
1688100 602
1688110 604
1688120 604
1688130 605
1688140 605
1688150 605
1688160 605
1688170 606
1688180 606
1688190 606
1688200 607
1688210 607
1688220 607
1688230 608
1688240 608
1688250 608
1688260 608
1688270 608
1688280 609
1688290 609
1688300 609
1688310 609
1688320 609
1688330 610
1688340 610
1688350 610
1688360 610
1688370 610
1688380 610
1688390 610
1688400 610
1688410 611
1688420 611
1688430 611
1688440 611
1688450 611
1688460 611
1688470 611
1688480 611
1688490 611
1688500 611
1688510 610
1688520 610
1688530 610
1688540 610
1688550 610
1688560 610
1688570 609
1688580 609
1688590 609
1688600 609
1688610 609
1688620 609
1688630 609
1688640 608
1688650 608
1688660 608
1688670 608
1688680 608
1688690 607
1688700 607
1688710 607
1688720 607
1688730 607
1688740 607
1688750 607
1688760 607
1688770 607
1688780 607
1688790 607
1688800 607
1688810 607
1688820 607
1688830 608
1688840 608
1688850 608
1688860 608
1688870 608
1688880 608
1688890 608
1688900 608
1688910 608
1688920 609
1688930 609
1688940 609
1688950 609
1688960 609
1688970 609
1688980 609
1688990 609
1689000 609
1689010 609
1689020 609
1689030 609
1689040 609
1689050 609
1689060 609
1689070 609
1689080 609
1689090 608
1689100 608
1689110 607
1689120 606
1689130 605
1689140 604
1689150 603
1689160 603
1689170 603
1689180 602
1689190 602
1689200 602
1689210 602
1689220 602
1689230 601
1689240 601
1689250 601
1689260 601
1689270 601
1689280 601
1689290 601
1689300 601
1689310 601
1689320 601
1689330 601
1689340 602
1689350 602
1689360 602
1689370 602
1689380 602
1689390 601
1689400 601
1689410 601
1689420 601
1689430 600
1689440 600
1689450 600
1689460 600
1689470 600
1689480 600
1689490 600
1689500 600
1689510 600
1689520 599
1689530 599
1689540 599
1689550 599
1689560 599
1689570 598
1689580 598
1689590 597
1689600 597
1689610 597
1689620 596
1689630 596
1689640 595
1689650 593
1689660 591
1689670 589
1689680 587
1689690 586
1689700 586
1689710 586
1689720 587
1689730 587
1689740 587
1689750 587
1689760 588
1689770 589
1689780 589
1689790 590
1689800 590
1689810 590
1689820 589
1689830 589
1689840 590
1689850 590
1689860 590
1689870 591
1689880 591
1689890 592
1689900 592
1689910 593
1689920 593
1689930 594
1689940 594
1689950 595
1689960 596
1689970 597
1689980 598
1689990 598
1690000 599
1690010 600
1690020 601
1690030 602
1690040 602
1690050 603
1690060 604
1690070 605
1690080 605
1690090 605
1690100 606
1690110 606
1690120 606
1690130 607
1690140 607
1690150 608
1690160 608
1690170 609
1690180 609
1690190 610
1690200 610
1690210 611
1690220 611
1690230 612
1690240 612
1690250 612
1690260 613
1690270 613
1690280 613
1690290 614
1690300 614
1690310 615
1690320 615
1690330 615
1690340 615
1690350 616
1690360 616
1690370 616
1690380 616
1690390 617
1690400 617
1690410 617
1690420 618
1690430 618
1690440 618
1690450 618
1690460 618
1690470 618
1690480 618
1690490 618
1690500 618
1690510 618
1690520 618
1690530 619
1690540 619
1690550 619
1690560 619
1690570 619
1690580 619
1690590 619
1690600 619
1690610 619
1690620 620
1690630 620
1690640 620
1690650 620
1690660 620
1690670 620
1690680 620
1690690 620
1690700 620
1690710 620
1690720 620
1690730 620
1690740 620
1690750 620
1690760 620
1690770 620
1690780 620
1690790 620
1690800 620
1690810 620
1690820 620
1690830 620
1690840 620
1690850 620
1690860 620
1690870 620
1690880 620
1690890 620
1690900 620
1690910 620
1690920 620
1690930 620
1690940 620
1690950 620
1690960 620
1690970 620
1690980 620
1690990 620
1691000 620
1691010 620
1691020 620
1691030 620
1691040 620
1691050 620
1691060 620
1691070 620
1691080 620
1691090 620
1691100 620
1691110 620
1691120 620
1691130 620
1691140 620
1691150 620
1691160 620
1691170 620
1691180 620
1691190 620
1691200 620
1691210 620
1691220 620
1691230 620
1691240 620
1691250 620
1691260 620
1691270 620
1691280 619
1691290 619
1691300 619
1691310 619
1691320 619
1691330 619
1691340 619
1691350 619
1691360 619
1691370 619
1691380 618
1691390 618
1691400 618
1691410 618
1691420 618
1691430 618
1691440 618
1691450 617
1691460 617
1691470 617
1691480 617
1691490 617
1691500 617
1691510 617
1691520 617
1691530 617
1691540 617
1691550 616
1691560 616
1691570 616
1691580 616
1691590 616
1691600 616
1691610 616
1691620 616
1691630 616
1691640 616
1691650 615
1691660 615
1691670 615
1691680 615
1691690 615
1691700 615
1691710 615
1691720 615
1691730 615
1691740 615
1691750 615
1691760 614
1691770 614
1691780 614
1691790 614
1691800 614
1691810 614
1691820 614
1691830 614
1691840 613
1691850 613
1691860 613
1691870 613
1691880 613
1691890 613
1691900 612
1691910 612
1691920 612
1691930 612
1691940 612
1691950 612
1691960 611
1691970 611
1691980 611
1691990 611
1692000 611
1692010 611
1692020 611
1692030 611
1692040 610
1692050 610
1692060 610
1692070 610
1692080 610
1692090 610
1692100 610
1692110 609
1692120 609
1692130 609
1692140 609
1692150 609
1692160 609
1692170 608
1692180 608
1692190 608
1692200 608
1692210 608
1692220 608
1692230 607
1692240 607
1692250 607
1692260 607
1692270 607
1692280 607
1692290 606
1692300 606
1692310 606
1692320 606
1692330 606
1692340 606
1692350 606
1692360 605
1692370 605
1692380 605
1692390 605
1692400 605
1692410 604
1692420 604
1692430 604
1692440 604
1692450 604
1692460 604
1692470 604
1692480 604
1692490 604
1692500 604
1692510 604
1692520 603
1692530 603
1692540 603
1692550 603
1692560 603
1692570 603
1692580 603
1692590 602
1692600 602
1692610 602
1692620 602
1692630 601
1692640 601
1692650 600
1692660 600
1692670 600
1692680 599
1692690 599
1692700 598
1692710 597
1692720 597
1692730 597
1692740 597
1692750 597
1692760 597
1692770 597
1692780 596
1692790 596
1692800 596
1692810 596
1692820 596
1692830 596
1692840 595
1692850 595
1692860 595
1692870 595
1692880 595
1692890 594
1692900 594
1692910 594
1692920 594
1692930 593
1692940 593
1692950 593
1692960 593
1692970 593
1692980 593
1692990 593
1693000 592
1693010 592
1693020 592
1693030 592
1693040 592
1693050 592
1693060 592
1693070 591
1693080 591
1693090 591
1693100 591
1693110 591
1693120 591
1693130 590
1693140 590
1693150 590
1693160 590
1693170 589
1693180 589
1693190 589
1693200 589
1693210 589
1693220 589
1693230 588
1693240 588
1693250 588
1693260 588
1693270 588
1693280 588
1693290 588
1693300 588
1693310 588
1693320 588
1693330 589
1693340 589
1693350 588
1693360 587
1693370 587
1693380 587
1693390 587
1693400 587
1693410 587
1693420 587
1693430 587
1693440 587
1693450 587
1693460 587
1693470 587
1693480 587
1693490 587
1693500 587
1693510 588
1693520 588
1693530 589
1693540 589
1693550 589
1693560 589
1693570 589
1693580 589
1693590 590
1693600 590
1693610 590
1693620 590
1693630 591
1693640 591
1693650 591
1693660 592
1693670 592
1693680 593
1693690 593
1693700 594
1693710 594
1693720 594
1693730 594
1693740 594
1693750 594
1693760 594
1693770 595
1693780 595
1693790 595
1693800 595
1693810 595
1693820 595
1693830 595
1693840 595
1693850 595
1693860 595
1693870 595
1693880 595
1693890 595
1693900 595
1693910 595
1693920 595
1693930 595
1693940 594
1693950 594
1693960 594
1693970 594
1693980 594
1693990 594
1694000 594
1694010 594
1694020 594
1694030 594
1694040 594
1694050 594
1694060 594
1694070 594
1694080 594
1694090 594
1694100 594
1694110 594
1694120 594
1694130 594
1694140 594
1694150 594
1694160 593
1694170 594
1694180 594
1694190 594
1694200 593
1694210 593
1694220 593
1694230 593
1694240 593
1694250 593
1694260 593
1694270 593
1694280 593
1694290 592
1694300 592
1694310 592
1694320 592
1694330 591
1694340 591
1694350 591
1694360 591
1694370 590
1694380 590
1694390 590
1694400 590
1694410 590
1694420 589
1694430 589
1694440 589
1694450 589
1694460 589
1694470 588
1694480 588
1694490 588
1694500 588
1694510 588
1694520 587
1694530 587
1694540 587
1694550 587
1694560 587
1694570 587
1694580 587
1694590 587
1694600 587
1694610 587
1694620 587
1694630 587
1694640 587
1694650 587
1694660 587
1694670 587
1694680 587
1694690 587
1694700 587
1694710 587
1694720 587
1694730 586
1694740 586
1694750 585
1694760 585
1694770 584
1694780 584
1694790 583
1694800 583
1694810 582
1694820 582
1694830 581
1694840 581
1694850 581
1694860 580
1694870 580
1694880 579
1694890 579
1694900 578
1694910 578
1694920 578
1694930 578
1694940 578
1694950 577
1694960 577
1694970 577
1694980 577
1694990 577
1695000 577
1695010 576
1695020 576
1695030 576
1695040 575
1695050 575
1695060 575
1695070 575
1695080 575
1695090 574
1695100 574
1695110 574
1695120 574
1695130 573
1695140 573
1695150 573
1695160 572
1695170 572
1695180 572
1695190 571
1695200 571
1695210 571
1695220 571
1695230 571
1695240 570
1695250 570
1695260 570
1695270 569
1695280 569
1695290 569
1695300 569
1695310 569
1695320 569
1695330 569
1695340 568
1695350 568
1695360 568
1695370 568
1695380 568
1695390 568
1695400 568
1695410 568
1695420 568
1695430 567
1695440 567
1695450 568
1695460 568
1695470 568
1695480 568
1695490 568
1695500 568
1695510 568
1695520 567
1695530 567
1695540 567
1695550 567
1695560 567
1695570 567
1695580 567
1695590 567
1695600 567
1695610 567
1695620 567
1695630 567
1695640 567
1695650 567
1695660 567
1695670 567
1695680 567
1695690 566
1695700 566
1695710 566
1695720 566
1695730 566
1695740 566
1695750 566
1695760 566
1695770 566
1695780 566
1695790 566
1695800 566
1695810 566
1695820 565
1695830 565
1695840 565
1695850 565
1695860 565
1695870 565
1695880 565
1695890 564
1695900 564
1695910 564
1695920 564
1695930 564
1695940 564
1695950 564
1695960 564
1695970 563
1695980 563
1695990 563
1696000 563
1696010 563
1696020 563
1696030 563
1696040 563
1696050 563
1696060 563
1696070 563
1696080 563
1696090 563
1696100 563
1696110 563
1696120 563
1696130 563
1696140 563
1696150 563
1696160 563
1696170 563
1696180 563
1696190 563
1696200 563
1696210 563
1696220 563
1696230 564
1696240 564
1696250 564
1696260 564
1696270 564
1696280 564
1696290 564
1696300 565
1696310 565
1696320 565
1696330 565
1696340 565
1696350 565
1696360 565
1696370 565
1696380 565
1696390 565
1696400 565
1696410 565
1696420 565
1696430 565
1696440 565
1696450 565
1696460 565
1696470 565
1696480 565
1696490 565
1696500 565
1696510 564
1696520 564
1696530 564
1696540 564
1696550 563
1696560 563
1696570 563
1696580 563
1696590 563
1696600 562
1696610 562
1696620 562
1696630 562
1696640 562
1696650 562
1696660 562
1696670 561
1696680 561
1696690 561
1696700 560
1696710 560
1696720 560
1696730 560
1696740 560
1696750 560
1696760 560
1696770 560
1696780 559
1696790 559
1696800 559
1696810 559
1696820 559
1696830 559
1696840 559
1696850 558
1696860 558
1696870 558
1696880 558
1696890 558
1696900 557
1696910 557
1696920 557
1696930 557
1696940 557
1696950 556
1696960 556
1696970 556
1696980 556
1696990 555
1697000 555
1697010 555
1697020 555
1697030 555
1697040 555
1697050 555
1697060 555
1697070 554
1697080 554
1697090 554
1697100 554
1697110 554
1697120 553
1697130 553
1697140 553
1697150 553
1697160 553
1697170 553
1697180 553
1697190 552
1697200 552
1697210 552
1697220 552
1697230 552
1697240 551
1697250 551
1697260 551
1697270 550
1697280 550
1697290 550
1697300 550
1697310 550
1697320 550
1697330 550
1697340 549
1697350 549
1697360 550
1697370 550
1697380 550
1697390 550
1697400 550
1697410 550
1697420 550
1697430 550
1697440 550
1697450 550
1697460 550
1697470 550
1697480 550
1697490 550
1697500 550
1697510 550
1697520 550
1697530 550
1697540 551
1697550 552
1697560 554
1697570 555
1697580 556
1697590 556
1697600 557
1697610 557
1697620 558
1697630 558
1697640 559
1697650 560
1697660 560
1697670 560
1697680 561
1697690 561
1697700 562
1697710 562
1697720 562
1697730 563
1697740 563
1697750 563
1697760 564
1697770 564
1697780 564
1697790 564
1697800 564
1697810 565
1697820 565
1697830 565
1697840 566
1697850 566
1697860 566
1697870 567
1697880 567
1697890 568
1697900 568
1697910 568
1697920 568
1697930 568
1697940 568
1697950 568
1697960 569
1697970 569
1697980 569
1697990 569
1698000 570
1698010 570
1698020 570
1698030 570
1698040 570
1698050 570
1698060 571
1698070 571
1698080 572
1698090 572
1698100 572
1698110 572
1698120 572
1698130 572
1698140 572
1698150 572
1698160 572
1698170 572
1698180 572
1698190 572
1698200 572
1698210 572
1698220 572
1698230 572
1698240 572
1698250 572
1698260 572
1698270 572
1698280 572
1698290 572
1698300 572
1698310 572
1698320 572
1698330 572
1698340 572
1698350 572
1698360 572
1698370 572
1698380 572
1698390 572
1698400 572
1698410 572
1698420 572
1698430 571
1698440 571
1698450 571
1698460 571
1698470 571
1698480 570
1698490 570
1698500 570
1698510 570
1698520 570
1698530 571
1698540 571
1698550 571
1698560 571
1698570 571
1698580 570
1698590 570
1698600 570
1698610 570
1698620 570
1698630 570
1698640 570
1698650 569
1698660 569
1698670 568
1698680 567
1698690 566
1698700 565
1698710 564
1698720 563
1698730 562
1698740 561
1698750 560
1698760 559
1698770 559
1698780 559
1698790 560
1698800 560
1698810 561
1698820 561
1698830 561
1698840 562
1698850 563
1698860 565
1698870 568
1698880 571
1698890 573
1698900 575
1698910 577
1698920 578
1698930 579
1698940 580
1698950 582
1698960 582
1698970 583
1698980 583
1698990 583
1699000 583
1699010 583
1699020 583
1699030 583
1699040 583
1699050 584
1699060 584
1699070 584
1699080 584
1699090 584
1699100 584
1699110 584
1699120 585
1699130 585
1699140 585
1699150 585
1699160 585
1699170 585
1699180 585
1699190 585
1699200 585
1699210 585
1699220 586
1699230 586
1699240 586
1699250 586
1699260 586
1699270 586
1699280 586
1699290 587
1699300 587
1699310 587
1699320 587
1699330 587
1699340 587
1699350 587
1699360 587
1699370 587
1699380 587
1699390 588
1699400 588
1699410 588
1699420 588
1699430 588
1699440 587
1699450 588
1699460 588
1699470 587
1699480 587
1699490 587
1699500 587
1699510 587
1699520 587
1699530 587
1699540 587
1699550 587
1699560 587
1699570 587
1699580 587
1699590 587
1699600 587
1699610 587
1699620 587
1699630 587
1699640 587
1699650 587
1699660 588
1699670 588
1699680 588
1699690 588
1699700 588
1699710 588
1699720 588
1699730 588
1699740 588
1699750 588
1699760 588
1699770 588
1699780 589
1699790 589
1699800 589
1699810 589
1699820 590
1699830 590
1699840 590
1699850 590
1699860 590
1699870 590
1699880 590
1699890 590
1699900 591
1699910 591
1699920 591
1699930 591
1699940 591
1699950 591
1699960 591
1699970 592
1699980 592
1699990 592
