1680000 602
1680010 602
1680020 602
1680030 602
1680040 602
1680050 602
1680060 602
1680070 603
1680080 603
1680090 603
1680100 603
1680110 603
1680120 603
1680130 603
1680140 604
1680150 604
1680160 604
1680170 604
1680180 604
1680190 604
1680200 604
1680210 604
1680220 603
1680230 603
1680240 603
1680250 603
1680260 603
1680270 603
1680280 603
1680290 603
1680300 603
1680310 603
1680320 603
1680330 603
1680340 603
1680350 603
1680360 602
1680370 602
1680380 602
1680390 602
1680400 602
1680410 602
1680420 603
1680430 603
1680440 602
1680450 602
1680460 602
1680470 602
1680480 602
1680490 602
1680500 602
1680510 602
1680520 602
1680530 602
1680540 602
1680550 602
1680560 602
1680570 601
1680580 601
1680590 601
1680600 601
1680610 601
1680620 601
1680630 600
1680640 600
1680650 600
1680660 600
1680670 600
1680680 599
1680690 599
1680700 599
1680710 599
1680720 599
1680730 599
1680740 599
1680750 599
1680760 598
1680770 598
1680780 598
1680790 598
1680800 598
1680810 597
1680820 597
1680830 597
1680840 597
1680850 596
1680860 596
1680870 596
1680880 596
1680890 596
1680900 596
1680910 596
1680920 595
1680930 595
1680940 595
1680950 595
1680960 595
1680970 595
1680980 595
1680990 595
1681000 594
1681010 594
1681020 594
1681030 594
1681040 594
1681050 594
1681060 594
1681070 594
1681080 594
1681090 594
1681100 594
1681110 594
1681120 594
1681130 594
1681140 594
1681150 594
1681160 594
1681170 594
1681180 594
1681190 594
1681200 594
1681210 594
1681220 594
1681230 594
1681240 594
1681250 594
1681260 594
1681270 594
1681280 594
1681290 594
1681300 594
1681310 594
1681320 594
1681330 594
1681340 593
1681350 593
1681360 593
1681370 593
1681380 593
1681390 593
1681400 593
1681410 593
1681420 593
1681430 593
1681440 593
1681450 593
1681460 593
1681470 593
1681480 593
1681490 593
1681500 593
1681510 593
1681520 593
1681530 593
1681540 592
1681550 592
1681560 592
1681570 592
1681580 592
1681590 592
1681600 593
1681610 593
1681620 593
1681630 593
1681640 593
1681650 593
1681660 593
1681670 593
1681680 593
1681690 593
1681700 593
1681710 593
1681720 593
1681730 592
1681740 592
1681750 592
1681760 592
1681770 592
1681780 592
1681790 591
1681800 591
1681810 591
1681820 591
1681830 590
1681840 590
1681850 590
1681860 590
1681870 590
1681880 589
1681890 589
1681900 589
1681910 589
1681920 588
1681930 588
1681940 588
1681950 588
1681960 588
1681970 587
1681980 587
1681990 587
1682000 587
1682010 586
1682020 586
1682030 586
1682040 586
1682050 585
1682060 585
1682070 585
1682080 585
1682090 584
1682100 584
1682110 584
1682120 584
1682130 583
1682140 583
1682150 583
1682160 583
1682170 582
1682180 582
1682190 582
1682200 582
1682210 582
1682220 581
1682230 581
1682240 581
1682250 581
1682260 580
1682270 580
1682280 580
1682290 580
1682300 580
1682310 579
1682320 579
1682330 579
1682340 579
1682350 579
1682360 578
1682370 578
1682380 578
1682390 578
1682400 577
1682410 577
1682420 577
1682430 577
1682440 577
1682450 577
1682460 577
1682470 577
1682480 577
1682490 576
1682500 576
1682510 576
1682520 576
1682530 576
1682540 576
1682550 576
1682560 576
1682570 575
1682580 575
1682590 575
1682600 575
1682610 575
1682620 575
1682630 575
1682640 575
1682650 574
1682660 575
1682670 574
1682680 574
1682690 574
1682700 574
1682710 574
1682720 574
1682730 574
1682740 574
1682750 574
1682760 574
1682770 574
1682780 574
1682790 574
1682800 574
1682810 574
1682820 573
1682830 573
1682840 573
1682850 573
1682860 573
1682870 573
1682880 573
1682890 573
1682900 572
1682910 572
1682920 572
1682930 572
1682940 572
1682950 572
1682960 572
1682970 572
1682980 572
1682990 572
1683000 572
1683010 572
1683020 572
1683030 572
1683040 571
1683050 571
1683060 571
1683070 571
1683080 570
1683090 570
1683100 570
1683110 570
1683120 569
1683130 569
1683140 569
1683150 569
1683160 569
1683170 569
1683180 569
1683190 570
1683200 570
1683210 570
1683220 570
1683230 570
1683240 570
1683250 570
1683260 570
1683270 571
1683280 571
1683290 571
1683300 571
1683310 571
1683320 571
1683330 571
1683340 571
1683350 571
1683360 571
1683370 571
1683380 571
1683390 571
1683400 571
1683410 571
1683420 571
1683430 571
1683440 571
1683450 572
1683460 572
1683470 572
1683480 572
1683490 572
1683500 571
1683510 571
1683520 571
1683530 571
1683540 571
1683550 571
1683560 571
1683570 571
1683580 571
1683590 571
1683600 571
1683610 571
1683620 571
1683630 570
1683640 570
1683650 570
1683660 570
1683670 570
1683680 570
1683690 570
1683700 570
1683710 570
1683720 570
1683730 570
1683740 570
1683750 570
1683760 570
1683770 570
1683780 570
1683790 570
1683800 570
1683810 569
1683820 569
1683830 569
1683840 569
1683850 569
1683860 569
1683870 569
1683880 569
1683890 569
1683900 569
1683910 569
1683920 569
1683930 569
1683940 569
1683950 568
1683960 568
1683970 568
1683980 568
1683990 568
1684000 568
1684010 568
1684020 568
1684030 567
1684040 567
1684050 567
1684060 568
1684070 568
1684080 568
1684090 568
1684100 568
1684110 568
1684120 568
1684130 568
1684140 568
1684150 568
1684160 568
1684170 568
1684180 568
1684190 568
1684200 568
1684210 568
1684220 568
1684230 568
1684240 568
1684250 568
1684260 568
1684270 568
1684280 568
1684290 568
1684300 568
1684310 568
1684320 568
1684330 568
1684340 568
1684350 568
1684360 568
1684370 568
1684380 568
1684390 568
1684400 568
1684410 568
1684420 568
1684430 568
1684440 568
1684450 568
1684460 568
1684470 568
1684480 568
1684490 568
1684500 568
1684510 568
1684520 568
1684530 568
1684540 568
1684550 568
1684560 568
1684570 568
1684580 568
1684590 568
1684600 568
1684610 568
1684620 568
1684630 568
1684640 568
1684650 567
1684660 567
1684670 567
1684680 567
1684690 567
1684700 567
1684710 567
1684720 567
1684730 567
1684740 567
1684750 567
1684760 567
1684770 567
1684780 566
1684790 566
1684800 566
1684810 566
1684820 566
1684830 566
1684840 566
1684850 566
1684860 566
1684870 566
1684880 566
1684890 565
1684900 565
1684910 565
1684920 565
1684930 565
1684940 565
1684950 565
1684960 565
1684970 565
1684980 564
1684990 564
1685000 564
1685010 564
1685020 564
1685030 564
1685040 564
1685050 563
1685060 563
1685070 563
1685080 563
1685090 563
1685100 563
1685110 562
1685120 562
1685130 562
1685140 562
1685150 562
1685160 561
1685170 561
1685180 561
1685190 561
1685200 561
1685210 561
1685220 561
1685230 561
1685240 561
1685250 561
1685260 561
1685270 561
1685280 561
1685290 561
1685300 561
1685310 561
1685320 561
1685330 561
1685340 561
1685350 561
1685360 561
1685370 561
1685380 561
1685390 561
1685400 561
1685410 561
1685420 561
1685430 560
1685440 560
1685450 560
1685460 560
1685470 560
1685480 560
1685490 560
1685500 560
1685510 560
1685520 560
1685530 560
1685540 560
1685550 560
1685560 559
1685570 559
1685580 559
1685590 559
1685600 559
1685610 559
1685620 559
1685630 559
1685640 559
1685650 559
1685660 559
1685670 558
1685680 558
1685690 558
1685700 558
1685710 558
1685720 558
1685730 558
1685740 558
1685750 558
1685760 558
1685770 558
1685780 558
1685790 558
1685800 558
1685810 558
1685820 558
1685830 558
1685840 558
1685850 558
1685860 557
1685870 557
1685880 557
1685890 557
1685900 557
1685910 557
1685920 557
1685930 557
1685940 557
1685950 557
1685960 557
1685970 557
1685980 557
1685990 557
1686000 557
1686010 556
1686020 556
1686030 556
1686040 556
1686050 556
1686060 556
1686070 556
1686080 556
1686090 556
1686100 556
1686110 556
1686120 556
1686130 556
1686140 555
1686150 555
1686160 555
1686170 555
1686180 555
1686190 555
1686200 555
1686210 555
1686220 555
1686230 555
1686240 555
1686250 554
1686260 554
1686270 554
1686280 554
1686290 554
1686300 554
1686310 554
1686320 554
1686330 553
1686340 553
1686350 553
1686360 553
1686370 553
1686380 553
1686390 553
1686400 552
1686410 552
1686420 552
1686430 552
1686440 552
1686450 552
1686460 551
1686470 551
1686480 551
1686490 551
1686500 551
1686510 550
1686520 550
1686530 550
1686540 550
1686550 550
1686560 549
1686570 549
1686580 549
1686590 548
1686600 548
1686610 548
1686620 548
1686630 547
1686640 547
1686650 547
1686660 547
1686670 547
1686680 547
1686690 547
1686700 547
1686710 547
1686720 547
1686730 547
1686740 547
1686750 547
1686760 547
1686770 546
1686780 546
1686790 546
1686800 546
1686810 546
1686820 545
1686830 545
1686840 545
1686850 545
1686860 544
1686870 544
1686880 544
1686890 544
1686900 543
1686910 543
1686920 543
1686930 542
1686940 542
1686950 541
1686960 541
1686970 540
1686980 540
1686990 539
1687000 539
1687010 540
1687020 541
1687030 542
1687040 542
1687050 542
1687060 542
1687070 542
1687080 542
1687090 542
1687100 542
1687110 542
1687120 542
1687130 543
1687140 543
1687150 543
1687160 543
1687170 543
1687180 543
1687190 543
1687200 543
1687210 543
1687220 543
1687230 543
1687240 543
1687250 543
1687260 543
1687270 543
1687280 543
1687290 543
1687300 543
1687310 542
1687320 542
1687330 542
1687340 542
1687350 542
1687360 541
1687370 541
1687380 541
1687390 541
1687400 540
1687410 540
1687420 540
1687430 540
1687440 540
1687450 539
1687460 539
1687470 539
1687480 539
1687490 538
1687500 538
1687510 537
1687520 537
1687530 536
1687540 536
1687550 536
1687560 536
1687570 536
1687580 536
1687590 535
1687600 535
1687610 534
1687620 532
1687630 532
1687640 531
1687650 531
1687660 531
1687670 531
1687680 531
1687690 531
1687700 531
1687710 531
1687720 531
1687730 531
1687740 531
1687750 531
1687760 531
1687770 531
1687780 531
1687790 531
1687800 531
1687810 531
1687820 531
1687830 531
1687840 531
1687850 531
1687860 531
1687870 531
1687880 531
1687890 531
1687900 531
1687910 531
1687920 531
1687930 531
1687940 531
1687950 531
1687960 531
1687970 530
1687980 530
1687990 530
1688000 530
1688010 530
1688020 530
1688030 531
1688040 530
1688050 530
1688060 530
1688070 532
1688080 534
1688090 538
1688100 541
1688110 545
1688120 548
1688130 551
1688140 554
1688150 557
1688160 559
1688170 560
1688180 561
1688190 562
1688200 562
1688210 562
1688220 563
1688230 563
1688240 563
1688250 563
1688260 563
1688270 564
1688280 564
1688290 564
1688300 564
1688310 564
1688320 564
1688330 564
1688340 564
1688350 563
1688360 563
1688370 563
1688380 563
1688390 563
1688400 563
1688410 563
1688420 563
1688430 563
1688440 563
1688450 563
1688460 563
1688470 563
1688480 563
1688490 563
1688500 563
1688510 563
1688520 563
1688530 563
1688540 563
1688550 563
1688560 563
1688570 563
1688580 563
1688590 563
1688600 563
1688610 563
1688620 563
1688630 564
1688640 564
1688650 564
1688660 564
1688670 564
1688680 564
1688690 564
1688700 565
1688710 565
1688720 565
1688730 565
1688740 565
1688750 565
1688760 566
1688770 566
1688780 566
1688790 566
1688800 567
1688810 567
1688820 567
1688830 567
1688840 567
1688850 567
1688860 567
1688870 567
1688880 567
1688890 567
1688900 567
1688910 567
1688920 567
1688930 568
1688940 568
1688950 567
1688960 567
1688970 568
1688980 568
1688990 568
1689000 568
1689010 568
1689020 568
1689030 568
1689040 568
1689050 568
1689060 568
1689070 568
1689080 569
1689090 569
1689100 569
1689110 569
1689120 569
1689130 569
1689140 569
1689150 569
1689160 569
1689170 569
1689180 569
1689190 569
1689200 569
1689210 569
1689220 569
1689230 569
1689240 569
1689250 569
1689260 569
1689270 569
1689280 569
1689290 569
1689300 569
1689310 569
1689320 569
1689330 569
1689340 569
1689350 569
1689360 569
1689370 569
1689380 569
1689390 568
1689400 568
1689410 568
1689420 568
1689430 568
1689440 568
1689450 568
1689460 568
1689470 568
1689480 568
1689490 568
1689500 568
1689510 568
1689520 568
1689530 568
1689540 568
1689550 568
1689560 568
1689570 568
1689580 568
1689590 568
1689600 568
1689610 568
1689620 568
1689630 568
1689640 568
1689650 568
1689660 568
1689670 568
1689680 568
1689690 568
1689700 568
1689710 568
1689720 568
1689730 568
1689740 568
1689750 568
1689760 568
1689770 568
1689780 568
1689790 567
1689800 567
1689810 567
1689820 567
1689830 567
1689840 567
1689850 567
1689860 567
1689870 567
1689880 567
1689890 567
1689900 567
1689910 567
1689920 567
1689930 567
1689940 567
1689950 567
1689960 567
1689970 567
1689980 567
1689990 567
1690000 567
1690010 567
1690020 567
1690030 567
1690040 567
1690050 567
1690060 567
1690070 567
1690080 568
1690090 568
1690100 567
1690110 567
1690120 567
1690130 567
1690140 567
1690150 568
1690160 568
1690170 568
1690180 568
1690190 568
1690200 568
1690210 568
1690220 568
1690230 568
1690240 567
1690250 567
1690260 567
1690270 567
1690280 567
1690290 568
1690300 568
1690310 568
1690320 568
1690330 569
1690340 569
1690350 569
1690360 569
1690370 569
1690380 570
1690390 570
1690400 570
1690410 570
1690420 570
1690430 571
1690440 571
1690450 571
1690460 571
1690470 571
1690480 571
1690490 572
1690500 572
1690510 572
1690520 572
1690530 572
1690540 572
1690550 573
1690560 573
1690570 573
1690580 573
1690590 573
1690600 573
1690610 573
1690620 573
1690630 574
1690640 574
1690650 574
1690660 574
1690670 574
1690680 574
1690690 574
1690700 574
1690710 574
1690720 574
1690730 575
1690740 575
1690750 575
1690760 575
1690770 575
1690780 575
1690790 575
1690800 575
1690810 575
1690820 576
1690830 576
1690840 576
1690850 576
1690860 576
1690870 577
1690880 577
1690890 577
1690900 577
1690910 577
1690920 578
1690930 578
1690940 578
1690950 578
1690960 578
1690970 578
1690980 579
1690990 579
1691000 579
1691010 579
1691020 579
1691030 579
1691040 579
1691050 579
1691060 580
1691070 580
1691080 580
1691090 580
1691100 580
1691110 581
1691120 581
1691130 581
1691140 581
1691150 581
1691160 581
1691170 581
1691180 582
1691190 582
1691200 582
1691210 582
1691220 582
1691230 582
1691240 582
1691250 582
1691260 582
1691270 582
1691280 583
1691290 583
1691300 583
1691310 583
1691320 583
1691330 583
1691340 583
1691350 583
1691360 583
1691370 583
1691380 583
1691390 584
1691400 584
1691410 584
1691420 584
1691430 584
1691440 584
1691450 584
1691460 584
1691470 584
1691480 584
1691490 585
1691500 585
1691510 585
1691520 585
1691530 585
1691540 585
1691550 585
1691560 585
1691570 586
1691580 586
1691590 586
1691600 586
1691610 586
1691620 586
1691630 586
1691640 586
1691650 586
1691660 586
1691670 586
1691680 587
1691690 587
1691700 587
1691710 587
1691720 587
1691730 587
1691740 587
1691750 587
1691760 587
1691770 587
1691780 587
1691790 587
1691800 587
1691810 587
1691820 587
1691830 587
1691840 587
1691850 587
1691860 587
1691870 587
1691880 587
1691890 587
1691900 587
1691910 587
1691920 587
1691930 587
1691940 586
1691950 586
1691960 586
1691970 586
1691980 586
1691990 586
1692000 586
1692010 585
1692020 585
1692030 585
1692040 585
1692050 585
1692060 584
1692070 584
1692080 584
1692090 584
1692100 583
1692110 583
1692120 583
1692130 583
1692140 583
1692150 582
1692160 582
1692170 582
1692180 582
1692190 581
1692200 581
1692210 581
1692220 581
1692230 580
1692240 580
1692250 580
1692260 580
1692270 579
1692280 579
1692290 579
1692300 579
1692310 578
1692320 578
1692330 578
1692340 577
1692350 577
1692360 577
1692370 577
1692380 576
1692390 576
1692400 576
1692410 575
1692420 575
1692430 575
1692440 575
1692450 574
1692460 574
1692470 574
1692480 573
1692490 573
1692500 573
1692510 573
1692520 572
1692530 572
1692540 572
1692550 571
1692560 571
1692570 571
1692580 570
1692590 570
1692600 569
1692610 568
1692620 568
1692630 568
1692640 568
1692650 568
1692660 568
1692670 568
1692680 567
1692690 567
1692700 567
1692710 567
1692720 567
1692730 567
1692740 567
1692750 567
1692760 567
1692770 567
1692780 568
1692790 568
1692800 568
1692810 569
1692820 569
1692830 570
1692840 570
1692850 570
1692860 570
1692870 570
1692880 570
1692890 570
1692900 571
1692910 571
1692920 571
1692930 571
1692940 572
1692950 572
1692960 572
1692970 573
1692980 573
1692990 573
1693000 574
1693010 574
1693020 574
1693030 575
1693040 575
1693050 575
1693060 575
1693070 575
1693080 574
1693090 574
1693100 574
1693110 574
1693120 573
1693130 573
1693140 573
1693150 573
1693160 573
1693170 572
1693180 572
1693190 572
1693200 572
1693210 571
1693220 571
1693230 571
1693240 571
1693250 570
1693260 570
1693270 570
1693280 569
1693290 569
1693300 569
1693310 568
1693320 568
1693330 568
1693340 568
1693350 568
1693360 568
1693370 567
1693380 567
1693390 567
1693400 567
1693410 567
1693420 566
1693430 566
1693440 566
1693450 565
1693460 565
1693470 565
1693480 565
1693490 565
1693500 565
1693510 564
1693520 564
1693530 564
1693540 564
1693550 563
1693560 563
1693570 563
1693580 563
1693590 562
1693600 562
1693610 562
1693620 561
1693630 561
1693640 560
1693650 559
1693660 558
1693670 556
1693680 554
1693690 553
1693700 551
1693710 550
1693720 549
1693730 549
1693740 548
1693750 547
1693760 546
1693770 546
1693780 545
1693790 544
1693800 543
1693810 542
1693820 541
1693830 541
1693840 541
1693850 541
1693860 542
1693870 543
1693880 544
1693890 545
1693900 546
1693910 549
1693920 552
1693930 556
1693940 559
1693950 560
1693960 562
1693970 564
1693980 566
1693990 567
1694000 567
1694010 568
1694020 568
1694030 568
1694040 569
1694050 569
1694060 569
1694070 569
1694080 569
1694090 569
1694100 569
1694110 569
1694120 570
1694130 570
1694140 570
1694150 570
1694160 570
1694170 570
1694180 570
1694190 571
1694200 571
1694210 571
1694220 571
1694230 571
1694240 571
1694250 571
1694260 571
1694270 571
1694280 571
1694290 571
1694300 571
1694310 571
1694320 571
1694330 571
1694340 571
1694350 571
1694360 571
1694370 571
1694380 571
1694390 571
1694400 571
1694410 572
1694420 572
1694430 572
1694440 572
1694450 572
1694460 573
1694470 573
1694480 573
1694490 573
1694500 574
1694510 574
1694520 574
1694530 575
1694540 575
1694550 575
1694560 575
1694570 576
1694580 576
1694590 576
1694600 576
1694610 576
1694620 576
1694630 577
1694640 576
1694650 576
1694660 576
1694670 576
1694680 576
1694690 576
1694700 576
1694710 576
1694720 576
1694730 576
1694740 576
1694750 576
1694760 576
1694770 576
1694780 576
1694790 576
1694800 576
1694810 576
1694820 576
1694830 576
1694840 576
1694850 577
1694860 577
1694870 577
1694880 577
1694890 577
1694900 577
1694910 577
1694920 577
1694930 577
1694940 577
1694950 577
1694960 577
1694970 577
1694980 577
1694990 577
1695000 577
1695010 577
1695020 578
1695030 578
1695040 578
1695050 578
1695060 578
1695070 578
1695080 579
1695090 579
1695100 579
1695110 579
1695120 579
1695130 579
1695140 579
1695150 579
1695160 579
1695170 580
1695180 580
1695190 580
1695200 580
1695210 580
1695220 580
1695230 580
1695240 580
1695250 580
1695260 580
1695270 580
1695280 580
1695290 580
1695300 580
1695310 580
1695320 580
1695330 580
1695340 580
1695350 580
1695360 580
1695370 580
1695380 580
1695390 580
1695400 580
1695410 580
1695420 579
1695430 579
1695440 579
1695450 579
1695460 579
1695470 579
1695480 580
1695490 580
1695500 580
1695510 580
1695520 580
1695530 580
1695540 580
1695550 580
1695560 580
1695570 580
1695580 580
1695590 580
1695600 580
1695610 580
1695620 580
1695630 580
1695640 580
1695650 580
1695660 580
1695670 580
1695680 579
1695690 579
1695700 579
1695710 579
1695720 579
1695730 579
1695740 579
1695750 579
1695760 579
1695770 579
1695780 579
1695790 579
1695800 579
1695810 579
1695820 579
1695830 579
1695840 579
1695850 579
1695860 579
1695870 579
1695880 579
1695890 579
1695900 579
1695910 580
1695920 580
1695930 580
1695940 580
1695950 580
1695960 580
1695970 580
1695980 580
1695990 580
1696000 580
1696010 580
1696020 580
1696030 581
1696040 581
1696050 581
1696060 581
1696070 581
1696080 581
1696090 581
1696100 581
1696110 581
1696120 581
1696130 582
1696140 582
1696150 582
1696160 582
1696170 582
1696180 582
1696190 582
1696200 582
1696210 582
1696220 582
1696230 582
1696240 582
1696250 582
1696260 582
1696270 583
1696280 583
1696290 583
1696300 583
1696310 583
1696320 583
1696330 582
1696340 583
1696350 583
1696360 583
1696370 583
1696380 583
1696390 583
1696400 583
1696410 583
1696420 583
1696430 583
1696440 583
1696450 583
1696460 583
1696470 583
1696480 583
1696490 583
1696500 583
1696510 583
1696520 582
1696530 582
1696540 582
1696550 582
1696560 583
1696570 583
1696580 583
1696590 583
1696600 583
1696610 583
1696620 583
1696630 583
1696640 583
1696650 583
1696660 583
1696670 583
1696680 583
1696690 583
1696700 583
1696710 583
1696720 583
1696730 583
1696740 584
1696750 584
1696760 584
1696770 584
1696780 584
1696790 584
1696800 584
1696810 585
1696820 585
1696830 585
1696840 585
1696850 585
1696860 586
1696870 586
1696880 586
1696890 586
1696900 586
1696910 586
1696920 586
1696930 586
1696940 587
1696950 587
1696960 587
1696970 587
1696980 587
1696990 587
1697000 587
1697010 587
1697020 587
1697030 587
1697040 587
1697050 587
1697060 587
1697070 586
1697080 586
1697090 586
1697100 586
1697110 586
1697120 585
1697130 585
1697140 585
1697150 585
1697160 585
1697170 585
1697180 584
1697190 584
1697200 584
1697210 583
1697220 583
1697230 583
1697240 582
1697250 582
1697260 581
1697270 581
1697280 580
1697290 580
1697300 579
1697310 579
1697320 579
1697330 579
1697340 579
1697350 579
1697360 579
1697370 579
1697380 579
1697390 578
1697400 578
1697410 577
1697420 577
1697430 577
1697440 576
1697450 576
1697460 576
1697470 576
1697480 576
1697490 576
1697500 576
1697510 575
1697520 575
1697530 575
1697540 575
1697550 575
1697560 575
1697570 575
1697580 575
1697590 575
1697600 575
1697610 574
1697620 574
1697630 573
1697640 573
1697650 573
1697660 573
1697670 573
1697680 574
1697690 574
1697700 575
1697710 576
1697720 577
1697730 577
1697740 578
1697750 579
1697760 579
1697770 580
1697780 580
1697790 580
1697800 581
1697810 581
1697820 581
1697830 581
1697840 581
1697850 581
1697860 581
1697870 581
1697880 581
1697890 580
1697900 580
1697910 580
1697920 580
1697930 580
1697940 580
1697950 580
1697960 580
1697970 579
1697980 579
1697990 579
1698000 579
1698010 579
1698020 579
1698030 578
1698040 578
1698050 578
1698060 578
1698070 578
1698080 577
1698090 577
1698100 577
1698110 577
1698120 577
1698130 576
1698140 576
1698150 576
1698160 576
1698170 576
1698180 575
1698190 575
1698200 575
1698210 575
1698220 575
1698230 575
1698240 575
1698250 575
1698260 575
1698270 575
1698280 575
1698290 575
1698300 574
1698310 574
1698320 574
1698330 574
1698340 574
1698350 574
1698360 574
1698370 574
1698380 574
1698390 574
1698400 574
1698410 574
1698420 573
1698430 573
1698440 573
1698450 574
1698460 574
1698470 574
1698480 574
1698490 574
1698500 574
1698510 574
1698520 574
1698530 574
1698540 573
1698550 573
1698560 573
1698570 573
1698580 573
1698590 573
1698600 573
1698610 573
1698620 573
1698630 572
1698640 572
1698650 572
1698660 572
1698670 572
1698680 571
1698690 571
1698700 571
1698710 571
1698720 570
1698730 570
1698740 569
1698750 568
1698760 568
1698770 567
1698780 567
1698790 566
1698800 565
1698810 564
1698820 563
1698830 561
1698840 560
1698850 559
1698860 558
1698870 557
1698880 557
1698890 556
1698900 555
1698910 555
1698920 554
1698930 554
1698940 554
1698950 553
1698960 553
1698970 553
1698980 552
1698990 552
1699000 552
1699010 552
1699020 552
1699030 552
1699040 551
1699050 551
1699060 552
1699070 553
1699080 556
1699090 557
1699100 559
1699110 560
1699120 561
1699130 562
1699140 563
1699150 564
1699160 565
1699170 565
1699180 566
1699190 566
1699200 567
1699210 567
1699220 568
1699230 569
1699240 569
1699250 570
1699260 570
1699270 571
1699280 571
1699290 571
1699300 572
1699310 572
1699320 573
1699330 573
1699340 573
1699350 574
1699360 574
1699370 574
1699380 574
1699390 574
1699400 575
1699410 575
1699420 575
1699430 575
1699440 575
1699450 575
1699460 576
1699470 576
1699480 576
1699490 576
1699500 576
1699510 576
1699520 576
1699530 576
1699540 576
1699550 576
1699560 576
1699570 576
1699580 576
1699590 576
1699600 576
1699610 576
1699620 576
1699630 576
1699640 576
1699650 576
1699660 575
1699670 575
1699680 575
1699690 575
1699700 574
1699710 574
1699720 574
1699730 574
1699740 574
1699750 574
1699760 574
1699770 574
1699780 574
1699790 574
1699800 574
1699810 574
1699820 574
1699830 574
1699840 574
1699850 574
1699860 574
1699870 574
1699880 573
1699890 573
1699900 573
1699910 573
1699920 573
1699930 573
1699940 573
1699950 572
1699960 572
1699970 572
1699980 572
1699990 572
