1680000 581
1680010 581
1680020 580
1680030 579
1680040 579
1680050 577
1680060 576
1680070 575
1680080 574
1680090 573
1680100 572
1680110 571
1680120 571
1680130 571
1680140 571
1680150 571
1680160 570
1680170 570
1680180 569
1680190 569
1680200 569
1680210 570
1680220 571
1680230 572
1680240 573
1680250 573
1680260 573
1680270 573
1680280 573
1680290 573
1680300 573
1680310 573
1680320 573
1680330 573
1680340 573
1680350 573
1680360 573
1680370 573
1680380 573
1680390 573
1680400 573
1680410 573
1680420 573
1680430 573
1680440 574
1680450 574
1680460 574
1680470 575
1680480 576
1680490 576
1680500 577
1680510 578
1680520 579
1680530 580
1680540 581
1680550 582
1680560 583
1680570 584
1680580 584
1680590 584
1680600 584
1680610 583
1680620 582
1680630 582
1680640 582
1680650 582
1680660 582
1680670 581
1680680 581
1680690 580
1680700 580
1680710 579
1680720 578
1680730 578
1680740 577
1680750 576
1680760 575
1680770 575
1680780 576
1680790 578
1680800 579
1680810 580
1680820 581
1680830 582
1680840 583
1680850 584
1680860 584
1680870 585
1680880 585
1680890 586
1680900 586
1680910 587
1680920 587
1680930 586
1680940 586
1680950 585
1680960 584
1680970 584
1680980 584
1680990 584
1681000 583
1681010 583
1681020 582
1681030 582
1681040 581
1681050 581
1681060 580
1681070 580
1681080 580
1681090 579
1681100 579
1681110 579
1681120 578
1681130 578
1681140 578
1681150 578
1681160 578
1681170 577
1681180 577
1681190 577
1681200 577
1681210 577
1681220 576
1681230 576
1681240 576
1681250 575
1681260 575
1681270 575
1681280 575
1681290 575
1681300 575
1681310 575
1681320 575
1681330 575
1681340 575
1681350 575
1681360 575
1681370 575
1681380 575
1681390 574
1681400 574
1681410 574
1681420 574
1681430 574
1681440 574
1681450 574
1681460 574
1681470 574
1681480 574
1681490 574
1681500 574
1681510 574
1681520 573
1681530 573
1681540 572
1681550 572
1681560 572
1681570 572
1681580 572
1681590 572
1681600 572
1681610 572
1681620 573
1681630 573
1681640 573
1681650 574
1681660 574
1681670 574
1681680 574
1681690 575
1681700 575
1681710 575
1681720 575
1681730 575
1681740 575
1681750 575
1681760 575
1681770 575
1681780 575
1681790 575
1681800 575
1681810 575
1681820 575
1681830 574
1681840 574
1681850 574
1681860 574
1681870 574
1681880 574
1681890 574
1681900 574
1681910 573
1681920 573
1681930 573
1681940 573
1681950 573
1681960 573
1681970 573
1681980 572
1681990 572
1682000 572
1682010 572
1682020 571
1682030 571
1682040 571
1682050 571
1682060 571
1682070 570
1682080 570
1682090 570
1682100 570
1682110 569
1682120 569
1682130 569
1682140 569
1682150 568
1682160 568
1682170 567
1682180 567
1682190 567
1682200 567
1682210 567
1682220 567
1682230 567
1682240 567
1682250 567
1682260 567
1682270 567
1682280 567
1682290 567
1682300 567
1682310 567
1682320 567
1682330 567
1682340 567
1682350 567
1682360 567
1682370 567
1682380 567
1682390 567
1682400 567
1682410 567
1682420 566
1682430 566
1682440 566
1682450 566
1682460 566
1682470 566
1682480 566
1682490 566
1682500 566
1682510 566
1682520 566
1682530 567
1682540 567
1682550 567
1682560 567
1682570 567
1682580 567
1682590 567
1682600 567
1682610 567
1682620 567
1682630 567
1682640 567
1682650 567
1682660 567
1682670 568
1682680 568
1682690 568
1682700 568
1682710 568
1682720 568
1682730 568
1682740 568
1682750 568
1682760 568
1682770 568
1682780 568
1682790 568
1682800 568
1682810 568
1682820 568
1682830 568
1682840 568
1682850 568
1682860 568
1682870 569
1682880 569
1682890 569
1682900 568
1682910 569
1682920 569
1682930 569
1682940 569
1682950 569
1682960 568
1682970 568
1682980 568
1682990 568
1683000 568
1683010 568
1683020 568
1683030 568
1683040 568
1683050 568
1683060 568
1683070 568
1683080 568
1683090 568
1683100 568
1683110 568
1683120 568
1683130 568
1683140 568
1683150 568
1683160 568
1683170 568
1683180 568
1683190 568
1683200 568
1683210 568
1683220 568
1683230 568
1683240 568
1683250 568
1683260 568
1683270 568
1683280 568
1683290 568
1683300 568
1683310 567
1683320 567
1683330 567
1683340 567
1683350 567
1683360 567
1683370 567
1683380 567
1683390 567
1683400 566
1683410 566
1683420 566
1683430 566
1683440 566
1683450 566
1683460 566
1683470 566
1683480 565
1683490 565
1683500 565
1683510 565
1683520 565
1683530 565
1683540 564
1683550 564
1683560 564
1683570 564
1683580 564
1683590 564
1683600 563
1683610 563
1683620 563
1683630 563
1683640 563
1683650 563
1683660 563
1683670 563
1683680 563
1683690 563
1683700 563
1683710 562
1683720 562
1683730 562
1683740 562
1683750 562
1683760 562
1683770 561
1683780 561
1683790 561
1683800 561
1683810 561
1683820 560
1683830 560
1683840 560
1683850 560
1683860 559
1683870 559
1683880 559
1683890 559
1683900 559
1683910 558
1683920 558
1683930 558
1683940 557
1683950 557
1683960 557
1683970 557
1683980 557
1683990 557
1684000 557
1684010 557
1684020 557
1684030 557
1684040 557
1684050 558
1684060 558
1684070 558
1684080 558
1684090 558
1684100 558
1684110 559
1684120 559
1684130 559
1684140 559
1684150 559
1684160 560
1684170 560
1684180 560
1684190 560
1684200 560
1684210 559
1684220 559
1684230 559
1684240 559
1684250 559
1684260 559
1684270 559
1684280 560
1684290 560
1684300 560
1684310 560
1684320 561
1684330 561
1684340 561
1684350 561
1684360 561
1684370 562
1684380 562
1684390 562
1684400 562
1684410 562
1684420 562
1684430 562
1684440 563
1684450 563
1684460 563
1684470 563
1684480 563
1684490 563
1684500 563
1684510 563
1684520 563
1684530 563
1684540 564
1684550 564
1684560 564
1684570 564
1684580 564
1684590 564
1684600 564
1684610 564
1684620 564
1684630 564
1684640 564
1684650 564
1684660 565
1684670 565
1684680 565
1684690 565
1684700 565
1684710 565
1684720 565
1684730 565
1684740 565
1684750 565
1684760 565
1684770 565
1684780 565
1684790 565
1684800 565
1684810 565
1684820 565
1684830 565
1684840 565
1684850 565
1684860 565
1684870 565
1684880 565
1684890 565
1684900 565
1684910 565
1684920 565
1684930 565
1684940 565
1684950 565
1684960 564
1684970 564
1684980 564
1684990 564
1685000 564
1685010 564
1685020 564
1685030 564
1685040 563
1685050 563
1685060 563
1685070 563
1685080 563
1685090 563
1685100 563
1685110 562
1685120 562
1685130 562
1685140 562
1685150 562
1685160 562
1685170 562
1685180 561
1685190 561
1685200 561
1685210 561
1685220 561
1685230 561
1685240 561
1685250 561
1685260 561
1685270 561
1685280 561
1685290 561
1685300 560
1685310 560
1685320 560
1685330 560
1685340 560
1685350 560
1685360 560
1685370 560
1685380 560
1685390 559
1685400 559
1685410 559
1685420 559
1685430 559
1685440 559
1685450 559
1685460 559
1685470 559
1685480 559
1685490 559
1685500 559
1685510 558
1685520 558
1685530 558
1685540 558
1685550 558
1685560 558
1685570 558
1685580 558
1685590 558
1685600 558
1685610 558
1685620 557
1685630 557
1685640 557
1685650 557
1685660 557
1685670 557
1685680 557
1685690 557
1685700 557
1685710 557
1685720 557
1685730 557
1685740 556
1685750 556
1685760 556
1685770 556
1685780 556
1685790 556
1685800 556
1685810 556
1685820 556
1685830 556
1685840 556
1685850 556
1685860 556
1685870 556
1685880 556
1685890 556
1685900 556
1685910 556
1685920 556
1685930 556
1685940 556
1685950 556
1685960 556
1685970 555
1685980 555
1685990 555
1686000 555
1686010 555
1686020 555
1686030 555
1686040 555
1686050 555
1686060 555
1686070 555
1686080 555
1686090 555
1686100 555
1686110 555
1686120 555
1686130 555
1686140 555
1686150 555
1686160 555
1686170 555
1686180 555
1686190 555
1686200 555
1686210 555
1686220 555
1686230 555
1686240 555
1686250 555
1686260 555
1686270 555
1686280 555
1686290 555
1686300 555
1686310 555
1686320 555
1686330 555
1686340 555
1686350 555
1686360 555
1686370 555
1686380 555
1686390 555
1686400 555
1686410 555
1686420 555
1686430 555
1686440 555
1686450 555
1686460 555
1686470 555
1686480 555
1686490 555
1686500 555
1686510 555
1686520 555
1686530 555
1686540 555
1686550 555
1686560 555
1686570 555
1686580 555
1686590 555
1686600 555
1686610 555
1686620 554
1686630 554
1686640 554
1686650 554
1686660 554
1686670 554
1686680 554
1686690 554
1686700 554
1686710 554
1686720 554
1686730 554
1686740 554
1686750 554
1686760 554
1686770 554
1686780 554
1686790 554
1686800 554
1686810 553
1686820 553
1686830 553
1686840 553
1686850 553
1686860 553
1686870 553
1686880 553
1686890 552
1686900 552
1686910 552
1686920 552
1686930 552
1686940 552
1686950 552
1686960 552
1686970 552
1686980 552
1686990 552
1687000 552
1687010 552
1687020 552
1687030 552
1687040 552
1687050 552
1687060 552
1687070 552
1687080 552
1687090 552
1687100 552
1687110 552
1687120 552
1687130 552
1687140 552
1687150 552
1687160 552
1687170 552
1687180 552
1687190 552
1687200 552
1687210 552
1687220 552
1687230 552
1687240 552
1687250 552
1687260 552
1687270 552
1687280 552
1687290 551
1687300 551
1687310 551
1687320 551
1687330 551
1687340 551
1687350 551
1687360 551
1687370 550
1687380 550
1687390 550
1687400 550
1687410 550
1687420 550
1687430 549
1687440 549
1687450 549
1687460 549
1687470 548
1687480 548
1687490 547
1687500 546
1687510 545
1687520 544
1687530 543
1687540 542
1687550 540
1687560 540
1687570 540
1687580 540
1687590 539
1687600 537
1687610 535
1687620 532
1687630 530
1687640 528
1687650 528
1687660 529
1687670 529
1687680 529
1687690 528
1687700 528
1687710 528
1687720 528
1687730 528
1687740 529
1687750 529
1687760 529
1687770 529
1687780 529
1687790 529
1687800 529
1687810 529
1687820 529
1687830 529
1687840 529
1687850 529
1687860 529
1687870 529
1687880 529
1687890 529
1687900 529
1687910 529
1687920 529
1687930 529
1687940 529
1687950 530
1687960 530
1687970 531
1687980 532
1687990 533
1688000 535
1688010 537
1688020 539
1688030 541
1688040 542
1688050 544
1688060 545
1688070 547
1688080 548
1688090 549
1688100 551
1688110 552
1688120 553
1688130 554
1688140 554
1688150 555
1688160 556
1688170 557
1688180 558
1688190 559
1688200 560
1688210 561
1688220 562
1688230 563
1688240 564
1688250 564
1688260 564
1688270 565
1688280 565
1688290 566
1688300 566
1688310 566
1688320 566
1688330 567
1688340 567
1688350 567
1688360 566
1688370 566
1688380 566
1688390 565
1688400 565
1688410 565
1688420 565
1688430 564
1688440 564
1688450 564
1688460 564
1688470 564
1688480 564
1688490 564
1688500 564
1688510 564
1688520 564
1688530 564
1688540 564
1688550 564
1688560 565
1688570 565
1688580 565
1688590 565
1688600 565
1688610 565
1688620 565
1688630 565
1688640 565
1688650 565
1688660 565
1688670 565
1688680 565
1688690 566
1688700 566
1688710 566
1688720 566
1688730 566
1688740 566
1688750 566
1688760 567
1688770 567
1688780 567
1688790 567
1688800 567
1688810 567
1688820 567
1688830 568
1688840 568
1688850 568
1688860 568
1688870 568
1688880 568
1688890 568
1688900 568
1688910 568
1688920 568
1688930 568
1688940 568
1688950 568
1688960 568
1688970 568
1688980 568
1688990 568
1689000 569
1689010 569
1689020 569
1689030 569
1689040 569
1689050 569
1689060 569
1689070 569
1689080 569
1689090 569
1689100 569
1689110 569
1689120 569
1689130 569
1689140 570
1689150 570
1689160 570
1689170 570
1689180 570
1689190 570
1689200 570
1689210 570
1689220 570
1689230 570
1689240 570
1689250 570
1689260 570
1689270 569
1689280 569
1689290 569
1689300 569
1689310 569
1689320 569
1689330 569
1689340 569
1689350 569
1689360 569
1689370 569
1689380 568
1689390 568
1689400 568
1689410 568
1689420 568
1689430 568
1689440 568
1689450 568
1689460 568
1689470 568
1689480 568
1689490 568
1689500 568
1689510 568
1689520 568
1689530 568
1689540 567
1689550 567
1689560 567
1689570 567
1689580 567
1689590 567
1689600 567
1689610 567
1689620 567
1689630 567
1689640 567
1689650 568
1689660 568
1689670 568
1689680 568
1689690 568
1689700 568
1689710 568
1689720 569
1689730 569
1689740 569
1689750 569
1689760 569
1689770 569
1689780 569
1689790 569
1689800 569
1689810 569
1689820 569
1689830 569
1689840 569
1689850 569
1689860 569
1689870 569
1689880 569
1689890 569
1689900 569
1689910 569
1689920 569
1689930 569
1689940 569
1689950 569
1689960 570
1689970 569
1689980 569
1689990 569
1690000 570
1690010 570
1690020 570
1690030 570
1690040 570
1690050 570
1690060 570
1690070 570
1690080 570
1690090 570
1690100 570
1690110 570
1690120 570
1690130 570
1690140 570
1690150 570
1690160 570
1690170 570
1690180 570
1690190 570
1690200 570
1690210 570
1690220 570
1690230 570
1690240 570
1690250 571
1690260 571
1690270 571
1690280 571
1690290 571
1690300 571
1690310 571
1690320 571
1690330 571
1690340 571
1690350 572
1690360 572
1690370 572
1690380 572
1690390 572
1690400 572
1690410 573
1690420 573
1690430 573
1690440 573
1690450 573
1690460 573
1690470 573
1690480 574
1690490 574
1690500 574
1690510 574
1690520 574
1690530 574
1690540 575
1690550 575
1690560 575
1690570 575
1690580 575
1690590 575
1690600 575
1690610 575
1690620 575
1690630 576
1690640 576
1690650 576
1690660 576
1690670 576
1690680 576
1690690 576
1690700 576
1690710 576
1690720 577
1690730 577
1690740 577
1690750 577
1690760 577
1690770 577
1690780 577
1690790 577
1690800 577
1690810 577
1690820 577
1690830 577
1690840 577
1690850 578
1690860 578
1690870 578
1690880 578
1690890 578
1690900 578
1690910 578
1690920 578
1690930 578
1690940 578
1690950 578
1690960 578
1690970 578
1690980 578
1690990 578
1691000 578
1691010 578
1691020 578
1691030 578
1691040 579
1691050 579
1691060 579
1691070 579
1691080 579
1691090 579
1691100 579
1691110 579
1691120 579
1691130 579
1691140 579
1691150 579
1691160 579
1691170 579
1691180 579
1691190 579
1691200 579
1691210 579
1691220 579
1691230 579
1691240 579
1691250 579
1691260 579
1691270 579
1691280 579
1691290 579
1691300 580
1691310 580
1691320 580
1691330 580
1691340 580
1691350 580
1691360 580
1691370 580
1691380 580
1691390 580
1691400 580
1691410 580
1691420 580
1691430 580
1691440 580
1691450 580
1691460 580
1691470 580
1691480 580
1691490 580
1691500 580
1691510 580
1691520 580
1691530 580
1691540 580
1691550 580
1691560 580
1691570 580
1691580 580
1691590 580
1691600 580
1691610 580
1691620 580
1691630 580
1691640 580
1691650 579
1691660 579
1691670 579
1691680 579
1691690 579
1691700 579
1691710 579
1691720 578
1691730 578
1691740 578
1691750 578
1691760 578
1691770 577
1691780 577
1691790 577
1691800 577
1691810 576
1691820 576
1691830 576
1691840 576
1691850 576
1691860 576
1691870 576
1691880 575
1691890 575
1691900 575
1691910 575
1691920 575
1691930 575
1691940 575
1691950 575
1691960 575
1691970 575
1691980 574
1691990 574
1692000 574
1692010 574
1692020 574
1692030 574
1692040 574
1692050 574
1692060 574
1692070 574
1692080 574
1692090 574
1692100 574
1692110 574
1692120 574
1692130 574
1692140 574
1692150 574
1692160 573
1692170 573
1692180 573
1692190 573
1692200 573
1692210 573
1692220 573
1692230 573
1692240 573
1692250 573
1692260 572
1692270 572
1692280 572
1692290 572
1692300 572
1692310 572
1692320 572
1692330 572
1692340 572
1692350 571
1692360 571
1692370 571
1692380 571
1692390 570
1692400 570
1692410 570
1692420 570
1692430 569
1692440 569
1692450 569
1692460 569
1692470 569
1692480 569
1692490 568
1692500 568
1692510 568
1692520 568
1692530 568
1692540 568
1692550 568
1692560 568
1692570 568
1692580 568
1692590 567
1692600 567
1692610 567
1692620 567
1692630 567
1692640 567
1692650 567
1692660 567
1692670 567
1692680 567
1692690 567
1692700 567
1692710 567
1692720 567
1692730 566
1692740 566
1692750 566
1692760 566
1692770 565
1692780 565
1692790 565
1692800 565
1692810 565
1692820 564
1692830 564
1692840 564
1692850 564
1692860 564
1692870 563
1692880 563
1692890 562
1692900 562
1692910 561
1692920 560
1692930 560
1692940 559
1692950 558
1692960 558
1692970 557
1692980 557
1692990 557
1693000 557
1693010 556
1693020 556
1693030 556
1693040 556
1693050 556
1693060 556
1693070 556
1693080 557
1693090 558
1693100 560
1693110 561
1693120 562
1693130 562
1693140 563
1693150 563
1693160 564
1693170 564
1693180 564
1693190 565
1693200 565
1693210 565
1693220 565
1693230 564
1693240 564
1693250 564
1693260 564
1693270 563
1693280 563
1693290 563
1693300 563
1693310 562
1693320 562
1693330 562
1693340 562
1693350 561
1693360 561
1693370 561
1693380 561
1693390 561
1693400 561
1693410 560
1693420 560
1693430 560
1693440 559
1693450 559
1693460 558
1693470 558
1693480 557
1693490 557
1693500 556
1693510 556
1693520 556
1693530 555
1693540 555
1693550 555
1693560 555
1693570 554
1693580 554
1693590 553
1693600 553
1693610 553
1693620 553
1693630 553
1693640 553
1693650 553
1693660 553
1693670 553
1693680 553
1693690 553
1693700 553
1693710 553
1693720 553
1693730 553
1693740 553
1693750 553
1693760 553
1693770 553
1693780 553
1693790 553
1693800 553
1693810 553
1693820 553
1693830 553
1693840 553
1693850 552
1693860 552
1693870 552
1693880 552
1693890 551
1693900 551
1693910 551
1693920 550
1693930 550
1693940 549
1693950 549
1693960 549
1693970 548
1693980 547
1693990 546
1694000 544
1694010 543
1694020 542
1694030 541
1694040 540
1694050 539
1694060 538
1694070 537
1694080 537
1694090 536
1694100 535
1694110 533
1694120 532
1694130 531
1694140 531
1694150 531
1694160 532
1694170 532
1694180 533
1694190 533
1694200 533
1694210 533
1694220 534
1694230 535
1694240 536
1694250 537
1694260 538
1694270 538
1694280 538
1694290 538
1694300 539
1694310 540
1694320 541
1694330 543
1694340 544
1694350 545
1694360 546
1694370 547
1694380 548
1694390 549
1694400 549
1694410 550
1694420 550
1694430 550
1694440 551
1694450 551
1694460 551
1694470 552
1694480 552
1694490 552
1694500 553
1694510 553
1694520 553
1694530 553
1694540 553
1694550 553
1694560 554
1694570 554
1694580 554
1694590 554
1694600 554
1694610 554
1694620 554
1694630 555
1694640 555
1694650 555
1694660 555
1694670 555
1694680 555
1694690 555
1694700 555
1694710 555
1694720 555
1694730 556
1694740 556
1694750 556
1694760 556
1694770 556
1694780 555
1694790 555
1694800 555
1694810 555
1694820 555
1694830 555
1694840 555
1694850 555
1694860 555
1694870 555
1694880 554
1694890 554
1694900 554
1694910 554
1694920 553
1694930 553
1694940 553
1694950 553
1694960 553
1694970 553
1694980 553
1694990 553
1695000 553
1695010 553
1695020 553
1695030 553
1695040 553
1695050 553
1695060 553
1695070 554
1695080 554
1695090 554
1695100 554
1695110 554
1695120 554
1695130 554
1695140 554
1695150 554
1695160 554
1695170 554
1695180 554
1695190 554
1695200 554
1695210 554
1695220 554
1695230 554
1695240 554
1695250 554
1695260 554
1695270 554
1695280 554
1695290 553
1695300 553
1695310 553
1695320 553
1695330 553
1695340 552
1695350 552
1695360 552
1695370 552
1695380 552
1695390 552
1695400 552
1695410 552
1695420 552
1695430 552
1695440 552
1695450 552
1695460 551
1695470 551
1695480 551
1695490 551
1695500 551
1695510 551
1695520 551
1695530 551
1695540 551
1695550 551
1695560 552
1695570 552
1695580 553
1695590 554
1695600 555
1695610 556
1695620 557
1695630 558
1695640 559
1695650 559
1695660 560
1695670 561
1695680 562
1695690 563
1695700 564
1695710 565
1695720 566
1695730 567
1695740 567
1695750 567
1695760 567
1695770 568
1695780 568
1695790 569
1695800 569
1695810 569
1695820 569
1695830 569
1695840 569
1695850 570
1695860 570
1695870 570
1695880 570
1695890 571
1695900 571
1695910 571
1695920 571
1695930 571
1695940 572
1695950 572
1695960 572
1695970 573
1695980 573
1695990 573
1696000 574
1696010 574
1696020 574
1696030 574
1696040 574
1696050 574
1696060 573
1696070 573
1696080 573
1696090 573
1696100 573
1696110 572
1696120 572
1696130 571
1696140 571
1696150 571
1696160 570
1696170 569
1696180 569
1696190 568
1696200 567
1696210 567
1696220 566
1696230 566
1696240 565
1696250 565
1696260 565
1696270 564
1696280 564
1696290 564
1696300 565
1696310 566
1696320 567
1696330 568
1696340 568
1696350 568
1696360 569
1696370 569
1696380 569
1696390 569
1696400 569
1696410 570
1696420 570
1696430 570
1696440 570
1696450 571
1696460 571
1696470 571
1696480 571
1696490 571
1696500 571
1696510 571
1696520 571
1696530 571
1696540 571
1696550 571
1696560 571
1696570 571
1696580 571
1696590 571
1696600 571
1696610 571
1696620 570
1696630 570
1696640 570
1696650 569
1696660 569
1696670 569
1696680 568
1696690 568
1696700 568
1696710 568
1696720 567
1696730 567
1696740 567
1696750 567
1696760 566
1696770 566
1696780 566
1696790 566
1696800 565
1696810 565
1696820 565
1696830 565
1696840 564
1696850 564
1696860 564
1696870 564
1696880 563
1696890 563
1696900 563
1696910 563
1696920 562
1696930 562
1696940 562
1696950 561
1696960 561
1696970 561
1696980 560
1696990 560
1697000 560
1697010 560
1697020 560
1697030 560
1697040 559
1697050 559
1697060 559
1697070 558
1697080 558
1697090 557
1697100 557
1697110 557
1697120 556
1697130 556
1697140 556
1697150 556
1697160 556
1697170 555
1697180 555
1697190 555
1697200 554
1697210 554
1697220 554
1697230 553
1697240 553
1697250 553
1697260 553
1697270 553
1697280 553
1697290 553
1697300 554
1697310 555
1697320 556
1697330 556
1697340 556
1697350 557
1697360 557
1697370 558
1697380 558
1697390 558
1697400 559
1697410 559
1697420 559
1697430 560
1697440 560
1697450 560
1697460 561
1697470 561
1697480 561
1697490 562
1697500 562
1697510 562
1697520 563
1697530 563
1697540 563
1697550 564
1697560 564
1697570 564
1697580 564
1697590 565
1697600 565
1697610 565
1697620 565
1697630 565
1697640 565
1697650 566
1697660 566
1697670 566
1697680 566
1697690 566
1697700 567
1697710 567
1697720 567
1697730 567
1697740 567
1697750 567
1697760 567
1697770 567
1697780 567
1697790 567
1697800 567
1697810 567
1697820 567
1697830 567
1697840 567
1697850 567
1697860 566
1697870 566
1697880 566
1697890 566
1697900 566
1697910 566
1697920 566
1697930 566
1697940 566
1697950 566
1697960 566
1697970 566
1697980 566
1697990 566
1698000 565
1698010 565
1698020 565
1698030 565
1698040 565
1698050 565
1698060 565
1698070 565
1698080 565
1698090 565
1698100 565
1698110 565
1698120 565
1698130 565
1698140 565
1698150 565
1698160 565
1698170 565
1698180 565
1698190 565
1698200 565
1698210 565
1698220 565
1698230 564
1698240 564
1698250 564
1698260 564
1698270 564
1698280 564
1698290 564
1698300 564
1698310 564
1698320 564
1698330 563
1698340 563
1698350 563
1698360 563
1698370 563
1698380 563
1698390 562
1698400 562
1698410 562
1698420 562
1698430 562
1698440 562
1698450 562
1698460 562
1698470 561
1698480 561
1698490 561
1698500 561
1698510 561
1698520 560
1698530 560
1698540 560
1698550 560
1698560 560
1698570 560
1698580 559
1698590 559
1698600 559
1698610 559
1698620 559
1698630 558
1698640 558
1698650 558
1698660 558
1698670 558
1698680 558
1698690 557
1698700 557
1698710 557
1698720 557
1698730 556
1698740 556
1698750 556
1698760 555
1698770 555
1698780 555
1698790 555
1698800 554
1698810 554
1698820 553
1698830 553
1698840 553
1698850 552
1698860 551
1698870 551
1698880 550
1698890 549
1698900 549
1698910 548
1698920 548
1698930 547
1698940 546
1698950 546
1698960 545
1698970 544
1698980 544
1698990 543
1699000 543
1699010 543
1699020 542
1699030 542
1699040 541
1699050 541
1699060 540
1699070 540
1699080 540
1699090 540
1699100 540
1699110 540
1699120 540
1699130 540
1699140 539
1699150 539
1699160 540
1699170 540
1699180 540
1699190 541
1699200 541
1699210 542
1699220 543
1699230 545
1699240 546
1699250 547
1699260 548
1699270 549
1699280 550
1699290 550
1699300 550
1699310 551
1699320 550
1699330 550
1699340 550
1699350 550
1699360 550
1699370 549
1699380 549
1699390 549
1699400 549
1699410 547
1699420 546
1699430 545
1699440 545
1699450 544
1699460 543
1699470 543
1699480 544
1699490 546
1699500 548
1699510 549
1699520 551
1699530 552
1699540 553
1699550 554
1699560 554
1699570 555
1699580 556
1699590 557
1699600 557
1699610 558
1699620 559
1699630 560
1699640 560
1699650 561
1699660 562
1699670 562
1699680 563
1699690 563
1699700 563
1699710 563
1699720 563
1699730 563
1699740 563
1699750 563
1699760 563
1699770 563
1699780 563
1699790 563
1699800 563
1699810 563
1699820 563
1699830 563
1699840 563
1699850 563
1699860 563
1699870 564
1699880 564
1699890 564
1699900 564
1699910 564
1699920 564
1699930 564
1699940 564
1699950 565
1699960 565
1699970 565
1699980 564
1699990 564
