1680000 566
1680010 565
1680020 563
1680030 563
1680040 562
1680050 562
1680060 562
1680070 562
1680080 561
1680090 561
1680100 561
1680110 561
1680120 561
1680130 561
1680140 561
1680150 560
1680160 560
1680170 560
1680180 560
1680190 560
1680200 560
1680210 560
1680220 560
1680230 560
1680240 560
1680250 561
1680260 561
1680270 561
1680280 562
1680290 562
1680300 563
1680310 564
1680320 565
1680330 565
1680340 566
1680350 566
1680360 566
1680370 567
1680380 567
1680390 567
1680400 568
1680410 568
1680420 568
1680430 568
1680440 568
1680450 568
1680460 569
1680470 569
1680480 569
1680490 569
1680500 569
1680510 570
1680520 570
1680530 570
1680540 570
1680550 570
1680560 570
1680570 570
1680580 570
1680590 570
1680600 570
1680610 570
1680620 570
1680630 570
1680640 570
1680650 570
1680660 570
1680670 570
1680680 569
1680690 570
1680700 569
1680710 569
1680720 569
1680730 569
1680740 570
1680750 571
1680760 572
1680770 572
1680780 573
1680790 573
1680800 574
1680810 574
1680820 575
1680830 575
1680840 575
1680850 576
1680860 576
1680870 576
1680880 577
1680890 577
1680900 577
1680910 578
1680920 578
1680930 578
1680940 578
1680950 578
1680960 578
1680970 578
1680980 578
1680990 578
1681000 578
1681010 578
1681020 577
1681030 577
1681040 577
1681050 576
1681060 576
1681070 575
1681080 575
1681090 575
1681100 575
1681110 574
1681120 574
1681130 574
1681140 574
1681150 574
1681160 574
1681170 573
1681180 573
1681190 573
1681200 573
1681210 573
1681220 573
1681230 572
1681240 572
1681250 572
1681260 572
1681270 572
1681280 572
1681290 572
1681300 571
1681310 571
1681320 571
1681330 571
1681340 571
1681350 571
1681360 571
1681370 571
1681380 571
1681390 571
1681400 571
1681410 571
1681420 570
1681430 570
1681440 570
1681450 570
1681460 570
1681470 570
1681480 570
1681490 570
1681500 570
1681510 570
1681520 570
1681530 569
1681540 569
1681550 569
1681560 569
1681570 568
1681580 568
1681590 568
1681600 568
1681610 568
1681620 568
1681630 568
1681640 568
1681650 568
1681660 569
1681670 569
1681680 569
1681690 569
1681700 569
1681710 569
1681720 569
1681730 569
1681740 569
1681750 569
1681760 569
1681770 569
1681780 569
1681790 569
1681800 569
1681810 569
1681820 569
1681830 569
1681840 569
1681850 569
1681860 569
1681870 568
1681880 568
1681890 568
1681900 568
1681910 568
1681920 568
1681930 568
1681940 568
1681950 568
1681960 568
1681970 568
1681980 568
1681990 568
1682000 568
1682010 568
1682020 567
1682030 567
1682040 567
1682050 567
1682060 567
1682070 567
1682080 566
1682090 566
1682100 566
1682110 566
1682120 566
1682130 566
1682140 566
1682150 566
1682160 566
1682170 565
1682180 565
1682190 565
1682200 565
1682210 565
1682220 565
1682230 565
1682240 565
1682250 564
1682260 564
1682270 564
1682280 564
1682290 564
1682300 564
1682310 564
1682320 564
1682330 565
1682340 564
1682350 564
1682360 564
1682370 564
1682380 564
1682390 564
1682400 564
1682410 564
1682420 564
1682430 564
1682440 564
1682450 564
1682460 565
1682470 565
1682480 565
1682490 565
1682500 565
1682510 565
1682520 566
1682530 566
1682540 566
1682550 566
1682560 566
1682570 566
1682580 566
1682590 566
1682600 566
1682610 567
1682620 567
1682630 567
1682640 567
1682650 567
1682660 567
1682670 567
1682680 567
1682690 566
1682700 566
1682710 566
1682720 566
1682730 566
1682740 566
1682750 566
1682760 567
1682770 567
1682780 567
1682790 567
1682800 567
1682810 567
1682820 567
1682830 567
1682840 567
1682850 567
1682860 567
1682870 567
1682880 567
1682890 567
1682900 567
1682910 567
1682920 567
1682930 567
1682940 567
1682950 567
1682960 567
1682970 567
1682980 567
1682990 567
1683000 567
1683010 567
1683020 567
1683030 567
1683040 567
1683050 567
1683060 567
1683070 567
1683080 567
1683090 567
1683100 567
1683110 567
1683120 567
1683130 567
1683140 567
1683150 566
1683160 566
1683170 566
1683180 566
1683190 566
1683200 566
1683210 566
1683220 566
1683230 566
1683240 566
1683250 566
1683260 566
1683270 566
1683280 566
1683290 566
1683300 566
1683310 566
1683320 565
1683330 565
1683340 565
1683350 565
1683360 565
1683370 565
1683380 565
1683390 565
1683400 564
1683410 564
1683420 564
1683430 564
1683440 564
1683450 564
1683460 563
1683470 563
1683480 563
1683490 563
1683500 563
1683510 563
1683520 562
1683530 562
1683540 562
1683550 562
1683560 562
1683570 562
1683580 561
1683590 561
1683600 561
1683610 561
1683620 561
1683630 561
1683640 560
1683650 560
1683660 560
1683670 560
1683680 560
1683690 560
1683700 559
1683710 559
1683720 559
1683730 559
1683740 559
1683750 559
1683760 558
1683770 558
1683780 558
1683790 558
1683800 558
1683810 558
1683820 558
1683830 558
1683840 558
1683850 557
1683860 557
1683870 557
1683880 557
1683890 557
1683900 557
1683910 557
1683920 557
1683930 556
1683940 556
1683950 556
1683960 556
1683970 556
1683980 556
1683990 556
1684000 555
1684010 555
1684020 555
1684030 556
1684040 556
1684050 556
1684060 556
1684070 556
1684080 556
1684090 557
1684100 557
1684110 557
1684120 557
1684130 557
1684140 557
1684150 558
1684160 558
1684170 559
1684180 560
1684190 561
1684200 562
1684210 562
1684220 563
1684230 563
1684240 563
1684250 563
1684260 564
1684270 564
1684280 564
1684290 564
1684300 564
1684310 564
1684320 564
1684330 564
1684340 564
1684350 564
1684360 564
1684370 564
1684380 564
1684390 564
1684400 564
1684410 564
1684420 564
1684430 564
1684440 564
1684450 564
1684460 564
1684470 564
1684480 564
1684490 564
1684500 564
1684510 564
1684520 564
1684530 564
1684540 564
1684550 564
1684560 564
1684570 564
1684580 564
1684590 564
1684600 564
1684610 564
1684620 564
1684630 564
1684640 564
1684650 564
1684660 564
1684670 564
1684680 564
1684690 564
1684700 564
1684710 564
1684720 564
1684730 564
1684740 564
1684750 564
1684760 564
1684770 564
1684780 564
1684790 564
1684800 564
1684810 564
1684820 564
1684830 564
1684840 564
1684850 564
1684860 564
1684870 564
1684880 564
1684890 564
1684900 564
1684910 564
1684920 563
1684930 563
1684940 563
1684950 563
1684960 563
1684970 563
1684980 563
1684990 563
1685000 563
1685010 562
1685020 562
1685030 562
1685040 562
1685050 562
1685060 562
1685070 562
1685080 561
1685090 561
1685100 561
1685110 561
1685120 561
1685130 561
1685140 561
1685150 560
1685160 560
1685170 560
1685180 560
1685190 560
1685200 560
1685210 560
1685220 559
1685230 559
1685240 559
1685250 559
1685260 559
1685270 559
1685280 559
1685290 559
1685300 559
1685310 558
1685320 558
1685330 558
1685340 558
1685350 558
1685360 558
1685370 558
1685380 558
1685390 558
1685400 558
1685410 558
1685420 558
1685430 558
1685440 557
1685450 557
1685460 557
1685470 557
1685480 557
1685490 557
1685500 557
1685510 557
1685520 557
1685530 557
1685540 557
1685550 557
1685560 557
1685570 557
1685580 557
1685590 557
1685600 557
1685610 557
1685620 557
1685630 557
1685640 556
1685650 556
1685660 556
1685670 556
1685680 556
1685690 556
1685700 556
1685710 555
1685720 555
1685730 555
1685740 555
1685750 555
1685760 555
1685770 555
1685780 554
1685790 554
1685800 554
1685810 554
1685820 554
1685830 554
1685840 554
1685850 554
1685860 554
1685870 554
1685880 554
1685890 554
1685900 554
1685910 554
1685920 554
1685930 554
1685940 554
1685950 554
1685960 554
1685970 554
1685980 554
1685990 554
1686000 554
1686010 554
1686020 554
1686030 554
1686040 554
1686050 554
1686060 554
1686070 554
1686080 554
1686090 554
1686100 554
1686110 554
1686120 554
1686130 554
1686140 554
1686150 554
1686160 554
1686170 554
1686180 554
1686190 554
1686200 554
1686210 554
1686220 554
1686230 554
1686240 554
1686250 554
1686260 554
1686270 554
1686280 554
1686290 554
1686300 554
1686310 554
1686320 553
1686330 553
1686340 553
1686350 553
1686360 553
1686370 553
1686380 553
1686390 553
1686400 553
1686410 553
1686420 553
1686430 553
1686440 553
1686450 553
1686460 553
1686470 553
1686480 552
1686490 552
1686500 552
1686510 552
1686520 552
1686530 552
1686540 552
1686550 552
1686560 552
1686570 552
1686580 551
1686590 551
1686600 551
1686610 551
1686620 551
1686630 551
1686640 551
1686650 551
1686660 551
1686670 551
1686680 551
1686690 551
1686700 551
1686710 551
1686720 550
1686730 550
1686740 550
1686750 550
1686760 550
1686770 550
1686780 550
1686790 550
1686800 550
1686810 550
1686820 550
1686830 550
1686840 550
1686850 550
1686860 550
1686870 550
1686880 550
1686890 549
1686900 549
1686910 549
1686920 549
1686930 549
1686940 549
1686950 549
1686960 549
1686970 549
1686980 549
1686990 549
1687000 549
1687010 549
1687020 549
1687030 549
1687040 549
1687050 549
1687060 549
1687070 549
1687080 549
1687090 549
1687100 549
1687110 550
1687120 550
1687130 550
1687140 550
1687150 550
1687160 550
1687170 550
1687180 550
1687190 550
1687200 550
1687210 550
1687220 550
1687230 550
1687240 550
1687250 550
1687260 550
1687270 549
1687280 549
1687290 549
1687300 549
1687310 549
1687320 549
1687330 549
1687340 549
1687350 549
1687360 549
1687370 549
1687380 549
1687390 549
1687400 549
1687410 548
1687420 548
1687430 548
1687440 548
1687450 548
1687460 547
1687470 547
1687480 547
1687490 546
1687500 546
1687510 545
1687520 545
1687530 544
1687540 542
1687550 540
1687560 536
1687570 532
1687580 529
1687590 528
1687600 528
1687610 528
1687620 528
1687630 528
1687640 528
1687650 529
1687660 529
1687670 529
1687680 529
1687690 529
1687700 529
1687710 529
1687720 529
1687730 529
1687740 528
1687750 528
1687760 529
1687770 529
1687780 529
1687790 529
1687800 529
1687810 529
1687820 529
1687830 529
1687840 529
1687850 530
1687860 530
1687870 531
1687880 531
1687890 532
1687900 533
1687910 534
1687920 535
1687930 536
1687940 537
1687950 539
1687960 540
1687970 542
1687980 543
1687990 545
1688000 546
1688010 547
1688020 548
1688030 549
1688040 550
1688050 551
1688060 552
1688070 552
1688080 553
1688090 554
1688100 555
1688110 555
1688120 556
1688130 556
1688140 557
1688150 558
1688160 559
1688170 560
1688180 561
1688190 562
1688200 562
1688210 563
1688220 563
1688230 564
1688240 564
1688250 564
1688260 565
1688270 565
1688280 565
1688290 565
1688300 565
1688310 565
1688320 564
1688330 564
1688340 563
1688350 563
1688360 562
1688370 562
1688380 562
1688390 561
1688400 561
1688410 561
1688420 561
1688430 561
1688440 561
1688450 561
1688460 560
1688470 560
1688480 560
1688490 560
1688500 560
1688510 560
1688520 560
1688530 560
1688540 561
1688550 561
1688560 561
1688570 561
1688580 561
1688590 561
1688600 561
1688610 561
1688620 561
1688630 561
1688640 561
1688650 561
1688660 561
1688670 561
1688680 561
1688690 561
1688700 561
1688710 561
1688720 562
1688730 562
1688740 562
1688750 562
1688760 562
1688770 562
1688780 562
1688790 563
1688800 563
1688810 563
1688820 563
1688830 563
1688840 563
1688850 563
1688860 563
1688870 563
1688880 563
1688890 563
1688900 563
1688910 563
1688920 563
1688930 563
1688940 563
1688950 563
1688960 563
1688970 563
1688980 563
1688990 563
1689000 563
1689010 563
1689020 563
1689030 563
1689040 563
1689050 563
1689060 563
1689070 564
1689080 564
1689090 564
1689100 564
1689110 564
1689120 564
1689130 564
1689140 564
1689150 564
1689160 564
1689170 564
1689180 564
1689190 565
1689200 565
1689210 565
1689220 565
1689230 565
1689240 565
1689250 565
1689260 565
1689270 565
1689280 565
1689290 564
1689300 564
1689310 564
1689320 564
1689330 564
1689340 564
1689350 564
1689360 564
1689370 564
1689380 564
1689390 564
1689400 564
1689410 564
1689420 564
1689430 564
1689440 564
1689450 564
1689460 564
1689470 564
1689480 564
1689490 564
1689500 564
1689510 564
1689520 564
1689530 564
1689540 564
1689550 565
1689560 565
1689570 565
1689580 565
1689590 565
1689600 565
1689610 565
1689620 565
1689630 565
1689640 565
1689650 565
1689660 565
1689670 565
1689680 565
1689690 566
1689700 566
1689710 566
1689720 566
1689730 566
1689740 566
1689750 566
1689760 566
1689770 566
1689780 566
1689790 566
1689800 566
1689810 566
1689820 566
1689830 566
1689840 566
1689850 566
1689860 566
1689870 566
1689880 566
1689890 566
1689900 566
1689910 567
1689920 567
1689930 567
1689940 567
1689950 567
1689960 568
1689970 568
1689980 568
1689990 568
1690000 568
1690010 569
1690020 569
1690030 569
1690040 569
1690050 570
1690060 570
1690070 570
1690080 570
1690090 571
1690100 571
1690110 571
1690120 571
1690130 571
1690140 572
1690150 572
1690160 572
1690170 572
1690180 572
1690190 573
1690200 573
1690210 573
1690220 573
1690230 573
1690240 573
1690250 574
1690260 574
1690270 574
1690280 574
1690290 574
1690300 574
1690310 574
1690320 574
1690330 575
1690340 575
1690350 575
1690360 575
1690370 575
1690380 575
1690390 576
1690400 576
1690410 576
1690420 576
1690430 576
1690440 576
1690450 577
1690460 577
1690470 577
1690480 577
1690490 577
1690500 577
1690510 577
1690520 577
1690530 578
1690540 578
1690550 578
1690560 578
1690570 578
1690580 578
1690590 578
1690600 579
1690610 579
1690620 579
1690630 579
1690640 579
1690650 579
1690660 579
1690670 579
1690680 579
1690690 579
1690700 579
1690710 579
1690720 579
1690730 579
1690740 579
1690750 579
1690760 579
1690770 579
1690780 579
1690790 579
1690800 579
1690810 579
1690820 579
1690830 579
1690840 579
1690850 579
1690860 579
1690870 579
1690880 579
1690890 579
1690900 579
1690910 579
1690920 579
1690930 579
1690940 579
1690950 579
1690960 579
1690970 579
1690980 579
1690990 579
1691000 579
1691010 578
1691020 578
1691030 578
1691040 578
1691050 578
1691060 578
1691070 578
1691080 578
1691090 578
1691100 578
1691110 578
1691120 578
1691130 578
1691140 578
1691150 578
1691160 578
1691170 578
1691180 578
1691190 577
1691200 577
1691210 577
1691220 577
1691230 577
1691240 577
1691250 577
1691260 577
1691270 576
1691280 576
1691290 576
1691300 576
1691310 576
1691320 576
1691330 576
1691340 576
1691350 576
1691360 576
1691370 576
1691380 576
1691390 576
1691400 576
1691410 576
1691420 575
1691430 575
1691440 575
1691450 575
1691460 575
1691470 575
1691480 575
1691490 575
1691500 575
1691510 575
1691520 575
1691530 575
1691540 575
1691550 574
1691560 574
1691570 574
1691580 574
1691590 574
1691600 574
1691610 574
1691620 574
1691630 574
1691640 574
1691650 574
1691660 574
1691670 574
1691680 574
1691690 573
1691700 573
1691710 573
1691720 573
1691730 573
1691740 573
1691750 573
1691760 573
1691770 573
1691780 573
1691790 573
1691800 573
1691810 573
1691820 573
1691830 573
1691840 573
1691850 573
1691860 573
1691870 573
1691880 573
1691890 573
1691900 573
1691910 573
1691920 573
1691930 573
1691940 573
1691950 573
1691960 573
1691970 573
1691980 573
1691990 573
1692000 573
1692010 573
1692020 573
1692030 574
1692040 574
1692050 574
1692060 574
1692070 574
1692080 574
1692090 574
1692100 574
1692110 574
1692120 574
1692130 574
1692140 573
1692150 573
1692160 573
1692170 573
1692180 573
1692190 573
1692200 573
1692210 572
1692220 572
1692230 572
1692240 572
1692250 572
1692260 571
1692270 571
1692280 571
1692290 571
1692300 571
1692310 570
1692320 570
1692330 570
1692340 570
1692350 569
1692360 569
1692370 569
1692380 569
1692390 569
1692400 568
1692410 568
1692420 568
1692430 568
1692440 568
1692450 568
1692460 568
1692470 568
1692480 568
1692490 568
1692500 568
1692510 568
1692520 568
1692530 568
1692540 568
1692550 568
1692560 568
1692570 568
1692580 567
1692590 567
1692600 567
1692610 567
1692620 567
1692630 567
1692640 567
1692650 567
1692660 567
1692670 566
1692680 566
1692690 566
1692700 566
1692710 566
1692720 566
1692730 565
1692740 565
1692750 565
1692760 565
1692770 564
1692780 564
1692790 564
1692800 563
1692810 563
1692820 563
1692830 562
1692840 561
1692850 561
1692860 561
1692870 561
1692880 560
1692890 560
1692900 559
1692910 559
1692920 559
1692930 558
1692940 556
1692950 555
1692960 554
1692970 553
1692980 554
1692990 554
1693000 554
1693010 554
1693020 554
1693030 554
1693040 554
1693050 555
1693060 556
1693070 557
1693080 558
1693090 559
1693100 559
1693110 560
1693120 560
1693130 560
1693140 560
1693150 560
1693160 560
1693170 561
1693180 561
1693190 561
1693200 561
1693210 562
1693220 562
1693230 562
1693240 563
1693250 563
1693260 563
1693270 564
1693280 564
1693290 564
1693300 565
1693310 565
1693320 564
1693330 564
1693340 564
1693350 563
1693360 563
1693370 563
1693380 562
1693390 562
1693400 562
1693410 562
1693420 561
1693430 561
1693440 561
1693450 561
1693460 561
1693470 561
1693480 560
1693490 560
1693500 559
1693510 559
1693520 559
1693530 559
1693540 558
1693550 558
1693560 558
1693570 558
1693580 558
1693590 558
1693600 557
1693610 557
1693620 557
1693630 557
1693640 557
1693650 556
1693660 556
1693670 556
1693680 556
1693690 555
1693700 555
1693710 555
1693720 555
1693730 554
1693740 554
1693750 554
1693760 553
1693770 553
1693780 553
1693790 552
1693800 552
1693810 552
1693820 551
1693830 551
1693840 551
1693850 550
1693860 550
1693870 549
1693880 549
1693890 549
1693900 548
1693910 548
1693920 547
1693930 547
1693940 546
1693950 546
1693960 546
1693970 545
1693980 545
1693990 544
1694000 543
1694010 543
1694020 542
1694030 542
1694040 540
1694050 539
1694060 539
1694070 539
1694080 538
1694090 538
1694100 538
1694110 538
1694120 538
1694130 538
1694140 538
1694150 538
1694160 537
1694170 537
1694180 537
1694190 536
1694200 536
1694210 536
1694220 535
1694230 535
1694240 535
1694250 535
1694260 534
1694270 534
1694280 533
1694290 533
1694300 532
1694310 531
1694320 531
1694330 529
1694340 528
1694350 528
1694360 528
1694370 528
1694380 529
1694390 530
1694400 532
1694410 533
1694420 534
1694430 536
1694440 538
1694450 540
1694460 542
1694470 544
1694480 545
1694490 545
1694500 546
1694510 546
1694520 547
1694530 547
1694540 548
1694550 548
1694560 549
1694570 549
1694580 549
1694590 550
1694600 550
1694610 550
1694620 550
1694630 551
1694640 551
1694650 551
1694660 551
1694670 551
1694680 551
1694690 551
1694700 551
1694710 551
1694720 551
1694730 551
1694740 551
1694750 551
1694760 551
1694770 550
1694780 550
1694790 550
1694800 550
1694810 549
1694820 549
1694830 549
1694840 548
1694850 548
1694860 548
1694870 548
1694880 548
1694890 548
1694900 548
1694910 548
1694920 548
1694930 548
1694940 548
1694950 548
1694960 548
1694970 548
1694980 548
1694990 549
1695000 549
1695010 549
1695020 549
1695030 549
1695040 549
1695050 550
1695060 550
1695070 550
1695080 551
1695090 551
1695100 552
1695110 552
1695120 552
1695130 552
1695140 552
1695150 552
1695160 552
1695170 552
1695180 552
1695190 552
1695200 552
1695210 552
1695220 552
1695230 551
1695240 551
1695250 551
1695260 551
1695270 550
1695280 550
1695290 550
1695300 550
1695310 550
1695320 549
1695330 550
1695340 550
1695350 550
1695360 550
1695370 549
1695380 548
1695390 547
1695400 546
1695410 546
1695420 545
1695430 544
1695440 544
1695450 545
1695460 546
1695470 547
1695480 548
1695490 549
1695500 550
1695510 550
1695520 551
1695530 552
1695540 553
1695550 554
1695560 554
1695570 555
1695580 556
1695590 557
1695600 557
1695610 558
1695620 559
1695630 560
1695640 560
1695650 561
1695660 562
1695670 562
1695680 562
1695690 562
1695700 563
1695710 563
1695720 563
1695730 563
1695740 564
1695750 564
1695760 564
1695770 564
1695780 564
1695790 565
1695800 565
1695810 565
1695820 565
1695830 566
1695840 566
1695850 566
1695860 566
1695870 566
1695880 566
1695890 567
1695900 567
1695910 567
1695920 567
1695930 567
1695940 568
1695950 568
1695960 568
1695970 568
1695980 568
1695990 568
1696000 567
1696010 567
1696020 567
1696030 567
1696040 567
1696050 566
1696060 566
1696070 566
1696080 566
1696090 565
1696100 565
1696110 565
1696120 565
1696130 564
1696140 564
1696150 563
1696160 563
1696170 563
1696180 562
1696190 562
1696200 562
1696210 561
1696220 561
1696230 561
1696240 560
1696250 559
1696260 558
1696270 558
1696280 559
1696290 560
1696300 561
1696310 561
1696320 562
1696330 562
1696340 563
1696350 563
1696360 563
1696370 564
1696380 564
1696390 565
1696400 565
1696410 566
1696420 566
1696430 566
1696440 567
1696450 567
1696460 566
1696470 566
1696480 566
1696490 566
1696500 566
1696510 565
1696520 565
1696530 565
1696540 565
1696550 565
1696560 565
1696570 565
1696580 565
1696590 564
1696600 564
1696610 564
1696620 564
1696630 563
1696640 563
1696650 563
1696660 562
1696670 562
1696680 562
1696690 561
1696700 561
1696710 561
1696720 561
1696730 560
1696740 560
1696750 560
1696760 559
1696770 559
1696780 558
1696790 558
1696800 558
1696810 558
1696820 557
1696830 557
1696840 557
1696850 557
1696860 556
1696870 556
1696880 556
1696890 556
1696900 555
1696910 555
1696920 555
1696930 554
1696940 554
1696950 553
1696960 553
1696970 553
1696980 552
1696990 552
1697000 551
1697010 548
1697020 548
1697030 548
1697040 548
1697050 548
1697060 548
1697070 548
1697080 548
1697090 548
1697100 549
1697110 549
1697120 550
1697130 551
1697140 552
1697150 553
1697160 555
1697170 556
1697180 556
1697190 556
1697200 557
1697210 557
1697220 558
1697230 558
1697240 558
1697250 559
1697260 559
1697270 559
1697280 560
1697290 560
1697300 560
1697310 561
1697320 561
1697330 561
1697340 561
1697350 562
1697360 562
1697370 562
1697380 562
1697390 563
1697400 563
1697410 563
1697420 563
1697430 563
1697440 564
1697450 564
1697460 564
1697470 564
1697480 564
1697490 564
1697500 564
1697510 565
1697520 565
1697530 565
1697540 565
1697550 565
1697560 565
1697570 565
1697580 565
1697590 565
1697600 566
1697610 566
1697620 566
1697630 566
1697640 566
1697650 566
1697660 566
1697670 566
1697680 566
1697690 566
1697700 566
1697710 566
1697720 566
1697730 566
1697740 566
1697750 566
1697760 566
1697770 566
1697780 566
1697790 566
1697800 565
1697810 565
1697820 565
1697830 565
1697840 565
1697850 565
1697860 565
1697870 565
1697880 565
1697890 565
1697900 565
1697910 565
1697920 565
1697930 565
1697940 565
1697950 565
1697960 565
1697970 564
1697980 564
1697990 564
1698000 564
1698010 564
1698020 564
1698030 564
1698040 564
1698050 563
1698060 563
1698070 563
1698080 563
1698090 564
1698100 563
1698110 563
1698120 564
1698130 564
1698140 564
1698150 563
1698160 563
1698170 563
1698180 563
1698190 563
1698200 563
1698210 563
1698220 564
1698230 564
1698240 564
1698250 564
1698260 564
1698270 564
1698280 564
1698290 564
1698300 565
1698310 565
1698320 565
1698330 565
1698340 565
1698350 565
1698360 565
1698370 565
1698380 565
1698390 565
1698400 565
1698410 565
1698420 565
1698430 565
1698440 565
1698450 565
1698460 565
1698470 565
1698480 565
1698490 565
1698500 565
1698510 565
1698520 565
1698530 565
1698540 565
1698550 564
1698560 564
1698570 564
1698580 564
1698590 564
1698600 564
1698610 564
1698620 564
1698630 564
1698640 564
1698650 564
1698660 564
1698670 564
1698680 564
1698690 564
1698700 564
1698710 564
1698720 563
1698730 563
1698740 563
1698750 563
1698760 562
1698770 562
1698780 561
1698790 561
1698800 561
1698810 560
1698820 560
1698830 559
1698840 559
1698850 558
1698860 558
1698870 557
1698880 556
1698890 555
1698900 555
1698910 554
1698920 554
1698930 554
1698940 554
1698950 554
1698960 553
1698970 553
1698980 552
1698990 552
1699000 551
1699010 551
1699020 550
1699030 550
1699040 549
1699050 549
1699060 548
1699070 547
1699080 547
1699090 546
1699100 546
1699110 545
1699120 545
1699130 544
1699140 544
1699150 544
1699160 543
1699170 543
1699180 542
1699190 541
1699200 540
1699210 539
1699220 539
1699230 539
1699240 538
1699250 538
1699260 538
1699270 537
1699280 537
1699290 537
1699300 537
1699310 537
1699320 537
1699330 536
1699340 536
1699350 536
1699360 536
1699370 536
1699380 536
1699390 536
1699400 536
1699410 536
1699420 535
1699430 535
1699440 536
1699450 536
1699460 536
1699470 537
1699480 538
1699490 539
1699500 540
1699510 541
1699520 542
1699530 543
1699540 544
1699550 545
1699560 546
1699570 548
1699580 549
1699590 550
1699600 551
1699610 552
1699620 552
1699630 553
1699640 553
1699650 553
1699660 553
1699670 554
1699680 554
1699690 554
1699700 554
1699710 554
1699720 555
1699730 556
1699740 556
1699750 557
1699760 558
1699770 558
1699780 559
1699790 559
1699800 560
1699810 560
1699820 561
1699830 561
1699840 562
1699850 563
1699860 563
1699870 564
1699880 565
1699890 565
1699900 566
1699910 566
1699920 566
1699930 565
1699940 564
1699950 564
1699960 563
1699970 562
1699980 561
1699990 561
