1680000 564
1680010 564
1680020 564
1680030 564
1680040 563
1680050 563
1680060 563
1680070 563
1680080 563
1680090 563
1680100 562
1680110 562
1680120 562
1680130 562
1680140 562
1680150 562
1680160 562
1680170 562
1680180 562
1680190 562
1680200 562
1680210 562
1680220 562
1680230 562
1680240 562
1680250 563
1680260 563
1680270 563
1680280 563
1680290 563
1680300 563
1680310 563
1680320 563
1680330 563
1680340 563
1680350 563
1680360 562
1680370 562
1680380 562
1680390 563
1680400 563
1680410 563
1680420 563
1680430 563
1680440 563
1680450 563
1680460 563
1680470 563
1680480 562
1680490 562
1680500 562
1680510 562
1680520 562
1680530 563
1680540 563
1680550 563
1680560 563
1680570 563
1680580 563
1680590 563
1680600 563
1680610 563
1680620 563
1680630 563
1680640 563
1680650 563
1680660 563
1680670 563
1680680 563
1680690 563
1680700 563
1680710 562
1680720 562
1680730 562
1680740 562
1680750 562
1680760 562
1680770 562
1680780 561
1680790 561
1680800 561
1680810 561
1680820 561
1680830 561
1680840 561
1680850 561
1680860 561
1680870 561
1680880 561
1680890 561
1680900 561
1680910 561
1680920 561
1680930 561
1680940 561
1680950 560
1680960 560
1680970 560
1680980 560
1680990 560
1681000 560
1681010 560
1681020 559
1681030 559
1681040 559
1681050 559
1681060 559
1681070 559
1681080 559
1681090 559
1681100 559
1681110 558
1681120 558
1681130 558
1681140 558
1681150 558
1681160 558
1681170 557
1681180 557
1681190 557
1681200 557
1681210 557
1681220 557
1681230 557
1681240 557
1681250 557
1681260 557
1681270 557
1681280 557
1681290 557
1681300 557
1681310 557
1681320 557
1681330 556
1681340 556
1681350 556
1681360 556
1681370 556
1681380 556
1681390 556
1681400 556
1681410 556
1681420 556
1681430 556
1681440 556
1681450 556
1681460 556
1681470 556
1681480 556
1681490 556
1681500 556
1681510 555
1681520 555
1681530 555
1681540 555
1681550 555
1681560 555
1681570 555
1681580 555
1681590 555
1681600 555
1681610 555
1681620 555
1681630 554
1681640 554
1681650 554
1681660 554
1681670 554
1681680 554
1681690 554
1681700 554
1681710 554
1681720 554
1681730 554
1681740 554
1681750 554
1681760 554
1681770 554
1681780 553
1681790 553
1681800 553
1681810 553
1681820 553
1681830 553
1681840 553
1681850 553
1681860 553
1681870 553
1681880 552
1681890 552
1681900 552
1681910 552
1681920 552
1681930 552
1681940 552
1681950 552
1681960 552
1681970 552
1681980 551
1681990 551
1682000 551
1682010 551
1682020 551
1682030 551
1682040 551
1682050 551
1682060 551
1682070 551
1682080 551
1682090 551
1682100 551
1682110 552
1682120 552
1682130 552
1682140 551
1682150 551
1682160 551
1682170 551
1682180 551
1682190 551
1682200 551
1682210 551
1682220 551
1682230 551
1682240 551
1682250 551
1682260 551
1682270 551
1682280 551
1682290 551
1682300 551
1682310 552
1682320 552
1682330 552
1682340 552
1682350 553
1682360 553
1682370 553
1682380 554
1682390 554
1682400 554
1682410 554
1682420 554
1682430 555
1682440 555
1682450 555
1682460 555
1682470 555
1682480 555
1682490 556
1682500 556
1682510 556
1682520 556
1682530 556
1682540 556
1682550 556
1682560 556
1682570 557
1682580 557
1682590 557
1682600 557
1682610 557
1682620 557
1682630 557
1682640 557
1682650 557
1682660 557
1682670 557
1682680 557
1682690 557
1682700 557
1682710 557
1682720 557
1682730 558
1682740 558
1682750 558
1682760 558
1682770 558
1682780 558
1682790 558
1682800 558
1682810 558
1682820 558
1682830 558
1682840 558
1682850 558
1682860 558
1682870 558
1682880 558
1682890 558
1682900 558
1682910 558
1682920 558
1682930 558
1682940 558
1682950 558
1682960 558
1682970 558
1682980 558
1682990 558
1683000 558
1683010 558
1683020 558
1683030 558
1683040 558
1683050 558
1683060 558
1683070 558
1683080 558
1683090 558
1683100 558
1683110 558
1683120 558
1683130 557
1683140 557
1683150 557
1683160 557
1683170 557
1683180 557
1683190 556
1683200 556
1683210 556
1683220 556
1683230 556
1683240 556
1683250 556
1683260 556
1683270 556
1683280 556
1683290 556
1683300 556
1683310 556
1683320 556
1683330 556
1683340 556
1683350 556
1683360 556
1683370 556
1683380 556
1683390 556
1683400 556
1683410 556
1683420 556
1683430 556
1683440 556
1683450 556
1683460 556
1683470 556
1683480 556
1683490 555
1683500 555
1683510 555
1683520 555
1683530 555
1683540 555
1683550 555
1683560 555
1683570 555
1683580 555
1683590 555
1683600 555
1683610 554
1683620 554
1683630 554
1683640 554
1683650 554
1683660 554
1683670 554
1683680 554
1683690 554
1683700 554
1683710 554
1683720 554
1683730 554
1683740 554
1683750 553
1683760 553
1683770 553
1683780 553
1683790 553
1683800 553
1683810 553
1683820 553
1683830 553
1683840 553
1683850 552
1683860 552
1683870 552
1683880 552
1683890 552
1683900 552
1683910 552
1683920 552
1683930 552
1683940 552
1683950 552
1683960 552
1683970 552
1683980 552
1683990 552
1684000 552
1684010 552
1684020 552
1684030 551
1684040 551
1684050 551
1684060 551
1684070 551
1684080 551
1684090 551
1684100 551
1684110 551
1684120 551
1684130 551
1684140 551
1684150 551
1684160 551
1684170 551
1684180 551
1684190 550
1684200 550
1684210 550
1684220 550
1684230 550
1684240 550
1684250 550
1684260 550
1684270 550
1684280 550
1684290 550
1684300 550
1684310 550
1684320 550
1684330 550
1684340 550
1684350 550
1684360 550
1684370 550
1684380 550
1684390 550
1684400 550
1684410 550
1684420 550
1684430 550
1684440 550
1684450 550
1684460 550
1684470 549
1684480 549
1684490 549
1684500 549
1684510 549
1684520 549
1684530 549
1684540 549
1684550 550
1684560 550
1684570 550
1684580 551
1684590 551
1684600 551
1684610 551
1684620 551
1684630 551
1684640 551
1684650 552
1684660 552
1684670 552
1684680 552
1684690 552
1684700 552
1684710 552
1684720 552
1684730 552
1684740 552
1684750 553
1684760 553
1684770 553
1684780 553
1684790 553
1684800 553
1684810 553
1684820 553
1684830 553
1684840 553
1684850 554
1684860 554
1684870 554
1684880 554
1684890 554
1684900 554
1684910 554
1684920 554
1684930 554
1684940 554
1684950 554
1684960 554
1684970 554
1684980 554
1684990 554
1685000 554
1685010 553
1685020 553
1685030 553
1685040 553
1685050 553
1685060 553
1685070 553
1685080 553
1685090 553
1685100 553
1685110 552
1685120 552
1685130 552
1685140 552
1685150 552
1685160 552
1685170 552
1685180 552
1685190 552
1685200 552
1685210 552
1685220 552
1685230 552
1685240 552
1685250 552
1685260 552
1685270 552
1685280 552
1685290 552
1685300 552
1685310 552
1685320 552
1685330 552
1685340 552
1685350 552
1685360 552
1685370 552
1685380 552
1685390 552
1685400 552
1685410 552
1685420 551
1685430 551
1685440 551
1685450 551
1685460 551
1685470 551
1685480 551
1685490 551
1685500 551
1685510 551
1685520 551
1685530 550
1685540 550
1685550 550
1685560 550
1685570 550
1685580 550
1685590 550
1685600 550
1685610 550
1685620 550
1685630 550
1685640 550
1685650 550
1685660 550
1685670 549
1685680 549
1685690 549
1685700 549
1685710 549
1685720 549
1685730 549
1685740 549
1685750 549
1685760 549
1685770 549
1685780 548
1685790 548
1685800 548
1685810 548
1685820 548
1685830 548
1685840 548
1685850 548
1685860 548
1685870 548
1685880 548
1685890 548
1685900 548
1685910 548
1685920 548
1685930 548
1685940 548
1685950 548
1685960 548
1685970 548
1685980 548
1685990 548
1686000 548
1686010 548
1686020 548
1686030 548
1686040 548
1686050 548
1686060 548
1686070 548
1686080 548
1686090 548
1686100 548
1686110 548
1686120 548
1686130 548
1686140 548
1686150 548
1686160 548
1686170 548
1686180 548
1686190 548
1686200 548
1686210 548
1686220 548
1686230 548
1686240 549
1686250 549
1686260 549
1686270 549
1686280 549
1686290 549
1686300 549
1686310 549
1686320 549
1686330 549
1686340 549
1686350 549
1686360 549
1686370 549
1686380 549
1686390 549
1686400 549
1686410 549
1686420 549
1686430 549
1686440 549
1686450 549
1686460 549
1686470 549
1686480 549
1686490 549
1686500 549
1686510 549
1686520 549
1686530 549
1686540 549
1686550 549
1686560 549
1686570 549
1686580 549
1686590 549
1686600 549
1686610 548
1686620 548
1686630 548
1686640 548
1686650 548
1686660 548
1686670 548
1686680 548
1686690 548
1686700 548
1686710 548
1686720 548
1686730 548
1686740 548
1686750 548
1686760 548
1686770 548
1686780 548
1686790 547
1686800 547
1686810 547
1686820 547
1686830 547
1686840 547
1686850 547
1686860 547
1686870 547
1686880 547
1686890 547
1686900 547
1686910 547
1686920 547
1686930 547
1686940 547
1686950 547
1686960 547
1686970 547
1686980 547
1686990 547
1687000 547
1687010 547
1687020 547
1687030 547
1687040 547
1687050 547
1687060 547
1687070 547
1687080 547
1687090 547
1687100 547
1687110 547
1687120 547
1687130 547
1687140 547
1687150 547
1687160 547
1687170 547
1687180 547
1687190 547
1687200 547
1687210 547
1687220 547
1687230 547
1687240 547
1687250 547
1687260 547
1687270 547
1687280 547
1687290 547
1687300 547
1687310 547
1687320 547
1687330 547
1687340 547
1687350 547
1687360 547
1687370 547
1687380 547
1687390 546
1687400 546
1687410 546
1687420 546
1687430 546
1687440 545
1687450 545
1687460 545
1687470 544
1687480 544
1687490 544
1687500 544
1687510 544
1687520 544
1687530 543
1687540 543
1687550 543
1687560 542
1687570 542
1687580 542
1687590 542
1687600 542
1687610 541
1687620 541
1687630 541
1687640 540
1687650 540
1687660 539
1687670 538
1687680 538
1687690 537
1687700 537
1687710 537
1687720 536
1687730 536
1687740 535
1687750 535
1687760 535
1687770 535
1687780 535
1687790 534
1687800 534
1687810 533
1687820 533
1687830 533
1687840 533
1687850 533
1687860 532
1687870 532
1687880 532
1687890 531
1687900 531
1687910 531
1687920 530
1687930 530
1687940 530
1687950 530
1687960 529
1687970 529
1687980 528
1687990 528
1688000 528
1688010 528
1688020 527
1688030 527
1688040 527
1688050 526
1688060 526
1688070 526
1688080 526
1688090 526
1688100 526
1688110 526
1688120 526
1688130 526
1688140 526
1688150 526
1688160 526
1688170 526
1688180 526
1688190 528
1688200 531
1688210 534
1688220 538
1688230 542
1688240 545
1688250 548
1688260 551
1688270 552
1688280 552
1688290 553
1688300 553
1688310 553
1688320 554
1688330 554
1688340 555
1688350 555
1688360 555
1688370 556
1688380 556
1688390 556
1688400 557
1688410 557
1688420 557
1688430 558
1688440 558
1688450 558
1688460 558
1688470 559
1688480 559
1688490 559
1688500 559
1688510 560
1688520 560
1688530 560
1688540 560
1688550 560
1688560 560
1688570 560
1688580 561
1688590 561
1688600 561
1688610 561
1688620 561
1688630 561
1688640 561
1688650 561
1688660 561
1688670 561
1688680 561
1688690 561
1688700 561
1688710 561
1688720 561
1688730 561
1688740 561
1688750 561
1688760 561
1688770 561
1688780 561
1688790 561
1688800 561
1688810 561
1688820 561
1688830 561
1688840 561
1688850 561
1688860 561
1688870 561
1688880 561
1688890 561
1688900 562
1688910 562
1688920 562
1688930 562
1688940 562
1688950 562
1688960 561
1688970 561
1688980 561
1688990 562
1689000 562
1689010 562
1689020 562
1689030 562
1689040 562
1689050 562
1689060 562
1689070 562
1689080 562
1689090 562
1689100 562
1689110 562
1689120 561
1689130 561
1689140 561
1689150 561
1689160 561
1689170 561
1689180 561
1689190 561
1689200 561
1689210 561
1689220 561
1689230 561
1689240 561
1689250 561
1689260 561
1689270 561
1689280 561
1689290 562
1689300 562
1689310 562
1689320 562
1689330 562
1689340 562
1689350 562
1689360 562
1689370 563
1689380 563
1689390 563
1689400 563
1689410 563
1689420 563
1689430 564
1689440 564
1689450 564
1689460 564
1689470 564
1689480 564
1689490 564
1689500 564
1689510 564
1689520 564
1689530 564
1689540 564
1689550 565
1689560 565
1689570 565
1689580 565
1689590 565
1689600 565
1689610 565
1689620 565
1689630 565
1689640 565
1689650 565
1689660 565
1689670 565
1689680 565
1689690 565
1689700 565
1689710 565
1689720 565
1689730 565
1689740 565
1689750 566
1689760 566
1689770 565
1689780 565
1689790 565
1689800 565
1689810 565
1689820 565
1689830 565
1689840 565
1689850 565
1689860 565
1689870 565
1689880 565
1689890 565
1689900 565
1689910 565
1689920 565
1689930 565
1689940 565
1689950 565
1689960 565
1689970 565
1689980 565
1689990 565
1690000 565
1690010 565
1690020 565
1690030 565
1690040 566
1690050 566
1690060 566
1690070 566
1690080 566
1690090 566
1690100 566
1690110 565
1690120 565
1690130 565
1690140 565
1690150 565
1690160 565
1690170 565
1690180 565
1690190 565
1690200 565
1690210 565
1690220 565
1690230 565
1690240 565
1690250 565
1690260 565
1690270 565
1690280 565
1690290 565
1690300 565
1690310 565
1690320 565
1690330 565
1690340 565
1690350 564
1690360 564
1690370 564
1690380 564
1690390 564
1690400 564
1690410 564
1690420 564
1690430 564
1690440 563
1690450 563
1690460 563
1690470 563
1690480 563
1690490 563
1690500 563
1690510 563
1690520 562
1690530 562
1690540 562
1690550 562
1690560 562
1690570 562
1690580 561
1690590 561
1690600 561
1690610 561
1690620 561
1690630 561
1690640 561
1690650 561
1690660 561
1690670 561
1690680 561
1690690 561
1690700 561
1690710 561
1690720 561
1690730 561
1690740 561
1690750 561
1690760 560
1690770 560
1690780 560
1690790 560
1690800 560
1690810 560
1690820 560
1690830 560
1690840 560
1690850 560
1690860 559
1690870 559
1690880 559
1690890 559
1690900 559
1690910 559
1690920 559
1690930 559
1690940 559
1690950 559
1690960 558
1690970 558
1690980 558
1690990 558
1691000 558
1691010 558
1691020 558
1691030 558
1691040 558
1691050 557
1691060 557
1691070 557
1691080 557
1691090 557
1691100 557
1691110 557
1691120 556
1691130 556
1691140 556
1691150 556
1691160 556
1691170 556
1691180 556
1691190 556
1691200 556
1691210 556
1691220 556
1691230 556
1691240 556
1691250 556
1691260 556
1691270 556
1691280 556
1691290 556
1691300 556
1691310 556
1691320 556
1691330 556
1691340 556
1691350 555
1691360 556
1691370 556
1691380 556
1691390 556
1691400 556
1691410 556
1691420 555
1691430 555
1691440 555
1691450 555
1691460 555
1691470 555
1691480 555
1691490 555
1691500 555
1691510 555
1691520 555
1691530 555
1691540 555
1691550 555
1691560 555
1691570 555
1691580 555
1691590 555
1691600 555
1691610 555
1691620 555
1691630 555
1691640 555
1691650 555
1691660 555
1691670 555
1691680 554
1691690 554
1691700 554
1691710 554
1691720 554
1691730 554
1691740 554
1691750 554
1691760 554
1691770 554
1691780 554
1691790 554
1691800 554
1691810 554
1691820 554
1691830 554
1691840 554
1691850 554
1691860 554
1691870 554
1691880 554
1691890 554
1691900 554
1691910 554
1691920 553
1691930 553
1691940 553
1691950 553
1691960 553
1691970 553
1691980 553
1691990 553
1692000 553
1692010 554
1692020 554
1692030 554
1692040 554
1692050 554
1692060 554
1692070 554
1692080 554
1692090 554
1692100 554
1692110 554
1692120 553
1692130 553
1692140 553
1692150 553
1692160 553
1692170 553
1692180 553
1692190 553
1692200 552
1692210 552
1692220 552
1692230 552
1692240 552
1692250 552
1692260 551
1692270 551
1692280 551
1692290 551
1692300 550
1692310 550
1692320 550
1692330 550
1692340 550
1692350 550
1692360 550
1692370 550
1692380 550
1692390 551
1692400 551
1692410 551
1692420 551
1692430 550
1692440 550
1692450 550
1692460 550
1692470 550
1692480 550
1692490 550
1692500 550
1692510 550
1692520 550
1692530 550
1692540 550
1692550 550
1692560 549
1692570 549
1692580 549
1692590 549
1692600 549
1692610 549
1692620 549
1692630 548
1692640 548
1692650 548
1692660 548
1692670 548
1692680 547
1692690 547
1692700 547
1692710 547
1692720 546
1692730 546
1692740 546
1692750 546
1692760 546
1692770 546
1692780 545
1692790 545
1692800 545
1692810 545
1692820 545
1692830 545
1692840 545
1692850 545
1692860 544
1692870 544
1692880 544
1692890 544
1692900 543
1692910 543
1692920 543
1692930 541
1692940 539
1692950 539
1692960 539
1692970 539
1692980 540
1692990 539
1693000 540
1693010 540
1693020 542
1693030 544
1693040 546
1693050 548
1693060 549
1693070 549
1693080 550
1693090 550
1693100 550
1693110 551
1693120 551
1693130 551
1693140 552
1693150 552
1693160 552
1693170 553
1693180 553
1693190 553
1693200 553
1693210 553
1693220 553
1693230 552
1693240 552
1693250 552
1693260 552
1693270 552
1693280 552
1693290 551
1693300 551
1693310 551
1693320 551
1693330 551
1693340 551
1693350 550
1693360 550
1693370 550
1693380 550
1693390 550
1693400 550
1693410 550
1693420 550
1693430 550
1693440 551
1693450 551
1693460 551
1693470 551
1693480 551
1693490 551
1693500 552
1693510 552
1693520 552
1693530 552
1693540 553
1693550 553
1693560 554
1693570 554
1693580 555
1693590 555
1693600 556
1693610 557
1693620 557
1693630 558
1693640 559
1693650 559
1693660 559
1693670 560
1693680 560
1693690 560
1693700 560
1693710 560
1693720 560
1693730 560
1693740 560
1693750 560
1693760 560
1693770 560
1693780 560
1693790 560
1693800 560
1693810 560
1693820 560
1693830 560
1693840 559
1693850 559
1693860 559
1693870 559
1693880 559
1693890 559
1693900 559
1693910 559
1693920 559
1693930 559
1693940 559
1693950 559
1693960 559
1693970 559
1693980 559
1693990 559
1694000 559
1694010 558
1694020 558
1694030 558
1694040 558
1694050 558
1694060 558
1694070 558
1694080 558
1694090 558
1694100 558
1694110 557
1694120 557
1694130 557
1694140 556
1694150 556
1694160 556
1694170 555
1694180 555
1694190 555
1694200 555
1694210 554
1694220 554
1694230 554
1694240 554
1694250 554
1694260 554
1694270 554
1694280 554
1694290 554
1694300 554
1694310 555
1694320 555
1694330 555
1694340 555
1694350 555
1694360 555
1694370 554
1694380 554
1694390 553
1694400 553
1694410 553
1694420 552
1694430 552
1694440 552
1694450 551
1694460 551
1694470 550
1694480 550
1694490 549
1694500 549
1694510 549
1694520 548
1694530 548
1694540 547
1694550 547
1694560 546
1694570 545
1694580 545
1694590 544
1694600 544
1694610 543
1694620 543
1694630 542
1694640 542
1694650 541
1694660 541
1694670 540
1694680 539
1694690 539
1694700 538
1694710 538
1694720 537
1694730 537
1694740 536
1694750 536
1694760 535
1694770 535
1694780 534
1694790 534
1694800 534
1694810 533
1694820 533
1694830 533
1694840 532
1694850 532
1694860 531
1694870 531
1694880 530
1694890 530
1694900 529
1694910 529
1694920 529
1694930 528
1694940 528
1694950 528
1694960 527
1694970 527
1694980 526
1694990 526
1695000 525
1695010 525
1695020 524
1695030 523
1695040 522
1695050 521
1695060 521
1695070 520
1695080 519
1695090 518
1695100 517
1695110 516
1695120 515
1695130 513
1695140 512
1695150 511
1695160 510
1695170 510
1695180 509
1695190 508
1695200 508
1695210 507
1695220 507
1695230 506
1695240 506
1695250 506
1695260 505
1695270 505
1695280 505
1695290 504
1695300 503
1695310 503
1695320 502
1695330 502
1695340 502
1695350 502
1695360 502
1695370 502
1695380 502
1695390 502
1695400 502
1695410 502
1695420 502
1695430 502
1695440 502
1695450 502
1695460 501
1695470 501
1695480 500
1695490 500
1695500 500
1695510 500
1695520 501
1695530 501
1695540 502
1695550 502
1695560 503
1695570 504
1695580 505
1695590 505
1695600 506
1695610 507
1695620 508
1695630 508
1695640 509
1695650 510
1695660 511
1695670 512
1695680 512
1695690 513
1695700 513
1695710 514
1695720 514
1695730 515
1695740 515
1695750 516
1695760 517
1695770 517
1695780 517
1695790 517
1695800 518
1695810 518
1695820 518
1695830 518
1695840 519
1695850 520
1695860 520
1695870 521
1695880 521
1695890 521
1695900 521
1695910 521
1695920 521
1695930 521
1695940 522
1695950 522
1695960 522
1695970 522
1695980 522
1695990 522
1696000 521
1696010 521
1696020 521
1696030 521
1696040 521
1696050 521
1696060 521
1696070 521
1696080 520
1696090 520
1696100 519
1696110 518
1696120 518
1696130 517
1696140 517
1696150 516
1696160 514
1696170 513
1696180 511
1696190 509
1696200 507
1696210 505
1696220 503
1696230 502
1696240 501
1696250 500
1696260 500
1696270 499
1696280 499
1696290 499
1696300 499
1696310 499
1696320 499
1696330 499
1696340 499
1696350 499
1696360 498
1696370 498
1696380 498
1696390 498
1696400 499
1696410 500
1696420 501
1696430 502
1696440 504
1696450 505
1696460 506
1696470 507
1696480 507
1696490 509
1696500 512
1696510 514
1696520 517
1696530 519
1696540 522
1696550 525
1696560 526
1696570 527
1696580 528
1696590 529
1696600 530
1696610 531
1696620 532
1696630 532
1696640 533
1696650 533
1696660 534
1696670 534
1696680 535
1696690 536
1696700 536
1696710 537
1696720 537
1696730 538
1696740 539
1696750 539
1696760 540
1696770 540
1696780 540
1696790 541
1696800 541
1696810 541
1696820 542
1696830 542
1696840 542
1696850 542
1696860 542
1696870 543
1696880 543
1696890 543
1696900 543
1696910 543
1696920 543
1696930 543
1696940 543
1696950 543
1696960 543
1696970 543
1696980 543
1696990 543
1697000 542
1697010 542
1697020 542
1697030 541
1697040 541
1697050 541
1697060 540
1697070 540
1697080 540
1697090 539
1697100 539
1697110 538
1697120 537
1697130 536
1697140 534
1697150 533
1697160 532
1697170 532
1697180 533
1697190 534
1697200 535
1697210 535
1697220 535
1697230 535
1697240 534
1697250 534
1697260 534
1697270 533
1697280 533
1697290 533
1697300 533
1697310 533
1697320 532
1697330 532
1697340 532
1697350 532
1697360 532
1697370 532
1697380 532
1697390 531
1697400 531
1697410 529
1697420 529
1697430 529
1697440 530
1697450 532
1697460 532
1697470 533
1697480 534
1697490 535
1697500 536
1697510 537
1697520 539
1697530 540
1697540 541
1697550 542
1697560 542
1697570 543
1697580 543
1697590 543
1697600 543
1697610 544
1697620 544
1697630 544
1697640 545
1697650 546
1697660 546
1697670 547
1697680 547
1697690 547
1697700 548
1697710 548
1697720 549
1697730 550
1697740 550
1697750 551
1697760 552
1697770 552
1697780 553
1697790 554
1697800 554
1697810 555
1697820 556
1697830 556
1697840 557
1697850 558
1697860 558
1697870 559
1697880 559
1697890 560
1697900 561
1697910 561
1697920 562
1697930 562
1697940 563
1697950 564
1697960 564
1697970 565
1697980 566
1697990 567
1698000 568
1698010 568
1698020 568
1698030 568
1698040 568
1698050 568
1698060 568
1698070 568
1698080 568
1698090 567
1698100 567
1698110 567
1698120 567
1698130 566
1698140 566
1698150 566
1698160 565
1698170 565
1698180 565
1698190 565
1698200 565
1698210 565
1698220 564
1698230 564
1698240 564
1698250 564
1698260 564
1698270 564
1698280 563
1698290 563
1698300 563
1698310 563
1698320 563
1698330 563
1698340 563
1698350 563
1698360 562
1698370 562
1698380 562
1698390 562
1698400 562
1698410 562
1698420 562
1698430 562
1698440 562
1698450 562
1698460 562
1698470 561
1698480 561
1698490 561
1698500 561
1698510 561
1698520 561
1698530 561
1698540 560
1698550 560
1698560 560
1698570 560
1698580 560
1698590 560
1698600 560
1698610 560
1698620 560
1698630 560
1698640 559
1698650 559
1698660 559
1698670 559
1698680 559
1698690 559
1698700 559
1698710 559
1698720 559
1698730 559
1698740 559
1698750 558
1698760 558
1698770 558
1698780 558
1698790 558
1698800 557
1698810 557
1698820 557
1698830 557
1698840 556
1698850 556
1698860 556
1698870 555
1698880 555
1698890 555
1698900 554
1698910 554
1698920 554
1698930 553
1698940 553
1698950 553
1698960 553
1698970 553
1698980 552
1698990 552
1699000 552
1699010 552
1699020 552
1699030 552
1699040 552
1699050 552
1699060 551
1699070 551
1699080 551
1699090 551
1699100 551
1699110 551
1699120 551
1699130 551
1699140 551
1699150 551
1699160 551
1699170 551
1699180 551
1699190 551
1699200 551
1699210 551
1699220 550
1699230 550
1699240 550
1699250 550
1699260 550
1699270 549
1699280 549
1699290 549
1699300 549
1699310 548
1699320 548
1699330 548
1699340 547
1699350 547
1699360 547
1699370 547
1699380 547
1699390 546
1699400 546
1699410 546
1699420 545
1699430 545
1699440 545
1699450 544
1699460 544
1699470 543
1699480 543
1699490 543
1699500 542
1699510 541
1699520 541
1699530 540
1699540 540
1699550 539
1699560 538
1699570 538
1699580 537
1699590 537
1699600 536
1699610 535
1699620 534
1699630 533
1699640 532
1699650 531
1699660 531
1699670 532
1699680 530
1699690 528
1699700 527
1699710 527
1699720 526
1699730 526
1699740 525
1699750 525
1699760 525
1699770 524
1699780 524
1699790 523
1699800 522
1699810 521
1699820 520
1699830 520
1699840 519
1699850 519
1699860 519
1699870 519
1699880 518
1699890 518
1699900 519
1699910 520
1699920 522
1699930 524
1699940 526
1699950 528
1699960 531
1699970 532
1699980 534
1699990 535
