1680000 556
1680010 556
1680020 557
1680030 557
1680040 557
1680050 557
1680060 558
1680070 558
1680080 558
1680090 558
1680100 558
1680110 558
1680120 558
1680130 558
1680140 558
1680150 558
1680160 558
1680170 558
1680180 558
1680190 558
1680200 558
1680210 559
1680220 559
1680230 559
1680240 559
1680250 559
1680260 559
1680270 559
1680280 559
1680290 559
1680300 559
1680310 559
1680320 559
1680330 560
1680340 560
1680350 560
1680360 560
1680370 560
1680380 560
1680390 560
1680400 559
1680410 559
1680420 559
1680430 559
1680440 559
1680450 559
1680460 559
1680470 559
1680480 559
1680490 559
1680500 559
1680510 559
1680520 559
1680530 559
1680540 559
1680550 559
1680560 559
1680570 559
1680580 559
1680590 559
1680600 559
1680610 559
1680620 559
1680630 559
1680640 559
1680650 559
1680660 559
1680670 559
1680680 559
1680690 559
1680700 558
1680710 558
1680720 558
1680730 558
1680740 558
1680750 558
1680760 558
1680770 558
1680780 557
1680790 557
1680800 557
1680810 557
1680820 557
1680830 557
1680840 557
1680850 557
1680860 556
1680870 556
1680880 556
1680890 556
1680900 556
1680910 556
1680920 556
1680930 556
1680940 556
1680950 555
1680960 555
1680970 555
1680980 555
1680990 555
1681000 555
1681010 555
1681020 555
1681030 554
1681040 554
1681050 554
1681060 554
1681070 554
1681080 554
1681090 554
1681100 554
1681110 554
1681120 554
1681130 554
1681140 553
1681150 553
1681160 553
1681170 553
1681180 553
1681190 553
1681200 553
1681210 553
1681220 553
1681230 553
1681240 553
1681250 553
1681260 553
1681270 552
1681280 552
1681290 552
1681300 552
1681310 552
1681320 552
1681330 552
1681340 552
1681350 552
1681360 552
1681370 551
1681380 551
1681390 551
1681400 551
1681410 551
1681420 551
1681430 551
1681440 551
1681450 551
1681460 551
1681470 551
1681480 551
1681490 551
1681500 550
1681510 550
1681520 550
1681530 550
1681540 550
1681550 550
1681560 550
1681570 550
1681580 550
1681590 550
1681600 550
1681610 550
1681620 550
1681630 550
1681640 550
1681650 549
1681660 549
1681670 549
1681680 549
1681690 549
1681700 549
1681710 549
1681720 549
1681730 549
1681740 549
1681750 549
1681760 549
1681770 549
1681780 549
1681790 549
1681800 549
1681810 549
1681820 548
1681830 548
1681840 548
1681850 548
1681860 548
1681870 548
1681880 548
1681890 548
1681900 548
1681910 548
1681920 548
1681930 547
1681940 547
1681950 547
1681960 547
1681970 547
1681980 547
1681990 547
1682000 547
1682010 546
1682020 546
1682030 546
1682040 545
1682050 545
1682060 545
1682070 545
1682080 545
1682090 545
1682100 546
1682110 546
1682120 546
1682130 546
1682140 546
1682150 546
1682160 547
1682170 547
1682180 547
1682190 547
1682200 547
1682210 547
1682220 547
1682230 547
1682240 547
1682250 547
1682260 547
1682270 547
1682280 547
1682290 547
1682300 548
1682310 548
1682320 548
1682330 548
1682340 548
1682350 548
1682360 547
1682370 547
1682380 547
1682390 547
1682400 547
1682410 547
1682420 547
1682430 547
1682440 547
1682450 548
1682460 548
1682470 548
1682480 548
1682490 548
1682500 548
1682510 548
1682520 548
1682530 548
1682540 548
1682550 548
1682560 548
1682570 548
1682580 548
1682590 548
1682600 548
1682610 548
1682620 549
1682630 549
1682640 549
1682650 549
1682660 549
1682670 549
1682680 550
1682690 550
1682700 550
1682710 550
1682720 550
1682730 551
1682740 551
1682750 551
1682760 551
1682770 551
1682780 551
1682790 551
1682800 551
1682810 551
1682820 550
1682830 550
1682840 550
1682850 550
1682860 550
1682870 550
1682880 550
1682890 550
1682900 549
1682910 549
1682920 549
1682930 549
1682940 549
1682950 549
1682960 549
1682970 549
1682980 549
1682990 549
1683000 549
1683010 549
1683020 549
1683030 549
1683040 549
1683050 548
1683060 548
1683070 548
1683080 548
1683090 548
1683100 548
1683110 548
1683120 548
1683130 548
1683140 548
1683150 548
1683160 548
1683170 548
1683180 548
1683190 548
1683200 547
1683210 547
1683220 547
1683230 547
1683240 547
1683250 547
1683260 547
1683270 547
1683280 547
1683290 547
1683300 547
1683310 547
1683320 547
1683330 547
1683340 547
1683350 547
1683360 547
1683370 547
1683380 547
1683390 547
1683400 547
1683410 547
1683420 547
1683430 547
1683440 547
1683450 547
1683460 547
1683470 547
1683480 547
1683490 547
1683500 547
1683510 547
1683520 547
1683530 547
1683540 547
1683550 547
1683560 547
1683570 547
1683580 547
1683590 547
1683600 547
1683610 547
1683620 547
1683630 547
1683640 547
1683650 546
1683660 546
1683670 546
1683680 546
1683690 546
1683700 546
1683710 546
1683720 546
1683730 546
1683740 546
1683750 546
1683760 546
1683770 546
1683780 546
1683790 545
1683800 545
1683810 545
1683820 545
1683830 545
1683840 545
1683850 545
1683860 545
1683870 545
1683880 545
1683890 545
1683900 545
1683910 545
1683920 545
1683930 545
1683940 544
1683950 544
1683960 544
1683970 544
1683980 544
1683990 544
1684000 544
1684010 544
1684020 544
1684030 544
1684040 543
1684050 543
1684060 543
1684070 543
1684080 543
1684090 543
1684100 543
1684110 543
1684120 543
1684130 543
1684140 543
1684150 543
1684160 543
1684170 543
1684180 543
1684190 543
1684200 543
1684210 543
1684220 543
1684230 543
1684240 543
1684250 543
1684260 543
1684270 543
1684280 543
1684290 543
1684300 543
1684310 543
1684320 543
1684330 543
1684340 543
1684350 543
1684360 543
1684370 543
1684380 543
1684390 543
1684400 543
1684410 543
1684420 543
1684430 543
1684440 543
1684450 543
1684460 543
1684470 543
1684480 543
1684490 543
1684500 543
1684510 543
1684520 543
1684530 543
1684540 543
1684550 543
1684560 544
1684570 544
1684580 544
1684590 544
1684600 544
1684610 544
1684620 544
1684630 544
1684640 545
1684650 545
1684660 545
1684670 545
1684680 545
1684690 545
1684700 545
1684710 545
1684720 545
1684730 545
1684740 545
1684750 545
1684760 546
1684770 546
1684780 546
1684790 546
1684800 546
1684810 546
1684820 546
1684830 546
1684840 546
1684850 546
1684860 547
1684870 547
1684880 547
1684890 547
1684900 547
1684910 547
1684920 547
1684930 547
1684940 547
1684950 547
1684960 547
1684970 547
1684980 548
1684990 548
1685000 548
1685010 548
1685020 548
1685030 548
1685040 548
1685050 548
1685060 548
1685070 548
1685080 548
1685090 548
1685100 548
1685110 548
1685120 548
1685130 548
1685140 548
1685150 547
1685160 547
1685170 547
1685180 547
1685190 547
1685200 547
1685210 547
1685220 547
1685230 546
1685240 546
1685250 546
1685260 546
1685270 546
1685280 546
1685290 546
1685300 545
1685310 545
1685320 545
1685330 545
1685340 545
1685350 545
1685360 545
1685370 545
1685380 545
1685390 545
1685400 545
1685410 544
1685420 544
1685430 544
1685440 544
1685450 544
1685460 544
1685470 544
1685480 544
1685490 544
1685500 544
1685510 544
1685520 544
1685530 544
1685540 544
1685550 544
1685560 544
1685570 543
1685580 543
1685590 543
1685600 543
1685610 543
1685620 543
1685630 543
1685640 543
1685650 542
1685660 542
1685670 542
1685680 542
1685690 542
1685700 542
1685710 542
1685720 541
1685730 541
1685740 541
1685750 541
1685760 541
1685770 541
1685780 541
1685790 541
1685800 540
1685810 540
1685820 540
1685830 540
1685840 540
1685850 540
1685860 540
1685870 539
1685880 539
1685890 539
1685900 539
1685910 539
1685920 539
1685930 539
1685940 539
1685950 540
1685960 540
1685970 540
1685980 541
1685990 541
1686000 541
1686010 541
1686020 541
1686030 541
1686040 541
1686050 541
1686060 541
1686070 541
1686080 541
1686090 541
1686100 541
1686110 541
1686120 541
1686130 541
1686140 541
1686150 541
1686160 541
1686170 540
1686180 540
1686190 540
1686200 541
1686210 541
1686220 540
1686230 541
1686240 541
1686250 541
1686260 541
1686270 541
1686280 541
1686290 541
1686300 541
1686310 541
1686320 541
1686330 541
1686340 541
1686350 541
1686360 541
1686370 541
1686380 541
1686390 541
1686400 541
1686410 542
1686420 542
1686430 542
1686440 542
1686450 542
1686460 542
1686470 542
1686480 542
1686490 542
1686500 542
1686510 542
1686520 542
1686530 542
1686540 542
1686550 542
1686560 542
1686570 542
1686580 542
1686590 542
1686600 542
1686610 542
1686620 542
1686630 542
1686640 542
1686650 543
1686660 543
1686670 543
1686680 543
1686690 543
1686700 543
1686710 543
1686720 543
1686730 543
1686740 543
1686750 543
1686760 543
1686770 543
1686780 543
1686790 543
1686800 543
1686810 543
1686820 543
1686830 543
1686840 543
1686850 543
1686860 543
1686870 543
1686880 543
1686890 543
1686900 543
1686910 543
1686920 543
1686930 543
1686940 543
1686950 543
1686960 543
1686970 543
1686980 543
1686990 543
1687000 543
1687010 543
1687020 543
1687030 543
1687040 543
1687050 543
1687060 543
1687070 543
1687080 543
1687090 543
1687100 543
1687110 543
1687120 543
1687130 543
1687140 543
1687150 543
1687160 542
1687170 542
1687180 542
1687190 542
1687200 542
1687210 542
1687220 542
1687230 542
1687240 542
1687250 542
1687260 542
1687270 542
1687280 543
1687290 543
1687300 542
1687310 542
1687320 542
1687330 542
1687340 542
1687350 542
1687360 542
1687370 542
1687380 542
1687390 541
1687400 541
1687410 541
1687420 540
1687430 540
1687440 540
1687450 539
1687460 539
1687470 538
1687480 538
1687490 538
1687500 537
1687510 537
1687520 537
1687530 537
1687540 537
1687550 537
1687560 537
1687570 537
1687580 536
1687590 536
1687600 536
1687610 536
1687620 536
1687630 535
1687640 535
1687650 535
1687660 535
1687670 535
1687680 535
1687690 534
1687700 534
1687710 534
1687720 534
1687730 533
1687740 533
1687750 532
1687760 532
1687770 532
1687780 531
1687790 531
1687800 531
1687810 530
1687820 530
1687830 530
1687840 530
1687850 529
1687860 529
1687870 529
1687880 529
1687890 529
1687900 529
1687910 529
1687920 529
1687930 529
1687940 528
1687950 528
1687960 528
1687970 528
1687980 528
1687990 528
1688000 528
1688010 528
1688020 528
1688030 528
1688040 528
1688050 528
1688060 527
1688070 527
1688080 527
1688090 527
1688100 527
1688110 527
1688120 526
1688130 526
1688140 526
1688150 526
1688160 525
1688170 525
1688180 525
1688190 525
1688200 524
1688210 524
1688220 524
1688230 524
1688240 524
1688250 524
1688260 524
1688270 524
1688280 524
1688290 524
1688300 524
1688310 524
1688320 524
1688330 524
1688340 524
1688350 525
1688360 525
1688370 526
1688380 528
1688390 531
1688400 535
1688410 537
1688420 540
1688430 541
1688440 542
1688450 542
1688460 543
1688470 543
1688480 544
1688490 544
1688500 545
1688510 545
1688520 546
1688530 546
1688540 546
1688550 547
1688560 547
1688570 547
1688580 547
1688590 548
1688600 548
1688610 548
1688620 548
1688630 548
1688640 548
1688650 548
1688660 549
1688670 549
1688680 549
1688690 549
1688700 549
1688710 549
1688720 549
1688730 549
1688740 550
1688750 550
1688760 550
1688770 550
1688780 550
1688790 551
1688800 551
1688810 551
1688820 551
1688830 551
1688840 552
1688850 552
1688860 552
1688870 552
1688880 552
1688890 552
1688900 552
1688910 552
1688920 552
1688930 552
1688940 552
1688950 552
1688960 552
1688970 552
1688980 552
1688990 552
1689000 552
1689010 552
1689020 552
1689030 552
1689040 552
1689050 551
1689060 551
1689070 551
1689080 551
1689090 551
1689100 551
1689110 551
1689120 551
1689130 551
1689140 551
1689150 551
1689160 551
1689170 551
1689180 551
1689190 552
1689200 552
1689210 552
1689220 552
1689230 552
1689240 552
1689250 552
1689260 553
1689270 553
1689280 553
1689290 553
1689300 554
1689310 554
1689320 554
1689330 554
1689340 554
1689350 554
1689360 554
1689370 555
1689380 555
1689390 555
1689400 555
1689410 555
1689420 556
1689430 556
1689440 557
1689450 557
1689460 557
1689470 557
1689480 557
1689490 557
1689500 558
1689510 558
1689520 558
1689530 558
1689540 558
1689550 558
1689560 558
1689570 558
1689580 558
1689590 559
1689600 559
1689610 559
1689620 559
1689630 559
1689640 559
1689650 559
1689660 559
1689670 560
1689680 560
1689690 560
1689700 560
1689710 560
1689720 560
1689730 560
1689740 560
1689750 560
1689760 560
1689770 560
1689780 560
1689790 560
1689800 560
1689810 560
1689820 560
1689830 559
1689840 559
1689850 559
1689860 559
1689870 559
1689880 559
1689890 558
1689900 558
1689910 558
1689920 558
1689930 558
1689940 557
1689950 557
1689960 557
1689970 557
1689980 557
1689990 556
1690000 556
1690010 556
1690020 555
1690030 555
1690040 555
1690050 554
1690060 554
1690070 554
1690080 553
1690090 553
1690100 553
1690110 552
1690120 552
1690130 552
1690140 551
1690150 551
1690160 551
1690170 551
1690180 551
1690190 551
1690200 551
1690210 550
1690220 550
1690230 550
1690240 550
1690250 551
1690260 551
1690270 551
1690280 551
1690290 551
1690300 550
1690310 550
1690320 550
1690330 549
1690340 549
1690350 549
1690360 549
1690370 548
1690380 548
1690390 549
1690400 549
1690410 549
1690420 549
1690430 549
1690440 549
1690450 549
1690460 549
1690470 548
1690480 548
1690490 548
1690500 548
1690510 548
1690520 548
1690530 548
1690540 548
1690550 548
1690560 548
1690570 548
1690580 548
1690590 547
1690600 547
1690610 547
1690620 547
1690630 547
1690640 546
1690650 546
1690660 546
1690670 545
1690680 545
1690690 545
1690700 545
1690710 544
1690720 544
1690730 544
1690740 543
1690750 543
1690760 543
1690770 543
1690780 542
1690790 542
1690800 542
1690810 543
1690820 543
1690830 543
1690840 543
1690850 544
1690860 544
1690870 545
1690880 545
1690890 546
1690900 546
1690910 546
1690920 546
1690930 546
1690940 546
1690950 546
1690960 546
1690970 546
1690980 545
1690990 545
1691000 545
1691010 545
1691020 545
1691030 545
1691040 545
1691050 545
1691060 545
1691070 544
1691080 544
1691090 544
1691100 544
1691110 544
1691120 543
1691130 543
1691140 543
1691150 543
1691160 542
1691170 542
1691180 542
1691190 542
1691200 541
1691210 541
1691220 541
1691230 541
1691240 541
1691250 541
1691260 541
1691270 540
1691280 540
1691290 539
1691300 539
1691310 540
1691320 540
1691330 540
1691340 540
1691350 540
1691360 540
1691370 540
1691380 539
1691390 539
1691400 539
1691410 540
1691420 540
1691430 540
1691440 540
1691450 540
1691460 541
1691470 541
1691480 541
1691490 541
1691500 541
1691510 541
1691520 542
1691530 542
1691540 542
1691550 542
1691560 542
1691570 542
1691580 543
1691590 543
1691600 543
1691610 543
1691620 544
1691630 544
1691640 544
1691650 544
1691660 545
1691670 545
1691680 545
1691690 545
1691700 545
1691710 546
1691720 546
1691730 546
1691740 547
1691750 547
1691760 547
1691770 548
1691780 548
1691790 548
1691800 548
1691810 548
1691820 548
1691830 548
1691840 548
1691850 548
1691860 548
1691870 549
1691880 549
1691890 549
1691900 549
1691910 549
1691920 549
1691930 550
1691940 550
1691950 550
1691960 550
1691970 551
1691980 551
1691990 551
1692000 551
1692010 551
1692020 552
1692030 552
1692040 552
1692050 552
1692060 553
1692070 553
1692080 553
1692090 553
1692100 553
1692110 553
1692120 553
1692130 554
1692140 554
1692150 554
1692160 554
1692170 554
1692180 554
1692190 554
1692200 554
1692210 555
1692220 555
1692230 555
1692240 555
1692250 555
1692260 555
1692270 555
1692280 555
1692290 555
1692300 554
1692310 554
1692320 554
1692330 554
1692340 554
1692350 553
1692360 553
1692370 553
1692380 552
1692390 552
1692400 552
1692410 552
1692420 551
1692430 551
1692440 551
1692450 550
1692460 550
1692470 549
1692480 549
1692490 549
1692500 549
1692510 548
1692520 548
1692530 548
1692540 547
1692550 547
1692560 547
1692570 546
1692580 546
1692590 546
1692600 545
1692610 545
1692620 545
1692630 544
1692640 544
1692650 543
1692660 543
1692670 542
1692680 542
1692690 542
1692700 541
1692710 541
1692720 540
1692730 540
1692740 539
1692750 538
1692760 536
1692770 535
1692780 533
1692790 530
1692800 528
1692810 527
1692820 526
1692830 525
1692840 525
1692850 525
1692860 525
1692870 526
1692880 526
1692890 527
1692900 527
1692910 528
1692920 528
1692930 528
1692940 527
1692950 526
1692960 525
1692970 525
1692980 525
1692990 525
1693000 523
1693010 522
1693020 521
1693030 519
1693040 518
1693050 517
1693060 517
1693070 517
1693080 516
1693090 516
1693100 514
1693110 512
1693120 510
1693130 508
1693140 507
1693150 507
1693160 507
1693170 507
1693180 507
1693190 507
1693200 506
1693210 506
1693220 507
1693230 507
1693240 507
1693250 507
1693260 507
1693270 507
1693280 507
1693290 506
1693300 506
1693310 506
1693320 507
1693330 507
1693340 507
1693350 507
1693360 507
1693370 507
1693380 507
1693390 507
1693400 507
1693410 507
1693420 507
1693430 507
1693440 507
1693450 507
1693460 507
1693470 507
1693480 507
1693490 507
1693500 507
1693510 507
1693520 508
1693530 508
1693540 509
1693550 509
1693560 509
1693570 511
1693580 512
1693590 514
1693600 516
1693610 517
1693620 518
1693630 518
1693640 519
1693650 520
1693660 521
1693670 521
1693680 522
1693690 522
1693700 523
1693710 523
1693720 522
1693730 523
1693740 523
1693750 523
1693760 523
1693770 523
1693780 523
1693790 523
1693800 523
1693810 523
1693820 523
1693830 522
1693840 522
1693850 521
1693860 520
1693870 519
1693880 518
1693890 518
1693900 517
1693910 516
1693920 515
1693930 514
1693940 513
1693950 512
1693960 512
1693970 511
1693980 511
1693990 510
1694000 510
1694010 510
1694020 509
1694030 509
1694040 509
1694050 508
1694060 508
1694070 508
1694080 508
1694090 508
1694100 507
1694110 507
1694120 507
1694130 507
1694140 506
1694150 506
1694160 506
1694170 506
1694180 506
1694190 506
1694200 506
1694210 506
1694220 506
1694230 505
1694240 505
1694250 505
1694260 505
1694270 504
1694280 504
1694290 504
1694300 504
1694310 504
1694320 504
1694330 504
1694340 504
1694350 504
1694360 504
1694370 504
1694380 504
1694390 504
1694400 504
1694410 503
1694420 503
1694430 503
1694440 503
1694450 503
1694460 503
1694470 503
1694480 505
1694490 509
1694500 517
1694510 520
1694520 522
1694530 522
1694540 522
1694550 522
1694560 522
1694570 522
1694580 522
1694590 523
1694600 523
1694610 523
1694620 524
1694630 524
1694640 524
1694650 524
1694660 524
1694670 524
1694680 525
1694690 525
1694700 525
1694710 525
1694720 525
1694730 526
1694740 526
1694750 526
1694760 527
1694770 527
1694780 528
1694790 528
1694800 529
1694810 529
1694820 530
1694830 530
1694840 531
1694850 531
1694860 531
1694870 531
1694880 532
1694890 532
1694900 532
1694910 532
1694920 533
1694930 533
1694940 533
1694950 533
1694960 534
1694970 534
1694980 534
1694990 535
1695000 535
1695010 535
1695020 535
1695030 536
1695040 536
1695050 536
1695060 536
1695070 536
1695080 537
1695090 537
1695100 537
1695110 537
1695120 538
1695130 538
1695140 538
1695150 539
1695160 539
1695170 539
1695180 540
1695190 540
1695200 541
1695210 541
1695220 541
1695230 542
1695240 542
1695250 542
1695260 542
1695270 542
1695280 542
1695290 542
1695300 542
1695310 542
1695320 542
1695330 541
1695340 541
1695350 541
1695360 541
1695370 541
1695380 541
1695390 540
1695400 540
1695410 540
1695420 540
1695430 540
1695440 540
1695450 540
1695460 540
1695470 540
1695480 540
1695490 540
1695500 540
1695510 540
1695520 540
1695530 540
1695540 539
1695550 539
1695560 539
1695570 539
1695580 539
1695590 539
1695600 539
1695610 539
1695620 538
1695630 538
1695640 538
1695650 538
1695660 538
1695670 538
1695680 538
1695690 538
1695700 538
1695710 538
1695720 538
1695730 538
1695740 538
1695750 538
1695760 538
1695770 538
1695780 538
1695790 537
1695800 537
1695810 537
1695820 537
1695830 537
1695840 538
1695850 538
1695860 538
1695870 538
1695880 538
1695890 538
1695900 538
1695910 538
1695920 538
1695930 537
1695940 537
1695950 537
1695960 537
1695970 537
1695980 537
1695990 537
1696000 537
1696010 537
1696020 537
1696030 537
1696040 536
1696050 536
1696060 536
1696070 536
1696080 536
1696090 536
1696100 535
1696110 535
1696120 535
1696130 535
1696140 535
1696150 534
1696160 534
1696170 533
1696180 533
1696190 532
1696200 532
1696210 531
1696220 530
1696230 529
1696240 529
1696250 528
1696260 527
1696270 526
1696280 525
1696290 525
1696300 524
1696310 524
1696320 523
1696330 522
1696340 522
1696350 521
1696360 520
1696370 519
1696380 519
1696390 518
1696400 517
1696410 517
1696420 517
1696430 516
1696440 515
1696450 515
1696460 514
1696470 514
1696480 515
1696490 515
1696500 515
1696510 515
1696520 516
1696530 516
1696540 516
1696550 516
1696560 515
1696570 515
1696580 515
1696590 516
1696600 516
1696610 515
1696620 515
1696630 515
1696640 515
1696650 515
1696660 515
1696670 513
1696680 510
1696690 507
1696700 504
1696710 504
1696720 504
1696730 504
1696740 504
1696750 504
1696760 505
1696770 506
1696780 507
1696790 509
1696800 511
1696810 511
1696820 510
1696830 509
1696840 507
1696850 505
1696860 503
1696870 501
1696880 499
1696890 499
1696900 498
1696910 498
1696920 498
1696930 498
1696940 498
1696950 498
1696960 497
1696970 497
1696980 497
1696990 497
1697000 498
1697010 498
1697020 498
1697030 498
1697040 498
1697050 498
1697060 497
1697070 497
1697080 497
1697090 497
1697100 496
1697110 496
1697120 496
1697130 495
1697140 495
1697150 495
1697160 495
1697170 496
1697180 496
1697190 496
1697200 496
1697210 496
1697220 496
1697230 496
1697240 496
1697250 496
1697260 496
1697270 496
1697280 496
1697290 496
1697300 496
1697310 496
1697320 495
1697330 496
1697340 497
1697350 499
1697360 502
1697370 504
1697380 505
1697390 506
1697400 508
1697410 510
1697420 512
1697430 514
1697440 516
1697450 517
1697460 518
1697470 520
1697480 521
1697490 522
1697500 523
1697510 525
1697520 526
1697530 527
1697540 529
1697550 530
1697560 531
1697570 531
1697580 532
1697590 532
1697600 533
1697610 533
1697620 533
1697630 533
1697640 533
1697650 533
1697660 533
1697670 533
1697680 533
1697690 532
1697700 532
1697710 532
1697720 531
1697730 531
1697740 531
1697750 530
1697760 529
1697770 529
1697780 528
1697790 527
1697800 526
1697810 525
1697820 524
1697830 523
1697840 521
1697850 520
1697860 517
1697870 515
1697880 512
1697890 514
1697900 516
1697910 517
1697920 519
1697930 522
1697940 525
1697950 528
1697960 531
1697970 533
1697980 534
1697990 534
1698000 535
1698010 535
1698020 535
1698030 536
1698040 536
1698050 535
1698060 535
1698070 535
1698080 535
1698090 535
1698100 535
1698110 535
1698120 535
1698130 535
1698140 535
1698150 534
1698160 534
1698170 534
1698180 534
1698190 534
1698200 534
1698210 534
1698220 534
1698230 534
1698240 534
1698250 534
1698260 533
1698270 533
1698280 533
1698290 533
1698300 533
1698310 533
1698320 533
1698330 532
1698340 532
1698350 532
1698360 532
1698370 532
1698380 532
1698390 532
1698400 532
1698410 532
1698420 532
1698430 532
1698440 532
1698450 533
1698460 533
1698470 533
1698480 533
1698490 533
1698500 533
1698510 533
1698520 533
1698530 534
1698540 534
1698550 534
1698560 534
1698570 534
1698580 534
1698590 535
1698600 535
1698610 535
1698620 535
1698630 535
1698640 535
1698650 535
1698660 535
1698670 535
1698680 535
1698690 535
1698700 535
1698710 535
1698720 535
1698730 535
1698740 535
1698750 534
1698760 534
1698770 534
1698780 533
1698790 533
1698800 532
1698810 532
1698820 531
1698830 531
1698840 530
1698850 529
1698860 529
1698870 528
1698880 527
1698890 527
1698900 526
1698910 526
1698920 525
1698930 524
1698940 523
1698950 522
1698960 522
1698970 521
1698980 521
1698990 521
1699000 522
1699010 523
1699020 525
1699030 528
1699040 530
1699050 533
1699060 534
1699070 534
1699080 535
1699090 535
1699100 535
1699110 536
1699120 536
1699130 536
1699140 536
1699150 536
1699160 536
1699170 536
1699180 536
1699190 536
1699200 536
1699210 536
1699220 535
1699230 535
1699240 535
1699250 534
1699260 534
1699270 534
1699280 534
1699290 533
1699300 533
1699310 533
1699320 532
1699330 532
1699340 532
1699350 531
1699360 531
1699370 531
1699380 530
1699390 530
1699400 529
1699410 529
1699420 528
1699430 528
1699440 527
1699450 527
1699460 527
1699470 526
1699480 526
1699490 526
1699500 525
1699510 525
1699520 525
1699530 524
1699540 524
1699550 524
1699560 524
1699570 523
1699580 523
1699590 523
1699600 522
1699610 522
1699620 522
1699630 521
1699640 521
1699650 521
1699660 520
1699670 520
1699680 519
1699690 519
1699700 519
1699710 519
1699720 518
1699730 518
1699740 518
1699750 518
1699760 517
1699770 517
1699780 517
1699790 516
1699800 516
1699810 515
1699820 515
1699830 514
1699840 514
1699850 513
1699860 513
1699870 513
1699880 512
1699890 512
1699900 511
1699910 510
1699920 510
1699930 509
1699940 509
1699950 508
1699960 507
1699970 505
1699980 506
1699990 506
