1680000 535
1680010 536
1680020 536
1680030 536
1680040 536
1680050 537
1680060 537
1680070 537
1680080 537
1680090 537
1680100 537
1680110 537
1680120 537
1680130 538
1680140 538
1680150 538
1680160 538
1680170 538
1680180 538
1680190 538
1680200 538
1680210 538
1680220 538
1680230 538
1680240 538
1680250 538
1680260 538
1680270 538
1680280 538
1680290 538
1680300 538
1680310 538
1680320 538
1680330 539
1680340 539
1680350 539
1680360 539
1680370 539
1680380 539
1680390 539
1680400 539
1680410 539
1680420 539
1680430 539
1680440 539
1680450 539
1680460 539
1680470 539
1680480 539
1680490 539
1680500 540
1680510 540
1680520 540
1680530 540
1680540 540
1680550 540
1680560 540
1680570 540
1680580 540
1680590 540
1680600 540
1680610 540
1680620 540
1680630 540
1680640 540
1680650 540
1680660 540
1680670 540
1680680 539
1680690 539
1680700 539
1680710 539
1680720 539
1680730 539
1680740 539
1680750 539
1680760 539
1680770 539
1680780 539
1680790 539
1680800 539
1680810 538
1680820 538
1680830 538
1680840 538
1680850 538
1680860 538
1680870 538
1680880 537
1680890 537
1680900 537
1680910 537
1680920 537
1680930 537
1680940 536
1680950 536
1680960 536
1680970 536
1680980 536
1680990 536
1681000 536
1681010 536
1681020 535
1681030 536
1681040 536
1681050 536
1681060 536
1681070 536
1681080 536
1681090 536
1681100 535
1681110 535
1681120 535
1681130 535
1681140 535
1681150 535
1681160 534
1681170 534
1681180 534
1681190 533
1681200 533
1681210 532
1681220 532
1681230 532
1681240 531
1681250 531
1681260 531
1681270 531
1681280 531
1681290 531
1681300 531
1681310 531
1681320 531
1681330 531
1681340 531
1681350 531
1681360 531
1681370 531
1681380 531
1681390 531
1681400 531
1681410 531
1681420 532
1681430 532
1681440 532
1681450 533
1681460 533
1681470 534
1681480 534
1681490 535
1681500 535
1681510 535
1681520 535
1681530 534
1681540 535
1681550 535
1681560 535
1681570 535
1681580 535
1681590 535
1681600 535
1681610 535
1681620 535
1681630 536
1681640 536
1681650 536
1681660 536
1681670 537
1681680 537
1681690 537
1681700 538
1681710 538
1681720 538
1681730 539
1681740 539
1681750 539
1681760 539
1681770 539
1681780 539
1681790 540
1681800 540
1681810 540
1681820 540
1681830 540
1681840 541
1681850 541
1681860 541
1681870 541
1681880 541
1681890 541
1681900 542
1681910 542
1681920 542
1681930 542
1681940 542
1681950 543
1681960 543
1681970 543
1681980 543
1681990 543
1682000 544
1682010 544
1682020 544
1682030 544
1682040 545
1682050 545
1682060 545
1682070 545
1682080 545
1682090 545
1682100 546
1682110 546
1682120 546
1682130 546
1682140 546
1682150 546
1682160 547
1682170 547
1682180 547
1682190 547
1682200 547
1682210 547
1682220 547
1682230 547
1682240 547
1682250 547
1682260 547
1682270 547
1682280 547
1682290 547
1682300 547
1682310 547
1682320 547
1682330 547
1682340 547
1682350 547
1682360 546
1682370 546
1682380 546
1682390 546
1682400 546
1682410 546
1682420 546
1682430 546
1682440 546
1682450 546
1682460 546
1682470 546
1682480 546
1682490 546
1682500 545
1682510 545
1682520 545
1682530 545
1682540 545
1682550 545
1682560 545
1682570 545
1682580 545
1682590 545
1682600 545
1682610 545
1682620 545
1682630 545
1682640 544
1682650 544
1682660 544
1682670 544
1682680 544
1682690 544
1682700 544
1682710 544
1682720 544
1682730 544
1682740 544
1682750 544
1682760 544
1682770 544
1682780 544
1682790 544
1682800 543
1682810 543
1682820 543
1682830 543
1682840 543
1682850 543
1682860 543
1682870 543
1682880 543
1682890 543
1682900 543
1682910 543
1682920 543
1682930 543
1682940 543
1682950 542
1682960 542
1682970 542
1682980 542
1682990 542
1683000 542
1683010 542
1683020 542
1683030 542
1683040 542
1683050 542
1683060 542
1683070 542
1683080 542
1683090 541
1683100 541
1683110 541
1683120 541
1683130 541
1683140 541
1683150 541
1683160 541
1683170 541
1683180 540
1683190 541
1683200 541
1683210 541
1683220 541
1683230 541
1683240 542
1683250 542
1683260 543
1683270 543
1683280 544
1683290 544
1683300 544
1683310 544
1683320 544
1683330 544
1683340 544
1683350 544
1683360 544
1683370 544
1683380 543
1683390 543
1683400 543
1683410 543
1683420 543
1683430 543
1683440 543
1683450 542
1683460 542
1683470 542
1683480 542
1683490 542
1683500 542
1683510 542
1683520 542
1683530 542
1683540 542
1683550 542
1683560 542
1683570 542
1683580 542
1683590 542
1683600 542
1683610 542
1683620 542
1683630 542
1683640 542
1683650 542
1683660 542
1683670 542
1683680 542
1683690 542
1683700 542
1683710 542
1683720 542
1683730 542
1683740 542
1683750 542
1683760 542
1683770 542
1683780 542
1683790 542
1683800 542
1683810 543
1683820 543
1683830 543
1683840 543
1683850 543
1683860 543
1683870 543
1683880 543
1683890 543
1683900 543
1683910 543
1683920 543
1683930 543
1683940 544
1683950 544
1683960 544
1683970 545
1683980 545
1683990 546
1684000 545
1684010 544
1684020 544
1684030 544
1684040 544
1684050 544
1684060 544
1684070 543
1684080 543
1684090 543
1684100 544
1684110 544
1684120 544
1684130 543
1684140 543
1684150 543
1684160 543
1684170 543
1684180 543
1684190 543
1684200 543
1684210 543
1684220 543
1684230 543
1684240 543
1684250 543
1684260 543
1684270 543
1684280 543
1684290 543
1684300 543
1684310 542
1684320 542
1684330 542
1684340 542
1684350 542
1684360 542
1684370 542
1684380 542
1684390 542
1684400 542
1684410 542
1684420 542
1684430 542
1684440 542
1684450 542
1684460 542
1684470 542
1684480 542
1684490 542
1684500 542
1684510 541
1684520 541
1684530 541
1684540 541
1684550 541
1684560 541
1684570 541
1684580 540
1684590 540
1684600 540
1684610 540
1684620 540
1684630 540
1684640 540
1684650 540
1684660 540
1684670 540
1684680 540
1684690 539
1684700 539
1684710 539
1684720 540
1684730 540
1684740 540
1684750 540
1684760 540
1684770 540
1684780 540
1684790 540
1684800 540
1684810 540
1684820 540
1684830 540
1684840 540
1684850 540
1684860 541
1684870 541
1684880 541
1684890 541
1684900 541
1684910 541
1684920 541
1684930 541
1684940 541
1684950 541
1684960 541
1684970 541
1684980 541
1684990 540
1685000 540
1685010 540
1685020 540
1685030 540
1685040 540
1685050 540
1685060 539
1685070 539
1685080 539
1685090 539
1685100 538
1685110 538
1685120 538
1685130 538
1685140 538
1685150 538
1685160 537
1685170 537
1685180 537
1685190 537
1685200 537
1685210 537
1685220 537
1685230 537
1685240 537
1685250 537
1685260 537
1685270 537
1685280 537
1685290 537
1685300 537
1685310 537
1685320 537
1685330 537
1685340 537
1685350 537
1685360 537
1685370 537
1685380 537
1685390 537
1685400 537
1685410 537
1685420 537
1685430 537
1685440 536
1685450 536
1685460 536
1685470 536
1685480 536
1685490 536
1685500 536
1685510 536
1685520 536
1685530 536
1685540 535
1685550 535
1685560 535
1685570 535
1685580 535
1685590 534
1685600 534
1685610 534
1685620 534
1685630 534
1685640 534
1685650 534
1685660 534
1685670 534
1685680 534
1685690 534
1685700 534
1685710 534
1685720 534
1685730 534
1685740 534
1685750 535
1685760 535
1685770 535
1685780 535
1685790 535
1685800 535
1685810 535
1685820 535
1685830 535
1685840 535
1685850 535
1685860 535
1685870 535
1685880 535
1685890 535
1685900 535
1685910 535
1685920 535
1685930 535
1685940 535
1685950 535
1685960 534
1685970 534
1685980 534
1685990 534
1686000 533
1686010 533
1686020 533
1686030 533
1686040 533
1686050 533
1686060 533
1686070 533
1686080 532
1686090 532
1686100 532
1686110 532
1686120 532
1686130 532
1686140 532
1686150 532
1686160 532
1686170 532
1686180 532
1686190 532
1686200 532
1686210 532
1686220 532
1686230 533
1686240 533
1686250 533
1686260 533
1686270 533
1686280 534
1686290 534
1686300 534
1686310 534
1686320 534
1686330 535
1686340 535
1686350 535
1686360 535
1686370 535
1686380 536
1686390 536
1686400 536
1686410 536
1686420 536
1686430 536
1686440 536
1686450 536
1686460 536
1686470 536
1686480 536
1686490 536
1686500 536
1686510 536
1686520 536
1686530 536
1686540 536
1686550 536
1686560 536
1686570 536
1686580 536
1686590 536
1686600 536
1686610 536
1686620 536
1686630 536
1686640 536
1686650 536
1686660 536
1686670 536
1686680 536
1686690 536
1686700 536
1686710 536
1686720 536
1686730 536
1686740 536
1686750 536
1686760 536
1686770 536
1686780 536
1686790 535
1686800 535
1686810 535
1686820 535
1686830 535
1686840 535
1686850 535
1686860 535
1686870 535
1686880 535
1686890 535
1686900 535
1686910 536
1686920 536
1686930 536
1686940 536
1686950 536
1686960 536
1686970 536
1686980 536
1686990 536
1687000 536
1687010 536
1687020 536
1687030 536
1687040 536
1687050 536
1687060 536
1687070 536
1687080 536
1687090 536
1687100 536
1687110 536
1687120 536
1687130 537
1687140 537
1687150 537
1687160 537
1687170 537
1687180 537
1687190 537
1687200 537
1687210 537
1687220 537
1687230 537
1687240 538
1687250 538
1687260 538
1687270 538
1687280 538
1687290 538
1687300 538
1687310 539
1687320 539
1687330 539
1687340 539
1687350 539
1687360 539
1687370 539
1687380 539
1687390 539
1687400 539
1687410 539
1687420 539
1687430 539
1687440 539
1687450 539
1687460 539
1687470 539
1687480 539
1687490 539
1687500 540
1687510 540
1687520 540
1687530 540
1687540 540
1687550 540
1687560 540
1687570 540
1687580 540
1687590 540
1687600 540
1687610 540
1687620 540
1687630 540
1687640 540
1687650 540
1687660 540
1687670 540
1687680 540
1687690 540
1687700 540
1687710 541
1687720 541
1687730 541
1687740 541
1687750 541
1687760 541
1687770 541
1687780 541
1687790 541
1687800 541
1687810 541
1687820 541
1687830 541
1687840 541
1687850 541
1687860 541
1687870 541
1687880 541
1687890 541
1687900 541
1687910 541
1687920 541
1687930 541
1687940 541
1687950 541
1687960 542
1687970 542
1687980 542
1687990 542
1688000 542
1688010 542
1688020 542
1688030 542
1688040 542
1688050 542
1688060 542
1688070 542
1688080 542
1688090 542
1688100 542
1688110 542
1688120 542
1688130 542
1688140 542
1688150 542
1688160 542
1688170 542
1688180 541
1688190 541
1688200 541
1688210 541
1688220 541
1688230 541
1688240 541
1688250 541
1688260 541
1688270 541
1688280 541
1688290 541
1688300 541
1688310 541
1688320 541
1688330 541
1688340 541
1688350 541
1688360 541
1688370 541
1688380 541
1688390 541
1688400 541
1688410 541
1688420 540
1688430 540
1688440 540
1688450 540
1688460 539
1688470 539
1688480 539
1688490 539
1688500 539
1688510 539
1688520 539
1688530 538
1688540 538
1688550 538
1688560 538
1688570 538
1688580 538
1688590 538
1688600 538
1688610 538
1688620 537
1688630 537
1688640 537
1688650 537
1688660 537
1688670 537
1688680 537
1688690 537
1688700 537
1688710 537
1688720 537
1688730 536
1688740 536
1688750 536
1688760 536
1688770 536
1688780 536
1688790 536
1688800 536
1688810 536
1688820 536
1688830 536
1688840 536
1688850 536
1688860 536
1688870 537
1688880 537
1688890 537
1688900 536
1688910 536
1688920 536
1688930 535
1688940 535
1688950 535
1688960 534
1688970 534
1688980 534
1688990 534
1689000 533
1689010 533
1689020 533
1689030 533
1689040 532
1689050 532
1689060 532
1689070 532
1689080 531
1689090 531
1689100 531
1689110 531
1689120 530
1689130 530
1689140 530
1689150 530
1689160 530
1689170 529
1689180 529
1689190 529
1689200 528
1689210 528
1689220 528
1689230 528
1689240 528
1689250 528
1689260 528
1689270 529
1689280 529
1689290 530
1689300 530
1689310 531
1689320 531
1689330 532
1689340 532
1689350 532
1689360 533
1689370 533
1689380 533
1689390 534
1689400 534
1689410 534
1689420 535
1689430 535
1689440 535
1689450 535
1689460 536
1689470 536
1689480 536
1689490 536
1689500 537
1689510 537
1689520 537
1689530 537
1689540 538
1689550 538
1689560 538
1689570 538
1689580 538
1689590 539
1689600 539
1689610 539
1689620 539
1689630 539
1689640 540
1689650 540
1689660 540
1689670 540
1689680 541
1689690 541
1689700 541
1689710 541
1689720 541
1689730 542
1689740 542
1689750 542
1689760 542
1689770 542
1689780 543
1689790 543
1689800 543
1689810 543
1689820 543
1689830 543
1689840 543
1689850 543
1689860 543
1689870 543
1689880 543
1689890 543
1689900 543
1689910 543
1689920 543
1689930 543
1689940 543
1689950 543
1689960 543
1689970 544
1689980 544
1689990 544
1690000 544
1690010 544
1690020 544
1690030 544
1690040 544
1690050 544
1690060 544
1690070 545
1690080 545
1690090 545
1690100 545
1690110 545
1690120 545
1690130 545
1690140 545
1690150 545
1690160 545
1690170 545
1690180 545
1690190 545
1690200 545
1690210 545
1690220 545
1690230 545
1690240 544
1690250 544
1690260 544
1690270 544
1690280 544
1690290 544
1690300 544
1690310 544
1690320 544
1690330 544
1690340 544
1690350 544
1690360 544
1690370 544
1690380 544
1690390 544
1690400 544
1690410 544
1690420 544
1690430 544
1690440 544
1690450 544
1690460 544
1690470 544
1690480 544
1690490 544
1690500 544
1690510 544
1690520 544
1690530 545
1690540 545
1690550 545
1690560 545
1690570 545
1690580 545
1690590 545
1690600 545
1690610 545
1690620 545
1690630 545
1690640 545
1690650 545
1690660 545
1690670 545
1690680 545
1690690 545
1690700 545
1690710 545
1690720 545
1690730 545
1690740 545
1690750 545
1690760 545
1690770 545
1690780 545
1690790 545
1690800 545
1690810 545
1690820 545
1690830 545
1690840 545
1690850 545
1690860 544
1690870 544
1690880 544
1690890 544
1690900 544
1690910 544
1690920 544
1690930 544
1690940 544
1690950 544
1690960 544
1690970 543
1690980 543
1690990 543
1691000 543
1691010 543
1691020 543
1691030 542
1691040 542
1691050 542
1691060 541
1691070 541
1691080 541
1691090 541
1691100 540
1691110 540
1691120 540
1691130 540
1691140 539
1691150 539
1691160 539
1691170 539
1691180 538
1691190 538
1691200 538
1691210 537
1691220 537
1691230 537
1691240 536
1691250 536
1691260 536
1691270 535
1691280 535
1691290 535
1691300 534
1691310 534
1691320 534
1691330 533
1691340 533
1691350 533
1691360 532
1691370 532
1691380 532
1691390 531
1691400 531
1691410 531
1691420 530
1691430 529
1691440 529
1691450 528
1691460 528
1691470 527
1691480 527
1691490 526
1691500 526
1691510 526
1691520 526
1691530 526
1691540 526
1691550 526
1691560 525
1691570 525
1691580 525
1691590 525
1691600 525
1691610 525
1691620 526
1691630 526
1691640 526
1691650 527
1691660 527
1691670 527
1691680 527
1691690 527
1691700 527
1691710 527
1691720 527
1691730 527
1691740 527
1691750 527
1691760 528
1691770 528
1691780 528
1691790 529
1691800 530
1691810 530
1691820 531
1691830 532
1691840 534
1691850 535
1691860 538
1691870 540
1691880 542
1691890 543
1691900 545
1691910 546
1691920 547
1691930 548
1691940 549
1691950 549
1691960 549
1691970 549
1691980 549
1691990 548
1692000 548
1692010 547
1692020 547
1692030 547
1692040 546
1692050 546
1692060 545
1692070 545
1692080 545
1692090 545
1692100 545
1692110 545
1692120 544
1692130 544
1692140 544
1692150 544
1692160 544
1692170 544
1692180 543
1692190 543
1692200 543
1692210 543
1692220 543
1692230 542
1692240 543
1692250 542
1692260 542
1692270 542
1692280 543
1692290 543
1692300 543
1692310 543
1692320 543
1692330 544
1692340 544
1692350 544
1692360 544
1692370 544
1692380 544
1692390 544
1692400 544
1692410 544
1692420 544
1692430 545
1692440 545
1692450 545
1692460 545
1692470 545
1692480 544
1692490 544
1692500 544
1692510 544
1692520 543
1692530 543
1692540 543
1692550 543
1692560 543
1692570 543
1692580 543
1692590 543
1692600 543
1692610 543
1692620 543
1692630 543
1692640 543
1692650 543
1692660 543
1692670 544
1692680 544
1692690 544
1692700 544
1692710 545
1692720 545
1692730 545
1692740 546
1692750 546
1692760 546
1692770 547
1692780 548
1692790 549
1692800 550
1692810 550
1692820 550
1692830 551
1692840 551
1692850 551
1692860 552
1692870 552
1692880 552
1692890 552
1692900 552
1692910 552
1692920 553
1692930 553
1692940 553
1692950 552
1692960 552
1692970 552
1692980 552
1692990 552
1693000 552
1693010 552
1693020 552
1693030 551
1693040 551
1693050 551
1693060 551
1693070 551
1693080 551
1693090 551
1693100 551
1693110 551
1693120 551
1693130 551
1693140 552
1693150 552
1693160 552
1693170 552
1693180 552
1693190 552
1693200 552
1693210 552
1693220 552
1693230 552
1693240 553
1693250 553
1693260 553
1693270 554
1693280 554
1693290 554
1693300 555
1693310 555
1693320 556
1693330 556
1693340 557
1693350 557
1693360 557
1693370 558
1693380 558
1693390 558
1693400 559
1693410 560
1693420 560
1693430 561
1693440 561
1693450 562
1693460 563
1693470 563
1693480 564
1693490 564
1693500 564
1693510 564
1693520 564
1693530 563
1693540 563
1693550 563
1693560 563
1693570 563
1693580 563
1693590 562
1693600 562
1693610 562
1693620 562
1693630 562
1693640 562
1693650 562
1693660 562
1693670 561
1693680 561
1693690 561
1693700 561
1693710 561
1693720 561
1693730 561
1693740 561
1693750 561
1693760 561
1693770 561
1693780 561
1693790 561
1693800 561
1693810 561
1693820 562
1693830 562
1693840 562
1693850 562
1693860 562
1693870 562
1693880 562
1693890 562
1693900 562
1693910 562
1693920 562
1693930 562
1693940 563
1693950 563
1693960 563
1693970 563
1693980 563
1693990 563
1694000 564
1694010 564
1694020 564
1694030 564
1694040 564
1694050 564
1694060 564
1694070 564
1694080 564
1694090 564
1694100 564
1694110 564
1694120 565
1694130 565
1694140 565
1694150 565
1694160 565
1694170 565
1694180 565
1694190 565
1694200 565
1694210 565
1694220 565
1694230 565
1694240 565
1694250 565
1694260 565
1694270 566
1694280 566
1694290 566
1694300 566
1694310 566
1694320 565
1694330 565
1694340 565
1694350 565
1694360 565
1694370 565
1694380 565
1694390 564
1694400 564
1694410 564
1694420 564
1694430 563
1694440 563
1694450 563
1694460 563
1694470 562
1694480 562
1694490 562
1694500 562
1694510 562
1694520 562
1694530 562
1694540 562
1694550 561
1694560 561
1694570 561
1694580 561
1694590 561
1694600 561
1694610 561
1694620 561
1694630 561
1694640 561
1694650 561
1694660 561
1694670 561
1694680 560
1694690 560
1694700 560
1694710 560
1694720 560
1694730 560
1694740 560
1694750 560
1694760 560
1694770 560
1694780 560
1694790 559
1694800 559
1694810 559
1694820 559
1694830 559
1694840 559
1694850 559
1694860 558
1694870 558
1694880 558
1694890 558
1694900 557
1694910 557
1694920 557
1694930 556
1694940 556
1694950 556
1694960 556
1694970 555
1694980 555
1694990 555
1695000 555
1695010 555
1695020 554
1695030 554
1695040 554
1695050 554
1695060 554
1695070 554
1695080 554
1695090 554
1695100 554
1695110 553
1695120 553
1695130 553
1695140 553
1695150 553
1695160 553
1695170 552
1695180 552
1695190 552
1695200 552
1695210 552
1695220 552
1695230 552
1695240 552
1695250 552
1695260 552
1695270 552
1695280 552
1695290 552
1695300 552
1695310 552
1695320 551
1695330 551
1695340 551
1695350 551
1695360 551
1695370 551
1695380 551
1695390 551
1695400 551
1695410 551
1695420 551
1695430 551
1695440 551
1695450 551
1695460 551
1695470 551
1695480 551
1695490 551
1695500 551
1695510 552
1695520 552
1695530 552
1695540 552
1695550 552
1695560 552
1695570 552
1695580 553
1695590 553
1695600 553
1695610 553
1695620 553
1695630 553
1695640 553
1695650 553
1695660 553
1695670 554
1695680 554
1695690 554
1695700 554
1695710 554
1695720 554
1695730 554
1695740 555
1695750 555
1695760 555
1695770 555
1695780 555
1695790 555
1695800 555
1695810 556
1695820 556
1695830 556
1695840 556
1695850 555
1695860 555
1695870 555
1695880 555
1695890 555
1695900 555
1695910 555
1695920 555
1695930 555
1695940 555
1695950 555
1695960 554
1695970 554
1695980 554
1695990 554
1696000 554
1696010 554
1696020 554
1696030 554
1696040 554
1696050 554
1696060 554
1696070 553
1696080 553
1696090 553
1696100 553
1696110 553
1696120 553
1696130 553
1696140 553
1696150 553
1696160 553
1696170 552
1696180 552
1696190 552
1696200 552
1696210 552
1696220 552
1696230 551
1696240 551
1696250 551
1696260 551
1696270 551
1696280 550
1696290 550
1696300 550
1696310 550
1696320 549
1696330 549
1696340 549
1696350 549
1696360 549
1696370 548
1696380 548
1696390 548
1696400 547
1696410 547
1696420 547
1696430 547
1696440 547
1696450 546
1696460 546
1696470 546
1696480 545
1696490 545
1696500 544
1696510 544
1696520 544
1696530 543
1696540 543
1696550 543
1696560 542
1696570 542
1696580 541
1696590 541
1696600 541
1696610 541
1696620 540
1696630 540
1696640 539
1696650 539
1696660 538
1696670 538
1696680 538
1696690 538
1696700 538
1696710 537
1696720 537
1696730 537
1696740 537
1696750 537
1696760 537
1696770 537
1696780 537
1696790 537
1696800 537
1696810 537
1696820 537
1696830 537
1696840 537
1696850 537
1696860 537
1696870 537
1696880 537
1696890 537
1696900 538
1696910 538
1696920 538
1696930 538
1696940 538
1696950 538
1696960 538
1696970 538
1696980 538
1696990 538
1697000 538
1697010 539
1697020 539
1697030 539
1697040 539
1697050 539
1697060 539
1697070 539
1697080 538
1697090 538
1697100 538
1697110 537
1697120 537
1697130 536
1697140 535
1697150 535
1697160 534
1697170 533
1697180 533
1697190 532
1697200 532
1697210 532
1697220 531
1697230 530
1697240 530
1697250 530
1697260 529
1697270 529
1697280 529
1697290 529
1697300 529
1697310 529
1697320 528
1697330 528
1697340 528
1697350 528
1697360 528
1697370 528
1697380 528
1697390 528
1697400 529
1697410 529
1697420 529
1697430 530
1697440 530
1697450 530
1697460 531
1697470 531
1697480 532
1697490 533
1697500 534
1697510 535
1697520 536
1697530 537
1697540 538
1697550 538
1697560 539
1697570 539
1697580 539
1697590 539
1697600 540
1697610 540
1697620 540
1697630 540
1697640 540
1697650 540
1697660 540
1697670 540
1697680 540
1697690 540
1697700 540
1697710 539
1697720 539
1697730 539
1697740 539
1697750 539
1697760 539
1697770 539
1697780 539
1697790 540
1697800 540
1697810 540
1697820 540
1697830 541
1697840 541
1697850 541
1697860 542
1697870 542
1697880 542
1697890 542
1697900 542
1697910 543
1697920 543
1697930 543
1697940 543
1697950 543
1697960 544
1697970 544
1697980 544
1697990 544
1698000 544
1698010 544
1698020 544
1698030 544
1698040 544
1698050 544
1698060 545
1698070 545
1698080 545
1698090 545
1698100 545
1698110 545
1698120 545
1698130 545
1698140 545
1698150 545
1698160 545
1698170 545
1698180 545
1698190 545
1698200 545
1698210 545
1698220 545
1698230 545
1698240 545
1698250 545
1698260 545
1698270 545
1698280 544
1698290 544
1698300 544
1698310 544
1698320 544
1698330 543
1698340 543
1698350 543
1698360 543
1698370 543
1698380 543
1698390 543
1698400 543
1698410 543
1698420 543
1698430 543
1698440 543
1698450 543
1698460 544
1698470 544
1698480 544
1698490 544
1698500 544
1698510 544
1698520 544
1698530 544
1698540 544
1698550 543
1698560 543
1698570 543
1698580 542
1698590 542
1698600 542
1698610 541
1698620 541
1698630 541
1698640 540
1698650 540
1698660 540
1698670 539
1698680 539
1698690 539
1698700 538
1698710 538
1698720 538
1698730 537
1698740 537
1698750 537
1698760 536
1698770 536
1698780 536
1698790 535
1698800 535
1698810 535
1698820 535
1698830 535
1698840 534
1698850 534
1698860 534
1698870 534
1698880 533
1698890 533
1698900 533
1698910 533
1698920 532
1698930 532
1698940 532
1698950 532
1698960 531
1698970 531
1698980 531
1698990 531
1699000 530
1699010 530
1699020 530
1699030 530
1699040 529
1699050 529
1699060 529
1699070 529
1699080 528
1699090 528
1699100 528
1699110 528
1699120 527
1699130 527
1699140 527
1699150 527
1699160 526
1699170 526
1699180 526
1699190 526
1699200 525
1699210 525
1699220 524
1699230 524
1699240 524
1699250 523
1699260 523
1699270 522
1699280 522
1699290 522
1699300 521
1699310 521
1699320 520
1699330 520
1699340 519
1699350 519
1699360 518
1699370 518
1699380 517
1699390 517
1699400 517
1699410 516
1699420 516
1699430 516
1699440 516
1699450 515
1699460 515
1699470 515
1699480 514
1699490 514
1699500 514
1699510 513
1699520 513
1699530 513
1699540 512
1699550 512
1699560 512
1699570 511
1699580 511
1699590 511
1699600 510
1699610 510
1699620 510
1699630 510
1699640 509
1699650 509
1699660 509
1699670 509
1699680 508
1699690 508
1699700 508
1699710 507
1699720 507
1699730 506
1699740 506
1699750 506
1699760 507
1699770 507
1699780 507
1699790 507
1699800 508
1699810 508
1699820 508
1699830 509
1699840 509
1699850 510
1699860 510
1699870 511
1699880 511
1699890 511
1699900 512
1699910 512
1699920 512
1699930 513
1699940 513
1699950 513
1699960 513
1699970 513
1699980 513
1699990 513
