1680000 552
1680010 552
1680020 552
1680030 552
1680040 551
1680050 551
1680060 551
1680070 551
1680080 550
1680090 550
1680100 550
1680110 550
1680120 549
1680130 549
1680140 549
1680150 548
1680160 548
1680170 548
1680180 547
1680190 547
1680200 546
1680210 545
1680220 544
1680230 544
1680240 543
1680250 543
1680260 542
1680270 542
1680280 542
1680290 542
1680300 542
1680310 542
1680320 542
1680330 542
1680340 541
1680350 541
1680360 541
1680370 540
1680380 540
1680390 540
1680400 539
1680410 539
1680420 539
1680430 539
1680440 539
1680450 539
1680460 539
1680470 539
1680480 539
1680490 539
1680500 539
1680510 539
1680520 538
1680530 538
1680540 538
1680550 538
1680560 538
1680570 538
1680580 538
1680590 538
1680600 538
1680610 538
1680620 537
1680630 537
1680640 537
1680650 537
1680660 537
1680670 537
1680680 537
1680690 537
1680700 537
1680710 537
1680720 537
1680730 537
1680740 537
1680750 537
1680760 537
1680770 537
1680780 537
1680790 537
1680800 537
1680810 538
1680820 538
1680830 538
1680840 538
1680850 537
1680860 537
1680870 537
1680880 537
1680890 537
1680900 537
1680910 537
1680920 537
1680930 537
1680940 537
1680950 537
1680960 537
1680970 537
1680980 537
1680990 537
1681000 537
1681010 537
1681020 537
1681030 537
1681040 538
1681050 538
1681060 538
1681070 538
1681080 538
1681090 538
1681100 538
1681110 537
1681120 538
1681130 538
1681140 538
1681150 538
1681160 538
1681170 538
1681180 538
1681190 539
1681200 539
1681210 539
1681220 539
1681230 539
1681240 540
1681250 540
1681260 540
1681270 541
1681280 541
1681290 541
1681300 542
1681310 542
1681320 542
1681330 542
1681340 542
1681350 543
1681360 543
1681370 543
1681380 543
1681390 543
1681400 544
1681410 544
1681420 544
1681430 544
1681440 544
1681450 544
1681460 544
1681470 545
1681480 544
1681490 544
1681500 545
1681510 545
1681520 545
1681530 545
1681540 545
1681550 545
1681560 545
1681570 545
1681580 545
1681590 545
1681600 545
1681610 545
1681620 545
1681630 546
1681640 546
1681650 546
1681660 546
1681670 546
1681680 546
1681690 546
1681700 546
1681710 547
1681720 547
1681730 547
1681740 547
1681750 548
1681760 548
1681770 548
1681780 548
1681790 548
1681800 548
1681810 548
1681820 548
1681830 548
1681840 548
1681850 548
1681860 548
1681870 548
1681880 548
1681890 548
1681900 548
1681910 548
1681920 548
1681930 548
1681940 548
1681950 548
1681960 548
1681970 548
1681980 548
1681990 548
1682000 548
1682010 548
1682020 548
1682030 548
1682040 548
1682050 548
1682060 548
1682070 548
1682080 548
1682090 548
1682100 548
1682110 548
1682120 548
1682130 548
1682140 548
1682150 548
1682160 548
1682170 548
1682180 548
1682190 548
1682200 548
1682210 548
1682220 548
1682230 548
1682240 548
1682250 548
1682260 548
1682270 548
1682280 548
1682290 548
1682300 548
1682310 548
1682320 548
1682330 548
1682340 548
1682350 548
1682360 548
1682370 548
1682380 548
1682390 548
1682400 548
1682410 548
1682420 548
1682430 548
1682440 548
1682450 548
1682460 548
1682470 548
1682480 548
1682490 548
1682500 548
1682510 548
1682520 548
1682530 548
1682540 548
1682550 548
1682560 548
1682570 548
1682580 548
1682590 548
1682600 548
1682610 548
1682620 548
1682630 548
1682640 548
1682650 548
1682660 548
1682670 548
1682680 548
1682690 548
1682700 548
1682710 548
1682720 548
1682730 547
1682740 548
1682750 547
1682760 547
1682770 547
1682780 547
1682790 547
1682800 547
1682810 547
1682820 547
1682830 547
1682840 547
1682850 547
1682860 547
1682870 547
1682880 547
1682890 547
1682900 547
1682910 547
1682920 547
1682930 547
1682940 547
1682950 547
1682960 547
1682970 547
1682980 547
1682990 547
1683000 547
1683010 547
1683020 547
1683030 547
1683040 547
1683050 547
1683060 547
1683070 547
1683080 547
1683090 547
1683100 547
1683110 547
1683120 547
1683130 547
1683140 547
1683150 547
1683160 547
1683170 547
1683180 547
1683190 547
1683200 547
1683210 547
1683220 547
1683230 547
1683240 547
1683250 547
1683260 547
1683270 547
1683280 547
1683290 547
1683300 547
1683310 547
1683320 548
1683330 548
1683340 548
1683350 548
1683360 548
1683370 548
1683380 548
1683390 548
1683400 548
1683410 549
1683420 549
1683430 549
1683440 549
1683450 549
1683460 549
1683470 549
1683480 549
1683490 549
1683500 549
1683510 550
1683520 550
1683530 550
1683540 550
1683550 551
1683560 551
1683570 551
1683580 552
1683590 552
1683600 552
1683610 552
1683620 553
1683630 553
1683640 554
1683650 554
1683660 554
1683670 555
1683680 555
1683690 556
1683700 556
1683710 556
1683720 557
1683730 557
1683740 558
1683750 558
1683760 559
1683770 559
1683780 560
1683790 560
1683800 559
1683810 559
1683820 559
1683830 559
1683840 559
1683850 559
1683860 559
1683870 559
1683880 558
1683890 558
1683900 558
1683910 557
1683920 557
1683930 556
1683940 556
1683950 556
1683960 555
1683970 555
1683980 554
1683990 554
1684000 553
1684010 553
1684020 553
1684030 552
1684040 552
1684050 552
1684060 552
1684070 552
1684080 551
1684090 551
1684100 551
1684110 551
1684120 551
1684130 551
1684140 551
1684150 550
1684160 550
1684170 550
1684180 550
1684190 550
1684200 550
1684210 550
1684220 550
1684230 550
1684240 549
1684250 549
1684260 549
1684270 549
1684280 549
1684290 549
1684300 549
1684310 549
1684320 549
1684330 549
1684340 549
1684350 549
1684360 549
1684370 549
1684380 548
1684390 548
1684400 548
1684410 548
1684420 548
1684430 548
1684440 548
1684450 548
1684460 548
1684470 548
1684480 547
1684490 547
1684500 547
1684510 547
1684520 547
1684530 547
1684540 547
1684550 547
1684560 547
1684570 547
1684580 547
1684590 547
1684600 547
1684610 547
1684620 546
1684630 546
1684640 546
1684650 546
1684660 546
1684670 546
1684680 546
1684690 546
1684700 546
1684710 546
1684720 546
1684730 546
1684740 546
1684750 546
1684760 546
1684770 546
1684780 546
1684790 546
1684800 546
1684810 546
1684820 546
1684830 546
1684840 546
1684850 546
1684860 546
1684870 546
1684880 546
1684890 546
1684900 546
1684910 546
1684920 546
1684930 546
1684940 546
1684950 546
1684960 546
1684970 546
1684980 546
1684990 546
1685000 546
1685010 546
1685020 546
1685030 546
1685040 546
1685050 546
1685060 546
1685070 546
1685080 546
1685090 546
1685100 546
1685110 546
1685120 546
1685130 546
1685140 546
1685150 546
1685160 546
1685170 546
1685180 546
1685190 546
1685200 546
1685210 546
1685220 546
1685230 546
1685240 546
1685250 546
1685260 546
1685270 546
1685280 546
1685290 546
1685300 546
1685310 546
1685320 546
1685330 546
1685340 546
1685350 546
1685360 546
1685370 546
1685380 546
1685390 546
1685400 546
1685410 546
1685420 546
1685430 546
1685440 546
1685450 546
1685460 546
1685470 546
1685480 546
1685490 546
1685500 546
1685510 546
1685520 546
1685530 546
1685540 546
1685550 546
1685560 546
1685570 546
1685580 546
1685590 546
1685600 546
1685610 546
1685620 546
1685630 546
1685640 546
1685650 546
1685660 546
1685670 546
1685680 546
1685690 546
1685700 546
1685710 546
1685720 546
1685730 546
1685740 546
1685750 546
1685760 546
1685770 546
1685780 546
1685790 546
1685800 546
1685810 546
1685820 546
1685830 546
1685840 546
1685850 546
1685860 546
1685870 546
1685880 546
1685890 546
1685900 546
1685910 546
1685920 546
1685930 546
1685940 546
1685950 546
1685960 546
1685970 546
1685980 546
1685990 546
1686000 546
1686010 546
1686020 546
1686030 547
1686040 547
1686050 547
1686060 547
1686070 547
1686080 547
1686090 547
1686100 547
1686110 547
1686120 547
1686130 547
1686140 547
1686150 547
1686160 547
1686170 548
1686180 548
1686190 548
1686200 548
1686210 548
1686220 548
1686230 548
1686240 548
1686250 548
1686260 548
1686270 548
1686280 548
1686290 549
1686300 549
1686310 549
1686320 549
1686330 549
1686340 549
1686350 549
1686360 549
1686370 550
1686380 550
1686390 550
1686400 550
1686410 550
1686420 550
1686430 550
1686440 550
1686450 550
1686460 550
1686470 551
1686480 551
1686490 551
1686500 551
1686510 551
1686520 551
1686530 551
1686540 551
1686550 552
1686560 552
1686570 552
1686580 553
1686590 553
1686600 553
1686610 554
1686620 554
1686630 555
1686640 555
1686650 555
1686660 556
1686670 556
1686680 556
1686690 557
1686700 557
1686710 557
1686720 558
1686730 558
1686740 559
1686750 559
1686760 559
1686770 559
1686780 559
1686790 559
1686800 559
1686810 559
1686820 559
1686830 560
1686840 560
1686850 560
1686860 560
1686870 560
1686880 560
1686890 560
1686900 560
1686910 560
1686920 560
1686930 560
1686940 560
1686950 561
1686960 561
1686970 561
1686980 561
1686990 561
1687000 561
1687010 561
1687020 561
1687030 561
1687040 561
1687050 561
1687060 561
1687070 561
1687080 561
1687090 561
1687100 561
1687110 561
1687120 561
1687130 561
1687140 562
1687150 562
1687160 562
1687170 562
1687180 562
1687190 562
1687200 562
1687210 562
1687220 562
1687230 562
1687240 562
1687250 562
1687260 563
1687270 563
1687280 563
1687290 563
1687300 563
1687310 563
1687320 563
1687330 563
1687340 563
1687350 563
1687360 563
1687370 563
1687380 563
1687390 563
1687400 563
1687410 564
1687420 564
1687430 564
1687440 564
1687450 564
1687460 564
1687470 564
1687480 564
1687490 564
1687500 564
1687510 564
1687520 565
1687530 565
1687540 565
1687550 565
1687560 565
1687570 566
1687580 566
1687590 566
1687600 566
1687610 567
1687620 567
1687630 567
1687640 567
1687650 567
1687660 567
1687670 568
1687680 568
1687690 568
1687700 568
1687710 568
1687720 568
1687730 569
1687740 569
1687750 569
1687760 569
1687770 569
1687780 569
1687790 569
1687800 570
1687810 570
1687820 570
1687830 570
1687840 570
1687850 571
1687860 571
1687870 571
1687880 571
1687890 571
1687900 571
1687910 572
1687920 572
1687930 572
1687940 572
1687950 572
1687960 572
1687970 572
1687980 573
1687990 573
1688000 573
1688010 573
1688020 573
1688030 573
1688040 574
1688050 574
1688060 574
1688070 574
1688080 574
1688090 575
1688100 575
1688110 575
1688120 575
1688130 575
1688140 574
1688150 574
1688160 574
1688170 574
1688180 574
1688190 574
1688200 574
1688210 574
1688220 574
1688230 574
1688240 575
1688250 575
1688260 575
1688270 575
1688280 575
1688290 575
1688300 575
1688310 575
1688320 575
1688330 575
1688340 575
1688350 576
1688360 576
1688370 576
1688380 576
1688390 576
1688400 576
1688410 576
1688420 576
1688430 575
1688440 575
1688450 575
1688460 575
1688470 575
1688480 575
1688490 575
1688500 575
1688510 575
1688520 575
1688530 575
1688540 576
1688550 576
1688560 576
1688570 576
1688580 577
1688590 577
1688600 577
1688610 577
1688620 577
1688630 576
1688640 576
1688650 576
1688660 576
1688670 576
1688680 576
1688690 576
1688700 576
1688710 576
1688720 576
1688730 576
1688740 576
1688750 576
1688760 576
1688770 577
1688780 577
1688790 577
1688800 577
1688810 577
1688820 577
1688830 577
1688840 577
1688850 577
1688860 577
1688870 577
1688880 577
1688890 577
1688900 577
1688910 577
1688920 577
1688930 577
1688940 577
1688950 577
1688960 577
1688970 578
1688980 578
1688990 578
1689000 578
1689010 578
1689020 578
1689030 578
1689040 578
1689050 578
1689060 578
1689070 578
1689080 578
1689090 578
1689100 578
1689110 578
1689120 578
1689130 578
1689140 578
1689150 578
1689160 579
1689170 579
1689180 579
1689190 579
1689200 579
1689210 579
1689220 579
1689230 578
1689240 578
1689250 578
1689260 578
1689270 579
1689280 579
1689290 579
1689300 579
1689310 579
1689320 579
1689330 579
1689340 579
1689350 579
1689360 579
1689370 579
1689380 579
1689390 579
1689400 579
1689410 579
1689420 579
1689430 579
1689440 579
1689450 579
1689460 579
1689470 579
1689480 579
1689490 579
1689500 579
1689510 579
1689520 579
1689530 579
1689540 579
1689550 579
1689560 579
1689570 579
1689580 579
1689590 579
1689600 579
1689610 579
1689620 579
1689630 579
1689640 579
1689650 579
1689660 579
1689670 579
1689680 579
1689690 579
1689700 579
1689710 579
1689720 579
1689730 579
1689740 579
1689750 579
1689760 579
1689770 579
1689780 579
1689790 579
1689800 579
1689810 579
1689820 579
1689830 579
1689840 578
1689850 578
1689860 578
1689870 578
1689880 578
1689890 578
1689900 578
1689910 578
1689920 578
1689930 578
1689940 578
1689950 578
1689960 578
1689970 578
1689980 579
1689990 579
1690000 579
1690010 579
1690020 579
1690030 579
1690040 579
1690050 579
1690060 579
1690070 579
1690080 579
1690090 579
1690100 579
1690110 579
1690120 578
1690130 578
1690140 578
1690150 578
1690160 577
1690170 577
1690180 577
1690190 577
1690200 576
1690210 576
1690220 576
1690230 576
1690240 575
1690250 575
1690260 575
1690270 575
1690280 574
1690290 574
1690300 574
1690310 574
1690320 574
1690330 574
1690340 573
1690350 573
1690360 573
1690370 572
1690380 572
1690390 572
1690400 572
1690410 572
1690420 571
1690430 571
1690440 571
1690450 571
1690460 571
1690470 571
1690480 571
1690490 571
1690500 571
1690510 570
1690520 570
1690530 570
1690540 570
1690550 570
1690560 570
1690570 569
1690580 569
1690590 569
1690600 569
1690610 569
1690620 568
1690630 568
1690640 568
1690650 568
1690660 568
1690670 568
1690680 568
1690690 568
1690700 567
1690710 567
1690720 567
1690730 567
1690740 567
1690750 567
1690760 567
1690770 567
1690780 567
1690790 567
1690800 566
1690810 566
1690820 566
1690830 566
1690840 566
1690850 565
1690860 565
1690870 565
1690880 565
1690890 564
1690900 564
1690910 564
1690920 564
1690930 564
1690940 564
1690950 564
1690960 563
1690970 563
1690980 563
1690990 562
1691000 562
1691010 562
1691020 561
1691030 561
1691040 560
1691050 560
1691060 559
1691070 559
1691080 559
1691090 558
1691100 558
1691110 558
1691120 557
1691130 556
1691140 556
1691150 555
1691160 555
1691170 554
1691180 554
1691190 554
1691200 553
1691210 553
1691220 553
1691230 553
1691240 552
1691250 552
1691260 552
1691270 552
1691280 552
1691290 551
1691300 551
1691310 551
1691320 551
1691330 551
1691340 551
1691350 550
1691360 550
1691370 550
1691380 550
1691390 549
1691400 549
1691410 549
1691420 549
1691430 548
1691440 548
1691450 548
1691460 547
1691470 547
1691480 547
1691490 547
1691500 547
1691510 546
1691520 546
1691530 546
1691540 546
1691550 546
1691560 546
1691570 546
1691580 545
1691590 545
1691600 545
1691610 545
1691620 545
1691630 544
1691640 544
1691650 544
1691660 544
1691670 544
1691680 544
1691690 544
1691700 544
1691710 543
1691720 543
1691730 543
1691740 543
1691750 543
1691760 543
1691770 543
1691780 543
1691790 543
1691800 543
1691810 543
1691820 543
1691830 543
1691840 543
1691850 543
1691860 543
1691870 543
1691880 543
1691890 543
1691900 543
1691910 543
1691920 543
1691930 543
1691940 543
1691950 543
1691960 543
1691970 543
1691980 543
1691990 543
1692000 543
1692010 543
1692020 543
1692030 544
1692040 543
1692050 543
1692060 543
1692070 542
1692080 543
1692090 543
1692100 543
1692110 543
1692120 543
1692130 544
1692140 544
1692150 544
1692160 545
1692170 545
1692180 545
1692190 545
1692200 546
1692210 546
1692220 547
1692230 547
1692240 547
1692250 548
1692260 549
1692270 550
1692280 550
1692290 551
1692300 551
1692310 552
1692320 552
1692330 553
1692340 554
1692350 555
1692360 555
1692370 556
1692380 557
1692390 557
1692400 558
1692410 558
1692420 559
1692430 559
1692440 559
1692450 559
1692460 560
1692470 560
1692480 560
1692490 561
1692500 561
1692510 561
1692520 561
1692530 561
1692540 562
1692550 562
1692560 562
1692570 562
1692580 562
1692590 562
1692600 562
1692610 562
1692620 563
1692630 563
1692640 563
1692650 563
1692660 563
1692670 563
1692680 563
1692690 563
1692700 563
1692710 563
1692720 563
1692730 563
1692740 563
1692750 563
1692760 562
1692770 562
1692780 562
1692790 562
1692800 562
1692810 562
1692820 562
1692830 562
1692840 562
1692850 562
1692860 562
1692870 562
1692880 562
1692890 562
1692900 563
1692910 563
1692920 563
1692930 563
1692940 564
1692950 564
1692960 564
1692970 565
1692980 565
1692990 565
1693000 565
1693010 565
1693020 565
1693030 565
1693040 566
1693050 566
1693060 566
1693070 566
1693080 566
1693090 566
1693100 566
1693110 567
1693120 567
1693130 567
1693140 567
1693150 567
1693160 567
1693170 567
1693180 567
1693190 567
1693200 568
1693210 568
1693220 568
1693230 569
1693240 569
1693250 569
1693260 570
1693270 570
1693280 570
1693290 570
1693300 570
1693310 571
1693320 571
1693330 571
1693340 571
1693350 571
1693360 571
1693370 571
1693380 571
1693390 571
1693400 571
1693410 572
1693420 572
1693430 572
1693440 572
1693450 572
1693460 572
1693470 572
1693480 572
1693490 573
1693500 573
1693510 573
1693520 573
1693530 573
1693540 573
1693550 573
1693560 573
1693570 573
1693580 573
1693590 574
1693600 574
1693610 574
1693620 574
1693630 575
1693640 575
1693650 575
1693660 575
1693670 575
1693680 576
1693690 576
1693700 576
1693710 576
1693720 577
1693730 577
1693740 577
1693750 577
1693760 578
1693770 578
1693780 578
1693790 578
1693800 578
1693810 578
1693820 579
1693830 579
1693840 579
1693850 579
1693860 579
1693870 580
1693880 580
1693890 580
1693900 580
1693910 580
1693920 581
1693930 581
1693940 581
1693950 581
1693960 580
1693970 580
1693980 580
1693990 580
1694000 580
1694010 580
1694020 580
1694030 579
1694040 579
1694050 579
1694060 579
1694070 579
1694080 579
1694090 578
1694100 578
1694110 578
1694120 578
1694130 578
1694140 577
1694150 577
1694160 577
1694170 577
1694180 577
1694190 577
1694200 577
1694210 577
1694220 577
1694230 576
1694240 576
1694250 576
1694260 576
1694270 576
1694280 576
1694290 575
1694300 575
1694310 575
1694320 575
1694330 574
1694340 574
1694350 574
1694360 574
1694370 574
1694380 573
1694390 573
1694400 573
1694410 572
1694420 572
1694430 572
1694440 571
1694450 571
1694460 570
1694470 570
1694480 570
1694490 569
1694500 568
1694510 568
1694520 567
1694530 567
1694540 566
1694550 566
1694560 566
1694570 565
1694580 565
1694590 564
1694600 564
1694610 564
1694620 563
1694630 563
1694640 562
1694650 562
1694660 561
1694670 561
1694680 561
1694690 561
1694700 560
1694710 560
1694720 560
1694730 560
1694740 559
1694750 559
1694760 559
1694770 559
1694780 558
1694790 558
1694800 558
1694810 558
1694820 558
1694830 558
1694840 558
1694850 558
1694860 557
1694870 557
1694880 557
1694890 556
1694900 556
1694910 556
1694920 556
1694930 556
1694940 556
1694950 556
1694960 555
1694970 555
1694980 555
1694990 555
1695000 555
1695010 555
1695020 555
1695030 555
1695040 555
1695050 554
1695060 554
1695070 554
1695080 554
1695090 554
1695100 554
1695110 554
1695120 554
1695130 554
1695140 554
1695150 554
1695160 554
1695170 554
1695180 554
1695190 554
1695200 554
1695210 554
1695220 554
1695230 554
1695240 554
1695250 554
1695260 554
1695270 554
1695280 555
1695290 555
1695300 555
1695310 555
1695320 555
1695330 555
1695340 555
1695350 555
1695360 555
1695370 556
1695380 556
1695390 556
1695400 556
1695410 556
1695420 556
1695430 556
1695440 556
1695450 557
1695460 557
1695470 557
1695480 557
1695490 557
1695500 557
1695510 557
1695520 557
1695530 557
1695540 557
1695550 557
1695560 557
1695570 557
1695580 557
1695590 558
1695600 558
1695610 558
1695620 558
1695630 558
1695640 558
1695650 559
1695660 559
1695670 559
1695680 559
1695690 559
1695700 559
1695710 560
1695720 560
1695730 560
1695740 560
1695750 560
1695760 561
1695770 561
1695780 561
1695790 561
1695800 561
1695810 562
1695820 562
1695830 562
1695840 562
1695850 562
1695860 562
1695870 562
1695880 562
1695890 562
1695900 562
1695910 562
1695920 562
1695930 562
1695940 562
1695950 562
1695960 561
1695970 561
1695980 561
1695990 561
1696000 561
1696010 561
1696020 561
1696030 560
1696040 560
1696050 560
1696060 560
1696070 559
1696080 559
1696090 559
1696100 559
1696110 558
1696120 558
1696130 558
1696140 558
1696150 558
1696160 558
1696170 558
1696180 558
1696190 558
1696200 557
1696210 557
1696220 557
1696230 557
1696240 557
1696250 557
1696260 557
1696270 557
1696280 557
1696290 557
1696300 556
1696310 556
1696320 556
1696330 556
1696340 555
1696350 555
1696360 555
1696370 555
1696380 554
1696390 554
1696400 554
1696410 554
1696420 553
1696430 553
1696440 553
1696450 553
1696460 553
1696470 552
1696480 552
1696490 552
1696500 552
1696510 551
1696520 551
1696530 551
1696540 551
1696550 551
1696560 551
1696570 550
1696580 550
1696590 550
1696600 550
1696610 550
1696620 550
1696630 549
1696640 549
1696650 549
1696660 549
1696670 549
1696680 549
1696690 549
1696700 549
1696710 549
1696720 549
1696730 549
1696740 549
1696750 549
1696760 549
1696770 549
1696780 549
1696790 549
1696800 549
1696810 550
1696820 550
1696830 550
1696840 550
1696850 550
1696860 550
1696870 550
1696880 550
1696890 550
1696900 550
1696910 550
1696920 550
1696930 550
1696940 550
1696950 550
1696960 550
1696970 550
1696980 549
1696990 549
1697000 549
1697010 549
1697020 548
1697030 548
1697040 548
1697050 548
1697060 547
1697070 547
1697080 547
1697090 546
1697100 546
1697110 546
1697120 546
1697130 545
1697140 545
1697150 545
1697160 545
1697170 544
1697180 544
1697190 543
1697200 543
1697210 542
1697220 542
1697230 541
1697240 541
1697250 541
1697260 540
1697270 540
1697280 540
1697290 540
1697300 539
1697310 539
1697320 539
1697330 538
1697340 538
1697350 537
1697360 537
1697370 536
1697380 536
1697390 535
1697400 534
1697410 534
1697420 533
1697430 532
1697440 532
1697450 531
1697460 531
1697470 530
1697480 530
1697490 529
1697500 529
1697510 529
1697520 528
1697530 527
1697540 526
1697550 525
1697560 525
1697570 525
1697580 524
1697590 524
1697600 523
1697610 523
1697620 522
1697630 521
1697640 521
1697650 520
1697660 520
1697670 519
1697680 519
1697690 519
1697700 518
1697710 518
1697720 518
1697730 518
1697740 518
1697750 517
1697760 516
1697770 516
1697780 516
1697790 515
1697800 515
1697810 515
1697820 515
1697830 514
1697840 514
1697850 514
1697860 514
1697870 513
1697880 513
1697890 513
1697900 513
1697910 512
1697920 512
1697930 512
1697940 511
1697950 511
1697960 511
1697970 511
1697980 510
1697990 510
1698000 510
1698010 510
1698020 510
1698030 510
1698040 509
1698050 509
1698060 509
1698070 509
1698080 509
1698090 509
1698100 509
1698110 508
1698120 508
1698130 508
1698140 508
1698150 508
1698160 508
1698170 508
1698180 508
1698190 508
1698200 508
1698210 508
1698220 508
1698230 508
1698240 508
1698250 508
1698260 508
1698270 508
1698280 508
1698290 508
1698300 508
1698310 508
1698320 508
1698330 507
1698340 507
1698350 507
1698360 507
1698370 507
1698380 507
1698390 507
1698400 507
1698410 507
1698420 507
1698430 508
1698440 508
1698450 508
1698460 508
1698470 508
1698480 508
1698490 508
1698500 508
1698510 509
1698520 509
1698530 509
1698540 509
1698550 509
1698560 509
1698570 509
1698580 509
1698590 509
1698600 509
1698610 508
1698620 508
1698630 508
1698640 508
1698650 507
1698660 507
1698670 506
1698680 506
1698690 506
1698700 505
1698710 505
1698720 504
1698730 504
1698740 504
1698750 503
1698760 503
1698770 502
1698780 502
1698790 501
1698800 501
1698810 500
1698820 500
1698830 500
1698840 500
1698850 499
1698860 499
1698870 499
1698880 499
1698890 499
1698900 499
1698910 499
1698920 499
1698930 498
1698940 498
1698950 498
1698960 498
1698970 497
1698980 497
1698990 497
1699000 497
1699010 497
1699020 496
1699030 496
1699040 496
1699050 496
1699060 495
1699070 495
1699080 495
1699090 495
1699100 495
1699110 495
1699120 495
1699130 495
1699140 495
1699150 495
1699160 495
1699170 495
1699180 495
1699190 495
1699200 495
1699210 495
1699220 495
1699230 495
1699240 495
1699250 495
1699260 495
1699270 495
1699280 495
1699290 495
1699300 495
1699310 495
1699320 495
1699330 495
1699340 495
1699350 495
1699360 495
1699370 495
1699380 495
1699390 495
1699400 495
1699410 496
1699420 496
1699430 496
1699440 496
1699450 496
1699460 496
1699470 496
1699480 496
1699490 496
1699500 496
1699510 496
1699520 496
1699530 496
1699540 496
1699550 496
1699560 496
1699570 496
1699580 496
1699590 496
1699600 496
1699610 496
1699620 496
1699630 496
1699640 497
1699650 497
1699660 497
1699670 496
1699680 496
1699690 496
1699700 496
1699710 496
1699720 496
1699730 495
1699740 495
1699750 495
1699760 496
1699770 496
1699780 496
1699790 497
1699800 497
1699810 498
1699820 498
1699830 499
1699840 499
1699850 499
1699860 499
1699870 500
1699880 500
1699890 500
1699900 501
1699910 501
1699920 501
1699930 501
1699940 501
1699950 502
1699960 503
1699970 503
1699980 503
1699990 503
