1680000 572
1680010 572
1680020 572
1680030 571
1680040 571
1680050 570
1680060 570
1680070 569
1680080 568
1680090 568
1680100 567
1680110 567
1680120 567
1680130 567
1680140 567
1680150 567
1680160 567
1680170 567
1680180 567
1680190 567
1680200 567
1680210 566
1680220 566
1680230 566
1680240 566
1680250 566
1680260 565
1680270 565
1680280 565
1680290 566
1680300 566
1680310 566
1680320 566
1680330 566
1680340 566
1680350 566
1680360 566
1680370 565
1680380 565
1680390 564
1680400 564
1680410 564
1680420 563
1680430 562
1680440 561
1680450 561
1680460 560
1680470 559
1680480 558
1680490 558
1680500 558
1680510 557
1680520 557
1680530 557
1680540 556
1680550 557
1680560 557
1680570 557
1680580 557
1680590 557
1680600 557
1680610 557
1680620 557
1680630 557
1680640 556
1680650 556
1680660 556
1680670 556
1680680 556
1680690 556
1680700 556
1680710 556
1680720 556
1680730 556
1680740 556
1680750 556
1680760 556
1680770 556
1680780 556
1680790 556
1680800 556
1680810 556
1680820 556
1680830 556
1680840 557
1680850 557
1680860 557
1680870 557
1680880 557
1680890 557
1680900 558
1680910 558
1680920 558
1680930 559
1680940 559
1680950 559
1680960 559
1680970 560
1680980 560
1680990 560
1681000 560
1681010 561
1681020 561
1681030 561
1681040 562
1681050 562
1681060 562
1681070 563
1681080 563
1681090 563
1681100 563
1681110 564
1681120 564
1681130 564
1681140 565
1681150 565
1681160 565
1681170 566
1681180 566
1681190 567
1681200 568
1681210 568
1681220 569
1681230 570
1681240 571
1681250 572
1681260 572
1681270 573
1681280 573
1681290 573
1681300 574
1681310 574
1681320 574
1681330 575
1681340 575
1681350 575
1681360 574
1681370 574
1681380 574
1681390 574
1681400 574
1681410 574
1681420 574
1681430 574
1681440 574
1681450 574
1681460 575
1681470 575
1681480 575
1681490 575
1681500 575
1681510 575
1681520 575
1681530 575
1681540 575
1681550 575
1681560 575
1681570 575
1681580 575
1681590 575
1681600 575
1681610 575
1681620 576
1681630 576
1681640 576
1681650 576
1681660 576
1681670 576
1681680 577
1681690 577
1681700 578
1681710 578
1681720 579
1681730 579
1681740 580
1681750 580
1681760 579
1681770 579
1681780 579
1681790 579
1681800 578
1681810 578
1681820 577
1681830 577
1681840 577
1681850 577
1681860 576
1681870 576
1681880 575
1681890 575
1681900 575
1681910 574
1681920 574
1681930 574
1681940 574
1681950 573
1681960 573
1681970 573
1681980 573
1681990 573
1682000 573
1682010 573
1682020 574
1682030 574
1682040 573
1682050 573
1682060 573
1682070 572
1682080 572
1682090 571
1682100 570
1682110 569
1682120 568
1682130 567
1682140 566
1682150 564
1682160 564
1682170 563
1682180 563
1682190 562
1682200 562
1682210 562
1682220 562
1682230 561
1682240 561
1682250 561
1682260 561
1682270 560
1682280 560
1682290 560
1682300 560
1682310 560
1682320 560
1682330 559
1682340 559
1682350 559
1682360 559
1682370 559
1682380 559
1682390 559
1682400 559
1682410 559
1682420 560
1682430 560
1682440 560
1682450 560
1682460 560
1682470 560
1682480 560
1682490 560
1682500 560
1682510 561
1682520 561
1682530 561
1682540 561
1682550 562
1682560 562
1682570 562
1682580 562
1682590 562
1682600 563
1682610 563
1682620 563
1682630 563
1682640 563
1682650 563
1682660 563
1682670 563
1682680 563
1682690 563
1682700 564
1682710 564
1682720 564
1682730 564
1682740 564
1682750 564
1682760 565
1682770 565
1682780 565
1682790 565
1682800 565
1682810 566
1682820 566
1682830 567
1682840 567
1682850 568
1682860 568
1682870 568
1682880 569
1682890 569
1682900 569
1682910 570
1682920 570
1682930 570
1682940 571
1682950 571
1682960 572
1682970 572
1682980 573
1682990 573
1683000 573
1683010 574
1683020 575
1683030 575
1683040 576
1683050 577
1683060 578
1683070 580
1683080 581
1683090 582
1683100 583
1683110 584
1683120 585
1683130 586
1683140 587
1683150 587
1683160 588
1683170 588
1683180 589
1683190 589
1683200 589
1683210 589
1683220 590
1683230 590
1683240 591
1683250 591
1683260 592
1683270 592
1683280 593
1683290 593
1683300 594
1683310 595
1683320 595
1683330 596
1683340 597
1683350 598
1683360 598
1683370 600
1683380 601
1683390 602
1683400 602
1683410 603
1683420 603
1683430 603
1683440 602
1683450 602
1683460 601
1683470 600
1683480 600
1683490 599
1683500 599
1683510 598
1683520 598
1683530 597
1683540 597
1683550 596
1683560 596
1683570 595
1683580 594
1683590 594
1683600 593
1683610 593
1683620 592
1683630 591
1683640 591
1683650 590
1683660 590
1683670 588
1683680 587
1683690 586
1683700 586
1683710 586
1683720 585
1683730 586
1683740 586
1683750 586
1683760 586
1683770 587
1683780 588
1683790 588
1683800 588
1683810 589
1683820 589
1683830 589
1683840 589
1683850 588
1683860 588
1683870 588
1683880 588
1683890 588
1683900 587
1683910 587
1683920 586
1683930 586
1683940 585
1683950 585
1683960 584
1683970 583
1683980 583
1683990 583
1684000 582
1684010 582
1684020 582
1684030 582
1684040 581
1684050 581
1684060 581
1684070 581
1684080 581
1684090 580
1684100 580
1684110 580
1684120 580
1684130 580
1684140 580
1684150 579
1684160 579
1684170 579
1684180 579
1684190 579
1684200 579
1684210 578
1684220 578
1684230 578
1684240 578
1684250 578
1684260 578
1684270 578
1684280 578
1684290 578
1684300 577
1684310 577
1684320 577
1684330 577
1684340 577
1684350 576
1684360 576
1684370 575
1684380 575
1684390 574
1684400 574
1684410 574
1684420 573
1684430 573
1684440 573
1684450 572
1684460 572
1684470 572
1684480 571
1684490 571
1684500 571
1684510 570
1684520 570
1684530 570
1684540 569
1684550 569
1684560 568
1684570 568
1684580 568
1684590 568
1684600 567
1684610 567
1684620 567
1684630 567
1684640 567
1684650 566
1684660 566
1684670 566
1684680 566
1684690 566
1684700 566
1684710 565
1684720 565
1684730 565
1684740 565
1684750 565
1684760 565
1684770 565
1684780 565
1684790 565
1684800 564
1684810 564
1684820 564
1684830 564
1684840 564
1684850 564
1684860 564
1684870 564
1684880 564
1684890 564
1684900 564
1684910 564
1684920 564
1684930 563
1684940 563
1684950 563
1684960 563
1684970 562
1684980 562
1684990 562
1685000 562
1685010 562
1685020 562
1685030 562
1685040 562
1685050 561
1685060 561
1685070 561
1685080 561
1685090 561
1685100 561
1685110 561
1685120 561
1685130 561
1685140 561
1685150 561
1685160 561
1685170 561
1685180 561
1685190 561
1685200 561
1685210 561
1685220 561
1685230 561
1685240 561
1685250 562
1685260 562
1685270 562
1685280 562
1685290 562
1685300 562
1685310 562
1685320 562
1685330 562
1685340 562
1685350 562
1685360 562
1685370 562
1685380 562
1685390 562
1685400 563
1685410 563
1685420 563
1685430 563
1685440 563
1685450 564
1685460 564
1685470 564
1685480 564
1685490 565
1685500 565
1685510 565
1685520 565
1685530 566
1685540 566
1685550 566
1685560 566
1685570 567
1685580 567
1685590 567
1685600 568
1685610 568
1685620 568
1685630 568
1685640 569
1685650 569
1685660 569
1685670 569
1685680 570
1685690 570
1685700 570
1685710 571
1685720 571
1685730 571
1685740 571
1685750 572
1685760 572
1685770 572
1685780 573
1685790 573
1685800 573
1685810 574
1685820 574
1685830 574
1685840 575
1685850 575
1685860 576
1685870 576
1685880 576
1685890 577
1685900 577
1685910 577
1685920 578
1685930 578
1685940 579
1685950 579
1685960 580
1685970 580
1685980 580
1685990 581
1686000 581
1686010 582
1686020 582
1686030 583
1686040 583
1686050 584
1686060 584
1686070 585
1686080 586
1686090 586
1686100 587
1686110 588
1686120 588
1686130 589
1686140 590
1686150 591
1686160 592
1686170 592
1686180 593
1686190 594
1686200 595
1686210 595
1686220 596
1686230 597
1686240 598
1686250 599
1686260 600
1686270 601
1686280 602
1686290 602
1686300 603
1686310 603
1686320 603
1686330 603
1686340 603
1686350 604
1686360 604
1686370 604
1686380 603
1686390 603
1686400 603
1686410 603
1686420 603
1686430 603
1686440 603
1686450 603
1686460 603
1686470 603
1686480 603
1686490 603
1686500 603
1686510 603
1686520 603
1686530 603
1686540 603
1686550 603
1686560 603
1686570 603
1686580 603
1686590 603
1686600 603
1686610 603
1686620 603
1686630 603
1686640 603
1686650 603
1686660 603
1686670 603
1686680 603
1686690 603
1686700 603
1686710 603
1686720 603
1686730 602
1686740 602
1686750 602
1686760 602
1686770 602
1686780 601
1686790 601
1686800 601
1686810 601
1686820 600
1686830 600
1686840 600
1686850 600
1686860 600
1686870 601
1686880 601
1686890 602
1686900 602
1686910 602
1686920 602
1686930 603
1686940 603
1686950 604
1686960 604
1686970 605
1686980 605
1686990 604
1687000 603
1687010 603
1687020 603
1687030 602
1687040 602
1687050 602
1687060 602
1687070 601
1687080 601
1687090 601
1687100 600
1687110 600
1687120 600
1687130 600
1687140 600
1687150 600
1687160 600
1687170 599
1687180 599
1687190 599
1687200 599
1687210 598
1687220 598
1687230 597
1687240 596
1687250 596
1687260 595
1687270 595
1687280 595
1687290 594
1687300 594
1687310 594
1687320 594
1687330 593
1687340 593
1687350 593
1687360 593
1687370 593
1687380 593
1687390 592
1687400 592
1687410 592
1687420 592
1687430 592
1687440 592
1687450 592
1687460 592
1687470 592
1687480 592
1687490 592
1687500 592
1687510 592
1687520 592
1687530 592
1687540 593
1687550 593
1687560 593
1687570 593
1687580 594
1687590 594
1687600 594
1687610 594
1687620 594
1687630 595
1687640 595
1687650 596
1687660 596
1687670 596
1687680 597
1687690 597
1687700 597
1687710 598
1687720 598
1687730 598
1687740 598
1687750 599
1687760 599
1687770 599
1687780 599
1687790 599
1687800 599
1687810 599
1687820 599
1687830 599
1687840 599
1687850 599
1687860 599
1687870 599
1687880 599
1687890 599
1687900 599
1687910 599
1687920 599
1687930 599
1687940 599
1687950 599
1687960 599
1687970 599
1687980 599
1687990 599
1688000 599
1688010 600
1688020 600
1688030 600
1688040 600
1688050 601
1688060 601
1688070 601
1688080 601
1688090 601
1688100 602
1688110 602
1688120 602
1688130 603
1688140 603
1688150 603
1688160 604
1688170 604
1688180 604
1688190 605
1688200 605
1688210 605
1688220 606
1688230 606
1688240 606
1688250 607
1688260 607
1688270 607
1688280 608
1688290 608
1688300 609
1688310 609
1688320 609
1688330 609
1688340 610
1688350 610
1688360 610
1688370 610
1688380 611
1688390 611
1688400 611
1688410 612
1688420 613
1688430 613
1688440 614
1688450 614
1688460 614
1688470 614
1688480 614
1688490 614
1688500 614
1688510 614
1688520 614
1688530 614
1688540 613
1688550 613
1688560 613
1688570 612
1688580 612
1688590 611
1688600 611
1688610 610
1688620 609
1688630 609
1688640 608
1688650 607
1688660 606
1688670 605
1688680 605
1688690 604
1688700 604
1688710 604
1688720 603
1688730 603
1688740 603
1688750 602
1688760 602
1688770 602
1688780 601
1688790 601
1688800 601
1688810 600
1688820 600
1688830 600
1688840 599
1688850 599
1688860 599
1688870 598
1688880 598
1688890 598
1688900 598
1688910 597
1688920 597
1688930 597
1688940 597
1688950 596
1688960 596
1688970 596
1688980 595
1688990 595
1689000 595
1689010 594
1689020 594
1689030 594
1689040 593
1689050 593
1689060 593
1689070 592
1689080 592
1689090 592
1689100 591
1689110 591
1689120 591
1689130 591
1689140 590
1689150 590
1689160 590
1689170 590
1689180 589
1689190 589
1689200 588
1689210 588
1689220 588
1689230 587
1689240 587
1689250 587
1689260 586
1689270 586
1689280 585
1689290 585
1689300 584
1689310 584
1689320 583
1689330 583
1689340 583
1689350 582
1689360 582
1689370 582
1689380 582
1689390 581
1689400 581
1689410 581
1689420 581
1689430 581
1689440 581
1689450 580
1689460 580
1689470 580
1689480 580
1689490 580
1689500 580
1689510 580
1689520 580
1689530 580
1689540 580
1689550 580
1689560 580
1689570 580
1689580 580
1689590 579
1689600 579
1689610 579
1689620 579
1689630 578
1689640 578
1689650 578
1689660 578
1689670 577
1689680 577
1689690 577
1689700 577
1689710 576
1689720 576
1689730 576
1689740 576
1689750 576
1689760 575
1689770 575
1689780 575
1689790 575
1689800 575
1689810 574
1689820 574
1689830 574
1689840 574
1689850 574
1689860 574
1689870 573
1689880 573
1689890 573
1689900 573
1689910 573
1689920 573
1689930 573
1689940 572
1689950 572
1689960 572
1689970 571
1689980 571
1689990 570
1690000 569
1690010 568
1690020 568
1690030 567
1690040 566
1690050 566
1690060 566
1690070 566
1690080 566
1690090 566
1690100 566
1690110 566
1690120 566
1690130 566
1690140 566
1690150 566
1690160 566
1690170 566
1690180 566
1690190 565
1690200 565
1690210 564
1690220 564
1690230 564
1690240 564
1690250 563
1690260 563
1690270 563
1690280 563
1690290 563
1690300 562
1690310 562
1690320 562
1690330 561
1690340 561
1690350 561
1690360 561
1690370 560
1690380 560
1690390 560
1690400 560
1690410 560
1690420 560
1690430 560
1690440 560
1690450 560
1690460 560
1690470 560
1690480 559
1690490 559
1690500 559
1690510 559
1690520 559
1690530 559
1690540 559
1690550 559
1690560 559
1690570 559
1690580 559
1690590 559
1690600 559
1690610 559
1690620 559
1690630 558
1690640 558
1690650 558
1690660 559
1690670 559
1690680 558
1690690 558
1690700 558
1690710 559
1690720 559
1690730 559
1690740 559
1690750 559
1690760 559
1690770 560
1690780 560
1690790 560
1690800 560
1690810 561
1690820 561
1690830 561
1690840 562
1690850 562
1690860 563
1690870 563
1690880 564
1690890 564
1690900 564
1690910 565
1690920 564
1690930 564
1690940 564
1690950 564
1690960 563
1690970 563
1690980 563
1690990 563
1691000 562
1691010 562
1691020 562
1691030 562
1691040 562
1691050 561
1691060 561
1691070 561
1691080 561
1691090 561
1691100 561
1691110 560
1691120 560
1691130 560
1691140 560
1691150 560
1691160 560
1691170 560
1691180 560
1691190 560
1691200 560
1691210 560
1691220 560
1691230 560
1691240 560
1691250 560
1691260 560
1691270 560
1691280 560
1691290 560
1691300 560
1691310 560
1691320 560
1691330 560
1691340 560
1691350 560
1691360 560
1691370 560
1691380 560
1691390 560
1691400 560
1691410 560
1691420 560
1691430 560
1691440 560
1691450 561
1691460 561
1691470 561
1691480 561
1691490 561
1691500 561
1691510 561
1691520 561
1691530 561
1691540 562
1691550 562
1691560 562
1691570 562
1691580 563
1691590 563
1691600 564
1691610 564
1691620 565
1691630 565
1691640 566
1691650 566
1691660 567
1691670 567
1691680 567
1691690 567
1691700 567
1691710 566
1691720 566
1691730 566
1691740 566
1691750 566
1691760 566
1691770 566
1691780 566
1691790 566
1691800 566
1691810 566
1691820 566
1691830 567
1691840 567
1691850 567
1691860 567
1691870 567
1691880 567
1691890 567
1691900 567
1691910 567
1691920 566
1691930 566
1691940 566
1691950 567
1691960 567
1691970 567
1691980 567
1691990 567
1692000 567
1692010 567
1692020 568
1692030 568
1692040 568
1692050 568
1692060 569
1692070 569
1692080 569
1692090 570
1692100 570
1692110 570
1692120 570
1692130 571
1692140 571
1692150 571
1692160 572
1692170 572
1692180 572
1692190 573
1692200 573
1692210 573
1692220 574
1692230 574
1692240 574
1692250 575
1692260 575
1692270 575
1692280 575
1692290 575
1692300 576
1692310 576
1692320 576
1692330 576
1692340 576
1692350 577
1692360 577
1692370 577
1692380 577
1692390 577
1692400 577
1692410 578
1692420 578
1692430 578
1692440 578
1692450 578
1692460 579
1692470 579
1692480 579
1692490 579
1692500 580
1692510 580
1692520 580
1692530 580
1692540 580
1692550 580
1692560 581
1692570 581
1692580 581
1692590 581
1692600 581
1692610 581
1692620 581
1692630 581
1692640 582
1692650 582
1692660 582
1692670 582
1692680 582
1692690 582
1692700 583
1692710 583
1692720 583
1692730 583
1692740 583
1692750 584
1692760 584
1692770 584
1692780 584
1692790 584
1692800 584
1692810 584
1692820 585
1692830 585
1692840 585
1692850 585
1692860 585
1692870 585
1692880 585
1692890 585
1692900 585
1692910 586
1692920 586
1692930 586
1692940 586
1692950 586
1692960 586
1692970 586
1692980 586
1692990 586
1693000 586
1693010 586
1693020 586
1693030 586
1693040 586
1693050 586
1693060 586
1693070 586
1693080 586
1693090 586
1693100 586
1693110 586
1693120 586
1693130 586
1693140 585
1693150 585
1693160 585
1693170 585
1693180 584
1693190 584
1693200 583
1693210 583
1693220 583
1693230 582
1693240 582
1693250 581
1693260 581
1693270 580
1693280 580
1693290 580
1693300 579
1693310 579
1693320 578
1693330 578
1693340 578
1693350 577
1693360 577
1693370 576
1693380 576
1693390 575
1693400 575
1693410 575
1693420 574
1693430 573
1693440 573
1693450 573
1693460 573
1693470 572
1693480 572
1693490 571
1693500 571
1693510 570
1693520 570
1693530 569
1693540 569
1693550 568
1693560 568
1693570 567
1693580 567
1693590 567
1693600 566
1693610 566
1693620 566
1693630 566
1693640 565
1693650 565
1693660 565
1693670 565
1693680 564
1693690 564
1693700 564
1693710 564
1693720 563
1693730 563
1693740 563
1693750 562
1693760 562
1693770 561
1693780 561
1693790 561
1693800 560
1693810 560
1693820 559
1693830 559
1693840 559
1693850 559
1693860 558
1693870 557
1693880 557
1693890 557
1693900 557
1693910 556
1693920 556
1693930 555
1693940 555
1693950 555
1693960 554
1693970 554
1693980 554
1693990 554
1694000 553
1694010 553
1694020 553
1694030 553
1694040 552
1694050 552
1694060 552
1694070 552
1694080 551
1694090 551
1694100 551
1694110 550
1694120 550
1694130 550
1694140 549
1694150 549
1694160 549
1694170 549
1694180 549
1694190 548
1694200 548
1694210 548
1694220 548
1694230 547
1694240 547
1694250 547
1694260 547
1694270 546
1694280 546
1694290 546
1694300 546
1694310 546
1694320 546
1694330 545
1694340 545
1694350 545
1694360 545
1694370 545
1694380 545
1694390 545
1694400 544
1694410 544
1694420 544
1694430 544
1694440 544
1694450 544
1694460 544
1694470 544
1694480 543
1694490 543
1694500 543
1694510 543
1694520 543
1694530 543
1694540 542
1694550 542
1694560 542
1694570 542
1694580 542
1694590 542
1694600 542
1694610 542
1694620 542
1694630 542
1694640 542
1694650 542
1694660 542
1694670 542
1694680 541
1694690 541
1694700 541
1694710 541
1694720 541
1694730 540
1694740 540
1694750 539
1694760 538
1694770 538
1694780 537
1694790 537
1694800 537
1694810 537
1694820 536
1694830 536
1694840 536
1694850 536
1694860 536
1694870 536
1694880 536
1694890 537
1694900 538
1694910 539
1694920 540
1694930 541
1694940 542
1694950 542
1694960 543
1694970 544
1694980 544
1694990 544
1695000 544
1695010 544
1695020 545
1695030 545
1695040 546
1695050 546
1695060 546
1695070 546
1695080 547
1695090 547
1695100 547
1695110 547
1695120 547
1695130 547
1695140 547
1695150 548
1695160 548
1695170 549
1695180 549
1695190 550
1695200 550
1695210 550
1695220 550
1695230 550
1695240 550
1695250 550
1695260 551
1695270 551
1695280 551
1695290 551
1695300 552
1695310 552
1695320 552
1695330 552
1695340 553
1695350 553
1695360 553
1695370 553
1695380 554
1695390 554
1695400 554
1695410 554
1695420 554
1695430 554
1695440 554
1695450 554
1695460 554
1695470 554
1695480 554
1695490 554
1695500 554
1695510 553
1695520 553
1695530 553
1695540 553
1695550 553
1695560 553
1695570 553
1695580 553
1695590 553
1695600 553
1695610 553
1695620 553
1695630 553
1695640 553
1695650 553
1695660 552
1695670 552
1695680 552
1695690 552
1695700 551
1695710 551
1695720 551
1695730 551
1695740 550
1695750 550
1695760 550
1695770 549
1695780 549
1695790 549
1695800 548
1695810 548
1695820 547
1695830 547
1695840 546
1695850 546
1695860 545
1695870 545
1695880 545
1695890 544
1695900 544
1695910 544
1695920 543
1695930 542
1695940 542
1695950 541
1695960 541
1695970 540
1695980 540
1695990 539
1696000 539
1696010 539
1696020 538
1696030 538
1696040 538
1696050 537
1696060 537
1696070 537
1696080 536
1696090 536
1696100 536
1696110 536
1696120 535
1696130 535
1696140 535
1696150 535
1696160 535
1696170 534
1696180 534
1696190 534
1696200 534
1696210 533
1696220 533
1696230 533
1696240 533
1696250 533
1696260 533
1696270 533
1696280 533
1696290 533
1696300 533
1696310 533
1696320 533
1696330 533
1696340 533
1696350 533
1696360 533
1696370 533
1696380 533
1696390 534
1696400 534
1696410 534
1696420 535
1696430 535
1696440 536
1696450 536
1696460 537
1696470 537
1696480 538
1696490 538
1696500 538
1696510 538
1696520 539
1696530 539
1696540 539
1696550 539
1696560 539
1696570 539
1696580 539
1696590 539
1696600 539
1696610 539
1696620 539
1696630 539
1696640 539
1696650 539
1696660 539
1696670 539
1696680 539
1696690 539
1696700 539
1696710 539
1696720 539
1696730 539
1696740 539
1696750 539
1696760 539
1696770 538
1696780 538
1696790 538
1696800 538
1696810 538
1696820 538
1696830 538
1696840 538
1696850 538
1696860 538
1696870 538
1696880 538
1696890 538
1696900 539
1696910 539
1696920 538
1696930 538
1696940 538
1696950 538
1696960 538
1696970 538
1696980 537
1696990 537
1697000 537
1697010 537
1697020 537
1697030 536
1697040 536
1697050 536
1697060 535
1697070 535
1697080 534
1697090 534
1697100 534
1697110 533
1697120 533
1697130 533
1697140 532
1697150 532
1697160 531
1697170 531
1697180 530
1697190 530
1697200 529
1697210 529
1697220 528
1697230 528
1697240 528
1697250 528
1697260 527
1697270 526
1697280 526
1697290 525
1697300 525
1697310 524
1697320 524
1697330 524
1697340 523
1697350 523
1697360 523
1697370 523
1697380 522
1697390 522
1697400 522
1697410 522
1697420 522
1697430 522
1697440 522
1697450 522
1697460 522
1697470 522
1697480 522
1697490 522
1697500 522
1697510 522
1697520 521
1697530 521
1697540 521
1697550 521
1697560 521
1697570 521
1697580 521
1697590 521
1697600 521
1697610 521
1697620 521
1697630 520
1697640 520
1697650 520
1697660 520
1697670 520
1697680 520
1697690 519
1697700 519
1697710 519
1697720 519
1697730 519
1697740 519
1697750 518
1697760 518
1697770 518
1697780 518
1697790 518
1697800 517
1697810 517
1697820 517
1697830 517
1697840 516
1697850 516
1697860 516
1697870 516
1697880 515
1697890 515
1697900 515
1697910 515
1697920 515
1697930 514
1697940 514
1697950 514
1697960 514
1697970 514
1697980 514
1697990 514
1698000 514
1698010 513
1698020 513
1698030 513
1698040 513
1698050 514
1698060 514
1698070 514
1698080 514
1698090 514
1698100 514
1698110 514
1698120 514
1698130 514
1698140 515
1698150 515
1698160 515
1698170 515
1698180 515
1698190 515
1698200 515
1698210 515
1698220 516
1698230 516
1698240 516
1698250 516
1698260 516
1698270 516
1698280 516
1698290 516
1698300 516
1698310 516
1698320 517
1698330 517
1698340 517
1698350 517
1698360 517
1698370 517
1698380 517
1698390 517
1698400 517
1698410 517
1698420 517
1698430 517
1698440 517
1698450 517
1698460 517
1698470 517
1698480 517
1698490 516
1698500 516
1698510 516
1698520 516
1698530 516
1698540 516
1698550 516
1698560 516
1698570 516
1698580 516
1698590 517
1698600 517
1698610 517
1698620 517
1698630 517
1698640 517
1698650 517
1698660 517
1698670 517
1698680 517
1698690 517
1698700 517
1698710 517
1698720 517
1698730 517
1698740 517
1698750 517
1698760 517
1698770 517
1698780 517
1698790 516
1698800 516
1698810 516
1698820 516
1698830 516
1698840 516
1698850 516
1698860 515
1698870 515
1698880 515
1698890 515
1698900 515
1698910 515
1698920 515
1698930 515
1698940 515
1698950 514
1698960 514
1698970 514
1698980 514
1698990 514
1699000 514
1699010 514
1699020 514
1699030 514
1699040 514
1699050 513
1699060 513
1699070 513
1699080 513
1699090 513
1699100 513
1699110 513
1699120 513
1699130 513
1699140 513
1699150 513
1699160 512
1699170 512
1699180 511
1699190 510
1699200 510
1699210 510
1699220 510
1699230 510
1699240 510
1699250 510
1699260 510
1699270 510
1699280 510
1699290 510
1699300 510
1699310 510
1699320 510
1699330 510
1699340 510
1699350 510
1699360 510
1699370 510
1699380 510
1699390 510
1699400 510
1699410 510
1699420 510
1699430 510
1699440 510
1699450 510
1699460 510
1699470 511
1699480 511
1699490 511
1699500 511
1699510 511
1699520 511
1699530 512
1699540 511
1699550 511
1699560 511
1699570 511
1699580 510
1699590 510
1699600 510
1699610 510
1699620 510
1699630 510
1699640 511
1699650 511
1699660 512
1699670 512
1699680 512
1699690 512
1699700 512
1699710 512
1699720 512
1699730 512
1699740 512
1699750 512
1699760 513
1699770 513
1699780 513
1699790 513
1699800 513
1699810 513
1699820 513
1699830 513
1699840 513
1699850 513
1699860 514
1699870 514
1699880 514
1699890 514
1699900 514
1699910 515
1699920 515
1699930 515
1699940 515
1699950 516
1699960 516
1699970 516
1699980 516
1699990 517
