1680000 567
1680010 568
1680020 568
1680030 568
1680040 568
1680050 568
1680060 569
1680070 569
1680080 569
1680090 569
1680100 569
1680110 569
1680120 569
1680130 569
1680140 569
1680150 568
1680160 568
1680170 568
1680180 568
1680190 568
1680200 568
1680210 568
1680220 567
1680230 567
1680240 567
1680250 566
1680260 566
1680270 566
1680280 565
1680290 565
1680300 565
1680310 564
1680320 564
1680330 563
1680340 563
1680350 563
1680360 562
1680370 562
1680380 561
1680390 560
1680400 559
1680410 559
1680420 559
1680430 558
1680440 558
1680450 558
1680460 558
1680470 558
1680480 558
1680490 558
1680500 558
1680510 558
1680520 558
1680530 558
1680540 558
1680550 558
1680560 558
1680570 558
1680580 558
1680590 558
1680600 558
1680610 558
1680620 557
1680630 557
1680640 557
1680650 557
1680660 557
1680670 557
1680680 557
1680690 557
1680700 557
1680710 557
1680720 557
1680730 557
1680740 557
1680750 557
1680760 557
1680770 557
1680780 557
1680790 557
1680800 557
1680810 557
1680820 558
1680830 558
1680840 558
1680850 558
1680860 559
1680870 559
1680880 559
1680890 560
1680900 560
1680910 559
1680920 559
1680930 559
1680940 559
1680950 559
1680960 560
1680970 560
1680980 560
1680990 560
1681000 560
1681010 560
1681020 560
1681030 560
1681040 561
1681050 561
1681060 561
1681070 562
1681080 562
1681090 562
1681100 563
1681110 563
1681120 564
1681130 565
1681140 565
1681150 566
1681160 567
1681170 567
1681180 568
1681190 569
1681200 570
1681210 571
1681220 571
1681230 572
1681240 573
1681250 574
1681260 574
1681270 575
1681280 576
1681290 576
1681300 577
1681310 576
1681320 576
1681330 576
1681340 575
1681350 575
1681360 575
1681370 575
1681380 576
1681390 576
1681400 577
1681410 577
1681420 577
1681430 578
1681440 578
1681450 578
1681460 578
1681470 578
1681480 578
1681490 578
1681500 578
1681510 578
1681520 578
1681530 579
1681540 579
1681550 579
1681560 580
1681570 580
1681580 580
1681590 581
1681600 581
1681610 582
1681620 582
1681630 582
1681640 582
1681650 583
1681660 583
1681670 583
1681680 583
1681690 583
1681700 583
1681710 583
1681720 583
1681730 583
1681740 583
1681750 584
1681760 583
1681770 583
1681780 583
1681790 583
1681800 583
1681810 583
1681820 583
1681830 583
1681840 583
1681850 582
1681860 582
1681870 582
1681880 581
1681890 581
1681900 581
1681910 580
1681920 580
1681930 580
1681940 579
1681950 579
1681960 579
1681970 578
1681980 578
1681990 577
1682000 576
1682010 576
1682020 575
1682030 575
1682040 574
1682050 574
1682060 573
1682070 572
1682080 572
1682090 571
1682100 571
1682110 570
1682120 570
1682130 570
1682140 569
1682150 569
1682160 569
1682170 569
1682180 568
1682190 568
1682200 567
1682210 566
1682220 566
1682230 565
1682240 565
1682250 565
1682260 564
1682270 564
1682280 564
1682290 564
1682300 564
1682310 564
1682320 563
1682330 563
1682340 563
1682350 563
1682360 563
1682370 563
1682380 562
1682390 562
1682400 562
1682410 562
1682420 562
1682430 562
1682440 562
1682450 563
1682460 562
1682470 562
1682480 562
1682490 562
1682500 562
1682510 562
1682520 563
1682530 563
1682540 563
1682550 564
1682560 564
1682570 564
1682580 564
1682590 564
1682600 564
1682610 565
1682620 565
1682630 565
1682640 565
1682650 565
1682660 565
1682670 566
1682680 566
1682690 566
1682700 566
1682710 566
1682720 566
1682730 566
1682740 566
1682750 567
1682760 567
1682770 567
1682780 567
1682790 568
1682800 568
1682810 568
1682820 569
1682830 569
1682840 569
1682850 570
1682860 570
1682870 571
1682880 571
1682890 572
1682900 572
1682910 573
1682920 573
1682930 573
1682940 573
1682950 574
1682960 574
1682970 575
1682980 577
1682990 579
1683000 581
1683010 583
1683020 584
1683030 586
1683040 588
1683050 589
1683060 590
1683070 591
1683080 592
1683090 593
1683100 594
1683110 594
1683120 595
1683130 596
1683140 597
1683150 597
1683160 598
1683170 599
1683180 599
1683190 600
1683200 600
1683210 600
1683220 600
1683230 600
1683240 600
1683250 600
1683260 600
1683270 600
1683280 600
1683290 601
1683300 601
1683310 602
1683320 602
1683330 602
1683340 602
1683350 603
1683360 603
1683370 604
1683380 604
1683390 604
1683400 605
1683410 605
1683420 604
1683430 603
1683440 602
1683450 602
1683460 601
1683470 601
1683480 601
1683490 600
1683500 600
1683510 599
1683520 598
1683530 598
1683540 597
1683550 597
1683560 596
1683570 596
1683580 595
1683590 595
1683600 595
1683610 594
1683620 594
1683630 594
1683640 594
1683650 593
1683660 593
1683670 593
1683680 592
1683690 592
1683700 592
1683710 591
1683720 591
1683730 591
1683740 590
1683750 590
1683760 590
1683770 589
1683780 589
1683790 589
1683800 589
1683810 589
1683820 589
1683830 589
1683840 589
1683850 589
1683860 589
1683870 589
1683880 589
1683890 589
1683900 588
1683910 588
1683920 587
1683930 587
1683940 586
1683950 585
1683960 585
1683970 585
1683980 584
1683990 584
1684000 583
1684010 583
1684020 583
1684030 582
1684040 582
1684050 582
1684060 581
1684070 581
1684080 581
1684090 581
1684100 580
1684110 580
1684120 580
1684130 580
1684140 580
1684150 579
1684160 579
1684170 579
1684180 578
1684190 578
1684200 578
1684210 578
1684220 577
1684230 577
1684240 577
1684250 577
1684260 576
1684270 576
1684280 575
1684290 575
1684300 574
1684310 574
1684320 574
1684330 574
1684340 574
1684350 574
1684360 574
1684370 574
1684380 574
1684390 574
1684400 573
1684410 573
1684420 572
1684430 572
1684440 572
1684450 572
1684460 572
1684470 572
1684480 572
1684490 573
1684500 573
1684510 572
1684520 572
1684530 572
1684540 571
1684550 571
1684560 570
1684570 570
1684580 569
1684590 569
1684600 569
1684610 569
1684620 568
1684630 568
1684640 568
1684650 568
1684660 567
1684670 567
1684680 567
1684690 567
1684700 567
1684710 567
1684720 566
1684730 566
1684740 566
1684750 565
1684760 565
1684770 565
1684780 565
1684790 564
1684800 564
1684810 564
1684820 564
1684830 564
1684840 564
1684850 563
1684860 563
1684870 563
1684880 563
1684890 563
1684900 563
1684910 563
1684920 563
1684930 563
1684940 562
1684950 562
1684960 562
1684970 562
1684980 562
1684990 562
1685000 562
1685010 562
1685020 562
1685030 561
1685040 562
1685050 562
1685060 562
1685070 562
1685080 562
1685090 562
1685100 562
1685110 562
1685120 562
1685130 562
1685140 562
1685150 562
1685160 562
1685170 562
1685180 562
1685190 561
1685200 561
1685210 562
1685220 562
1685230 562
1685240 562
1685250 562
1685260 562
1685270 562
1685280 562
1685290 562
1685300 562
1685310 562
1685320 562
1685330 562
1685340 562
1685350 562
1685360 562
1685370 562
1685380 562
1685390 563
1685400 563
1685410 563
1685420 563
1685430 563
1685440 564
1685450 564
1685460 564
1685470 564
1685480 565
1685490 565
1685500 565
1685510 565
1685520 565
1685530 566
1685540 566
1685550 566
1685560 566
1685570 567
1685580 567
1685590 567
1685600 568
1685610 568
1685620 568
1685630 569
1685640 569
1685650 569
1685660 570
1685670 570
1685680 570
1685690 570
1685700 570
1685710 571
1685720 571
1685730 572
1685740 572
1685750 572
1685760 572
1685770 573
1685780 573
1685790 573
1685800 574
1685810 574
1685820 574
1685830 575
1685840 575
1685850 575
1685860 575
1685870 576
1685880 576
1685890 577
1685900 577
1685910 577
1685920 578
1685930 578
1685940 579
1685950 579
1685960 579
1685970 580
1685980 580
1685990 581
1686000 581
1686010 582
1686020 583
1686030 583
1686040 584
1686050 585
1686060 585
1686070 586
1686080 587
1686090 587
1686100 588
1686110 589
1686120 590
1686130 591
1686140 592
1686150 593
1686160 594
1686170 595
1686180 596
1686190 597
1686200 598
1686210 599
1686220 600
1686230 600
1686240 600
1686250 601
1686260 601
1686270 602
1686280 602
1686290 603
1686300 603
1686310 603
1686320 603
1686330 603
1686340 604
1686350 604
1686360 604
1686370 604
1686380 604
1686390 605
1686400 605
1686410 605
1686420 605
1686430 605
1686440 605
1686450 605
1686460 605
1686470 605
1686480 606
1686490 606
1686500 606
1686510 606
1686520 606
1686530 607
1686540 607
1686550 607
1686560 607
1686570 607
1686580 607
1686590 607
1686600 607
1686610 607
1686620 607
1686630 607
1686640 607
1686650 607
1686660 608
1686670 608
1686680 609
1686690 609
1686700 609
1686710 610
1686720 610
1686730 610
1686740 610
1686750 610
1686760 610
1686770 610
1686780 610
1686790 610
1686800 610
1686810 610
1686820 609
1686830 609
1686840 609
1686850 609
1686860 609
1686870 609
1686880 608
1686890 608
1686900 608
1686910 608
1686920 607
1686930 607
1686940 607
1686950 607
1686960 606
1686970 606
1686980 605
1686990 605
1687000 605
1687010 605
1687020 604
1687030 604
1687040 604
1687050 604
1687060 604
1687070 603
1687080 603
1687090 603
1687100 602
1687110 602
1687120 602
1687130 601
1687140 601
1687150 601
1687160 601
1687170 601
1687180 600
1687190 600
1687200 599
1687210 598
1687220 598
1687230 597
1687240 597
1687250 597
1687260 597
1687270 597
1687280 596
1687290 596
1687300 596
1687310 596
1687320 596
1687330 596
1687340 595
1687350 595
1687360 595
1687370 595
1687380 595
1687390 595
1687400 595
1687410 595
1687420 595
1687430 595
1687440 595
1687450 595
1687460 595
1687470 595
1687480 595
1687490 595
1687500 595
1687510 595
1687520 595
1687530 595
1687540 595
1687550 595
1687560 595
1687570 596
1687580 596
1687590 596
1687600 596
1687610 596
1687620 596
1687630 597
1687640 597
1687650 597
1687660 598
1687670 598
1687680 598
1687690 599
1687700 599
1687710 599
1687720 600
1687730 600
1687740 600
1687750 600
1687760 601
1687770 601
1687780 602
1687790 602
1687800 602
1687810 602
1687820 603
1687830 603
1687840 602
1687850 602
1687860 602
1687870 602
1687880 602
1687890 601
1687900 601
1687910 601
1687920 601
1687930 601
1687940 601
1687950 601
1687960 601
1687970 601
1687980 601
1687990 601
1688000 601
1688010 601
1688020 602
1688030 602
1688040 602
1688050 602
1688060 602
1688070 603
1688080 603
1688090 603
1688100 603
1688110 604
1688120 604
1688130 604
1688140 605
1688150 605
1688160 605
1688170 606
1688180 606
1688190 607
1688200 607
1688210 608
1688220 609
1688230 610
1688240 611
1688250 612
1688260 612
1688270 613
1688280 613
1688290 614
1688300 614
1688310 615
1688320 615
1688330 615
1688340 616
1688350 616
1688360 617
1688370 617
1688380 617
1688390 617
1688400 617
1688410 617
1688420 617
1688430 616
1688440 616
1688450 616
1688460 615
1688470 614
1688480 614
1688490 613
1688500 613
1688510 613
1688520 612
1688530 612
1688540 611
1688550 611
1688560 610
1688570 610
1688580 609
1688590 609
1688600 609
1688610 608
1688620 608
1688630 607
1688640 606
1688650 606
1688660 606
1688670 605
1688680 605
1688690 605
1688700 604
1688710 604
1688720 604
1688730 604
1688740 603
1688750 603
1688760 603
1688770 602
1688780 602
1688790 602
1688800 602
1688810 601
1688820 601
1688830 601
1688840 601
1688850 600
1688860 600
1688870 600
1688880 599
1688890 599
1688900 599
1688910 598
1688920 598
1688930 598
1688940 597
1688950 596
1688960 595
1688970 594
1688980 594
1688990 593
1689000 592
1689010 592
1689020 591
1689030 591
1689040 591
1689050 591
1689060 590
1689070 590
1689080 589
1689090 589
1689100 589
1689110 589
1689120 588
1689130 588
1689140 588
1689150 588
1689160 587
1689170 587
1689180 586
1689190 586
1689200 586
1689210 585
1689220 585
1689230 584
1689240 584
1689250 584
1689260 583
1689270 583
1689280 583
1689290 582
1689300 582
1689310 581
1689320 581
1689330 581
1689340 580
1689350 580
1689360 580
1689370 579
1689380 579
1689390 579
1689400 579
1689410 578
1689420 578
1689430 578
1689440 578
1689450 578
1689460 578
1689470 578
1689480 578
1689490 578
1689500 578
1689510 578
1689520 578
1689530 578
1689540 577
1689550 577
1689560 577
1689570 577
1689580 577
1689590 576
1689600 576
1689610 576
1689620 576
1689630 576
1689640 575
1689650 575
1689660 575
1689670 575
1689680 574
1689690 574
1689700 574
1689710 574
1689720 574
1689730 573
1689740 573
1689750 573
1689760 573
1689770 573
1689780 573
1689790 573
1689800 573
1689810 573
1689820 573
1689830 573
1689840 573
1689850 573
1689860 573
1689870 573
1689880 574
1689890 574
1689900 574
1689910 574
1689920 574
1689930 573
1689940 573
1689950 573
1689960 573
1689970 573
1689980 573
1689990 572
1690000 572
1690010 572
1690020 571
1690030 570
1690040 569
1690050 568
1690060 567
1690070 566
1690080 566
1690090 566
1690100 566
1690110 565
1690120 565
1690130 565
1690140 564
1690150 564
1690160 564
1690170 564
1690180 564
1690190 565
1690200 565
1690210 565
1690220 565
1690230 565
1690240 565
1690250 565
1690260 566
1690270 566
1690280 566
1690290 566
1690300 566
1690310 565
1690320 564
1690330 562
1690340 561
1690350 561
1690360 561
1690370 561
1690380 560
1690390 560
1690400 560
1690410 560
1690420 560
1690430 560
1690440 560
1690450 560
1690460 560
1690470 560
1690480 560
1690490 559
1690500 559
1690510 559
1690520 559
1690530 559
1690540 559
1690550 559
1690560 559
1690570 559
1690580 559
1690590 559
1690600 559
1690610 559
1690620 559
1690630 559
1690640 559
1690650 559
1690660 559
1690670 559
1690680 560
1690690 560
1690700 560
1690710 560
1690720 561
1690730 561
1690740 561
1690750 562
1690760 562
1690770 563
1690780 563
1690790 564
1690800 565
1690810 565
1690820 565
1690830 565
1690840 565
1690850 565
1690860 565
1690870 564
1690880 564
1690890 564
1690900 564
1690910 564
1690920 564
1690930 564
1690940 564
1690950 564
1690960 564
1690970 563
1690980 563
1690990 563
1691000 563
1691010 562
1691020 562
1691030 562
1691040 562
1691050 562
1691060 562
1691070 562
1691080 562
1691090 562
1691100 562
1691110 562
1691120 561
1691130 561
1691140 561
1691150 561
1691160 561
1691170 561
1691180 561
1691190 561
1691200 561
1691210 561
1691220 561
1691230 561
1691240 561
1691250 561
1691260 561
1691270 561
1691280 561
1691290 561
1691300 561
1691310 561
1691320 561
1691330 561
1691340 561
1691350 561
1691360 561
1691370 561
1691380 561
1691390 561
1691400 561
1691410 561
1691420 561
1691430 562
1691440 562
1691450 562
1691460 562
1691470 562
1691480 562
1691490 562
1691500 562
1691510 562
1691520 562
1691530 563
1691540 563
1691550 563
1691560 563
1691570 563
1691580 564
1691590 564
1691600 564
1691610 564
1691620 565
1691630 565
1691640 565
1691650 565
1691660 566
1691670 566
1691680 566
1691690 567
1691700 567
1691710 567
1691720 567
1691730 568
1691740 568
1691750 568
1691760 568
1691770 568
1691780 569
1691790 569
1691800 569
1691810 569
1691820 569
1691830 569
1691840 569
1691850 569
1691860 569
1691870 569
1691880 569
1691890 569
1691900 569
1691910 569
1691920 569
1691930 569
1691940 569
1691950 569
1691960 568
1691970 568
1691980 568
1691990 568
1692000 568
1692010 568
1692020 568
1692030 568
1692040 568
1692050 569
1692060 569
1692070 569
1692080 570
1692090 570
1692100 570
1692110 570
1692120 571
1692130 571
1692140 571
1692150 571
1692160 571
1692170 572
1692180 572
1692190 572
1692200 572
1692210 572
1692220 572
1692230 573
1692240 573
1692250 573
1692260 573
1692270 574
1692280 574
1692290 574
1692300 574
1692310 574
1692320 575
1692330 575
1692340 575
1692350 575
1692360 575
1692370 575
1692380 575
1692390 576
1692400 576
1692410 576
1692420 576
1692430 576
1692440 576
1692450 577
1692460 577
1692470 577
1692480 577
1692490 577
1692500 578
1692510 578
1692520 578
1692530 578
1692540 578
1692550 579
1692560 579
1692570 579
1692580 579
1692590 579
1692600 579
1692610 580
1692620 580
1692630 580
1692640 580
1692650 580
1692660 580
1692670 580
1692680 580
1692690 580
1692700 580
1692710 580
1692720 580
1692730 580
1692740 580
1692750 580
1692760 580
1692770 581
1692780 581
1692790 581
1692800 581
1692810 581
1692820 581
1692830 581
1692840 581
1692850 581
1692860 581
1692870 581
1692880 581
1692890 581
1692900 582
1692910 582
1692920 582
1692930 582
1692940 582
1692950 582
1692960 582
1692970 582
1692980 582
1692990 582
1693000 582
1693010 582
1693020 583
1693030 583
1693040 583
1693050 583
1693060 583
1693070 583
1693080 583
1693090 583
1693100 583
1693110 583
1693120 582
1693130 582
1693140 582
1693150 582
1693160 582
1693170 581
1693180 581
1693190 581
1693200 580
1693210 580
1693220 580
1693230 580
1693240 579
1693250 579
1693260 578
1693270 578
1693280 577
1693290 577
1693300 576
1693310 576
1693320 575
1693330 575
1693340 574
1693350 574
1693360 574
1693370 573
1693380 573
1693390 572
1693400 572
1693410 571
1693420 571
1693430 570
1693440 570
1693450 570
1693460 569
1693470 569
1693480 568
1693490 567
1693500 567
1693510 567
1693520 567
1693530 566
1693540 566
1693550 565
1693560 565
1693570 564
1693580 564
1693590 564
1693600 563
1693610 563
1693620 562
1693630 562
1693640 562
1693650 561
1693660 561
1693670 561
1693680 561
1693690 560
1693700 560
1693710 559
1693720 559
1693730 558
1693740 558
1693750 557
1693760 556
1693770 556
1693780 555
1693790 555
1693800 555
1693810 555
1693820 555
1693830 555
1693840 554
1693850 554
1693860 554
1693870 554
1693880 554
1693890 554
1693900 553
1693910 553
1693920 553
1693930 553
1693940 552
1693950 552
1693960 552
1693970 551
1693980 551
1693990 551
1694000 551
1694010 551
1694020 550
1694030 550
1694040 550
1694050 550
1694060 550
1694070 549
1694080 549
1694090 549
1694100 549
1694110 549
1694120 548
1694130 548
1694140 548
1694150 548
1694160 548
1694170 547
1694180 547
1694190 547
1694200 547
1694210 547
1694220 547
1694230 546
1694240 546
1694250 546
1694260 546
1694270 545
1694280 545
1694290 545
1694300 545
1694310 544
1694320 544
1694330 544
1694340 544
1694350 544
1694360 544
1694370 543
1694380 543
1694390 543
1694400 543
1694410 543
1694420 543
1694430 543
1694440 543
1694450 543
1694460 543
1694470 543
1694480 543
1694490 543
1694500 543
1694510 543
1694520 543
1694530 543
1694540 543
1694550 543
1694560 543
1694570 544
1694580 544
1694590 543
1694600 543
1694610 543
1694620 543
1694630 542
1694640 542
1694650 542
1694660 542
1694670 541
1694680 541
1694690 541
1694700 541
1694710 540
1694720 540
1694730 540
1694740 539
1694750 539
1694760 539
1694770 538
1694780 538
1694790 538
1694800 537
1694810 537
1694820 536
1694830 536
1694840 535
1694850 535
1694860 535
1694870 536
1694880 536
1694890 536
1694900 536
1694910 535
1694920 535
1694930 535
1694940 536
1694950 536
1694960 537
1694970 538
1694980 539
1694990 539
1695000 539
1695010 540
1695020 541
1695030 542
1695040 542
1695050 543
1695060 544
1695070 544
1695080 545
1695090 545
1695100 545
1695110 546
1695120 546
1695130 547
1695140 547
1695150 547
1695160 548
1695170 548
1695180 549
1695190 549
1695200 549
1695210 550
1695220 550
1695230 550
1695240 550
1695250 550
1695260 550
1695270 550
1695280 551
1695290 551
1695300 551
1695310 551
1695320 552
1695330 552
1695340 552
1695350 552
1695360 553
1695370 553
1695380 553
1695390 553
1695400 554
1695410 554
1695420 554
1695430 554
1695440 554
1695450 554
1695460 554
1695470 553
1695480 553
1695490 553
1695500 553
1695510 552
1695520 552
1695530 552
1695540 552
1695550 552
1695560 552
1695570 551
1695580 551
1695590 551
1695600 551
1695610 550
1695620 550
1695630 550
1695640 550
1695650 550
1695660 549
1695670 549
1695680 549
1695690 549
1695700 548
1695710 548
1695720 548
1695730 548
1695740 548
1695750 548
1695760 547
1695770 547
1695780 547
1695790 546
1695800 546
1695810 546
1695820 546
1695830 545
1695840 545
1695850 545
1695860 544
1695870 544
1695880 544
1695890 543
1695900 543
1695910 542
1695920 542
1695930 541
1695940 541
1695950 540
1695960 540
1695970 540
1695980 539
1695990 539
1696000 539
1696010 538
1696020 538
1696030 538
1696040 538
1696050 537
1696060 537
1696070 537
1696080 537
1696090 536
1696100 536
1696110 536
1696120 536
1696130 536
1696140 536
1696150 536
1696160 536
1696170 536
1696180 536
1696190 536
1696200 536
1696210 536
1696220 536
1696230 536
1696240 536
1696250 536
1696260 536
1696270 536
1696280 536
1696290 536
1696300 536
1696310 536
1696320 536
1696330 537
1696340 537
1696350 537
1696360 537
1696370 537
1696380 537
1696390 537
1696400 537
1696410 537
1696420 537
1696430 537
1696440 537
1696450 537
1696460 537
1696470 537
1696480 537
1696490 537
1696500 537
1696510 536
1696520 536
1696530 536
1696540 536
1696550 536
1696560 536
1696570 536
1696580 536
1696590 536
1696600 535
1696610 535
1696620 535
1696630 535
1696640 535
1696650 535
1696660 535
1696670 535
1696680 534
1696690 534
1696700 534
1696710 534
1696720 534
1696730 534
1696740 534
1696750 534
1696760 534
1696770 534
1696780 534
1696790 535
1696800 535
1696810 535
1696820 535
1696830 535
1696840 535
1696850 535
1696860 535
1696870 535
1696880 535
1696890 535
1696900 536
1696910 536
1696920 536
1696930 536
1696940 536
1696950 536
1696960 536
1696970 536
1696980 535
1696990 535
1697000 535
1697010 535
1697020 535
1697030 534
1697040 534
1697050 534
1697060 534
1697070 534
1697080 533
1697090 533
1697100 532
1697110 532
1697120 532
1697130 531
1697140 530
1697150 530
1697160 529
1697170 529
1697180 528
1697190 527
1697200 527
1697210 526
1697220 526
1697230 526
1697240 525
1697250 525
1697260 525
1697270 524
1697280 523
1697290 523
1697300 522
1697310 522
1697320 522
1697330 522
1697340 521
1697350 521
1697360 521
1697370 521
1697380 521
1697390 520
1697400 520
1697410 519
1697420 519
1697430 519
1697440 519
1697450 519
1697460 518
1697470 518
1697480 518
1697490 518
1697500 518
1697510 518
1697520 518
1697530 518
1697540 517
1697550 517
1697560 517
1697570 517
1697580 517
1697590 517
1697600 516
1697610 516
1697620 516
1697630 516
1697640 516
1697650 516
1697660 516
1697670 516
1697680 516
1697690 515
1697700 515
1697710 515
1697720 515
1697730 515
1697740 515
1697750 515
1697760 515
1697770 515
1697780 515
1697790 514
1697800 514
1697810 514
1697820 514
1697830 513
1697840 513
1697850 513
1697860 513
1697870 512
1697880 512
1697890 512
1697900 512
1697910 512
1697920 512
1697930 512
1697940 512
1697950 512
1697960 512
1697970 512
1697980 512
1697990 512
1698000 512
1698010 512
1698020 512
1698030 512
1698040 512
1698050 512
1698060 512
1698070 512
1698080 512
1698090 512
1698100 513
1698110 513
1698120 513
1698130 513
1698140 513
1698150 513
1698160 513
1698170 513
1698180 513
1698190 513
1698200 513
1698210 513
1698220 513
1698230 513
1698240 513
1698250 513
1698260 513
1698270 513
1698280 513
1698290 513
1698300 514
1698310 514
1698320 514
1698330 514
1698340 514
1698350 514
1698360 514
1698370 514
1698380 514
1698390 514
1698400 514
1698410 514
1698420 514
1698430 514
1698440 514
1698450 514
1698460 514
1698470 514
1698480 514
1698490 514
1698500 514
1698510 514
1698520 515
1698530 515
1698540 515
1698550 515
1698560 515
1698570 515
1698580 515
1698590 515
1698600 515
1698610 515
1698620 515
1698630 515
1698640 515
1698650 515
1698660 515
1698670 515
1698680 515
1698690 515
1698700 515
1698710 515
1698720 515
1698730 515
1698740 515
1698750 515
1698760 514
1698770 514
1698780 514
1698790 514
1698800 514
1698810 514
1698820 514
1698830 514
1698840 514
1698850 514
1698860 514
1698870 514
1698880 514
1698890 514
1698900 514
1698910 514
1698920 514
1698930 514
1698940 513
1698950 513
1698960 513
1698970 513
1698980 513
1698990 513
1699000 513
1699010 513
1699020 513
1699030 513
1699040 513
1699050 513
1699060 513
1699070 513
1699080 513
1699090 513
1699100 513
1699110 513
1699120 513
1699130 513
1699140 513
1699150 513
1699160 513
1699170 513
1699180 513
1699190 513
1699200 513
1699210 513
1699220 513
1699230 513
1699240 513
1699250 513
1699260 513
1699270 513
1699280 513
1699290 513
1699300 513
1699310 513
1699320 512
1699330 511
1699340 510
1699350 510
1699360 510
1699370 511
1699380 511
1699390 510
1699400 510
1699410 510
1699420 510
1699430 510
1699440 510
1699450 510
1699460 510
1699470 510
1699480 510
1699490 510
1699500 510
1699510 510
1699520 510
1699530 511
1699540 511
1699550 511
1699560 511
1699570 511
1699580 511
1699590 511
1699600 511
1699610 511
1699620 511
1699630 511
1699640 511
1699650 511
1699660 510
1699670 510
1699680 510
1699690 510
1699700 510
1699710 510
1699720 510
1699730 511
1699740 511
1699750 511
1699760 511
1699770 511
1699780 511
1699790 511
1699800 511
1699810 511
1699820 512
1699830 512
1699840 512
1699850 512
1699860 512
1699870 512
1699880 513
1699890 513
1699900 513
1699910 514
1699920 514
1699930 514
1699940 514
1699950 514
1699960 515
1699970 515
1699980 515
1699990 515
