1680000 552
1680010 552
1680020 552
1680030 552
1680040 552
1680050 552
1680060 552
1680070 552
1680080 551
1680090 551
1680100 550
1680110 550
1680120 549
1680130 548
1680140 548
1680150 547
1680160 547
1680170 546
1680180 545
1680190 545
1680200 544
1680210 543
1680220 543
1680230 542
1680240 542
1680250 542
1680260 541
1680270 541
1680280 540
1680290 540
1680300 541
1680310 541
1680320 542
1680330 543
1680340 544
1680350 545
1680360 545
1680370 545
1680380 545
1680390 545
1680400 546
1680410 546
1680420 546
1680430 546
1680440 546
1680450 545
1680460 545
1680470 545
1680480 545
1680490 545
1680500 545
1680510 545
1680520 544
1680530 544
1680540 544
1680550 544
1680560 543
1680570 543
1680580 543
1680590 543
1680600 542
1680610 542
1680620 541
1680630 541
1680640 540
1680650 539
1680660 538
1680670 538
1680680 537
1680690 537
1680700 537
1680710 537
1680720 537
1680730 537
1680740 537
1680750 537
1680760 537
1680770 537
1680780 537
1680790 537
1680800 538
1680810 538
1680820 538
1680830 538
1680840 537
1680850 538
1680860 538
1680870 538
1680880 538
1680890 538
1680900 538
1680910 539
1680920 539
1680930 539
1680940 539
1680950 539
1680960 539
1680970 539
1680980 539
1680990 539
1681000 539
1681010 538
1681020 538
1681030 539
1681040 540
1681050 540
1681060 540
1681070 540
1681080 540
1681090 540
1681100 540
1681110 540
1681120 541
1681130 542
1681140 542
1681150 542
1681160 543
1681170 543
1681180 543
1681190 543
1681200 543
1681210 543
1681220 543
1681230 544
1681240 544
1681250 544
1681260 544
1681270 543
1681280 542
1681290 541
1681300 541
1681310 541
1681320 540
1681330 540
1681340 540
1681350 540
1681360 540
1681370 540
1681380 541
1681390 541
1681400 542
1681410 544
1681420 545
1681430 546
1681440 547
1681450 548
1681460 549
1681470 550
1681480 551
1681490 551
1681500 551
1681510 552
1681520 552
1681530 552
1681540 552
1681550 552
1681560 552
1681570 552
1681580 552
1681590 552
1681600 551
1681610 551
1681620 551
1681630 551
1681640 551
1681650 550
1681660 550
1681670 550
1681680 550
1681690 551
1681700 551
1681710 552
1681720 552
1681730 553
1681740 553
1681750 553
1681760 553
1681770 554
1681780 554
1681790 554
1681800 554
1681810 554
1681820 554
1681830 554
1681840 555
1681850 555
1681860 555
1681870 555
1681880 555
1681890 555
1681900 555
1681910 555
1681920 554
1681930 554
1681940 555
1681950 555
1681960 555
1681970 555
1681980 555
1681990 555
1682000 555
1682010 555
1682020 555
1682030 556
1682040 556
1682050 556
1682060 557
1682070 557
1682080 557
1682090 557
1682100 558
1682110 558
1682120 558
1682130 558
1682140 559
1682150 559
1682160 559
1682170 560
1682180 560
1682190 561
1682200 562
1682210 562
1682220 563
1682230 564
1682240 565
1682250 566
1682260 567
1682270 568
1682280 569
1682290 570
1682300 571
1682310 571
1682320 572
1682330 573
1682340 573
1682350 574
1682360 575
1682370 575
1682380 576
1682390 577
1682400 577
1682410 578
1682420 579
1682430 579
1682440 580
1682450 581
1682460 582
1682470 582
1682480 583
1682490 584
1682500 585
1682510 586
1682520 587
1682530 588
1682540 589
1682550 589
1682560 590
1682570 590
1682580 591
1682590 591
1682600 592
1682610 593
1682620 594
1682630 595
1682640 596
1682650 596
1682660 596
1682670 596
1682680 596
1682690 596
1682700 596
1682710 597
1682720 597
1682730 597
1682740 598
1682750 598
1682760 598
1682770 598
1682780 597
1682790 597
1682800 597
1682810 596
1682820 596
1682830 595
1682840 594
1682850 593
1682860 594
1682870 595
1682880 596
1682890 598
1682900 598
1682910 599
1682920 600
1682930 600
1682940 600
1682950 600
1682960 600
1682970 600
1682980 600
1682990 599
1683000 599
1683010 599
1683020 599
1683030 599
1683040 599
1683050 598
1683060 598
1683070 598
1683080 598
1683090 598
1683100 598
1683110 598
1683120 598
1683130 598
1683140 597
1683150 597
1683160 596
1683170 596
1683180 595
1683190 595
1683200 595
1683210 594
1683220 594
1683230 593
1683240 593
1683250 592
1683260 592
1683270 591
1683280 591
1683290 590
1683300 590
1683310 590
1683320 589
1683330 589
1683340 589
1683350 588
1683360 588
1683370 588
1683380 588
1683390 588
1683400 588
1683410 588
1683420 588
1683430 588
1683440 588
1683450 588
1683460 588
1683470 588
1683480 588
1683490 588
1683500 588
1683510 588
1683520 588
1683530 588
1683540 588
1683550 588
1683560 589
1683570 589
1683580 590
1683590 590
1683600 591
1683610 591
1683620 592
1683630 592
1683640 592
1683650 593
1683660 594
1683670 595
1683680 596
1683690 596
1683700 597
1683710 597
1683720 598
1683730 599
1683740 600
1683750 600
1683760 600
1683770 600
1683780 600
1683790 601
1683800 601
1683810 601
1683820 601
1683830 602
1683840 602
1683850 601
1683860 601
1683870 600
1683880 600
1683890 599
1683900 598
1683910 598
1683920 598
1683930 597
1683940 597
1683950 596
1683960 595
1683970 594
1683980 593
1683990 592
1684000 591
1684010 590
1684020 589
1684030 587
1684040 587
1684050 586
1684060 585
1684070 585
1684080 585
1684090 584
1684100 584
1684110 584
1684120 584
1684130 584
1684140 584
1684150 585
1684160 585
1684170 585
1684180 586
1684190 587
1684200 587
1684210 587
1684220 587
1684230 587
1684240 587
1684250 588
1684260 589
1684270 589
1684280 589
1684290 590
1684300 591
1684310 592
1684320 593
1684330 594
1684340 594
1684350 595
1684360 595
1684370 596
1684380 596
1684390 596
1684400 596
1684410 596
1684420 596
1684430 596
1684440 596
1684450 596
1684460 596
1684470 596
1684480 596
1684490 597
1684500 597
1684510 597
1684520 597
1684530 597
1684540 597
1684550 597
1684560 597
1684570 597
1684580 597
1684590 597
1684600 597
1684610 597
1684620 597
1684630 597
1684640 597
1684650 597
1684660 597
1684670 598
1684680 598
1684690 598
1684700 598
1684710 598
1684720 599
1684730 599
1684740 599
1684750 599
1684760 600
1684770 600
1684780 601
1684790 601
1684800 602
1684810 602
1684820 603
1684830 603
1684840 603
1684850 604
1684860 604
1684870 604
1684880 605
1684890 605
1684900 605
1684910 605
1684920 605
1684930 606
1684940 606
1684950 606
1684960 606
1684970 606
1684980 607
1684990 607
1685000 607
1685010 608
1685020 608
1685030 609
1685040 609
1685050 609
1685060 609
1685070 609
1685080 610
1685090 610
1685100 610
1685110 610
1685120 610
1685130 610
1685140 609
1685150 609
1685160 610
1685170 610
1685180 610
1685190 610
1685200 610
1685210 610
1685220 609
1685230 609
1685240 609
1685250 609
1685260 609
1685270 609
1685280 609
1685290 608
1685300 608
1685310 608
1685320 608
1685330 608
1685340 607
1685350 607
1685360 607
1685370 606
1685380 606
1685390 606
1685400 605
1685410 605
1685420 604
1685430 604
1685440 604
1685450 604
1685460 603
1685470 603
1685480 603
1685490 603
1685500 602
1685510 602
1685520 602
1685530 602
1685540 602
1685550 602
1685560 602
1685570 602
1685580 602
1685590 602
1685600 602
1685610 602
1685620 602
1685630 601
1685640 601
1685650 601
1685660 601
1685670 601
1685680 601
1685690 601
1685700 601
1685710 601
1685720 601
1685730 601
1685740 601
1685750 601
1685760 601
1685770 601
1685780 601
1685790 601
1685800 601
1685810 601
1685820 601
1685830 601
1685840 601
1685850 601
1685860 600
1685870 600
1685880 600
1685890 600
1685900 600
1685910 600
1685920 600
1685930 600
1685940 600
1685950 600
1685960 600
1685970 600
1685980 600
1685990 600
1686000 600
1686010 600
1686020 600
1686030 600
1686040 600
1686050 600
1686060 600
1686070 599
1686080 599
1686090 599
1686100 599
1686110 599
1686120 599
1686130 599
1686140 599
1686150 599
1686160 599
1686170 599
1686180 599
1686190 599
1686200 599
1686210 599
1686220 599
1686230 599
1686240 599
1686250 599
1686260 599
1686270 599
1686280 599
1686290 599
1686300 600
1686310 600
1686320 600
1686330 600
1686340 600
1686350 600
1686360 600
1686370 600
1686380 600
1686390 600
1686400 600
1686410 600
1686420 600
1686430 600
1686440 600
1686450 600
1686460 600
1686470 600
1686480 600
1686490 600
1686500 600
1686510 600
1686520 600
1686530 600
1686540 601
1686550 601
1686560 601
1686570 602
1686580 602
1686590 602
1686600 602
1686610 603
1686620 603
1686630 603
1686640 604
1686650 604
1686660 604
1686670 605
1686680 605
1686690 605
1686700 606
1686710 606
1686720 607
1686730 607
1686740 608
1686750 608
1686760 609
1686770 610
1686780 612
1686790 614
1686800 615
1686810 617
1686820 618
1686830 619
1686840 620
1686850 621
1686860 621
1686870 622
1686880 623
1686890 623
1686900 624
1686910 624
1686920 625
1686930 626
1686940 627
1686950 627
1686960 628
1686970 628
1686980 628
1686990 628
1687000 628
1687010 628
1687020 628
1687030 628
1687040 629
1687050 629
1687060 629
1687070 629
1687080 629
1687090 629
1687100 629
1687110 628
1687120 628
1687130 627
1687140 627
1687150 627
1687160 627
1687170 626
1687180 626
1687190 626
1687200 626
1687210 626
1687220 625
1687230 625
1687240 625
1687250 624
1687260 624
1687270 624
1687280 624
1687290 624
1687300 624
1687310 624
1687320 624
1687330 623
1687340 623
1687350 622
1687360 621
1687370 621
1687380 621
1687390 620
1687400 620
1687410 619
1687420 619
1687430 619
1687440 618
1687450 618
1687460 617
1687470 617
1687480 617
1687490 616
1687500 616
1687510 616
1687520 615
1687530 615
1687540 615
1687550 615
1687560 614
1687570 614
1687580 614
1687590 614
1687600 614
1687610 613
1687620 613
1687630 613
1687640 613
1687650 612
1687660 612
1687670 612
1687680 612
1687690 611
1687700 611
1687710 611
1687720 611
1687730 610
1687740 610
1687750 610
1687760 610
1687770 610
1687780 609
1687790 609
1687800 609
1687810 609
1687820 609
1687830 609
1687840 609
1687850 609
1687860 609
1687870 608
1687880 608
1687890 608
1687900 608
1687910 608
1687920 607
1687930 607
1687940 607
1687950 607
1687960 607
1687970 607
1687980 607
1687990 606
1688000 606
1688010 606
1688020 606
1688030 606
1688040 606
1688050 606
1688060 606
1688070 606
1688080 606
1688090 605
1688100 605
1688110 605
1688120 605
1688130 605
1688140 605
1688150 605
1688160 605
1688170 605
1688180 604
1688190 604
1688200 604
1688210 604
1688220 604
1688230 604
1688240 604
1688250 604
1688260 604
1688270 604
1688280 604
1688290 604
1688300 604
1688310 604
1688320 604
1688330 604
1688340 603
1688350 603
1688360 603
1688370 603
1688380 603
1688390 603
1688400 603
1688410 603
1688420 603
1688430 603
1688440 603
1688450 603
1688460 603
1688470 603
1688480 603
1688490 603
1688500 603
1688510 602
1688520 602
1688530 602
1688540 602
1688550 602
1688560 602
1688570 602
1688580 601
1688590 601
1688600 601
1688610 601
1688620 601
1688630 601
1688640 601
1688650 601
1688660 601
1688670 601
1688680 601
1688690 601
1688700 601
1688710 601
1688720 601
1688730 601
1688740 600
1688750 600
1688760 600
1688770 600
1688780 600
1688790 600
1688800 600
1688810 600
1688820 600
1688830 600
1688840 600
1688850 600
1688860 600
1688870 600
1688880 600
1688890 600
1688900 600
1688910 600
1688920 600
1688930 600
1688940 600
1688950 600
1688960 600
1688970 600
1688980 600
1688990 600
1689000 600
1689010 600
1689020 600
1689030 600
1689040 600
1689050 600
1689060 600
1689070 600
1689080 600
1689090 600
1689100 600
1689110 600
1689120 600
1689130 600
1689140 600
1689150 601
1689160 601
1689170 600
1689180 600
1689190 601
1689200 601
1689210 601
1689220 601
1689230 601
1689240 601
1689250 601
1689260 601
1689270 602
1689280 602
1689290 602
1689300 602
1689310 602
1689320 602
1689330 602
1689340 603
1689350 603
1689360 603
1689370 603
1689380 604
1689390 604
1689400 604
1689410 604
1689420 605
1689430 605
1689440 605
1689450 605
1689460 605
1689470 605
1689480 606
1689490 606
1689500 606
1689510 606
1689520 606
1689530 606
1689540 606
1689550 606
1689560 606
1689570 606
1689580 606
1689590 606
1689600 606
1689610 606
1689620 606
1689630 606
1689640 606
1689650 606
1689660 606
1689670 605
1689680 605
1689690 605
1689700 605
1689710 605
1689720 604
1689730 604
1689740 604
1689750 604
1689760 603
1689770 603
1689780 603
1689790 603
1689800 602
1689810 602
1689820 602
1689830 602
1689840 601
1689850 601
1689860 601
1689870 600
1689880 600
1689890 599
1689900 599
1689910 598
1689920 598
1689930 598
1689940 598
1689950 597
1689960 597
1689970 597
1689980 597
1689990 596
1690000 596
1690010 596
1690020 596
1690030 596
1690040 596
1690050 596
1690060 596
1690070 596
1690080 596
1690090 596
1690100 596
1690110 596
1690120 596
1690130 596
1690140 596
1690150 596
1690160 596
1690170 595
1690180 595
1690190 594
1690200 593
1690210 593
1690220 592
1690230 591
1690240 591
1690250 591
1690260 590
1690270 589
1690280 589
1690290 588
1690300 588
1690310 587
1690320 586
1690330 585
1690340 585
1690350 584
1690360 583
1690370 583
1690380 582
1690390 582
1690400 581
1690410 581
1690420 580
1690430 580
1690440 579
1690450 578
1690460 578
1690470 577
1690480 577
1690490 576
1690500 575
1690510 575
1690520 574
1690530 574
1690540 573
1690550 572
1690560 572
1690570 571
1690580 570
1690590 570
1690600 569
1690610 569
1690620 569
1690630 569
1690640 569
1690650 568
1690660 568
1690670 568
1690680 568
1690690 568
1690700 568
1690710 568
1690720 567
1690730 567
1690740 567
1690750 567
1690760 567
1690770 567
1690780 567
1690790 567
1690800 567
1690810 567
1690820 567
1690830 567
1690840 567
1690850 567
1690860 567
1690870 567
1690880 566
1690890 566
1690900 566
1690910 566
1690920 566
1690930 565
1690940 564
1690950 564
1690960 563
1690970 561
1690980 559
1690990 558
1691000 558
1691010 557
1691020 556
1691030 557
1691040 557
1691050 557
1691060 558
1691070 558
1691080 558
1691090 558
1691100 559
1691110 559
1691120 560
1691130 561
1691140 562
1691150 563
1691160 563
1691170 563
1691180 564
1691190 564
1691200 564
1691210 564
1691220 564
1691230 565
1691240 565
1691250 565
1691260 566
1691270 566
1691280 566
1691290 567
1691300 567
1691310 567
1691320 568
1691330 568
1691340 568
1691350 568
1691360 569
1691370 569
1691380 569
1691390 570
1691400 570
1691410 570
1691420 570
1691430 571
1691440 571
1691450 571
1691460 571
1691470 571
1691480 571
1691490 571
1691500 571
1691510 570
1691520 570
1691530 570
1691540 570
1691550 570
1691560 569
1691570 569
1691580 569
1691590 568
1691600 568
1691610 567
1691620 567
1691630 566
1691640 566
1691650 565
1691660 565
1691670 564
1691680 563
1691690 562
1691700 562
1691710 562
1691720 561
1691730 561
1691740 560
1691750 559
1691760 558
1691770 557
1691780 557
1691790 555
1691800 554
1691810 552
1691820 550
1691830 549
1691840 548
1691850 547
1691860 546
1691870 545
1691880 545
1691890 545
1691900 544
1691910 543
1691920 542
1691930 540
1691940 539
1691950 539
1691960 539
1691970 539
1691980 539
1691990 540
1692000 540
1692010 542
1692020 544
1692030 546
1692040 549
1692050 551
1692060 552
1692070 553
1692080 555
1692090 556
1692100 559
1692110 561
1692120 563
1692130 565
1692140 566
1692150 567
1692160 567
1692170 568
1692180 568
1692190 568
1692200 568
1692210 569
1692220 569
1692230 568
1692240 568
1692250 568
1692260 567
1692270 567
1692280 567
1692290 566
1692300 566
1692310 566
1692320 565
1692330 564
1692340 564
1692350 563
1692360 562
1692370 561
1692380 561
1692390 560
1692400 560
1692410 559
1692420 558
1692430 558
1692440 557
1692450 556
1692460 556
1692470 555
1692480 555
1692490 554
1692500 554
1692510 553
1692520 553
1692530 552
1692540 552
1692550 551
1692560 551
1692570 550
1692580 550
1692590 549
1692600 549
1692610 549
1692620 548
1692630 548
1692640 547
1692650 547
1692660 546
1692670 546
1692680 546
1692690 545
1692700 545
1692710 544
1692720 544
1692730 544
1692740 543
1692750 543
1692760 542
1692770 542
1692780 541
1692790 541
1692800 541
1692810 540
1692820 540
1692830 539
1692840 539
1692850 538
1692860 538
1692870 538
1692880 537
1692890 537
1692900 536
1692910 535
1692920 535
1692930 535
1692940 535
1692950 535
1692960 535
1692970 535
1692980 535
1692990 535
1693000 535
1693010 534
1693020 534
1693030 534
1693040 534
1693050 533
1693060 533
1693070 533
1693080 533
1693090 533
1693100 532
1693110 532
1693120 532
1693130 531
1693140 531
1693150 531
1693160 531
1693170 530
1693180 530
1693190 530
1693200 530
1693210 530
1693220 529
1693230 529
1693240 529
1693250 529
1693260 528
1693270 528
1693280 528
1693290 528
1693300 527
1693310 527
1693320 527
1693330 527
1693340 526
1693350 526
1693360 525
1693370 525
1693380 525
1693390 524
1693400 524
1693410 523
1693420 523
1693430 522
1693440 522
1693450 521
1693460 521
1693470 521
1693480 519
1693490 519
1693500 518
1693510 518
1693520 518
1693530 517
1693540 517
1693550 518
1693560 518
1693570 518
1693580 518
1693590 517
1693600 517
1693610 517
1693620 516
1693630 516
1693640 516
1693650 516
1693660 516
1693670 516
1693680 516
1693690 516
1693700 516
1693710 516
1693720 516
1693730 516
1693740 517
1693750 517
1693760 518
1693770 518
1693780 518
1693790 518
1693800 518
1693810 518
1693820 519
1693830 519
1693840 519
1693850 519
1693860 519
1693870 520
1693880 520
1693890 520
1693900 520
1693910 520
1693920 520
1693930 521
1693940 521
1693950 521
1693960 521
1693970 521
1693980 522
1693990 522
1694000 522
1694010 522
1694020 523
1694030 523
1694040 523
1694050 523
1694060 524
1694070 524
1694080 524
1694090 525
1694100 525
1694110 525
1694120 526
1694130 526
1694140 526
1694150 526
1694160 527
1694170 527
1694180 527
1694190 527
1694200 528
1694210 528
1694220 528
1694230 528
1694240 528
1694250 528
1694260 529
1694270 529
1694280 529
1694290 529
1694300 529
1694310 529
1694320 530
1694330 530
1694340 530
1694350 530
1694360 530
1694370 530
1694380 530
1694390 530
1694400 530
1694410 530
1694420 530
1694430 530
1694440 530
1694450 530
1694460 530
1694470 530
1694480 530
1694490 530
1694500 530
1694510 530
1694520 530
1694530 530
1694540 530
1694550 530
1694560 530
1694570 530
1694580 530
1694590 530
1694600 530
1694610 530
1694620 530
1694630 530
1694640 530
1694650 530
1694660 530
1694670 530
1694680 529
1694690 529
1694700 529
1694710 529
1694720 529
1694730 529
1694740 529
1694750 529
1694760 529
1694770 529
1694780 529
1694790 529
1694800 529
1694810 529
1694820 529
1694830 529
1694840 528
1694850 528
1694860 528
1694870 528
1694880 528
1694890 528
1694900 528
1694910 528
1694920 528
1694930 528
1694940 528
1694950 528
1694960 528
1694970 528
1694980 528
1694990 528
1695000 528
1695010 528
1695020 528
1695030 528
1695040 528
1695050 528
1695060 528
1695070 528
1695080 528
1695090 528
1695100 528
1695110 528
1695120 528
1695130 528
1695140 528
1695150 528
1695160 528
1695170 528
1695180 527
1695190 527
1695200 527
1695210 527
1695220 527
1695230 527
1695240 527
1695250 527
1695260 527
1695270 527
1695280 527
1695290 527
1695300 527
1695310 527
1695320 527
1695330 527
1695340 527
1695350 527
1695360 527
1695370 527
1695380 527
1695390 527
1695400 526
1695410 526
1695420 526
1695430 526
1695440 525
1695450 525
1695460 525
1695470 525
1695480 525
1695490 525
1695500 524
1695510 524
1695520 524
1695530 524
1695540 524
1695550 524
1695560 525
1695570 524
1695580 524
1695590 524
1695600 524
1695610 524
1695620 524
1695630 524
1695640 524
1695650 524
1695660 524
1695670 524
1695680 524
1695690 524
1695700 524
1695710 523
1695720 523
1695730 523
1695740 523
1695750 523
1695760 523
1695770 523
1695780 523
1695790 522
1695800 522
1695810 522
1695820 522
1695830 522
1695840 522
1695850 521
1695860 521
1695870 521
1695880 521
1695890 520
1695900 520
1695910 520
1695920 519
1695930 519
1695940 519
1695950 518
1695960 518
1695970 517
1695980 516
1695990 516
1696000 515
1696010 514
1696020 512
1696030 511
1696040 510
1696050 508
1696060 507
1696070 506
1696080 505
1696090 503
1696100 501
1696110 500
1696120 500
1696130 500
1696140 499
1696150 499
1696160 499
1696170 500
1696180 500
1696190 501
1696200 501
1696210 502
1696220 503
1696230 505
1696240 506
1696250 508
1696260 510
1696270 512
1696280 514
1696290 517
1696300 519
1696310 521
1696320 522
1696330 523
1696340 524
1696350 525
1696360 525
1696370 525
1696380 526
1696390 526
1696400 526
1696410 527
1696420 527
1696430 527
1696440 527
1696450 527
1696460 527
1696470 527
1696480 526
1696490 526
1696500 526
1696510 526
1696520 526
1696530 526
1696540 525
1696550 525
1696560 525
1696570 525
1696580 525
1696590 525
1696600 525
1696610 525
1696620 525
1696630 525
1696640 525
1696650 525
1696660 525
1696670 525
1696680 525
1696690 525
1696700 525
1696710 525
1696720 525
1696730 525
1696740 525
1696750 525
1696760 525
1696770 525
1696780 525
1696790 525
1696800 524
1696810 524
1696820 524
1696830 524
1696840 524
1696850 524
1696860 524
1696870 524
1696880 524
1696890 523
1696900 523
1696910 523
1696920 523
1696930 523
1696940 523
1696950 522
1696960 522
1696970 522
1696980 523
1696990 523
1697000 523
1697010 523
1697020 523
1697030 523
1697040 523
1697050 523
1697060 523
1697070 523
1697080 523
1697090 523
1697100 523
1697110 523
1697120 523
1697130 523
1697140 523
1697150 523
1697160 523
1697170 523
1697180 523
1697190 523
1697200 523
1697210 523
1697220 523
1697230 523
1697240 523
1697250 523
1697260 523
1697270 523
1697280 523
1697290 524
1697300 524
1697310 524
1697320 524
1697330 524
1697340 524
1697350 524
1697360 524
1697370 524
1697380 524
1697390 524
1697400 524
1697410 524
1697420 524
1697430 524
1697440 525
1697450 525
1697460 525
1697470 525
1697480 525
1697490 525
1697500 525
1697510 525
1697520 525
1697530 524
1697540 524
1697550 524
1697560 524
1697570 524
1697580 524
1697590 524
1697600 524
1697610 523
1697620 523
1697630 523
1697640 523
1697650 523
1697660 523
1697670 522
1697680 522
1697690 522
1697700 522
1697710 522
1697720 521
1697730 521
1697740 521
1697750 521
1697760 521
1697770 520
1697780 520
1697790 519
1697800 518
1697810 518
1697820 518
1697830 517
1697840 517
1697850 517
1697860 517
1697870 517
1697880 517
1697890 517
1697900 517
1697910 517
1697920 517
1697930 517
1697940 516
1697950 516
1697960 516
1697970 516
1697980 516
1697990 515
1698000 515
1698010 515
1698020 515
1698030 514
1698040 514
1698050 514
1698060 514
1698070 513
1698080 513
1698090 513
1698100 513
1698110 513
1698120 513
1698130 512
1698140 512
1698150 512
1698160 512
1698170 512
1698180 512
1698190 511
1698200 511
1698210 511
1698220 510
1698230 510
1698240 510
1698250 510
1698260 509
1698270 509
1698280 509
1698290 509
1698300 509
1698310 509
1698320 508
1698330 508
1698340 508
1698350 508
1698360 508
1698370 508
1698380 508
1698390 508
1698400 508
1698410 507
1698420 507
1698430 507
1698440 507
1698450 506
1698460 506
1698470 506
1698480 506
1698490 506
1698500 505
1698510 505
1698520 504
1698530 504
1698540 504
1698550 504
1698560 504
1698570 503
1698580 503
1698590 503
1698600 503
1698610 503
1698620 502
1698630 502
1698640 502
1698650 501
1698660 501
1698670 501
1698680 501
1698690 501
1698700 502
1698710 502
1698720 502
1698730 502
1698740 502
1698750 502
1698760 502
1698770 502
1698780 502
1698790 503
1698800 503
1698810 503
1698820 503
1698830 503
1698840 503
1698850 503
1698860 503
1698870 503
1698880 504
1698890 504
1698900 504
1698910 504
1698920 504
1698930 504
1698940 504
1698950 504
1698960 504
1698970 504
1698980 504
1698990 504
1699000 504
1699010 504
1699020 504
1699030 504
1699040 504
1699050 504
1699060 504
1699070 503
1699080 503
1699090 503
1699100 503
1699110 503
1699120 502
1699130 502
1699140 502
1699150 502
1699160 502
1699170 501
1699180 501
1699190 501
1699200 501
1699210 500
1699220 500
1699230 500
1699240 499
1699250 499
1699260 499
1699270 499
1699280 498
1699290 498
1699300 498
1699310 498
1699320 498
1699330 497
1699340 497
1699350 497
1699360 496
1699370 496
1699380 496
1699390 496
1699400 495
1699410 495
1699420 494
1699430 494
1699440 493
1699450 492
1699460 492
1699470 492
1699480 491
1699490 491
1699500 491
1699510 491
1699520 490
1699530 490
1699540 490
1699550 490
1699560 490
1699570 490
1699580 490
1699590 491
1699600 491
1699610 492
1699620 492
1699630 493
1699640 494
1699650 495
1699660 495
1699670 496
1699680 496
1699690 497
1699700 497
1699710 498
1699720 498
1699730 498
1699740 498
1699750 499
1699760 499
1699770 499
1699780 499
1699790 499
1699800 500
1699810 500
1699820 500
1699830 500
1699840 500
1699850 500
1699860 500
1699870 500
1699880 500
1699890 501
1699900 501
1699910 501
1699920 501
1699930 501
1699940 501
1699950 501
1699960 501
1699970 501
1699980 501
1699990 501
