1680000 564
1680010 565
1680020 566
1680030 566
1680040 567
1680050 568
1680060 569
1680070 570
1680080 571
1680090 572
1680100 573
1680110 574
1680120 574
1680130 575
1680140 575
1680150 576
1680160 577
1680170 577
1680180 577
1680190 578
1680200 578
1680210 578
1680220 579
1680230 579
1680240 579
1680250 580
1680260 580
1680270 580
1680280 581
1680290 581
1680300 581
1680310 582
1680320 582
1680330 582
1680340 582
1680350 582
1680360 583
1680370 583
1680380 583
1680390 583
1680400 583
1680410 584
1680420 584
1680430 584
1680440 584
1680450 584
1680460 584
1680470 584
1680480 584
1680490 585
1680500 585
1680510 585
1680520 585
1680530 585
1680540 585
1680550 585
1680560 585
1680570 585
1680580 585
1680590 585
1680600 586
1680610 586
1680620 586
1680630 585
1680640 585
1680650 585
1680660 585
1680670 584
1680680 584
1680690 583
1680700 582
1680710 581
1680720 579
1680730 579
1680740 578
1680750 578
1680760 577
1680770 577
1680780 577
1680790 577
1680800 577
1680810 576
1680820 576
1680830 576
1680840 576
1680850 576
1680860 576
1680870 576
1680880 576
1680890 576
1680900 577
1680910 577
1680920 576
1680930 576
1680940 575
1680950 574
1680960 573
1680970 572
1680980 572
1680990 571
1681000 571
1681010 571
1681020 571
1681030 571
1681040 570
1681050 570
1681060 570
1681070 570
1681080 570
1681090 570
1681100 571
1681110 572
1681120 573
1681130 574
1681140 574
1681150 575
1681160 575
1681170 575
1681180 575
1681190 576
1681200 576
1681210 577
1681220 577
1681230 578
1681240 578
1681250 579
1681260 579
1681270 580
1681280 580
1681290 580
1681300 580
1681310 581
1681320 581
1681330 581
1681340 581
1681350 581
1681360 581
1681370 580
1681380 580
1681390 579
1681400 578
1681410 578
1681420 577
1681430 577
1681440 577
1681450 576
1681460 576
1681470 576
1681480 576
1681490 576
1681500 576
1681510 576
1681520 576
1681530 576
1681540 576
1681550 576
1681560 576
1681570 576
1681580 575
1681590 575
1681600 575
1681610 575
1681620 575
1681630 575
1681640 575
1681650 575
1681660 575
1681670 575
1681680 575
1681690 575
1681700 575
1681710 575
1681720 575
1681730 575
1681740 574
1681750 574
1681760 574
1681770 574
1681780 574
1681790 573
1681800 573
1681810 573
1681820 573
1681830 572
1681840 572
1681850 572
1681860 571
1681870 571
1681880 571
1681890 571
1681900 570
1681910 570
1681920 570
1681930 570
1681940 570
1681950 570
1681960 570
1681970 570
1681980 570
1681990 570
1682000 570
1682010 570
1682020 570
1682030 569
1682040 570
1682050 570
1682060 571
1682070 572
1682080 573
1682090 574
1682100 574
1682110 575
1682120 575
1682130 575
1682140 575
1682150 575
1682160 575
1682170 575
1682180 575
1682190 575
1682200 575
1682210 575
1682220 576
1682230 576
1682240 575
1682250 575
1682260 575
1682270 575
1682280 575
1682290 575
1682300 574
1682310 574
1682320 574
1682330 573
1682340 573
1682350 573
1682360 573
1682370 573
1682380 573
1682390 572
1682400 572
1682410 572
1682420 572
1682430 572
1682440 572
1682450 572
1682460 572
1682470 572
1682480 572
1682490 572
1682500 572
1682510 572
1682520 572
1682530 572
1682540 572
1682550 572
1682560 572
1682570 572
1682580 571
1682590 571
1682600 571
1682610 571
1682620 571
1682630 571
1682640 571
1682650 571
1682660 571
1682670 571
1682680 570
1682690 570
1682700 570
1682710 570
1682720 570
1682730 570
1682740 570
1682750 570
1682760 570
1682770 569
1682780 569
1682790 569
1682800 569
1682810 568
1682820 567
1682830 567
1682840 566
1682850 566
1682860 566
1682870 565
1682880 565
1682890 565
1682900 565
1682910 565
1682920 565
1682930 565
1682940 565
1682950 565
1682960 565
1682970 565
1682980 565
1682990 565
1683000 565
1683010 565
1683020 565
1683030 564
1683040 562
1683050 561
1683060 561
1683070 560
1683080 560
1683090 560
1683100 560
1683110 560
1683120 560
1683130 560
1683140 561
1683150 560
1683160 560
1683170 560
1683180 560
1683190 560
1683200 560
1683210 559
1683220 559
1683230 559
1683240 559
1683250 559
1683260 559
1683270 559
1683280 558
1683290 559
1683300 559
1683310 560
1683320 561
1683330 561
1683340 561
1683350 561
1683360 562
1683370 562
1683380 563
1683390 564
1683400 565
1683410 565
1683420 565
1683430 565
1683440 566
1683450 566
1683460 566
1683470 567
1683480 567
1683490 567
1683500 567
1683510 567
1683520 567
1683530 567
1683540 567
1683550 567
1683560 567
1683570 568
1683580 568
1683590 567
1683600 567
1683610 566
1683620 566
1683630 566
1683640 566
1683650 565
1683660 565
1683670 564
1683680 564
1683690 564
1683700 564
1683710 564
1683720 564
1683730 563
1683740 563
1683750 563
1683760 562
1683770 561
1683780 561
1683790 561
1683800 561
1683810 561
1683820 560
1683830 560
1683840 560
1683850 560
1683860 559
1683870 559
1683880 559
1683890 559
1683900 559
1683910 558
1683920 558
1683930 558
1683940 558
1683950 558
1683960 557
1683970 557
1683980 557
1683990 556
1684000 555
1684010 554
1684020 554
1684030 554
1684040 554
1684050 554
1684060 554
1684070 554
1684080 554
1684090 554
1684100 554
1684110 554
1684120 554
1684130 554
1684140 554
1684150 555
1684160 557
1684170 557
1684180 558
1684190 558
1684200 558
1684210 559
1684220 559
1684230 559
1684240 559
1684250 559
1684260 560
1684270 559
1684280 559
1684290 559
1684300 559
1684310 558
1684320 558
1684330 558
1684340 558
1684350 558
1684360 558
1684370 558
1684380 558
1684390 558
1684400 558
1684410 558
1684420 559
1684430 559
1684440 560
1684450 560
1684460 561
1684470 561
1684480 561
1684490 561
1684500 561
1684510 560
1684520 560
1684530 560
1684540 560
1684550 560
1684560 561
1684570 561
1684580 561
1684590 562
1684600 562
1684610 562
1684620 563
1684630 563
1684640 564
1684650 564
1684660 565
1684670 565
1684680 566
1684690 566
1684700 566
1684710 567
1684720 567
1684730 567
1684740 568
1684750 568
1684760 569
1684770 569
1684780 570
1684790 570
1684800 571
1684810 571
1684820 571
1684830 572
1684840 572
1684850 573
1684860 573
1684870 573
1684880 574
1684890 574
1684900 574
1684910 575
1684920 575
1684930 576
1684940 576
1684950 576
1684960 577
1684970 577
1684980 577
1684990 577
1685000 578
1685010 578
1685020 578
1685030 578
1685040 579
1685050 579
1685060 579
1685070 579
1685080 580
1685090 580
1685100 581
1685110 581
1685120 582
1685130 583
1685140 583
1685150 584
1685160 584
1685170 585
1685180 586
1685190 586
1685200 587
1685210 588
1685220 588
1685230 589
1685240 589
1685250 590
1685260 590
1685270 591
1685280 591
1685290 591
1685300 592
1685310 592
1685320 593
1685330 594
1685340 594
1685350 594
1685360 594
1685370 595
1685380 595
1685390 595
1685400 596
1685410 596
1685420 597
1685430 597
1685440 598
1685450 598
1685460 599
1685470 600
1685480 600
1685490 601
1685500 600
1685510 600
1685520 600
1685530 599
1685540 599
1685550 598
1685560 596
1685570 595
1685580 594
1685590 592
1685600 591
1685610 590
1685620 589
1685630 588
1685640 587
1685650 586
1685660 584
1685670 584
1685680 584
1685690 583
1685700 583
1685710 582
1685720 580
1685730 580
1685740 580
1685750 580
1685760 580
1685770 581
1685780 581
1685790 581
1685800 581
1685810 581
1685820 582
1685830 582
1685840 583
1685850 583
1685860 583
1685870 583
1685880 583
1685890 583
1685900 584
1685910 584
1685920 584
1685930 584
1685940 585
1685950 585
1685960 585
1685970 586
1685980 586
1685990 586
1686000 587
1686010 587
1686020 587
1686030 587
1686040 588
1686050 588
1686060 588
1686070 588
1686080 588
1686090 589
1686100 589
1686110 589
1686120 590
1686130 590
1686140 591
1686150 591
1686160 591
1686170 592
1686180 592
1686190 593
1686200 593
1686210 593
1686220 593
1686230 594
1686240 594
1686250 594
1686260 593
1686270 593
1686280 593
1686290 593
1686300 593
1686310 593
1686320 593
1686330 593
1686340 594
1686350 594
1686360 594
1686370 594
1686380 594
1686390 595
1686400 595
1686410 596
1686420 596
1686430 596
1686440 597
1686450 597
1686460 597
1686470 598
1686480 598
1686490 599
1686500 599
1686510 600
1686520 600
1686530 600
1686540 601
1686550 601
1686560 601
1686570 602
1686580 602
1686590 603
1686600 603
1686610 603
1686620 603
1686630 604
1686640 604
1686650 604
1686660 605
1686670 605
1686680 605
1686690 606
1686700 606
1686710 606
1686720 607
1686730 607
1686740 607
1686750 608
1686760 608
1686770 608
1686780 609
1686790 609
1686800 610
1686810 610
1686820 611
1686830 612
1686840 612
1686850 613
1686860 614
1686870 615
1686880 615
1686890 616
1686900 617
1686910 618
1686920 618
1686930 619
1686940 620
1686950 621
1686960 622
1686970 622
1686980 623
1686990 623
1687000 623
1687010 623
1687020 623
1687030 623
1687040 623
1687050 624
1687060 624
1687070 624
1687080 625
1687090 625
1687100 625
1687110 626
1687120 627
1687130 628
1687140 629
1687150 630
1687160 630
1687170 631
1687180 631
1687190 631
1687200 631
1687210 631
1687220 630
1687230 630
1687240 630
1687250 630
1687260 630
1687270 629
1687280 629
1687290 629
1687300 629
1687310 629
1687320 629
1687330 629
1687340 629
1687350 628
1687360 628
1687370 628
1687380 628
1687390 628
1687400 627
1687410 627
1687420 627
1687430 627
1687440 626
1687450 626
1687460 626
1687470 625
1687480 625
1687490 625
1687500 624
1687510 624
1687520 623
1687530 623
1687540 623
1687550 623
1687560 622
1687570 622
1687580 622
1687590 621
1687600 621
1687610 620
1687620 620
1687630 619
1687640 619
1687650 619
1687660 618
1687670 618
1687680 618
1687690 618
1687700 617
1687710 617
1687720 617
1687730 616
1687740 616
1687750 616
1687760 616
1687770 615
1687780 615
1687790 615
1687800 615
1687810 614
1687820 614
1687830 614
1687840 613
1687850 613
1687860 613
1687870 613
1687880 612
1687890 612
1687900 612
1687910 612
1687920 612
1687930 612
1687940 612
1687950 611
1687960 611
1687970 611
1687980 611
1687990 611
1688000 611
1688010 611
1688020 611
1688030 611
1688040 611
1688050 611
1688060 610
1688070 610
1688080 610
1688090 610
1688100 610
1688110 610
1688120 610
1688130 610
1688140 609
1688150 609
1688160 609
1688170 609
1688180 609
1688190 609
1688200 609
1688210 608
1688220 608
1688230 608
1688240 608
1688250 608
1688260 608
1688270 608
1688280 608
1688290 608
1688300 608
1688310 608
1688320 607
1688330 607
1688340 607
1688350 607
1688360 607
1688370 607
1688380 607
1688390 607
1688400 607
1688410 607
1688420 607
1688430 607
1688440 607
1688450 606
1688460 606
1688470 606
1688480 606
1688490 606
1688500 606
1688510 606
1688520 606
1688530 606
1688540 606
1688550 606
1688560 605
1688570 605
1688580 605
1688590 605
1688600 605
1688610 605
1688620 605
1688630 605
1688640 605
1688650 605
1688660 605
1688670 605
1688680 605
1688690 605
1688700 605
1688710 605
1688720 605
1688730 605
1688740 605
1688750 605
1688760 605
1688770 605
1688780 605
1688790 605
1688800 605
1688810 605
1688820 605
1688830 605
1688840 605
1688850 605
1688860 605
1688870 605
1688880 605
1688890 605
1688900 605
1688910 605
1688920 605
1688930 605
1688940 604
1688950 604
1688960 604
1688970 604
1688980 604
1688990 604
1689000 604
1689010 604
1689020 604
1689030 604
1689040 604
1689050 604
1689060 604
1689070 604
1689080 604
1689090 604
1689100 604
1689110 604
1689120 604
1689130 604
1689140 604
1689150 604
1689160 604
1689170 604
1689180 604
1689190 603
1689200 603
1689210 603
1689220 603
1689230 603
1689240 603
1689250 603
1689260 603
1689270 603
1689280 602
1689290 602
1689300 602
1689310 602
1689320 602
1689330 602
1689340 601
1689350 601
1689360 601
1689370 601
1689380 601
1689390 600
1689400 600
1689410 600
1689420 600
1689430 600
1689440 599
1689450 599
1689460 599
1689470 599
1689480 599
1689490 599
1689500 599
1689510 599
1689520 599
1689530 598
1689540 598
1689550 598
1689560 598
1689570 598
1689580 598
1689590 598
1689600 599
1689610 599
1689620 599
1689630 599
1689640 599
1689650 599
1689660 599
1689670 599
1689680 599
1689690 599
1689700 599
1689710 599
1689720 599
1689730 599
1689740 599
1689750 599
1689760 599
1689770 599
1689780 599
1689790 599
1689800 599
1689810 599
1689820 599
1689830 599
1689840 599
1689850 599
1689860 599
1689870 599
1689880 599
1689890 599
1689900 599
1689910 599
1689920 599
1689930 598
1689940 598
1689950 598
1689960 599
1689970 599
1689980 599
1689990 599
1690000 599
1690010 599
1690020 599
1690030 599
1690040 599
1690050 599
1690060 600
1690070 599
1690080 598
1690090 597
1690100 597
1690110 598
1690120 598
1690130 599
1690140 599
1690150 599
1690160 599
1690170 599
1690180 600
1690190 600
1690200 600
1690210 600
1690220 600
1690230 601
1690240 601
1690250 601
1690260 602
1690270 602
1690280 602
1690290 602
1690300 602
1690310 602
1690320 602
1690330 602
1690340 603
1690350 603
1690360 603
1690370 603
1690380 603
1690390 603
1690400 603
1690410 603
1690420 603
1690430 603
1690440 604
1690450 604
1690460 604
1690470 604
1690480 604
1690490 605
1690500 605
1690510 605
1690520 605
1690530 605
1690540 605
1690550 605
1690560 605
1690570 605
1690580 605
1690590 605
1690600 605
1690610 605
1690620 605
1690630 605
1690640 604
1690650 604
1690660 604
1690670 604
1690680 604
1690690 604
1690700 604
1690710 604
1690720 604
1690730 604
1690740 604
1690750 604
1690760 604
1690770 604
1690780 604
1690790 604
1690800 604
1690810 604
1690820 604
1690830 604
1690840 603
1690850 603
1690860 603
1690870 603
1690880 603
1690890 603
1690900 603
1690910 603
1690920 603
1690930 604
1690940 604
1690950 604
1690960 604
1690970 605
1690980 605
1690990 605
1691000 605
1691010 605
1691020 605
1691030 605
1691040 605
1691050 605
1691060 605
1691070 605
1691080 605
1691090 605
1691100 605
1691110 605
1691120 604
1691130 604
1691140 604
1691150 604
1691160 603
1691170 602
1691180 602
1691190 601
1691200 600
1691210 599
1691220 599
1691230 599
1691240 598
1691250 598
1691260 597
1691270 597
1691280 596
1691290 596
1691300 596
1691310 595
1691320 595
1691330 594
1691340 594
1691350 593
1691360 592
1691370 592
1691380 591
1691390 590
1691400 590
1691410 589
1691420 589
1691430 588
1691440 587
1691450 586
1691460 585
1691470 584
1691480 582
1691490 580
1691500 579
1691510 577
1691520 576
1691530 575
1691540 574
1691550 573
1691560 573
1691570 572
1691580 571
1691590 570
1691600 570
1691610 569
1691620 568
1691630 568
1691640 567
1691650 566
1691660 566
1691670 565
1691680 565
1691690 564
1691700 564
1691710 563
1691720 562
1691730 562
1691740 561
1691750 561
1691760 560
1691770 559
1691780 559
1691790 559
1691800 558
1691810 558
1691820 558
1691830 558
1691840 557
1691850 557
1691860 557
1691870 556
1691880 556
1691890 556
1691900 556
1691910 556
1691920 555
1691930 555
1691940 554
1691950 554
1691960 553
1691970 553
1691980 553
1691990 552
1692000 552
1692010 552
1692020 551
1692030 551
1692040 551
1692050 551
1692060 550
1692070 550
1692080 550
1692090 550
1692100 549
1692110 549
1692120 549
1692130 549
1692140 549
1692150 549
1692160 549
1692170 549
1692180 549
1692190 549
1692200 549
1692210 549
1692220 549
1692230 549
1692240 550
1692250 550
1692260 550
1692270 550
1692280 550
1692290 550
1692300 550
1692310 550
1692320 550
1692330 550
1692340 551
1692350 552
1692360 553
1692370 553
1692380 554
1692390 554
1692400 555
1692410 555
1692420 556
1692430 556
1692440 557
1692450 557
1692460 558
1692470 558
1692480 558
1692490 559
1692500 559
1692510 559
1692520 560
1692530 560
1692540 561
1692550 561
1692560 561
1692570 562
1692580 562
1692590 563
1692600 563
1692610 564
1692620 564
1692630 565
1692640 565
1692650 566
1692660 567
1692670 567
1692680 568
1692690 568
1692700 568
1692710 569
1692720 569
1692730 569
1692740 569
1692750 569
1692760 569
1692770 569
1692780 569
1692790 569
1692800 569
1692810 569
1692820 569
1692830 569
1692840 569
1692850 568
1692860 568
1692870 568
1692880 568
1692890 568
1692900 567
1692910 567
1692920 567
1692930 567
1692940 567
1692950 567
1692960 567
1692970 567
1692980 566
1692990 566
1693000 566
1693010 566
1693020 566
1693030 566
1693040 566
1693050 566
1693060 566
1693070 566
1693080 566
1693090 566
1693100 566
1693110 565
1693120 565
1693130 565
1693140 564
1693150 564
1693160 563
1693170 563
1693180 563
1693190 562
1693200 562
1693210 561
1693220 561
1693230 561
1693240 560
1693250 559
1693260 559
1693270 558
1693280 557
1693290 557
1693300 556
1693310 555
1693320 554
1693330 553
1693340 552
1693350 550
1693360 547
1693370 546
1693380 545
1693390 543
1693400 543
1693410 542
1693420 541
1693430 541
1693440 540
1693450 539
1693460 538
1693470 537
1693480 537
1693490 536
1693500 535
1693510 535
1693520 534
1693530 534
1693540 533
1693550 532
1693560 532
1693570 532
1693580 531
1693590 531
1693600 530
1693610 530
1693620 529
1693630 529
1693640 528
1693650 528
1693660 527
1693670 527
1693680 526
1693690 526
1693700 525
1693710 525
1693720 525
1693730 524
1693740 524
1693750 524
1693760 524
1693770 523
1693780 523
1693790 523
1693800 522
1693810 522
1693820 522
1693830 521
1693840 521
1693850 521
1693860 521
1693870 520
1693880 520
1693890 520
1693900 520
1693910 520
1693920 520
1693930 520
1693940 520
1693950 519
1693960 519
1693970 519
1693980 519
1693990 519
1694000 519
1694010 519
1694020 519
1694030 519
1694040 519
1694050 519
1694060 518
1694070 518
1694080 518
1694090 518
1694100 518
1694110 518
1694120 518
1694130 518
1694140 518
1694150 518
1694160 518
1694170 518
1694180 518
1694190 518
1694200 518
1694210 518
1694220 518
1694230 518
1694240 518
1694250 518
1694260 518
1694270 518
1694280 518
1694290 518
1694300 518
1694310 518
1694320 517
1694330 517
1694340 517
1694350 517
1694360 517
1694370 517
1694380 517
1694390 517
1694400 517
1694410 516
1694420 516
1694430 516
1694440 516
1694450 516
1694460 516
1694470 516
1694480 516
1694490 515
1694500 515
1694510 515
1694520 515
1694530 515
1694540 515
1694550 514
1694560 514
1694570 514
1694580 514
1694590 514
1694600 514
1694610 514
1694620 514
1694630 514
1694640 514
1694650 514
1694660 514
1694670 514
1694680 514
1694690 514
1694700 513
1694710 513
1694720 513
1694730 513
1694740 513
1694750 513
1694760 513
1694770 513
1694780 513
1694790 513
1694800 513
1694810 512
1694820 512
1694830 512
1694840 512
1694850 512
1694860 512
1694870 512
1694880 512
1694890 512
1694900 511
1694910 511
1694920 511
1694930 511
1694940 511
1694950 511
1694960 510
1694970 510
1694980 510
1694990 510
1695000 510
1695010 509
1695020 509
1695030 509
1695040 509
1695050 509
1695060 508
1695070 508
1695080 508
1695090 508
1695100 507
1695110 507
1695120 507
1695130 507
1695140 506
1695150 506
1695160 505
1695170 505
1695180 505
1695190 504
1695200 504
1695210 504
1695220 503
1695230 503
1695240 503
1695250 503
1695260 503
1695270 503
1695280 503
1695290 503
1695300 503
1695310 503
1695320 503
1695330 503
1695340 503
1695350 503
1695360 503
1695370 503
1695380 503
1695390 502
1695400 503
1695410 503
1695420 503
1695430 503
1695440 503
1695450 503
1695460 503
1695470 503
1695480 503
1695490 503
1695500 503
1695510 503
1695520 503
1695530 503
1695540 503
1695550 503
1695560 503
1695570 503
1695580 503
1695590 503
1695600 503
1695610 503
1695620 503
1695630 503
1695640 503
1695650 503
1695660 503
1695670 503
1695680 502
1695690 502
1695700 502
1695710 502
1695720 502
1695730 502
1695740 502
1695750 502
1695760 501
1695770 501
1695780 501
1695790 501
1695800 501
1695810 501
1695820 501
1695830 501
1695840 501
1695850 501
1695860 501
1695870 501
1695880 501
1695890 501
1695900 501
1695910 501
1695920 501
1695930 501
1695940 501
1695950 501
1695960 501
1695970 501
1695980 501
1695990 501
1696000 501
1696010 501
1696020 501
1696030 501
1696040 501
1696050 501
1696060 501
1696070 501
1696080 501
1696090 501
1696100 501
1696110 501
1696120 501
1696130 501
1696140 500
1696150 500
1696160 500
1696170 500
1696180 500
1696190 500
1696200 500
1696210 500
1696220 499
1696230 499
1696240 499
1696250 499
1696260 499
1696270 499
1696280 498
1696290 498
1696300 498
1696310 497
1696320 497
1696330 497
1696340 496
1696350 496
1696360 495
1696370 495
1696380 494
1696390 493
1696400 493
1696410 492
1696420 491
1696430 489
1696440 486
1696450 485
1696460 484
1696470 484
1696480 484
1696490 484
1696500 484
1696510 484
1696520 484
1696530 484
1696540 484
1696550 484
1696560 484
1696570 484
1696580 484
1696590 484
1696600 484
1696610 484
1696620 484
1696630 484
1696640 484
1696650 484
1696660 484
1696670 485
1696680 485
1696690 486
1696700 488
1696710 489
1696720 492
1696730 494
1696740 497
1696750 499
1696760 501
1696770 501
1696780 502
1696790 502
1696800 502
1696810 502
1696820 501
1696830 500
1696840 498
1696850 497
1696860 496
1696870 496
1696880 496
1696890 497
1696900 499
1696910 500
1696920 502
1696930 503
1696940 504
1696950 505
1696960 506
1696970 507
1696980 507
1696990 508
1697000 509
1697010 510
1697020 511
1697030 511
1697040 512
1697050 513
1697060 514
1697070 514
1697080 515
1697090 515
1697100 516
1697110 516
1697120 516
1697130 517
1697140 517
1697150 517
1697160 517
1697170 517
1697180 517
1697190 518
1697200 518
1697210 518
1697220 518
1697230 518
1697240 518
1697250 518
1697260 518
1697270 518
1697280 518
1697290 518
1697300 518
1697310 518
1697320 518
1697330 518
1697340 518
1697350 518
1697360 518
1697370 518
1697380 518
1697390 518
1697400 518
1697410 518
1697420 518
1697430 518
1697440 518
1697450 518
1697460 518
1697470 518
1697480 518
1697490 518
1697500 518
1697510 518
1697520 518
1697530 518
1697540 518
1697550 518
1697560 518
1697570 518
1697580 518
1697590 518
1697600 518
1697610 518
1697620 518
1697630 518
1697640 518
1697650 518
1697660 518
1697670 518
1697680 518
1697690 518
1697700 518
1697710 518
1697720 518
1697730 518
1697740 519
1697750 519
1697760 519
1697770 519
1697780 519
1697790 519
1697800 519
1697810 519
1697820 520
1697830 520
1697840 520
1697850 520
1697860 520
1697870 520
1697880 520
1697890 520
1697900 520
1697910 521
1697920 521
1697930 521
1697940 521
1697950 521
1697960 522
1697970 522
1697980 522
1697990 523
1698000 523
1698010 523
1698020 523
1698030 524
1698040 524
1698050 524
1698060 525
1698070 525
1698080 525
1698090 525
1698100 525
1698110 526
1698120 526
1698130 526
1698140 526
1698150 527
1698160 527
1698170 527
1698180 527
1698190 527
1698200 528
1698210 528
1698220 528
1698230 528
1698240 528
1698250 528
1698260 529
1698270 529
1698280 529
1698290 529
1698300 529
1698310 530
1698320 530
1698330 530
1698340 530
1698350 530
1698360 530
1698370 530
1698380 530
1698390 530
1698400 530
1698410 530
1698420 530
1698430 530
1698440 530
1698450 530
1698460 530
1698470 530
1698480 530
1698490 530
1698500 530
1698510 530
1698520 530
1698530 530
1698540 530
1698550 530
1698560 530
1698570 530
1698580 530
1698590 530
1698600 530
1698610 530
1698620 530
1698630 530
1698640 530
1698650 530
1698660 530
1698670 530
1698680 530
1698690 530
1698700 530
1698710 530
1698720 530
1698730 530
1698740 530
1698750 530
1698760 530
1698770 530
1698780 530
1698790 530
1698800 530
1698810 530
1698820 530
1698830 530
1698840 530
1698850 530
1698860 530
1698870 530
1698880 530
1698890 530
1698900 530
1698910 530
1698920 530
1698930 530
1698940 530
1698950 530
1698960 530
1698970 529
1698980 529
1698990 529
1699000 529
1699010 529
1699020 529
1699030 529
1699040 529
1699050 529
1699060 529
1699070 529
1699080 529
1699090 529
1699100 529
1699110 529
1699120 529
1699130 529
1699140 529
1699150 529
1699160 529
1699170 529
1699180 529
1699190 529
1699200 529
1699210 528
1699220 528
1699230 528
1699240 528
1699250 528
1699260 528
1699270 528
1699280 528
1699290 528
1699300 528
1699310 528
1699320 528
1699330 528
1699340 528
1699350 528
1699360 528
1699370 528
1699380 528
1699390 528
1699400 528
1699410 528
1699420 528
1699430 528
1699440 527
1699450 527
1699460 527
1699470 527
1699480 527
1699490 527
1699500 528
1699510 528
1699520 527
1699530 527
1699540 527
1699550 527
1699560 528
1699570 528
1699580 528
1699590 527
1699600 527
1699610 527
1699620 527
1699630 527
1699640 527
1699650 527
1699660 527
1699670 527
1699680 527
1699690 527
1699700 527
1699710 527
1699720 527
1699730 527
1699740 527
1699750 527
1699760 527
1699770 527
1699780 527
1699790 527
1699800 527
1699810 527
1699820 527
1699830 527
1699840 527
1699850 527
1699860 527
1699870 527
1699880 527
1699890 527
1699900 526
1699910 526
1699920 526
1699930 526
1699940 526
1699950 526
1699960 526
1699970 525
1699980 525
1699990 525
