1680000 569
1680010 569
1680020 568
1680030 568
1680040 568
1680050 568
1680060 567
1680070 566
1680080 565
1680090 565
1680100 564
1680110 564
1680120 563
1680130 563
1680140 562
1680150 562
1680160 561
1680170 561
1680180 561
1680190 560
1680200 559
1680210 559
1680220 558
1680230 558
1680240 557
1680250 557
1680260 557
1680270 557
1680280 557
1680290 556
1680300 555
1680310 554
1680320 554
1680330 553
1680340 552
1680350 552
1680360 551
1680370 551
1680380 551
1680390 550
1680400 550
1680410 550
1680420 550
1680430 549
1680440 549
1680450 548
1680460 547
1680470 546
1680480 545
1680490 544
1680500 544
1680510 544
1680520 544
1680530 544
1680540 544
1680550 544
1680560 544
1680570 543
1680580 543
1680590 544
1680600 544
1680610 544
1680620 545
1680630 545
1680640 545
1680650 545
1680660 546
1680670 547
1680680 547
1680690 548
1680700 548
1680710 548
1680720 548
1680730 549
1680740 549
1680750 549
1680760 550
1680770 550
1680780 550
1680790 551
1680800 552
1680810 552
1680820 552
1680830 552
1680840 552
1680850 552
1680860 552
1680870 552
1680880 552
1680890 553
1680900 553
1680910 553
1680920 553
1680930 553
1680940 553
1680950 552
1680960 552
1680970 552
1680980 551
1680990 551
1681000 551
1681010 550
1681020 550
1681030 550
1681040 550
1681050 550
1681060 549
1681070 549
1681080 549
1681090 549
1681100 549
1681110 550
1681120 550
1681130 550
1681140 550
1681150 550
1681160 550
1681170 550
1681180 551
1681190 551
1681200 551
1681210 552
1681220 553
1681230 554
1681240 555
1681250 555
1681260 556
1681270 556
1681280 557
1681290 557
1681300 557
1681310 558
1681320 558
1681330 559
1681340 559
1681350 559
1681360 559
1681370 559
1681380 559
1681390 559
1681400 558
1681410 558
1681420 558
1681430 558
1681440 557
1681450 557
1681460 557
1681470 556
1681480 556
1681490 556
1681500 556
1681510 556
1681520 556
1681530 556
1681540 556
1681550 557
1681560 557
1681570 558
1681580 558
1681590 558
1681600 558
1681610 558
1681620 559
1681630 559
1681640 559
1681650 559
1681660 559
1681670 559
1681680 559
1681690 559
1681700 559
1681710 559
1681720 560
1681730 560
1681740 560
1681750 560
1681760 560
1681770 560
1681780 560
1681790 560
1681800 560
1681810 560
1681820 560
1681830 560
1681840 560
1681850 561
1681860 561
1681870 561
1681880 561
1681890 561
1681900 561
1681910 561
1681920 561
1681930 562
1681940 562
1681950 562
1681960 562
1681970 563
1681980 563
1681990 563
1682000 563
1682010 564
1682020 564
1682030 564
1682040 564
1682050 565
1682060 565
1682070 565
1682080 566
1682090 566
1682100 567
1682110 567
1682120 568
1682130 569
1682140 570
1682150 571
1682160 572
1682170 572
1682180 573
1682190 573
1682200 573
1682210 574
1682220 574
1682230 574
1682240 574
1682250 574
1682260 574
1682270 573
1682280 573
1682290 572
1682300 570
1682310 568
1682320 567
1682330 567
1682340 567
1682350 567
1682360 567
1682370 567
1682380 567
1682390 568
1682400 570
1682410 572
1682420 573
1682430 573
1682440 574
1682450 574
1682460 575
1682470 575
1682480 576
1682490 576
1682500 577
1682510 577
1682520 577
1682530 578
1682540 578
1682550 578
1682560 578
1682570 578
1682580 578
1682590 578
1682600 578
1682610 578
1682620 578
1682630 578
1682640 578
1682650 578
1682660 578
1682670 578
1682680 578
1682690 578
1682700 578
1682710 579
1682720 579
1682730 579
1682740 579
1682750 579
1682760 580
1682770 580
1682780 580
1682790 580
1682800 580
1682810 580
1682820 580
1682830 581
1682840 581
1682850 580
1682860 580
1682870 580
1682880 580
1682890 580
1682900 580
1682910 580
1682920 580
1682930 580
1682940 580
1682950 580
1682960 580
1682970 580
1682980 580
1682990 580
1683000 580
1683010 581
1683020 581
1683030 581
1683040 581
1683050 581
1683060 581
1683070 581
1683080 581
1683090 581
1683100 581
1683110 580
1683120 580
1683130 580
1683140 580
1683150 581
1683160 581
1683170 582
1683180 582
1683190 582
1683200 582
1683210 582
1683220 583
1683230 583
1683240 583
1683250 583
1683260 584
1683270 584
1683280 584
1683290 585
1683300 585
1683310 586
1683320 586
1683330 587
1683340 587
1683350 587
1683360 587
1683370 587
1683380 588
1683390 588
1683400 588
1683410 588
1683420 589
1683430 589
1683440 589
1683450 589
1683460 589
1683470 589
1683480 589
1683490 589
1683500 589
1683510 589
1683520 589
1683530 590
1683540 590
1683550 590
1683560 591
1683570 591
1683580 591
1683590 592
1683600 592
1683610 592
1683620 593
1683630 593
1683640 594
1683650 595
1683660 595
1683670 596
1683680 597
1683690 597
1683700 598
1683710 597
1683720 597
1683730 598
1683740 598
1683750 599
1683760 600
1683770 600
1683780 601
1683790 602
1683800 602
1683810 602
1683820 602
1683830 602
1683840 602
1683850 602
1683860 602
1683870 602
1683880 602
1683890 602
1683900 602
1683910 602
1683920 602
1683930 603
1683940 603
1683950 603
1683960 604
1683970 604
1683980 604
1683990 605
1684000 605
1684010 605
1684020 605
1684030 606
1684040 606
1684050 606
1684060 607
1684070 607
1684080 607
1684090 608
1684100 609
1684110 610
1684120 610
1684130 610
1684140 610
1684150 611
1684160 611
1684170 610
1684180 611
1684190 611
1684200 611
1684210 610
1684220 610
1684230 610
1684240 610
1684250 610
1684260 610
1684270 609
1684280 609
1684290 609
1684300 609
1684310 609
1684320 608
1684330 608
1684340 608
1684350 608
1684360 608
1684370 608
1684380 608
1684390 608
1684400 608
1684410 608
1684420 608
1684430 608
1684440 608
1684450 607
1684460 607
1684470 607
1684480 606
1684490 606
1684500 605
1684510 605
1684520 605
1684530 604
1684540 604
1684550 604
1684560 603
1684570 602
1684580 601
1684590 601
1684600 600
1684610 599
1684620 598
1684630 598
1684640 597
1684650 597
1684660 596
1684670 596
1684680 595
1684690 595
1684700 595
1684710 595
1684720 594
1684730 594
1684740 594
1684750 594
1684760 593
1684770 593
1684780 592
1684790 592
1684800 591
1684810 590
1684820 590
1684830 589
1684840 589
1684850 588
1684860 588
1684870 588
1684880 587
1684890 587
1684900 587
1684910 587
1684920 587
1684930 587
1684940 587
1684950 587
1684960 587
1684970 587
1684980 586
1684990 586
1685000 586
1685010 585
1685020 585
1685030 585
1685040 585
1685050 584
1685060 584
1685070 584
1685080 584
1685090 584
1685100 584
1685110 583
1685120 583
1685130 583
1685140 583
1685150 583
1685160 582
1685170 582
1685180 582
1685190 582
1685200 581
1685210 581
1685220 581
1685230 580
1685240 580
1685250 580
1685260 580
1685270 580
1685280 580
1685290 580
1685300 580
1685310 579
1685320 579
1685330 579
1685340 579
1685350 579
1685360 579
1685370 579
1685380 579
1685390 579
1685400 579
1685410 579
1685420 579
1685430 579
1685440 579
1685450 579
1685460 579
1685470 579
1685480 578
1685490 578
1685500 578
1685510 578
1685520 578
1685530 579
1685540 579
1685550 579
1685560 579
1685570 579
1685580 579
1685590 579
1685600 579
1685610 579
1685620 579
1685630 579
1685640 578
1685650 578
1685660 578
1685670 578
1685680 578
1685690 578
1685700 578
1685710 578
1685720 577
1685730 577
1685740 577
1685750 577
1685760 576
1685770 576
1685780 576
1685790 576
1685800 576
1685810 575
1685820 575
1685830 575
1685840 575
1685850 575
1685860 574
1685870 574
1685880 574
1685890 574
1685900 574
1685910 574
1685920 573
1685930 573
1685940 574
1685950 574
1685960 574
1685970 574
1685980 573
1685990 573
1686000 573
1686010 573
1686020 573
1686030 573
1686040 573
1686050 573
1686060 572
1686070 571
1686080 569
1686090 568
1686100 567
1686110 566
1686120 566
1686130 566
1686140 566
1686150 566
1686160 566
1686170 566
1686180 566
1686190 566
1686200 566
1686210 566
1686220 566
1686230 566
1686240 566
1686250 565
1686260 565
1686270 565
1686280 566
1686290 566
1686300 566
1686310 567
1686320 567
1686330 567
1686340 568
1686350 568
1686360 568
1686370 569
1686380 569
1686390 570
1686400 570
1686410 571
1686420 572
1686430 572
1686440 572
1686450 572
1686460 572
1686470 573
1686480 573
1686490 574
1686500 574
1686510 574
1686520 574
1686530 575
1686540 575
1686550 575
1686560 575
1686570 576
1686580 576
1686590 576
1686600 576
1686610 576
1686620 576
1686630 576
1686640 577
1686650 577
1686660 577
1686670 578
1686680 578
1686690 578
1686700 578
1686710 579
1686720 579
1686730 579
1686740 579
1686750 579
1686760 580
1686770 580
1686780 580
1686790 580
1686800 581
1686810 581
1686820 582
1686830 582
1686840 582
1686850 583
1686860 583
1686870 584
1686880 585
1686890 585
1686900 586
1686910 586
1686920 587
1686930 588
1686940 589
1686950 590
1686960 590
1686970 591
1686980 592
1686990 592
1687000 593
1687010 594
1687020 594
1687030 595
1687040 595
1687050 595
1687060 596
1687070 596
1687080 596
1687090 596
1687100 596
1687110 596
1687120 596
1687130 597
1687140 597
1687150 597
1687160 597
1687170 597
1687180 597
1687190 597
1687200 597
1687210 597
1687220 597
1687230 597
1687240 596
1687250 596
1687260 596
1687270 595
1687280 595
1687290 594
1687300 593
1687310 593
1687320 592
1687330 591
1687340 591
1687350 591
1687360 592
1687370 592
1687380 593
1687390 593
1687400 594
1687410 594
1687420 595
1687430 595
1687440 595
1687450 596
1687460 596
1687470 596
1687480 597
1687490 597
1687500 597
1687510 597
1687520 598
1687530 598
1687540 598
1687550 599
1687560 599
1687570 599
1687580 600
1687590 600
1687600 600
1687610 600
1687620 601
1687630 601
1687640 601
1687650 601
1687660 601
1687670 601
1687680 602
1687690 602
1687700 602
1687710 602
1687720 602
1687730 603
1687740 603
1687750 603
1687760 603
1687770 603
1687780 603
1687790 603
1687800 603
1687810 603
1687820 603
1687830 602
1687840 602
1687850 602
1687860 602
1687870 602
1687880 603
1687890 603
1687900 602
1687910 602
1687920 602
1687930 602
1687940 602
1687950 602
1687960 602
1687970 602
1687980 602
1687990 602
1688000 602
1688010 602
1688020 602
1688030 601
1688040 601
1688050 601
1688060 601
1688070 601
1688080 601
1688090 601
1688100 601
1688110 601
1688120 601
1688130 601
1688140 602
1688150 602
1688160 602
1688170 602
1688180 602
1688190 602
1688200 602
1688210 602
1688220 602
1688230 602
1688240 602
1688250 602
1688260 602
1688270 602
1688280 602
1688290 602
1688300 601
1688310 601
1688320 601
1688330 601
1688340 601
1688350 602
1688360 602
1688370 602
1688380 602
1688390 602
1688400 602
1688410 602
1688420 602
1688430 602
1688440 602
1688450 602
1688460 602
1688470 602
1688480 602
1688490 602
1688500 603
1688510 603
1688520 603
1688530 603
1688540 603
1688550 604
1688560 604
1688570 604
1688580 604
1688590 605
1688600 605
1688610 605
1688620 606
1688630 607
1688640 607
1688650 608
1688660 608
1688670 608
1688680 609
1688690 609
1688700 609
1688710 609
1688720 609
1688730 610
1688740 610
1688750 610
1688760 610
1688770 610
1688780 610
1688790 610
1688800 610
1688810 610
1688820 610
1688830 610
1688840 610
1688850 610
1688860 610
1688870 610
1688880 610
1688890 610
1688900 611
1688910 611
1688920 611
1688930 611
1688940 611
1688950 612
1688960 612
1688970 612
1688980 612
1688990 613
1689000 613
1689010 613
1689020 614
1689030 614
1689040 614
1689050 614
1689060 615
1689070 615
1689080 616
1689090 616
1689100 617
1689110 617
1689120 617
1689130 617
1689140 618
1689150 618
1689160 618
1689170 619
1689180 619
1689190 620
1689200 620
1689210 620
1689220 620
1689230 620
1689240 620
1689250 620
1689260 620
1689270 620
1689280 619
1689290 619
1689300 618
1689310 618
1689320 618
1689330 617
1689340 617
1689350 617
1689360 617
1689370 617
1689380 617
1689390 617
1689400 616
1689410 616
1689420 616
1689430 616
1689440 616
1689450 616
1689460 616
1689470 616
1689480 616
1689490 616
1689500 617
1689510 617
1689520 617
1689530 617
1689540 617
1689550 617
1689560 617
1689570 616
1689580 615
1689590 615
1689600 616
1689610 616
1689620 616
1689630 616
1689640 615
1689650 615
1689660 614
1689670 614
1689680 613
1689690 613
1689700 613
1689710 612
1689720 612
1689730 612
1689740 611
1689750 611
1689760 611
1689770 610
1689780 610
1689790 610
1689800 610
1689810 609
1689820 609
1689830 609
1689840 608
1689850 608
1689860 608
1689870 607
1689880 607
1689890 606
1689900 606
1689910 605
1689920 604
1689930 604
1689940 603
1689950 603
1689960 602
1689970 602
1689980 601
1689990 601
1690000 601
1690010 601
1690020 601
1690030 601
1690040 600
1690050 600
1690060 600
1690070 600
1690080 600
1690090 600
1690100 600
1690110 599
1690120 599
1690130 599
1690140 599
1690150 598
1690160 598
1690170 598
1690180 598
1690190 598
1690200 598
1690210 597
1690220 597
1690230 597
1690240 597
1690250 597
1690260 597
1690270 597
1690280 597
1690290 597
1690300 597
1690310 597
1690320 597
1690330 597
1690340 597
1690350 597
1690360 597
1690370 597
1690380 597
1690390 597
1690400 596
1690410 596
1690420 596
1690430 595
1690440 595
1690450 594
1690460 594
1690470 594
1690480 593
1690490 593
1690500 593
1690510 592
1690520 592
1690530 592
1690540 592
1690550 591
1690560 591
1690570 591
1690580 591
1690590 591
1690600 591
1690610 591
1690620 590
1690630 590
1690640 590
1690650 589
1690660 589
1690670 589
1690680 589
1690690 588
1690700 588
1690710 588
1690720 587
1690730 587
1690740 588
1690750 587
1690760 587
1690770 587
1690780 587
1690790 587
1690800 587
1690810 587
1690820 586
1690830 586
1690840 586
1690850 586
1690860 586
1690870 585
1690880 585
1690890 585
1690900 585
1690910 585
1690920 584
1690930 584
1690940 584
1690950 583
1690960 583
1690970 583
1690980 583
1690990 583
1691000 583
1691010 582
1691020 582
1691030 582
1691040 582
1691050 582
1691060 582
1691070 582
1691080 582
1691090 582
1691100 582
1691110 582
1691120 582
1691130 582
1691140 582
1691150 582
1691160 582
1691170 582
1691180 582
1691190 582
1691200 582
1691210 581
1691220 581
1691230 581
1691240 581
1691250 582
1691260 582
1691270 582
1691280 582
1691290 582
1691300 582
1691310 582
1691320 582
1691330 582
1691340 582
1691350 582
1691360 582
1691370 582
1691380 582
1691390 582
1691400 582
1691410 582
1691420 582
1691430 582
1691440 581
1691450 581
1691460 581
1691470 581
1691480 581
1691490 581
1691500 581
1691510 581
1691520 580
1691530 580
1691540 580
1691550 580
1691560 579
1691570 579
1691580 578
1691590 578
1691600 578
1691610 577
1691620 577
1691630 577
1691640 576
1691650 576
1691660 576
1691670 575
1691680 575
1691690 575
1691700 574
1691710 574
1691720 574
1691730 573
1691740 573
1691750 572
1691760 571
1691770 570
1691780 570
1691790 569
1691800 569
1691810 569
1691820 570
1691830 570
1691840 571
1691850 572
1691860 573
1691870 574
1691880 575
1691890 576
1691900 576
1691910 577
1691920 578
1691930 579
1691940 579
1691950 580
1691960 580
1691970 580
1691980 580
1691990 581
1692000 581
1692010 580
1692020 580
1692030 580
1692040 579
1692050 578
1692060 577
1692070 576
1692080 575
1692090 575
1692100 574
1692110 574
1692120 573
1692130 573
1692140 572
1692150 571
1692160 570
1692170 570
1692180 568
1692190 567
1692200 566
1692210 564
1692220 563
1692230 561
1692240 559
1692250 558
1692260 557
1692270 557
1692280 557
1692290 556
1692300 555
1692310 554
1692320 554
1692330 552
1692340 551
1692350 550
1692360 549
1692370 548
1692380 547
1692390 545
1692400 544
1692410 542
1692420 540
1692430 537
1692440 536
1692450 534
1692460 532
1692470 531
1692480 530
1692490 529
1692500 528
1692510 527
1692520 526
1692530 525
1692540 524
1692550 524
1692560 523
1692570 522
1692580 522
1692590 521
1692600 520
1692610 519
1692620 519
1692630 518
1692640 517
1692650 517
1692660 516
1692670 516
1692680 516
1692690 515
1692700 515
1692710 515
1692720 514
1692730 514
1692740 514
1692750 513
1692760 513
1692770 513
1692780 512
1692790 512
1692800 512
1692810 512
1692820 511
1692830 511
1692840 511
1692850 511
1692860 510
1692870 510
1692880 510
1692890 510
1692900 510
1692910 510
1692920 509
1692930 509
1692940 509
1692950 509
1692960 509
1692970 509
1692980 509
1692990 509
1693000 509
1693010 509
1693020 508
1693030 508
1693040 508
1693050 508
1693060 508
1693070 509
1693080 508
1693090 508
1693100 508
1693110 508
1693120 508
1693130 508
1693140 509
1693150 509
1693160 509
1693170 509
1693180 509
1693190 509
1693200 509
1693210 509
1693220 509
1693230 509
1693240 509
1693250 509
1693260 509
1693270 509
1693280 509
1693290 510
1693300 510
1693310 510
1693320 510
1693330 510
1693340 510
1693350 510
1693360 510
1693370 510
1693380 510
1693390 510
1693400 510
1693410 510
1693420 510
1693430 510
1693440 510
1693450 509
1693460 509
1693470 509
1693480 509
1693490 509
1693500 508
1693510 508
1693520 508
1693530 508
1693540 508
1693550 507
1693560 507
1693570 507
1693580 506
1693590 506
1693600 506
1693610 505
1693620 505
1693630 505
1693640 504
1693650 504
1693660 504
1693670 503
1693680 503
1693690 503
1693700 502
1693710 502
1693720 501
1693730 501
1693740 501
1693750 500
1693760 500
1693770 500
1693780 500
1693790 499
1693800 499
1693810 499
1693820 499
1693830 499
1693840 498
1693850 498
1693860 498
1693870 498
1693880 498
1693890 497
1693900 497
1693910 497
1693920 497
1693930 497
1693940 496
1693950 496
1693960 496
1693970 496
1693980 495
1693990 495
1694000 495
1694010 495
1694020 495
1694030 495
1694040 495
1694050 495
1694060 494
1694070 494
1694080 494
1694090 494
1694100 494
1694110 494
1694120 494
1694130 494
1694140 494
1694150 494
1694160 493
1694170 493
1694180 493
1694190 493
1694200 492
1694210 492
1694220 492
1694230 492
1694240 492
1694250 492
1694260 491
1694270 491
1694280 491
1694290 491
1694300 491
1694310 490
1694320 490
1694330 490
1694340 490
1694350 490
1694360 490
1694370 489
1694380 489
1694390 489
1694400 489
1694410 489
1694420 489
1694430 488
1694440 488
1694450 488
1694460 488
1694470 488
1694480 488
1694490 488
1694500 488
1694510 488
1694520 488
1694530 488
1694540 488
1694550 488
1694560 489
1694570 489
1694580 489
1694590 489
1694600 489
1694610 489
1694620 489
1694630 489
1694640 489
1694650 489
1694660 490
1694670 490
1694680 490
1694690 491
1694700 491
1694710 491
1694720 491
1694730 491
1694740 491
1694750 491
1694760 491
1694770 491
1694780 491
1694790 491
1694800 491
1694810 492
1694820 492
1694830 492
1694840 492
1694850 493
1694860 493
1694870 493
1694880 494
1694890 494
1694900 494
1694910 494
1694920 495
1694930 495
1694940 495
1694950 495
1694960 495
1694970 495
1694980 495
1694990 495
1695000 496
1695010 496
1695020 496
1695030 496
1695040 496
1695050 496
1695060 496
1695070 496
1695080 496
1695090 495
1695100 495
1695110 495
1695120 495
1695130 495
1695140 495
1695150 495
1695160 495
1695170 494
1695180 494
1695190 494
1695200 494
1695210 494
1695220 494
1695230 494
1695240 493
1695250 493
1695260 493
1695270 493
1695280 493
1695290 493
1695300 492
1695310 492
1695320 492
1695330 492
1695340 492
1695350 491
1695360 491
1695370 491
1695380 491
1695390 491
1695400 491
1695410 491
1695420 491
1695430 490
1695440 490
1695450 490
1695460 490
1695470 490
1695480 490
1695490 490
1695500 489
1695510 489
1695520 489
1695530 489
1695540 489
1695550 489
1695560 488
1695570 488
1695580 488
1695590 488
1695600 488
1695610 487
1695620 487
1695630 487
1695640 487
1695650 487
1695660 487
1695670 486
1695680 486
1695690 486
1695700 486
1695710 486
1695720 486
1695730 485
1695740 485
1695750 485
1695760 485
1695770 485
1695780 485
1695790 485
1695800 485
1695810 485
1695820 485
1695830 485
1695840 485
1695850 485
1695860 485
1695870 485
1695880 485
1695890 484
1695900 484
1695910 484
1695920 484
1695930 484
1695940 484
1695950 484
1695960 484
1695970 483
1695980 483
1695990 483
1696000 483
1696010 483
1696020 483
1696030 483
1696040 483
1696050 483
1696060 482
1696070 482
1696080 481
1696090 480
1696100 480
1696110 479
1696120 479
1696130 479
1696140 478
1696150 478
1696160 477
1696170 477
1696180 477
1696190 476
1696200 476
1696210 476
1696220 475
1696230 475
1696240 474
1696250 473
1696260 473
1696270 473
1696280 473
1696290 473
1696300 472
1696310 472
1696320 472
1696330 473
1696340 475
1696350 478
1696360 481
1696370 484
1696380 486
1696390 487
1696400 488
1696410 489
1696420 490
1696430 490
1696440 491
1696450 491
1696460 492
1696470 492
1696480 492
1696490 493
1696500 493
1696510 493
1696520 493
1696530 493
1696540 494
1696550 494
1696560 494
1696570 494
1696580 494
1696590 495
1696600 495
1696610 495
1696620 495
1696630 495
1696640 495
1696650 495
1696660 495
1696670 495
1696680 495
1696690 495
1696700 495
1696710 495
1696720 495
1696730 495
1696740 495
1696750 495
1696760 495
1696770 495
1696780 495
1696790 495
1696800 495
1696810 495
1696820 495
1696830 495
1696840 495
1696850 496
1696860 496
1696870 496
1696880 495
1696890 495
1696900 495
1696910 496
1696920 496
1696930 496
1696940 496
1696950 496
1696960 496
1696970 496
1696980 496
1696990 496
1697000 496
1697010 496
1697020 496
1697030 496
1697040 496
1697050 496
1697060 496
1697070 496
1697080 496
1697090 496
1697100 496
1697110 496
1697120 496
1697130 496
1697140 496
1697150 497
1697160 497
1697170 497
1697180 497
1697190 497
1697200 497
1697210 497
1697220 498
1697230 498
1697240 498
1697250 498
1697260 498
1697270 498
1697280 498
1697290 498
1697300 498
1697310 499
1697320 499
1697330 499
1697340 499
1697350 499
1697360 499
1697370 499
1697380 499
1697390 499
1697400 500
1697410 500
1697420 500
1697430 500
1697440 500
1697450 500
1697460 500
1697470 500
1697480 500
1697490 500
1697500 500
1697510 500
1697520 501
1697530 501
1697540 501
1697550 501
1697560 501
1697570 501
1697580 501
1697590 501
1697600 501
1697610 501
1697620 501
1697630 501
1697640 501
1697650 501
1697660 501
1697670 500
1697680 500
1697690 500
1697700 500
1697710 500
1697720 500
1697730 500
1697740 500
1697750 500
1697760 500
1697770 500
1697780 499
1697790 499
1697800 499
1697810 499
1697820 499
1697830 499
1697840 499
1697850 498
1697860 498
1697870 498
1697880 498
1697890 498
1697900 498
1697910 498
1697920 497
1697930 497
1697940 497
1697950 497
1697960 497
1697970 496
1697980 496
1697990 496
1698000 496
1698010 496
1698020 495
1698030 495
1698040 495
1698050 495
1698060 495
1698070 495
1698080 494
1698090 494
1698100 494
1698110 494
1698120 494
1698130 494
1698140 494
1698150 493
1698160 493
1698170 493
1698180 493
1698190 493
1698200 493
1698210 493
1698220 493
1698230 493
1698240 493
1698250 493
1698260 493
1698270 493
1698280 493
1698290 493
1698300 493
1698310 493
1698320 493
1698330 493
1698340 493
1698350 493
1698360 493
1698370 493
1698380 493
1698390 493
1698400 493
1698410 493
1698420 493
1698430 493
1698440 493
1698450 493
1698460 493
1698470 493
1698480 493
1698490 493
1698500 493
1698510 493
1698520 493
1698530 493
1698540 492
1698550 492
1698560 492
1698570 492
1698580 492
1698590 492
1698600 492
1698610 492
1698620 491
1698630 491
1698640 491
1698650 491
1698660 491
1698670 491
1698680 490
1698690 490
1698700 489
1698710 489
1698720 489
1698730 488
1698740 488
1698750 488
1698760 487
1698770 487
1698780 486
1698790 485
1698800 485
1698810 484
1698820 483
1698830 482
1698840 481
1698850 480
1698860 479
1698870 478
1698880 477
1698890 476
1698900 476
1698910 475
1698920 474
1698930 473
1698940 472
1698950 472
1698960 472
1698970 472
1698980 472
1698990 472
1699000 473
1699010 474
1699020 475
1699030 476
1699040 476
1699050 477
1699060 477
1699070 478
1699080 478
1699090 479
1699100 479
1699110 479
1699120 479
1699130 480
1699140 480
1699150 480
1699160 480
1699170 480
1699180 480
1699190 480
1699200 480
1699210 480
1699220 479
1699230 479
1699240 479
1699250 479
1699260 479
1699270 479
1699280 479
1699290 479
1699300 479
1699310 479
1699320 479
1699330 479
1699340 479
1699350 479
1699360 480
1699370 480
1699380 480
1699390 480
1699400 480
1699410 481
1699420 481
1699430 481
1699440 481
1699450 481
1699460 481
1699470 482
1699480 482
1699490 482
1699500 482
1699510 482
1699520 482
1699530 482
1699540 482
1699550 483
1699560 483
1699570 483
1699580 483
1699590 483
1699600 483
1699610 483
1699620 483
1699630 483
1699640 484
1699650 483
1699660 483
1699670 483
1699680 483
1699690 483
1699700 483
1699710 483
1699720 483
1699730 483
1699740 482
1699750 482
1699760 482
1699770 482
1699780 482
1699790 482
1699800 481
1699810 481
1699820 481
1699830 481
1699840 480
1699850 480
1699860 480
1699870 480
1699880 479
1699890 479
1699900 479
1699910 478
1699920 478
1699930 478
1699940 478
1699950 477
1699960 477
1699970 477
1699980 476
1699990 475
