1680000 562
1680010 562
1680020 561
1680030 561
1680040 561
1680050 560
1680060 560
1680070 560
1680080 560
1680090 559
1680100 559
1680110 559
1680120 558
1680130 558
1680140 558
1680150 557
1680160 557
1680170 557
1680180 557
1680190 557
1680200 557
1680210 557
1680220 557
1680230 557
1680240 557
1680250 558
1680260 558
1680270 558
1680280 559
1680290 559
1680300 559
1680310 559
1680320 559
1680330 559
1680340 559
1680350 559
1680360 559
1680370 559
1680380 559
1680390 559
1680400 559
1680410 559
1680420 559
1680430 559
1680440 559
1680450 559
1680460 559
1680470 560
1680480 560
1680490 560
1680500 560
1680510 560
1680520 560
1680530 560
1680540 560
1680550 560
1680560 560
1680570 560
1680580 560
1680590 560
1680600 560
1680610 560
1680620 560
1680630 560
1680640 560
1680650 560
1680660 560
1680670 559
1680680 559
1680690 559
1680700 559
1680710 558
1680720 558
1680730 558
1680740 558
1680750 558
1680760 558
1680770 557
1680780 557
1680790 557
1680800 557
1680810 556
1680820 556
1680830 556
1680840 556
1680850 555
1680860 555
1680870 555
1680880 554
1680890 554
1680900 554
1680910 553
1680920 553
1680930 553
1680940 554
1680950 555
1680960 555
1680970 555
1680980 554
1680990 553
1681000 552
1681010 550
1681020 549
1681030 547
1681040 546
1681050 546
1681060 546
1681070 546
1681080 546
1681090 546
1681100 546
1681110 546
1681120 547
1681130 549
1681140 550
1681150 552
1681160 553
1681170 555
1681180 556
1681190 557
1681200 557
1681210 557
1681220 558
1681230 558
1681240 558
1681250 559
1681260 559
1681270 559
1681280 559
1681290 560
1681300 560
1681310 560
1681320 560
1681330 561
1681340 561
1681350 561
1681360 561
1681370 562
1681380 562
1681390 563
1681400 563
1681410 563
1681420 563
1681430 563
1681440 564
1681450 564
1681460 564
1681470 564
1681480 564
1681490 564
1681500 564
1681510 565
1681520 565
1681530 565
1681540 565
1681550 565
1681560 566
1681570 566
1681580 566
1681590 566
1681600 566
1681610 566
1681620 567
1681630 567
1681640 567
1681650 567
1681660 568
1681670 568
1681680 568
1681690 568
1681700 568
1681710 569
1681720 569
1681730 569
1681740 569
1681750 570
1681760 570
1681770 570
1681780 570
1681790 570
1681800 569
1681810 569
1681820 569
1681830 569
1681840 569
1681850 568
1681860 568
1681870 568
1681880 568
1681890 568
1681900 569
1681910 569
1681920 569
1681930 570
1681940 570
1681950 571
1681960 572
1681970 572
1681980 573
1681990 573
1682000 574
1682010 574
1682020 574
1682030 575
1682040 575
1682050 576
1682060 577
1682070 577
1682080 578
1682090 578
1682100 579
1682110 579
1682120 579
1682130 579
1682140 579
1682150 580
1682160 580
1682170 580
1682180 580
1682190 580
1682200 580
1682210 581
1682220 581
1682230 581
1682240 581
1682250 582
1682260 582
1682270 582
1682280 583
1682290 583
1682300 584
1682310 584
1682320 584
1682330 585
1682340 585
1682350 585
1682360 586
1682370 586
1682380 586
1682390 587
1682400 587
1682410 587
1682420 588
1682430 588
1682440 589
1682450 589
1682460 590
1682470 590
1682480 590
1682490 590
1682500 590
1682510 591
1682520 591
1682530 591
1682540 592
1682550 592
1682560 592
1682570 592
1682580 592
1682590 592
1682600 593
1682610 593
1682620 593
1682630 594
1682640 594
1682650 594
1682660 595
1682670 595
1682680 595
1682690 595
1682700 596
1682710 596
1682720 596
1682730 597
1682740 597
1682750 597
1682760 597
1682770 598
1682780 598
1682790 598
1682800 599
1682810 599
1682820 599
1682830 599
1682840 599
1682850 599
1682860 599
1682870 599
1682880 598
1682890 598
1682900 599
1682910 599
1682920 600
1682930 600
1682940 600
1682950 600
1682960 600
1682970 601
1682980 601
1682990 602
1683000 602
1683010 602
1683020 602
1683030 603
1683040 603
1683050 603
1683060 603
1683070 604
1683080 604
1683090 605
1683100 605
1683110 605
1683120 606
1683130 606
1683140 607
1683150 607
1683160 607
1683170 608
1683180 608
1683190 609
1683200 609
1683210 610
1683220 611
1683230 611
1683240 612
1683250 612
1683260 612
1683270 613
1683280 613
1683290 613
1683300 614
1683310 615
1683320 615
1683330 616
1683340 616
1683350 616
1683360 617
1683370 617
1683380 617
1683390 617
1683400 616
1683410 616
1683420 616
1683430 616
1683440 616
1683450 616
1683460 616
1683470 616
1683480 615
1683490 615
1683500 615
1683510 615
1683520 615
1683530 614
1683540 614
1683550 614
1683560 614
1683570 614
1683580 614
1683590 614
1683600 614
1683610 613
1683620 613
1683630 613
1683640 613
1683650 613
1683660 613
1683670 613
1683680 612
1683690 612
1683700 612
1683710 612
1683720 612
1683730 612
1683740 612
1683750 612
1683760 612
1683770 612
1683780 611
1683790 611
1683800 611
1683810 611
1683820 611
1683830 611
1683840 611
1683850 611
1683860 611
1683870 611
1683880 611
1683890 611
1683900 611
1683910 611
1683920 611
1683930 611
1683940 611
1683950 611
1683960 611
1683970 612
1683980 612
1683990 612
1684000 613
1684010 613
1684020 613
1684030 613
1684040 614
1684050 614
1684060 614
1684070 614
1684080 615
1684090 615
1684100 615
1684110 616
1684120 616
1684130 616
1684140 617
1684150 617
1684160 618
1684170 618
1684180 618
1684190 619
1684200 619
1684210 620
1684220 620
1684230 621
1684240 621
1684250 622
1684260 623
1684270 624
1684280 624
1684290 625
1684300 625
1684310 626
1684320 626
1684330 627
1684340 628
1684350 628
1684360 628
1684370 628
1684380 628
1684390 627
1684400 627
1684410 626
1684420 626
1684430 625
1684440 625
1684450 624
1684460 623
1684470 623
1684480 622
1684490 621
1684500 621
1684510 620
1684520 619
1684530 619
1684540 618
1684550 618
1684560 617
1684570 617
1684580 617
1684590 616
1684600 616
1684610 615
1684620 615
1684630 614
1684640 613
1684650 612
1684660 611
1684670 611
1684680 610
1684690 609
1684700 609
1684710 608
1684720 608
1684730 608
1684740 607
1684750 607
1684760 606
1684770 606
1684780 606
1684790 605
1684800 605
1684810 604
1684820 604
1684830 603
1684840 603
1684850 603
1684860 602
1684870 602
1684880 601
1684890 600
1684900 599
1684910 598
1684920 596
1684930 594
1684940 593
1684950 592
1684960 591
1684970 591
1684980 590
1684990 590
1685000 589
1685010 589
1685020 588
1685030 588
1685040 588
1685050 589
1685060 589
1685070 590
1685080 589
1685090 590
1685100 590
1685110 589
1685120 588
1685130 588
1685140 588
1685150 587
1685160 587
1685170 587
1685180 587
1685190 586
1685200 586
1685210 586
1685220 586
1685230 586
1685240 586
1685250 585
1685260 585
1685270 585
1685280 585
1685290 585
1685300 584
1685310 584
1685320 584
1685330 584
1685340 584
1685350 584
1685360 584
1685370 584
1685380 583
1685390 583
1685400 583
1685410 583
1685420 583
1685430 583
1685440 583
1685450 582
1685460 582
1685470 582
1685480 582
1685490 582
1685500 582
1685510 582
1685520 581
1685530 581
1685540 581
1685550 581
1685560 581
1685570 581
1685580 580
1685590 580
1685600 580
1685610 580
1685620 579
1685630 579
1685640 579
1685650 579
1685660 579
1685670 579
1685680 579
1685690 579
1685700 579
1685710 580
1685720 580
1685730 580
1685740 580
1685750 581
1685760 581
1685770 581
1685780 581
1685790 581
1685800 582
1685810 582
1685820 582
1685830 582
1685840 582
1685850 582
1685860 582
1685870 582
1685880 582
1685890 582
1685900 582
1685910 582
1685920 582
1685930 582
1685940 583
1685950 583
1685960 583
1685970 583
1685980 583
1685990 583
1686000 582
1686010 582
1686020 582
1686030 582
1686040 582
1686050 582
1686060 582
1686070 582
1686080 582
1686090 582
1686100 581
1686110 581
1686120 581
1686130 581
1686140 581
1686150 581
1686160 580
1686170 580
1686180 580
1686190 580
1686200 580
1686210 580
1686220 580
1686230 579
1686240 579
1686250 579
1686260 579
1686270 579
1686280 578
1686290 578
1686300 578
1686310 578
1686320 577
1686330 577
1686340 577
1686350 576
1686360 576
1686370 576
1686380 575
1686390 575
1686400 575
1686410 575
1686420 574
1686430 574
1686440 574
1686450 573
1686460 573
1686470 573
1686480 572
1686490 572
1686500 572
1686510 572
1686520 572
1686530 571
1686540 571
1686550 571
1686560 570
1686570 570
1686580 569
1686590 569
1686600 569
1686610 569
1686620 569
1686630 570
1686640 570
1686650 570
1686660 570
1686670 571
1686680 571
1686690 571
1686700 572
1686710 572
1686720 572
1686730 573
1686740 573
1686750 574
1686760 574
1686770 574
1686780 574
1686790 575
1686800 575
1686810 575
1686820 576
1686830 576
1686840 577
1686850 577
1686860 577
1686870 577
1686880 577
1686890 577
1686900 578
1686910 578
1686920 578
1686930 578
1686940 579
1686950 579
1686960 579
1686970 580
1686980 580
1686990 580
1687000 581
1687010 581
1687020 581
1687030 582
1687040 582
1687050 583
1687060 583
1687070 584
1687080 584
1687090 585
1687100 585
1687110 586
1687120 586
1687130 586
1687140 587
1687150 587
1687160 587
1687170 588
1687180 588
1687190 588
1687200 589
1687210 589
1687220 589
1687230 590
1687240 590
1687250 590
1687260 591
1687270 591
1687280 591
1687290 592
1687300 592
1687310 592
1687320 593
1687330 593
1687340 593
1687350 593
1687360 593
1687370 593
1687380 594
1687390 594
1687400 594
1687410 594
1687420 594
1687430 594
1687440 594
1687450 594
1687460 594
1687470 594
1687480 594
1687490 594
1687500 594
1687510 594
1687520 595
1687530 595
1687540 595
1687550 595
1687560 595
1687570 595
1687580 595
1687590 596
1687600 596
1687610 596
1687620 596
1687630 596
1687640 596
1687650 596
1687660 596
1687670 596
1687680 596
1687690 596
1687700 596
1687710 596
1687720 596
1687730 596
1687740 597
1687750 597
1687760 597
1687770 597
1687780 597
1687790 597
1687800 597
1687810 597
1687820 597
1687830 597
1687840 596
1687850 596
1687860 596
1687870 596
1687880 595
1687890 595
1687900 595
1687910 595
1687920 595
1687930 595
1687940 595
1687950 595
1687960 596
1687970 596
1687980 597
1687990 598
1688000 598
1688010 599
1688020 599
1688030 599
1688040 600
1688050 602
1688060 603
1688070 604
1688080 605
1688090 606
1688100 607
1688110 607
1688120 608
1688130 609
1688140 610
1688150 611
1688160 611
1688170 612
1688180 612
1688190 613
1688200 614
1688210 614
1688220 615
1688230 616
1688240 616
1688250 617
1688260 618
1688270 619
1688280 620
1688290 620
1688300 621
1688310 622
1688320 623
1688330 623
1688340 624
1688350 624
1688360 625
1688370 625
1688380 626
1688390 626
1688400 626
1688410 626
1688420 625
1688430 626
1688440 626
1688450 626
1688460 626
1688470 626
1688480 626
1688490 626
1688500 627
1688510 627
1688520 627
1688530 627
1688540 627
1688550 627
1688560 627
1688570 628
1688580 628
1688590 629
1688600 629
1688610 629
1688620 628
1688630 628
1688640 628
1688650 627
1688660 627
1688670 626
1688680 626
1688690 626
1688700 625
1688710 625
1688720 625
1688730 625
1688740 624
1688750 624
1688760 624
1688770 623
1688780 623
1688790 623
1688800 623
1688810 622
1688820 622
1688830 622
1688840 621
1688850 621
1688860 621
1688870 620
1688880 620
1688890 619
1688900 619
1688910 619
1688920 619
1688930 618
1688940 618
1688950 618
1688960 618
1688970 617
1688980 617
1688990 617
1689000 617
1689010 617
1689020 617
1689030 617
1689040 617
1689050 616
1689060 616
1689070 616
1689080 616
1689090 616
1689100 616
1689110 616
1689120 616
1689130 616
1689140 616
1689150 616
1689160 616
1689170 616
1689180 616
1689190 616
1689200 616
1689210 616
1689220 616
1689230 616
1689240 616
1689250 617
1689260 617
1689270 617
1689280 617
1689290 617
1689300 617
1689310 617
1689320 617
1689330 616
1689340 616
1689350 616
1689360 616
1689370 616
1689380 616
1689390 615
1689400 615
1689410 615
1689420 615
1689430 615
1689440 614
1689450 614
1689460 614
1689470 614
1689480 614
1689490 614
1689500 614
1689510 614
1689520 614
1689530 614
1689540 614
1689550 614
1689560 613
1689570 613
1689580 613
1689590 613
1689600 613
1689610 614
1689620 614
1689630 614
1689640 613
1689650 613
1689660 613
1689670 613
1689680 612
1689690 612
1689700 612
1689710 611
1689720 611
1689730 611
1689740 611
1689750 611
1689760 611
1689770 611
1689780 611
1689790 611
1689800 611
1689810 611
1689820 611
1689830 611
1689840 611
1689850 611
1689860 612
1689870 612
1689880 612
1689890 612
1689900 612
1689910 612
1689920 613
1689930 613
1689940 613
1689950 613
1689960 612
1689970 612
1689980 612
1689990 612
1690000 611
1690010 611
1690020 610
1690030 609
1690040 609
1690050 608
1690060 608
1690070 608
1690080 608
1690090 608
1690100 608
1690110 608
1690120 609
1690130 609
1690140 609
1690150 609
1690160 609
1690170 609
1690180 609
1690190 609
1690200 609
1690210 609
1690220 609
1690230 609
1690240 609
1690250 609
1690260 609
1690270 609
1690280 608
1690290 608
1690300 608
1690310 608
1690320 608
1690330 608
1690340 608
1690350 608
1690360 609
1690370 609
1690380 609
1690390 609
1690400 610
1690410 610
1690420 610
1690430 611
1690440 611
1690450 611
1690460 611
1690470 612
1690480 612
1690490 612
1690500 613
1690510 613
1690520 613
1690530 612
1690540 612
1690550 612
1690560 612
1690570 612
1690580 612
1690590 612
1690600 611
1690610 611
1690620 611
1690630 611
1690640 611
1690650 610
1690660 610
1690670 609
1690680 609
1690690 609
1690700 608
1690710 608
1690720 608
1690730 607
1690740 607
1690750 607
1690760 606
1690770 606
1690780 606
1690790 606
1690800 605
1690810 605
1690820 605
1690830 604
1690840 604
1690850 604
1690860 603
1690870 602
1690880 602
1690890 601
1690900 600
1690910 600
1690920 599
1690930 599
1690940 598
1690950 598
1690960 597
1690970 597
1690980 596
1690990 596
1691000 595
1691010 595
1691020 595
1691030 594
1691040 594
1691050 594
1691060 594
1691070 594
1691080 594
1691090 595
1691100 595
1691110 595
1691120 595
1691130 596
1691140 596
1691150 596
1691160 596
1691170 596
1691180 596
1691190 596
1691200 596
1691210 597
1691220 597
1691230 597
1691240 598
1691250 598
1691260 599
1691270 599
1691280 599
1691290 599
1691300 599
1691310 599
1691320 600
1691330 600
1691340 600
1691350 600
1691360 599
1691370 599
1691380 598
1691390 598
1691400 598
1691410 597
1691420 597
1691430 597
1691440 596
1691450 596
1691460 596
1691470 596
1691480 596
1691490 596
1691500 596
1691510 596
1691520 596
1691530 596
1691540 596
1691550 596
1691560 596
1691570 596
1691580 596
1691590 596
1691600 595
1691610 595
1691620 594
1691630 593
1691640 593
1691650 592
1691660 592
1691670 592
1691680 592
1691690 591
1691700 591
1691710 591
1691720 591
1691730 591
1691740 591
1691750 592
1691760 592
1691770 592
1691780 592
1691790 592
1691800 591
1691810 591
1691820 591
1691830 590
1691840 589
1691850 588
1691860 588
1691870 587
1691880 586
1691890 586
1691900 585
1691910 585
1691920 584
1691930 583
1691940 582
1691950 581
1691960 580
1691970 579
1691980 579
1691990 579
1692000 578
1692010 578
1692020 577
1692030 577
1692040 576
1692050 576
1692060 575
1692070 575
1692080 574
1692090 574
1692100 573
1692110 573
1692120 573
1692130 572
1692140 572
1692150 572
1692160 572
1692170 571
1692180 571
1692190 570
1692200 570
1692210 570
1692220 570
1692230 570
1692240 570
1692250 569
1692260 569
1692270 568
1692280 568
1692290 567
1692300 567
1692310 567
1692320 567
1692330 567
1692340 566
1692350 566
1692360 566
1692370 565
1692380 565
1692390 565
1692400 564
1692410 564
1692420 564
1692430 563
1692440 563
1692450 563
1692460 562
1692470 562
1692480 562
1692490 561
1692500 561
1692510 561
1692520 561
1692530 560
1692540 560
1692550 560
1692560 559
1692570 559
1692580 559
1692590 559
1692600 558
1692610 558
1692620 558
1692630 558
1692640 558
1692650 557
1692660 557
1692670 557
1692680 557
1692690 557
1692700 556
1692710 556
1692720 556
1692730 556
1692740 556
1692750 556
1692760 555
1692770 555
1692780 555
1692790 555
1692800 555
1692810 554
1692820 554
1692830 554
1692840 554
1692850 554
1692860 554
1692870 554
1692880 554
1692890 554
1692900 554
1692910 554
1692920 554
1692930 553
1692940 553
1692950 553
1692960 553
1692970 553
1692980 553
1692990 553
1693000 553
1693010 553
1693020 553
1693030 553
1693040 553
1693050 553
1693060 553
1693070 553
1693080 553
1693090 553
1693100 553
1693110 553
1693120 553
1693130 553
1693140 553
1693150 553
1693160 553
1693170 553
1693180 553
1693190 553
1693200 552
1693210 552
1693220 552
1693230 552
1693240 551
1693250 551
1693260 551
1693270 550
1693280 550
1693290 549
1693300 549
1693310 548
1693320 548
1693330 547
1693340 546
1693350 546
1693360 545
1693370 544
1693380 543
1693390 542
1693400 541
1693410 541
1693420 540
1693430 539
1693440 539
1693450 538
1693460 537
1693470 537
1693480 536
1693490 536
1693500 535
1693510 534
1693520 534
1693530 533
1693540 533
1693550 532
1693560 532
1693570 531
1693580 531
1693590 531
1693600 530
1693610 530
1693620 530
1693630 530
1693640 529
1693650 529
1693660 529
1693670 528
1693680 528
1693690 528
1693700 528
1693710 528
1693720 527
1693730 527
1693740 527
1693750 527
1693760 526
1693770 526
1693780 526
1693790 526
1693800 526
1693810 526
1693820 525
1693830 525
1693840 525
1693850 525
1693860 525
1693870 525
1693880 525
1693890 525
1693900 524
1693910 524
1693920 524
1693930 524
1693940 524
1693950 524
1693960 523
1693970 523
1693980 523
1693990 523
1694000 523
1694010 523
1694020 523
1694030 523
1694040 523
1694050 522
1694060 522
1694070 522
1694080 522
1694090 522
1694100 522
1694110 522
1694120 521
1694130 521
1694140 521
1694150 521
1694160 521
1694170 521
1694180 521
1694190 520
1694200 520
1694210 520
1694220 520
1694230 520
1694240 520
1694250 519
1694260 519
1694270 519
1694280 519
1694290 518
1694300 518
1694310 518
1694320 518
1694330 517
1694340 517
1694350 517
1694360 517
1694370 517
1694380 516
1694390 516
1694400 516
1694410 516
1694420 516
1694430 516
1694440 516
1694450 516
1694460 516
1694470 516
1694480 515
1694490 515
1694500 515
1694510 515
1694520 515
1694530 515
1694540 515
1694550 515
1694560 515
1694570 515
1694580 514
1694590 514
1694600 514
1694610 514
1694620 514
1694630 514
1694640 514
1694650 514
1694660 513
1694670 513
1694680 513
1694690 513
1694700 513
1694710 513
1694720 513
1694730 513
1694740 512
1694750 512
1694760 512
1694770 512
1694780 512
1694790 512
1694800 512
1694810 511
1694820 511
1694830 511
1694840 511
1694850 511
1694860 511
1694870 511
1694880 510
1694890 510
1694900 510
1694910 510
1694920 510
1694930 510
1694940 510
1694950 510
1694960 509
1694970 509
1694980 509
1694990 509
1695000 509
1695010 509
1695020 509
1695030 509
1695040 508
1695050 508
1695060 508
1695070 507
1695080 507
1695090 507
1695100 507
1695110 507
1695120 506
1695130 506
1695140 506
1695150 506
1695160 505
1695170 505
1695180 505
1695190 505
1695200 505
1695210 504
1695220 504
1695230 504
1695240 504
1695250 504
1695260 504
1695270 503
1695280 503
1695290 503
1695300 503
1695310 503
1695320 502
1695330 502
1695340 502
1695350 502
1695360 502
1695370 501
1695380 501
1695390 501
1695400 501
1695410 501
1695420 501
1695430 500
1695440 500
1695450 500
1695460 500
1695470 500
1695480 500
1695490 499
1695500 499
1695510 499
1695520 499
1695530 499
1695540 499
1695550 498
1695560 498
1695570 498
1695580 498
1695590 498
1695600 498
1695610 497
1695620 497
1695630 497
1695640 497
1695650 496
1695660 496
1695670 496
1695680 496
1695690 495
1695700 495
1695710 494
1695720 493
1695730 492
1695740 491
1695750 490
1695760 490
1695770 490
1695780 490
1695790 489
1695800 489
1695810 489
1695820 489
1695830 489
1695840 490
1695850 490
1695860 491
1695870 492
1695880 492
1695890 493
1695900 493
1695910 493
1695920 493
1695930 494
1695940 494
1695950 494
1695960 495
1695970 495
1695980 494
1695990 494
1696000 494
1696010 494
1696020 495
1696030 495
1696040 495
1696050 495
1696060 494
1696070 494
1696080 494
1696090 494
1696100 494
1696110 494
1696120 494
1696130 493
1696140 493
1696150 493
1696160 492
1696170 492
1696180 492
1696190 491
1696200 491
1696210 489
1696220 488
1696230 488
1696240 487
1696250 487
1696260 487
1696270 487
1696280 486
1696290 485
1696300 484
1696310 484
1696320 484
1696330 484
1696340 484
1696350 484
1696360 483
1696370 483
1696380 483
1696390 483
1696400 483
1696410 483
1696420 483
1696430 483
1696440 483
1696450 483
1696460 483
1696470 483
1696480 483
1696490 483
1696500 483
1696510 483
1696520 484
1696530 484
1696540 484
1696550 484
1696560 484
1696570 485
1696580 485
1696590 485
1696600 486
1696610 487
1696620 487
1696630 487
1696640 488
1696650 488
1696660 488
1696670 489
1696680 489
1696690 489
1696700 489
1696710 490
1696720 490
1696730 491
1696740 491
1696750 491
1696760 492
1696770 492
1696780 492
1696790 492
1696800 492
1696810 492
1696820 492
1696830 491
1696840 491
1696850 491
1696860 491
1696870 491
1696880 491
1696890 490
1696900 490
1696910 489
1696920 488
1696930 487
1696940 487
1696950 487
1696960 486
1696970 486
1696980 486
1696990 485
1697000 485
1697010 485
1697020 485
1697030 485
1697040 485
1697050 485
1697060 486
1697070 486
1697080 487
1697090 489
1697100 491
1697110 493
1697120 495
1697130 496
1697140 497
1697150 497
1697160 497
1697170 497
1697180 497
1697190 497
1697200 497
1697210 497
1697220 497
1697230 497
1697240 497
1697250 497
1697260 497
1697270 497
1697280 497
1697290 498
1697300 498
1697310 498
1697320 498
1697330 498
1697340 497
1697350 497
1697360 498
1697370 498
1697380 498
1697390 498
1697400 498
1697410 498
1697420 497
1697430 497
1697440 497
1697450 497
1697460 497
1697470 497
1697480 496
1697490 496
1697500 496
1697510 496
1697520 495
1697530 495
1697540 495
1697550 495
1697560 495
1697570 494
1697580 494
1697590 494
1697600 494
1697610 494
1697620 494
1697630 494
1697640 494
1697650 494
1697660 494
1697670 494
1697680 494
1697690 494
1697700 494
1697710 494
1697720 494
1697730 494
1697740 494
1697750 494
1697760 494
1697770 494
1697780 494
1697790 494
1697800 494
1697810 494
1697820 494
1697830 494
1697840 494
1697850 495
1697860 495
1697870 495
1697880 495
1697890 496
1697900 496
1697910 496
1697920 497
1697930 497
1697940 497
1697950 497
1697960 497
1697970 498
1697980 498
1697990 498
1698000 498
1698010 499
1698020 499
1698030 499
1698040 499
1698050 500
1698060 500
1698070 500
1698080 500
1698090 500
1698100 500
1698110 500
1698120 500
1698130 500
1698140 501
1698150 501
1698160 501
1698170 501
1698180 501
1698190 501
1698200 502
1698210 502
1698220 502
1698230 502
1698240 503
1698250 503
1698260 504
1698270 504
1698280 504
1698290 504
1698300 505
1698310 505
1698320 505
1698330 505
1698340 506
1698350 506
1698360 507
1698370 507
1698380 507
1698390 508
1698400 508
1698410 508
1698420 509
1698430 509
1698440 509
1698450 509
1698460 509
1698470 509
1698480 509
1698490 509
1698500 509
1698510 509
1698520 509
1698530 509
1698540 509
1698550 509
1698560 509
1698570 509
1698580 509
1698590 509
1698600 509
1698610 510
1698620 510
1698630 510
1698640 510
1698650 510
1698660 510
1698670 510
1698680 510
1698690 510
1698700 510
1698710 510
1698720 510
1698730 510
1698740 510
1698750 510
1698760 510
1698770 510
1698780 510
1698790 510
1698800 509
1698810 509
1698820 509
1698830 509
1698840 509
1698850 509
1698860 508
1698870 508
1698880 508
1698890 508
1698900 508
1698910 507
1698920 507
1698930 506
1698940 506
1698950 505
1698960 505
1698970 504
1698980 503
1698990 503
1699000 502
1699010 501
1699020 500
1699030 500
1699040 500
1699050 501
1699060 501
1699070 501
1699080 501
1699090 500
1699100 500
1699110 499
1699120 498
1699130 498
1699140 497
1699150 497
1699160 497
1699170 498
1699180 498
1699190 499
1699200 499
1699210 499
1699220 500
1699230 500
1699240 500
1699250 500
1699260 500
1699270 500
1699280 500
1699290 500
1699300 500
1699310 500
1699320 500
1699330 500
1699340 500
1699350 499
1699360 499
1699370 498
1699380 498
1699390 497
1699400 496
1699410 496
1699420 495
1699430 495
1699440 494
1699450 493
1699460 492
1699470 492
1699480 491
1699490 490
1699500 489
1699510 489
1699520 488
1699530 486
1699540 485
1699550 482
1699560 479
1699570 475
1699580 471
1699590 469
1699600 469
1699610 469
1699620 468
1699630 468
1699640 468
1699650 469
1699660 470
1699670 472
1699680 474
1699690 477
1699700 480
1699710 483
1699720 486
1699730 488
1699740 490
1699750 491
1699760 492
1699770 492
1699780 493
1699790 493
1699800 494
1699810 494
1699820 494
1699830 494
1699840 493
1699850 493
1699860 493
1699870 494
1699880 494
1699890 494
1699900 494
1699910 494
1699920 494
1699930 494
1699940 495
1699950 495
1699960 495
1699970 495
1699980 496
1699990 496
