1680000 574
1680010 573
1680020 573
1680030 572
1680040 572
1680050 571
1680060 570
1680070 570
1680080 569
1680090 568
1680100 568
1680110 567
1680120 566
1680130 565
1680140 565
1680150 564
1680160 564
1680170 563
1680180 563
1680190 562
1680200 562
1680210 562
1680220 562
1680230 563
1680240 563
1680250 563
1680260 563
1680270 563
1680280 563
1680290 563
1680300 563
1680310 563
1680320 562
1680330 562
1680340 562
1680350 562
1680360 562
1680370 561
1680380 561
1680390 561
1680400 561
1680410 560
1680420 560
1680430 559
1680440 559
1680450 559
1680460 558
1680470 558
1680480 558
1680490 558
1680500 557
1680510 557
1680520 557
1680530 557
1680540 557
1680550 556
1680560 556
1680570 556
1680580 556
1680590 556
1680600 556
1680610 555
1680620 555
1680630 555
1680640 555
1680650 555
1680660 555
1680670 555
1680680 555
1680690 555
1680700 556
1680710 556
1680720 556
1680730 556
1680740 555
1680750 555
1680760 555
1680770 555
1680780 555
1680790 555
1680800 554
1680810 554
1680820 554
1680830 553
1680840 553
1680850 553
1680860 552
1680870 551
1680880 550
1680890 549
1680900 549
1680910 548
1680920 548
1680930 548
1680940 548
1680950 548
1680960 548
1680970 548
1680980 548
1680990 547
1681000 547
1681010 547
1681020 547
1681030 547
1681040 547
1681050 547
1681060 547
1681070 547
1681080 547
1681090 548
1681100 548
1681110 548
1681120 549
1681130 551
1681140 551
1681150 552
1681160 553
1681170 553
1681180 554
1681190 554
1681200 555
1681210 556
1681220 557
1681230 557
1681240 558
1681250 558
1681260 559
1681270 559
1681280 559
1681290 559
1681300 559
1681310 559
1681320 560
1681330 560
1681340 560
1681350 560
1681360 560
1681370 560
1681380 560
1681390 560
1681400 561
1681410 561
1681420 561
1681430 561
1681440 561
1681450 561
1681460 561
1681470 562
1681480 562
1681490 562
1681500 562
1681510 562
1681520 563
1681530 563
1681540 563
1681550 563
1681560 563
1681570 563
1681580 563
1681590 563
1681600 563
1681610 563
1681620 564
1681630 564
1681640 564
1681650 564
1681660 564
1681670 564
1681680 564
1681690 564
1681700 565
1681710 565
1681720 565
1681730 565
1681740 565
1681750 565
1681760 565
1681770 565
1681780 565
1681790 565
1681800 565
1681810 565
1681820 565
1681830 565
1681840 565
1681850 565
1681860 565
1681870 565
1681880 565
1681890 565
1681900 565
1681910 565
1681920 565
1681930 565
1681940 565
1681950 565
1681960 565
1681970 565
1681980 565
1681990 564
1682000 564
1682010 564
1682020 564
1682030 564
1682040 563
1682050 563
1682060 563
1682070 562
1682080 562
1682090 562
1682100 562
1682110 561
1682120 561
1682130 561
1682140 561
1682150 560
1682160 560
1682170 560
1682180 560
1682190 559
1682200 559
1682210 558
1682220 558
1682230 558
1682240 558
1682250 559
1682260 560
1682270 562
1682280 562
1682290 562
1682300 563
1682310 564
1682320 565
1682330 565
1682340 566
1682350 566
1682360 566
1682370 567
1682380 567
1682390 567
1682400 567
1682410 568
1682420 568
1682430 569
1682440 570
1682450 570
1682460 571
1682470 571
1682480 572
1682490 572
1682500 572
1682510 572
1682520 572
1682530 572
1682540 572
1682550 573
1682560 573
1682570 573
1682580 574
1682590 574
1682600 574
1682610 574
1682620 575
1682630 575
1682640 575
1682650 575
1682660 575
1682670 576
1682680 576
1682690 576
1682700 576
1682710 576
1682720 576
1682730 576
1682740 576
1682750 576
1682760 576
1682770 576
1682780 576
1682790 577
1682800 577
1682810 577
1682820 578
1682830 578
1682840 578
1682850 579
1682860 579
1682870 580
1682880 580
1682890 580
1682900 580
1682910 581
1682920 581
1682930 582
1682940 582
1682950 582
1682960 582
1682970 583
1682980 583
1682990 583
1683000 583
1683010 584
1683020 584
1683030 584
1683040 585
1683050 585
1683060 586
1683070 586
1683080 587
1683090 587
1683100 587
1683110 588
1683120 588
1683130 588
1683140 589
1683150 589
1683160 588
1683170 588
1683180 588
1683190 588
1683200 588
1683210 588
1683220 588
1683230 588
1683240 588
1683250 588
1683260 588
1683270 588
1683280 588
1683290 588
1683300 588
1683310 588
1683320 588
1683330 588
1683340 588
1683350 587
1683360 587
1683370 587
1683380 587
1683390 587
1683400 587
1683410 587
1683420 587
1683430 587
1683440 588
1683450 588
1683460 588
1683470 588
1683480 589
1683490 589
1683500 590
1683510 590
1683520 590
1683530 590
1683540 590
1683550 590
1683560 590
1683570 590
1683580 590
1683590 589
1683600 589
1683610 588
1683620 588
1683630 588
1683640 587
1683650 587
1683660 587
1683670 586
1683680 587
1683690 588
1683700 588
1683710 589
1683720 590
1683730 591
1683740 591
1683750 592
1683760 592
1683770 592
1683780 593
1683790 593
1683800 593
1683810 594
1683820 594
1683830 595
1683840 595
1683850 596
1683860 596
1683870 597
1683880 598
1683890 599
1683900 600
1683910 601
1683920 602
1683930 603
1683940 604
1683950 605
1683960 606
1683970 607
1683980 607
1683990 608
1684000 608
1684010 609
1684020 609
1684030 610
1684040 610
1684050 610
1684060 611
1684070 611
1684080 612
1684090 612
1684100 612
1684110 612
1684120 613
1684130 613
1684140 613
1684150 614
1684160 614
1684170 614
1684180 615
1684190 615
1684200 616
1684210 616
1684220 617
1684230 617
1684240 618
1684250 618
1684260 619
1684270 619
1684280 620
1684290 620
1684300 621
1684310 621
1684320 622
1684330 622
1684340 623
1684350 623
1684360 624
1684370 625
1684380 626
1684390 627
1684400 628
1684410 627
1684420 626
1684430 625
1684440 625
1684450 624
1684460 624
1684470 624
1684480 624
1684490 623
1684500 623
1684510 622
1684520 622
1684530 621
1684540 620
1684550 620
1684560 619
1684570 619
1684580 619
1684590 619
1684600 618
1684610 618
1684620 617
1684630 617
1684640 617
1684650 616
1684660 615
1684670 615
1684680 614
1684690 614
1684700 613
1684710 613
1684720 612
1684730 612
1684740 612
1684750 611
1684760 611
1684770 611
1684780 610
1684790 610
1684800 609
1684810 609
1684820 609
1684830 608
1684840 608
1684850 607
1684860 606
1684870 606
1684880 606
1684890 606
1684900 605
1684910 605
1684920 605
1684930 604
1684940 604
1684950 603
1684960 603
1684970 602
1684980 601
1684990 600
1685000 599
1685010 598
1685020 597
1685030 597
1685040 596
1685050 596
1685060 595
1685070 595
1685080 595
1685090 594
1685100 594
1685110 594
1685120 593
1685130 593
1685140 593
1685150 593
1685160 593
1685170 593
1685180 592
1685190 592
1685200 592
1685210 592
1685220 591
1685230 591
1685240 591
1685250 591
1685260 590
1685270 590
1685280 590
1685290 590
1685300 590
1685310 589
1685320 589
1685330 589
1685340 589
1685350 589
1685360 589
1685370 589
1685380 588
1685390 588
1685400 588
1685410 588
1685420 588
1685430 588
1685440 588
1685450 588
1685460 588
1685470 588
1685480 588
1685490 588
1685500 588
1685510 588
1685520 588
1685530 588
1685540 589
1685550 589
1685560 588
1685570 588
1685580 588
1685590 588
1685600 588
1685610 588
1685620 588
1685630 588
1685640 587
1685650 587
1685660 587
1685670 587
1685680 587
1685690 587
1685700 587
1685710 587
1685720 587
1685730 587
1685740 586
1685750 586
1685760 586
1685770 586
1685780 586
1685790 586
1685800 586
1685810 586
1685820 586
1685830 586
1685840 586
1685850 585
1685860 585
1685870 585
1685880 585
1685890 585
1685900 584
1685910 584
1685920 584
1685930 584
1685940 584
1685950 584
1685960 583
1685970 583
1685980 583
1685990 583
1686000 583
1686010 583
1686020 583
1686030 583
1686040 583
1686050 583
1686060 582
1686070 582
1686080 582
1686090 582
1686100 582
1686110 581
1686120 581
1686130 581
1686140 581
1686150 581
1686160 581
1686170 581
1686180 581
1686190 581
1686200 581
1686210 581
1686220 581
1686230 581
1686240 581
1686250 581
1686260 581
1686270 581
1686280 581
1686290 581
1686300 581
1686310 581
1686320 581
1686330 581
1686340 581
1686350 581
1686360 581
1686370 581
1686380 581
1686390 581
1686400 581
1686410 580
1686420 580
1686430 580
1686440 580
1686450 580
1686460 579
1686470 579
1686480 579
1686490 578
1686500 578
1686510 577
1686520 575
1686530 574
1686540 574
1686550 574
1686560 573
1686570 573
1686580 572
1686590 572
1686600 571
1686610 571
1686620 571
1686630 571
1686640 571
1686650 571
1686660 570
1686670 571
1686680 571
1686690 571
1686700 571
1686710 571
1686720 571
1686730 572
1686740 572
1686750 572
1686760 572
1686770 572
1686780 572
1686790 572
1686800 572
1686810 572
1686820 572
1686830 573
1686840 573
1686850 574
1686860 574
1686870 574
1686880 574
1686890 574
1686900 574
1686910 575
1686920 575
1686930 575
1686940 575
1686950 576
1686960 576
1686970 576
1686980 576
1686990 577
1687000 577
1687010 577
1687020 577
1687030 577
1687040 577
1687050 577
1687060 578
1687070 578
1687080 578
1687090 578
1687100 578
1687110 578
1687120 578
1687130 578
1687140 579
1687150 579
1687160 579
1687170 579
1687180 579
1687190 579
1687200 579
1687210 579
1687220 580
1687230 580
1687240 580
1687250 580
1687260 580
1687270 580
1687280 580
1687290 581
1687300 581
1687310 581
1687320 582
1687330 582
1687340 582
1687350 582
1687360 582
1687370 582
1687380 582
1687390 582
1687400 582
1687410 582
1687420 583
1687430 583
1687440 583
1687450 583
1687460 583
1687470 583
1687480 583
1687490 583
1687500 583
1687510 584
1687520 584
1687530 584
1687540 584
1687550 584
1687560 585
1687570 585
1687580 585
1687590 585
1687600 585
1687610 586
1687620 586
1687630 586
1687640 587
1687650 587
1687660 587
1687670 588
1687680 588
1687690 588
1687700 588
1687710 588
1687720 589
1687730 589
1687740 589
1687750 589
1687760 589
1687770 589
1687780 589
1687790 590
1687800 590
1687810 590
1687820 590
1687830 590
1687840 590
1687850 591
1687860 591
1687870 591
1687880 591
1687890 591
1687900 591
1687910 592
1687920 592
1687930 592
1687940 592
1687950 593
1687960 593
1687970 593
1687980 593
1687990 594
1688000 594
1688010 594
1688020 594
1688030 594
1688040 594
1688050 594
1688060 594
1688070 594
1688080 595
1688090 595
1688100 595
1688110 595
1688120 595
1688130 595
1688140 595
1688150 596
1688160 596
1688170 596
1688180 596
1688190 596
1688200 596
1688210 596
1688220 596
1688230 596
1688240 596
1688250 596
1688260 596
1688270 597
1688280 597
1688290 597
1688300 597
1688310 597
1688320 597
1688330 597
1688340 597
1688350 597
1688360 598
1688370 598
1688380 598
1688390 598
1688400 598
1688410 598
1688420 598
1688430 598
1688440 598
1688450 598
1688460 598
1688470 599
1688480 599
1688490 599
1688500 599
1688510 599
1688520 599
1688530 599
1688540 599
1688550 599
1688560 599
1688570 600
1688580 600
1688590 600
1688600 600
1688610 600
1688620 600
1688630 601
1688640 601
1688650 602
1688660 602
1688670 602
1688680 602
1688690 602
1688700 603
1688710 603
1688720 603
1688730 603
1688740 603
1688750 604
1688760 604
1688770 604
1688780 604
1688790 604
1688800 605
1688810 605
1688820 605
1688830 605
1688840 605
1688850 606
1688860 606
1688870 606
1688880 606
1688890 607
1688900 607
1688910 607
1688920 607
1688930 608
1688940 608
1688950 608
1688960 609
1688970 609
1688980 609
1688990 609
1689000 609
1689010 609
1689020 609
1689030 609
1689040 610
1689050 610
1689060 610
1689070 610
1689080 610
1689090 611
1689100 611
1689110 611
1689120 611
1689130 611
1689140 611
1689150 612
1689160 612
1689170 612
1689180 612
1689190 612
1689200 612
1689210 613
1689220 613
1689230 613
1689240 613
1689250 614
1689260 614
1689270 614
1689280 614
1689290 614
1689300 615
1689310 615
1689320 615
1689330 615
1689340 616
1689350 616
1689360 616
1689370 617
1689380 617
1689390 617
1689400 618
1689410 618
1689420 618
1689430 618
1689440 619
1689450 619
1689460 619
1689470 620
1689480 620
1689490 621
1689500 621
1689510 622
1689520 623
1689530 623
1689540 624
1689550 624
1689560 625
1689570 625
1689580 626
1689590 626
1689600 627
1689610 628
1689620 628
1689630 629
1689640 629
1689650 630
1689660 630
1689670 630
1689680 630
1689690 631
1689700 631
1689710 631
1689720 631
1689730 631
1689740 631
1689750 631
1689760 630
1689770 630
1689780 630
1689790 629
1689800 629
1689810 629
1689820 628
1689830 628
1689840 627
1689850 627
1689860 626
1689870 626
1689880 626
1689890 626
1689900 625
1689910 625
1689920 625
1689930 625
1689940 625
1689950 624
1689960 624
1689970 624
1689980 624
1689990 624
1690000 624
1690010 624
1690020 624
1690030 624
1690040 624
1690050 624
1690060 623
1690070 623
1690080 623
1690090 623
1690100 623
1690110 623
1690120 623
1690130 622
1690140 622
1690150 622
1690160 622
1690170 622
1690180 622
1690190 622
1690200 622
1690210 621
1690220 621
1690230 621
1690240 621
1690250 621
1690260 621
1690270 621
1690280 621
1690290 621
1690300 621
1690310 621
1690320 621
1690330 621
1690340 621
1690350 621
1690360 621
1690370 621
1690380 621
1690390 621
1690400 621
1690410 621
1690420 621
1690430 621
1690440 621
1690450 621
1690460 620
1690470 620
1690480 620
1690490 620
1690500 620
1690510 620
1690520 620
1690530 621
1690540 621
1690550 621
1690560 621
1690570 621
1690580 621
1690590 620
1690600 620
1690610 620
1690620 619
1690630 618
1690640 617
1690650 617
1690660 616
1690670 616
1690680 615
1690690 614
1690700 614
1690710 613
1690720 613
1690730 612
1690740 612
1690750 611
1690760 611
1690770 611
1690780 610
1690790 610
1690800 609
1690810 609
1690820 609
1690830 608
1690840 608
1690850 607
1690860 606
1690870 606
1690880 605
1690890 604
1690900 603
1690910 602
1690920 602
1690930 601
1690940 600
1690950 599
1690960 598
1690970 597
1690980 596
1690990 594
1691000 593
1691010 592
1691020 591
1691030 590
1691040 589
1691050 589
1691060 588
1691070 587
1691080 586
1691090 585
1691100 585
1691110 584
1691120 584
1691130 583
1691140 583
1691150 582
1691160 582
1691170 581
1691180 581
1691190 580
1691200 580
1691210 579
1691220 579
1691230 578
1691240 578
1691250 578
1691260 578
1691270 577
1691280 577
1691290 577
1691300 577
1691310 577
1691320 577
1691330 577
1691340 577
1691350 576
1691360 576
1691370 576
1691380 576
1691390 576
1691400 576
1691410 576
1691420 576
1691430 575
1691440 575
1691450 575
1691460 574
1691470 574
1691480 574
1691490 574
1691500 573
1691510 573
1691520 572
1691530 572
1691540 571
1691550 570
1691560 569
1691570 569
1691580 570
1691590 570
1691600 570
1691610 571
1691620 571
1691630 571
1691640 571
1691650 571
1691660 571
1691670 571
1691680 571
1691690 571
1691700 571
1691710 571
1691720 571
1691730 570
1691740 570
1691750 571
1691760 571
1691770 571
1691780 572
1691790 572
1691800 573
1691810 574
1691820 575
1691830 575
1691840 576
1691850 576
1691860 577
1691870 578
1691880 578
1691890 579
1691900 579
1691910 580
1691920 581
1691930 581
1691940 581
1691950 581
1691960 581
1691970 581
1691980 580
1691990 580
1692000 580
1692010 580
1692020 579
1692030 579
1692040 579
1692050 579
1692060 578
1692070 578
1692080 577
1692090 577
1692100 576
1692110 575
1692120 575
1692130 574
1692140 573
1692150 572
1692160 571
1692170 570
1692180 569
1692190 568
1692200 566
1692210 565
1692220 564
1692230 562
1692240 560
1692250 558
1692260 557
1692270 555
1692280 554
1692290 553
1692300 552
1692310 550
1692320 550
1692330 549
1692340 549
1692350 549
1692360 548
1692370 548
1692380 548
1692390 549
1692400 550
1692410 552
1692420 553
1692430 556
1692440 558
1692450 560
1692460 561
1692470 562
1692480 563
1692490 563
1692500 563
1692510 564
1692520 564
1692530 564
1692540 564
1692550 565
1692560 565
1692570 565
1692580 564
1692590 564
1692600 564
1692610 564
1692620 564
1692630 564
1692640 564
1692650 564
1692660 564
1692670 564
1692680 564
1692690 564
1692700 564
1692710 564
1692720 563
1692730 563
1692740 562
1692750 562
1692760 562
1692770 561
1692780 561
1692790 560
1692800 560
1692810 559
1692820 559
1692830 558
1692840 558
1692850 558
1692860 557
1692870 557
1692880 556
1692890 556
1692900 555
1692910 555
1692920 554
1692930 553
1692940 553
1692950 552
1692960 551
1692970 550
1692980 549
1692990 548
1693000 547
1693010 546
1693020 546
1693030 545
1693040 545
1693050 544
1693060 544
1693070 543
1693080 542
1693090 542
1693100 542
1693110 541
1693120 541
1693130 540
1693140 539
1693150 539
1693160 538
1693170 537
1693180 537
1693190 537
1693200 536
1693210 536
1693220 535
1693230 535
1693240 534
1693250 534
1693260 533
1693270 533
1693280 532
1693290 532
1693300 532
1693310 531
1693320 531
1693330 531
1693340 530
1693350 530
1693360 530
1693370 529
1693380 529
1693390 529
1693400 529
1693410 528
1693420 528
1693430 528
1693440 528
1693450 527
1693460 527
1693470 527
1693480 527
1693490 526
1693500 526
1693510 526
1693520 526
1693530 526
1693540 525
1693550 525
1693560 525
1693570 525
1693580 525
1693590 525
1693600 524
1693610 524
1693620 524
1693630 524
1693640 524
1693650 524
1693660 524
1693670 523
1693680 523
1693690 523
1693700 523
1693710 523
1693720 523
1693730 522
1693740 522
1693750 522
1693760 522
1693770 522
1693780 521
1693790 521
1693800 521
1693810 521
1693820 521
1693830 520
1693840 520
1693850 520
1693860 520
1693870 519
1693880 519
1693890 518
1693900 518
1693910 518
1693920 517
1693930 517
1693940 517
1693950 517
1693960 516
1693970 516
1693980 515
1693990 515
1694000 514
1694010 514
1694020 514
1694030 515
1694040 515
1694050 515
1694060 515
1694070 515
1694080 515
1694090 515
1694100 514
1694110 514
1694120 514
1694130 514
1694140 514
1694150 514
1694160 514
1694170 514
1694180 514
1694190 513
1694200 513
1694210 512
1694220 513
1694230 513
1694240 513
1694250 513
1694260 513
1694270 513
1694280 513
1694290 513
1694300 513
1694310 513
1694320 513
1694330 513
1694340 513
1694350 513
1694360 513
1694370 513
1694380 513
1694390 513
1694400 513
1694410 513
1694420 513
1694430 513
1694440 513
1694450 513
1694460 513
1694470 513
1694480 513
1694490 513
1694500 513
1694510 512
1694520 512
1694530 512
1694540 512
1694550 512
1694560 512
1694570 512
1694580 512
1694590 511
1694600 511
1694610 511
1694620 511
1694630 510
1694640 510
1694650 510
1694660 510
1694670 509
1694680 509
1694690 509
1694700 508
1694710 508
1694720 508
1694730 507
1694740 507
1694750 507
1694760 506
1694770 506
1694780 506
1694790 505
1694800 505
1694810 504
1694820 504
1694830 503
1694840 503
1694850 502
1694860 501
1694870 501
1694880 500
1694890 500
1694900 499
1694910 499
1694920 499
1694930 499
1694940 499
1694950 499
1694960 499
1694970 498
1694980 498
1694990 498
1695000 498
1695010 498
1695020 498
1695030 497
1695040 497
1695050 497
1695060 497
1695070 496
1695080 496
1695090 496
1695100 496
1695110 496
1695120 495
1695130 495
1695140 495
1695150 494
1695160 494
1695170 494
1695180 494
1695190 494
1695200 494
1695210 493
1695220 493
1695230 492
1695240 492
1695250 492
1695260 491
1695270 491
1695280 491
1695290 490
1695300 490
1695310 490
1695320 490
1695330 490
1695340 490
1695350 490
1695360 490
1695370 490
1695380 489
1695390 489
1695400 489
1695410 489
1695420 489
1695430 489
1695440 489
1695450 489
1695460 489
1695470 489
1695480 489
1695490 489
1695500 489
1695510 489
1695520 489
1695530 489
1695540 489
1695550 489
1695560 489
1695570 489
1695580 489
1695590 489
1695600 490
1695610 490
1695620 490
1695630 490
1695640 490
1695650 490
1695660 491
1695670 491
1695680 491
1695690 491
1695700 492
1695710 492
1695720 492
1695730 492
1695740 492
1695750 492
1695760 493
1695770 493
1695780 493
1695790 493
1695800 493
1695810 493
1695820 494
1695830 494
1695840 494
1695850 494
1695860 494
1695870 494
1695880 494
1695890 495
1695900 495
1695910 495
1695920 495
1695930 495
1695940 495
1695950 495
1695960 495
1695970 495
1695980 495
1695990 495
1696000 495
1696010 495
1696020 495
1696030 494
1696040 494
1696050 494
1696060 494
1696070 494
1696080 494
1696090 494
1696100 493
1696110 493
1696120 493
1696130 493
1696140 493
1696150 492
1696160 492
1696170 492
1696180 492
1696190 492
1696200 491
1696210 491
1696220 490
1696230 490
1696240 489
1696250 489
1696260 488
1696270 488
1696280 488
1696290 487
1696300 487
1696310 486
1696320 486
1696330 486
1696340 485
1696350 485
1696360 485
1696370 485
1696380 485
1696390 485
1696400 485
1696410 485
1696420 485
1696430 485
1696440 486
1696450 487
1696460 489
1696470 489
1696480 490
1696490 491
1696500 491
1696510 492
1696520 493
1696530 493
1696540 494
1696550 494
1696560 495
1696570 495
1696580 496
1696590 496
1696600 497
1696610 497
1696620 497
1696630 498
1696640 498
1696650 498
1696660 499
1696670 499
1696680 499
1696690 499
1696700 500
1696710 500
1696720 500
1696730 500
1696740 500
1696750 500
1696760 500
1696770 500
1696780 501
1696790 501
1696800 501
1696810 501
1696820 501
1696830 501
1696840 501
1696850 501
1696860 501
1696870 501
1696880 501
1696890 501
1696900 500
1696910 500
1696920 500
1696930 500
1696940 500
1696950 500
1696960 500
1696970 500
1696980 499
1696990 499
1697000 499
1697010 499
1697020 499
1697030 498
1697040 498
1697050 498
1697060 498
1697070 497
1697080 497
1697090 497
1697100 497
1697110 496
1697120 496
1697130 496
1697140 496
1697150 495
1697160 495
1697170 495
1697180 494
1697190 494
1697200 494
1697210 494
1697220 493
1697230 493
1697240 493
1697250 493
1697260 492
1697270 492
1697280 492
1697290 492
1697300 492
1697310 492
1697320 491
1697330 491
1697340 491
1697350 491
1697360 490
1697370 490
1697380 490
1697390 490
1697400 490
1697410 490
1697420 489
1697430 489
1697440 489
1697450 490
1697460 490
1697470 490
1697480 491
1697490 491
1697500 491
1697510 492
1697520 492
1697530 492
1697540 493
1697550 493
1697560 493
1697570 493
1697580 494
1697590 494
1697600 494
1697610 495
1697620 495
1697630 495
1697640 496
1697650 496
1697660 496
1697670 496
1697680 497
1697690 497
1697700 498
1697710 498
1697720 498
1697730 499
1697740 499
1697750 500
1697760 500
1697770 501
1697780 501
1697790 501
1697800 502
1697810 502
1697820 503
1697830 503
1697840 503
1697850 504
1697860 504
1697870 504
1697880 504
1697890 504
1697900 504
1697910 504
1697920 505
1697930 505
1697940 505
1697950 505
1697960 505
1697970 505
1697980 505
1697990 505
1698000 506
1698010 506
1698020 506
1698030 506
1698040 506
1698050 506
1698060 506
1698070 506
1698080 506
1698090 506
1698100 506
1698110 506
1698120 506
1698130 506
1698140 505
1698150 505
1698160 505
1698170 505
1698180 505
1698190 505
1698200 505
1698210 505
1698220 505
1698230 505
1698240 505
1698250 505
1698260 505
1698270 505
1698280 505
1698290 505
1698300 505
1698310 504
1698320 504
1698330 504
1698340 504
1698350 504
1698360 504
1698370 504
1698380 504
1698390 504
1698400 504
1698410 504
1698420 504
1698430 504
1698440 504
1698450 504
1698460 504
1698470 505
1698480 505
1698490 505
1698500 505
1698510 505
1698520 505
1698530 505
1698540 506
1698550 506
1698560 506
1698570 506
1698580 506
1698590 507
1698600 507
1698610 507
1698620 507
1698630 507
1698640 507
1698650 508
1698660 508
1698670 508
1698680 508
1698690 508
1698700 508
1698710 509
1698720 509
1698730 509
1698740 509
1698750 509
1698760 510
1698770 510
1698780 510
1698790 510
1698800 511
1698810 511
1698820 511
1698830 511
1698840 511
1698850 512
1698860 512
1698870 512
1698880 512
1698890 512
1698900 512
1698910 512
1698920 512
1698930 512
1698940 512
1698950 512
1698960 512
1698970 512
1698980 512
1698990 512
1699000 512
1699010 512
1699020 512
1699030 512
1699040 512
1699050 512
1699060 512
1699070 512
1699080 512
1699090 512
1699100 511
1699110 511
1699120 511
1699130 511
1699140 511
1699150 511
1699160 511
1699170 511
1699180 511
1699190 511
1699200 511
1699210 511
1699220 510
1699230 510
1699240 510
1699250 510
1699260 510
1699270 510
1699280 510
1699290 509
1699300 509
1699310 509
1699320 509
1699330 508
1699340 508
1699350 508
1699360 507
1699370 507
1699380 507
1699390 506
1699400 506
1699410 505
1699420 504
1699430 504
1699440 503
1699450 502
1699460 501
1699470 499
1699480 498
1699490 497
1699500 495
1699510 495
1699520 494
1699530 493
1699540 492
1699550 491
1699560 491
1699570 490
1699580 489
1699590 488
1699600 487
1699610 486
1699620 484
1699630 483
1699640 482
1699650 481
1699660 479
1699670 477
1699680 475
1699690 472
1699700 471
1699710 470
1699720 470
1699730 471
1699740 471
1699750 471
1699760 471
1699770 471
1699780 471
1699790 472
1699800 472
1699810 472
1699820 473
1699830 473
1699840 474
1699850 475
1699860 477
1699870 478
1699880 480
1699890 482
1699900 484
1699910 486
1699920 488
1699930 491
1699940 493
1699950 495
1699960 496
1699970 497
1699980 497
1699990 498
