1680000 571
1680010 571
1680020 572
1680030 573
1680040 574
1680050 575
1680060 576
1680070 577
1680080 578
1680090 579
1680100 579
1680110 580
1680120 580
1680130 581
1680140 581
1680150 582
1680160 582
1680170 583
1680180 583
1680190 583
1680200 584
1680210 584
1680220 584
1680230 585
1680240 585
1680250 585
1680260 585
1680270 585
1680280 585
1680290 586
1680300 586
1680310 586
1680320 586
1680330 586
1680340 586
1680350 585
1680360 585
1680370 585
1680380 585
1680390 585
1680400 584
1680410 584
1680420 584
1680430 584
1680440 583
1680450 583
1680460 583
1680470 582
1680480 582
1680490 582
1680500 581
1680510 580
1680520 580
1680530 579
1680540 578
1680550 577
1680560 577
1680570 576
1680580 576
1680590 575
1680600 575
1680610 574
1680620 574
1680630 573
1680640 572
1680650 572
1680660 571
1680670 571
1680680 571
1680690 570
1680700 570
1680710 569
1680720 569
1680730 569
1680740 569
1680750 569
1680760 569
1680770 569
1680780 568
1680790 568
1680800 568
1680810 568
1680820 568
1680830 568
1680840 568
1680850 568
1680860 568
1680870 567
1680880 567
1680890 567
1680900 567
1680910 567
1680920 566
1680930 566
1680940 565
1680950 565
1680960 566
1680970 566
1680980 567
1680990 567
1681000 567
1681010 567
1681020 566
1681030 566
1681040 566
1681050 566
1681060 566
1681070 566
1681080 566
1681090 565
1681100 565
1681110 565
1681120 565
1681130 565
1681140 565
1681150 565
1681160 565
1681170 565
1681180 565
1681190 565
1681200 565
1681210 566
1681220 566
1681230 566
1681240 567
1681250 567
1681260 568
1681270 568
1681280 569
1681290 569
1681300 570
1681310 570
1681320 571
1681330 571
1681340 572
1681350 572
1681360 573
1681370 574
1681380 574
1681390 575
1681400 576
1681410 578
1681420 579
1681430 580
1681440 581
1681450 581
1681460 582
1681470 582
1681480 582
1681490 583
1681500 583
1681510 584
1681520 584
1681530 584
1681540 585
1681550 585
1681560 585
1681570 585
1681580 585
1681590 586
1681600 586
1681610 586
1681620 585
1681630 585
1681640 585
1681650 585
1681660 585
1681670 585
1681680 585
1681690 585
1681700 585
1681710 585
1681720 585
1681730 585
1681740 585
1681750 585
1681760 584
1681770 584
1681780 584
1681790 584
1681800 584
1681810 584
1681820 584
1681830 584
1681840 585
1681850 585
1681860 585
1681870 585
1681880 584
1681890 584
1681900 584
1681910 584
1681920 584
1681930 584
1681940 584
1681950 584
1681960 584
1681970 584
1681980 584
1681990 584
1682000 584
1682010 584
1682020 584
1682030 584
1682040 584
1682050 584
1682060 584
1682070 584
1682080 584
1682090 584
1682100 584
1682110 584
1682120 584
1682130 584
1682140 584
1682150 585
1682160 585
1682170 585
1682180 585
1682190 585
1682200 585
1682210 585
1682220 585
1682230 585
1682240 585
1682250 585
1682260 585
1682270 585
1682280 585
1682290 585
1682300 585
1682310 585
1682320 584
1682330 584
1682340 584
1682350 584
1682360 584
1682370 583
1682380 583
1682390 583
1682400 582
1682410 582
1682420 582
1682430 581
1682440 581
1682450 581
1682460 580
1682470 580
1682480 580
1682490 580
1682500 580
1682510 579
1682520 579
1682530 579
1682540 579
1682550 579
1682560 578
1682570 578
1682580 578
1682590 578
1682600 577
1682610 577
1682620 577
1682630 577
1682640 577
1682650 576
1682660 576
1682670 576
1682680 576
1682690 576
1682700 576
1682710 576
1682720 576
1682730 576
1682740 576
1682750 576
1682760 575
1682770 575
1682780 575
1682790 575
1682800 575
1682810 575
1682820 574
1682830 574
1682840 574
1682850 574
1682860 573
1682870 573
1682880 573
1682890 573
1682900 573
1682910 572
1682920 572
1682930 572
1682940 572
1682950 571
1682960 571
1682970 571
1682980 571
1682990 571
1683000 570
1683010 570
1683020 570
1683030 570
1683040 570
1683050 570
1683060 570
1683070 570
1683080 570
1683090 570
1683100 570
1683110 571
1683120 571
1683130 572
1683140 572
1683150 572
1683160 572
1683170 573
1683180 573
1683190 573
1683200 573
1683210 574
1683220 574
1683230 574
1683240 575
1683250 575
1683260 575
1683270 576
1683280 576
1683290 576
1683300 576
1683310 576
1683320 576
1683330 577
1683340 577
1683350 577
1683360 577
1683370 577
1683380 577
1683390 577
1683400 577
1683410 577
1683420 577
1683430 577
1683440 578
1683450 578
1683460 578
1683470 578
1683480 578
1683490 578
1683500 578
1683510 578
1683520 577
1683530 577
1683540 577
1683550 577
1683560 577
1683570 578
1683580 577
1683590 577
1683600 577
1683610 577
1683620 577
1683630 577
1683640 577
1683650 577
1683660 577
1683670 577
1683680 577
1683690 577
1683700 577
1683710 577
1683720 577
1683730 577
1683740 577
1683750 577
1683760 576
1683770 576
1683780 576
1683790 576
1683800 576
1683810 576
1683820 576
1683830 576
1683840 576
1683850 576
1683860 575
1683870 575
1683880 575
1683890 575
1683900 575
1683910 575
1683920 575
1683930 575
1683940 574
1683950 574
1683960 574
1683970 574
1683980 574
1683990 574
1684000 574
1684010 574
1684020 574
1684030 574
1684040 574
1684050 573
1684060 573
1684070 573
1684080 573
1684090 573
1684100 573
1684110 573
1684120 573
1684130 573
1684140 573
1684150 573
1684160 573
1684170 573
1684180 572
1684190 572
1684200 572
1684210 572
1684220 571
1684230 571
1684240 571
1684250 570
1684260 570
1684270 570
1684280 570
1684290 570
1684300 570
1684310 570
1684320 570
1684330 570
1684340 570
1684350 571
1684360 571
1684370 571
1684380 571
1684390 571
1684400 571
1684410 571
1684420 572
1684430 573
1684440 573
1684450 574
1684460 574
1684470 575
1684480 575
1684490 576
1684500 576
1684510 576
1684520 577
1684530 577
1684540 578
1684550 578
1684560 578
1684570 578
1684580 579
1684590 579
1684600 579
1684610 580
1684620 580
1684630 580
1684640 581
1684650 581
1684660 581
1684670 581
1684680 581
1684690 581
1684700 581
1684710 581
1684720 580
1684730 580
1684740 580
1684750 580
1684760 580
1684770 580
1684780 581
1684790 581
1684800 581
1684810 581
1684820 581
1684830 581
1684840 581
1684850 581
1684860 581
1684870 581
1684880 581
1684890 582
1684900 582
1684910 582
1684920 582
1684930 582
1684940 583
1684950 583
1684960 584
1684970 583
1684980 583
1684990 584
1685000 584
1685010 584
1685020 584
1685030 584
1685040 585
1685050 585
1685060 585
1685070 585
1685080 585
1685090 585
1685100 586
1685110 586
1685120 586
1685130 586
1685140 587
1685150 587
1685160 587
1685170 588
1685180 588
1685190 588
1685200 589
1685210 590
1685220 590
1685230 590
1685240 591
1685250 591
1685260 591
1685270 591
1685280 591
1685290 591
1685300 591
1685310 591
1685320 592
1685330 592
1685340 592
1685350 592
1685360 592
1685370 592
1685380 592
1685390 592
1685400 592
1685410 592
1685420 592
1685430 592
1685440 592
1685450 592
1685460 592
1685470 592
1685480 593
1685490 593
1685500 593
1685510 594
1685520 594
1685530 595
1685540 596
1685550 596
1685560 596
1685570 597
1685580 597
1685590 598
1685600 598
1685610 598
1685620 599
1685630 599
1685640 599
1685650 600
1685660 601
1685670 601
1685680 602
1685690 603
1685700 604
1685710 605
1685720 606
1685730 607
1685740 607
1685750 608
1685760 609
1685770 609
1685780 610
1685790 611
1685800 611
1685810 612
1685820 613
1685830 613
1685840 614
1685850 614
1685860 615
1685870 615
1685880 615
1685890 615
1685900 615
1685910 615
1685920 615
1685930 614
1685940 614
1685950 614
1685960 614
1685970 614
1685980 614
1685990 614
1686000 614
1686010 614
1686020 614
1686030 614
1686040 615
1686050 615
1686060 615
1686070 615
1686080 615
1686090 615
1686100 615
1686110 615
1686120 615
1686130 614
1686140 614
1686150 614
1686160 614
1686170 614
1686180 613
1686190 613
1686200 612
1686210 612
1686220 611
1686230 611
1686240 611
1686250 611
1686260 610
1686270 610
1686280 610
1686290 609
1686300 609
1686310 608
1686320 608
1686330 608
1686340 607
1686350 606
1686360 606
1686370 606
1686380 605
1686390 605
1686400 604
1686410 604
1686420 603
1686430 603
1686440 602
1686450 602
1686460 601
1686470 601
1686480 600
1686490 600
1686500 600
1686510 599
1686520 599
1686530 599
1686540 599
1686550 598
1686560 597
1686570 596
1686580 596
1686590 595
1686600 595
1686610 595
1686620 594
1686630 594
1686640 594
1686650 594
1686660 593
1686670 593
1686680 593
1686690 592
1686700 592
1686710 592
1686720 592
1686730 591
1686740 591
1686750 591
1686760 590
1686770 590
1686780 590
1686790 590
1686800 590
1686810 590
1686820 589
1686830 589
1686840 589
1686850 589
1686860 588
1686870 588
1686880 588
1686890 588
1686900 587
1686910 587
1686920 587
1686930 586
1686940 586
1686950 586
1686960 586
1686970 585
1686980 585
1686990 585
1687000 585
1687010 584
1687020 584
1687030 584
1687040 584
1687050 584
1687060 583
1687070 583
1687080 583
1687090 583
1687100 582
1687110 583
1687120 583
1687130 583
1687140 583
1687150 584
1687160 584
1687170 584
1687180 584
1687190 584
1687200 584
1687210 584
1687220 585
1687230 585
1687240 585
1687250 585
1687260 585
1687270 585
1687280 585
1687290 585
1687300 585
1687310 585
1687320 585
1687330 585
1687340 585
1687350 585
1687360 585
1687370 585
1687380 584
1687390 584
1687400 584
1687410 584
1687420 583
1687430 582
1687440 582
1687450 581
1687460 581
1687470 581
1687480 581
1687490 581
1687500 581
1687510 581
1687520 581
1687530 581
1687540 582
1687550 582
1687560 583
1687570 583
1687580 583
1687590 583
1687600 584
1687610 584
1687620 584
1687630 584
1687640 584
1687650 585
1687660 585
1687670 585
1687680 585
1687690 585
1687700 585
1687710 585
1687720 586
1687730 586
1687740 586
1687750 586
1687760 586
1687770 586
1687780 586
1687790 586
1687800 586
1687810 586
1687820 586
1687830 586
1687840 586
1687850 586
1687860 586
1687870 587
1687880 587
1687890 587
1687900 587
1687910 587
1687920 587
1687930 587
1687940 587
1687950 588
1687960 588
1687970 588
1687980 588
1687990 588
1688000 588
1688010 589
1688020 589
1688030 589
1688040 589
1688050 589
1688060 589
1688070 589
1688080 590
1688090 590
1688100 590
1688110 590
1688120 590
1688130 590
1688140 590
1688150 590
1688160 590
1688170 590
1688180 590
1688190 590
1688200 591
1688210 591
1688220 591
1688230 592
1688240 592
1688250 592
1688260 592
1688270 593
1688280 593
1688290 593
1688300 593
1688310 594
1688320 594
1688330 594
1688340 594
1688350 595
1688360 595
1688370 595
1688380 596
1688390 596
1688400 597
1688410 597
1688420 597
1688430 598
1688440 598
1688450 598
1688460 599
1688470 599
1688480 600
1688490 601
1688500 601
1688510 602
1688520 602
1688530 603
1688540 604
1688550 604
1688560 605
1688570 606
1688580 606
1688590 607
1688600 607
1688610 607
1688620 607
1688630 608
1688640 608
1688650 608
1688660 608
1688670 608
1688680 608
1688690 608
1688700 609
1688710 609
1688720 610
1688730 610
1688740 610
1688750 610
1688760 611
1688770 611
1688780 611
1688790 611
1688800 611
1688810 612
1688820 612
1688830 612
1688840 612
1688850 612
1688860 613
1688870 613
1688880 613
1688890 613
1688900 613
1688910 614
1688920 614
1688930 614
1688940 614
1688950 614
1688960 615
1688970 615
1688980 615
1688990 615
1689000 615
1689010 615
1689020 615
1689030 616
1689040 616
1689050 616
1689060 616
1689070 616
1689080 616
1689090 616
1689100 617
1689110 617
1689120 617
1689130 618
1689140 618
1689150 618
1689160 618
1689170 618
1689180 618
1689190 618
1689200 618
1689210 617
1689220 617
1689230 617
1689240 617
1689250 618
1689260 618
1689270 618
1689280 618
1689290 618
1689300 618
1689310 618
1689320 618
1689330 618
1689340 618
1689350 618
1689360 619
1689370 619
1689380 619
1689390 619
1689400 619
1689410 619
1689420 619
1689430 619
1689440 620
1689450 620
1689460 620
1689470 620
1689480 620
1689490 620
1689500 621
1689510 621
1689520 621
1689530 621
1689540 622
1689550 622
1689560 622
1689570 622
1689580 622
1689590 623
1689600 623
1689610 623
1689620 624
1689630 624
1689640 624
1689650 624
1689660 624
1689670 624
1689680 625
1689690 625
1689700 625
1689710 625
1689720 625
1689730 625
1689740 625
1689750 625
1689760 626
1689770 626
1689780 626
1689790 626
1689800 626
1689810 627
1689820 627
1689830 627
1689840 628
1689850 628
1689860 628
1689870 628
1689880 629
1689890 629
1689900 629
1689910 629
1689920 629
1689930 629
1689940 629
1689950 630
1689960 630
1689970 630
1689980 630
1689990 630
1690000 630
1690010 630
1690020 629
1690030 629
1690040 629
1690050 629
1690060 629
1690070 629
1690080 628
1690090 628
1690100 627
1690110 627
1690120 627
1690130 626
1690140 626
1690150 625
1690160 625
1690170 624
1690180 624
1690190 624
1690200 623
1690210 623
1690220 623
1690230 623
1690240 623
1690250 622
1690260 622
1690270 622
1690280 622
1690290 622
1690300 622
1690310 622
1690320 621
1690330 621
1690340 621
1690350 621
1690360 621
1690370 621
1690380 621
1690390 621
1690400 621
1690410 621
1690420 621
1690430 620
1690440 620
1690450 620
1690460 620
1690470 620
1690480 620
1690490 620
1690500 620
1690510 620
1690520 620
1690530 620
1690540 620
1690550 620
1690560 620
1690570 620
1690580 620
1690590 620
1690600 620
1690610 620
1690620 621
1690630 621
1690640 621
1690650 621
1690660 621
1690670 621
1690680 621
1690690 621
1690700 621
1690710 621
1690720 621
1690730 621
1690740 621
1690750 621
1690760 621
1690770 621
1690780 621
1690790 621
1690800 621
1690810 621
1690820 621
1690830 621
1690840 621
1690850 621
1690860 621
1690870 620
1690880 620
1690890 620
1690900 620
1690910 620
1690920 621
1690930 621
1690940 621
1690950 621
1690960 621
1690970 621
1690980 621
1690990 621
1691000 621
1691010 621
1691020 621
1691030 621
1691040 621
1691050 621
1691060 621
1691070 621
1691080 621
1691090 621
1691100 621
1691110 621
1691120 621
1691130 621
1691140 621
1691150 621
1691160 621
1691170 622
1691180 622
1691190 622
1691200 622
1691210 622
1691220 623
1691230 623
1691240 623
1691250 623
1691260 624
1691270 624
1691280 624
1691290 624
1691300 625
1691310 625
1691320 625
1691330 626
1691340 626
1691350 626
1691360 626
1691370 626
1691380 626
1691390 627
1691400 627
1691410 627
1691420 627
1691430 627
1691440 627
1691450 626
1691460 626
1691470 625
1691480 625
1691490 625
1691500 625
1691510 625
1691520 625
1691530 625
1691540 625
1691550 625
1691560 625
1691570 625
1691580 625
1691590 625
1691600 625
1691610 626
1691620 626
1691630 626
1691640 626
1691650 626
1691660 626
1691670 626
1691680 626
1691690 626
1691700 626
1691710 626
1691720 627
1691730 627
1691740 627
1691750 627
1691760 627
1691770 628
1691780 628
1691790 628
1691800 628
1691810 629
1691820 629
1691830 629
1691840 629
1691850 630
1691860 630
1691870 631
1691880 631
1691890 632
1691900 632
1691910 633
1691920 633
1691930 633
1691940 634
1691950 634
1691960 634
1691970 634
1691980 634
1691990 634
1692000 634
1692010 634
1692020 634
1692030 633
1692040 633
1692050 632
1692060 632
1692070 631
1692080 630
1692090 630
1692100 629
1692110 628
1692120 628
1692130 627
1692140 627
1692150 627
1692160 626
1692170 626
1692180 626
1692190 626
1692200 625
1692210 625
1692220 625
1692230 625
1692240 624
1692250 624
1692260 624
1692270 623
1692280 623
1692290 623
1692300 622
1692310 622
1692320 621
1692330 620
1692340 620
1692350 620
1692360 619
1692370 619
1692380 618
1692390 618
1692400 617
1692410 616
1692420 616
1692430 616
1692440 615
1692450 615
1692460 614
1692470 613
1692480 612
1692490 612
1692500 611
1692510 610
1692520 610
1692530 609
1692540 608
1692550 607
1692560 606
1692570 605
1692580 603
1692590 602
1692600 601
1692610 600
1692620 598
1692630 597
1692640 595
1692650 594
1692660 593
1692670 592
1692680 591
1692690 591
1692700 590
1692710 590
1692720 589
1692730 589
1692740 589
1692750 589
1692760 589
1692770 589
1692780 589
1692790 589
1692800 589
1692810 590
1692820 591
1692830 592
1692840 593
1692850 594
1692860 595
1692870 595
1692880 596
1692890 596
1692900 596
1692910 596
1692920 595
1692930 595
1692940 594
1692950 594
1692960 594
1692970 593
1692980 593
1692990 593
1693000 593
1693010 594
1693020 594
1693030 594
1693040 595
1693050 595
1693060 596
1693070 596
1693080 596
1693090 597
1693100 597
1693110 597
1693120 598
1693130 598
1693140 598
1693150 598
1693160 598
1693170 598
1693180 599
1693190 599
1693200 599
1693210 599
1693220 600
1693230 600
1693240 600
1693250 600
1693260 601
1693270 601
1693280 601
1693290 600
1693300 600
1693310 600
1693320 600
1693330 600
1693340 600
1693350 600
1693360 599
1693370 599
1693380 599
1693390 598
1693400 598
1693410 598
1693420 597
1693430 597
1693440 596
1693450 596
1693460 595
1693470 595
1693480 594
1693490 594
1693500 593
1693510 592
1693520 592
1693530 591
1693540 591
1693550 590
1693560 590
1693570 589
1693580 589
1693590 588
1693600 588
1693610 587
1693620 586
1693630 585
1693640 585
1693650 584
1693660 583
1693670 583
1693680 582
1693690 582
1693700 582
1693710 582
1693720 582
1693730 583
1693740 583
1693750 583
1693760 582
1693770 582
1693780 582
1693790 583
1693800 583
1693810 584
1693820 585
1693830 585
1693840 586
1693850 586
1693860 587
1693870 587
1693880 587
1693890 587
1693900 587
1693910 587
1693920 587
1693930 588
1693940 588
1693950 589
1693960 590
1693970 591
1693980 593
1693990 594
1694000 595
1694010 596
1694020 597
1694030 597
1694040 598
1694050 598
1694060 598
1694070 598
1694080 598
1694090 598
1694100 598
1694110 597
1694120 597
1694130 597
1694140 596
1694150 596
1694160 595
1694170 595
1694180 594
1694190 594
1694200 593
1694210 593
1694220 593
1694230 592
1694240 592
1694250 591
1694260 591
1694270 590
1694280 589
1694290 589
1694300 588
1694310 588
1694320 587
1694330 587
1694340 586
1694350 585
1694360 585
1694370 584
1694380 584
1694390 583
1694400 583
1694410 582
1694420 582
1694430 581
1694440 581
1694450 580
1694460 579
1694470 579
1694480 578
1694490 578
1694500 577
1694510 577
1694520 577
1694530 576
1694540 576
1694550 575
1694560 574
1694570 574
1694580 573
1694590 573
1694600 572
1694610 572
1694620 571
1694630 570
1694640 569
1694650 567
1694660 566
1694670 565
1694680 564
1694690 563
1694700 562
1694710 562
1694720 561
1694730 560
1694740 560
1694750 559
1694760 559
1694770 559
1694780 558
1694790 558
1694800 557
1694810 557
1694820 557
1694830 557
1694840 557
1694850 557
1694860 557
1694870 557
1694880 557
1694890 557
1694900 557
1694910 557
1694920 557
1694930 557
1694940 557
1694950 557
1694960 558
1694970 558
1694980 558
1694990 558
1695000 558
1695010 558
1695020 558
1695030 558
1695040 558
1695050 558
1695060 558
1695070 558
1695080 557
1695090 557
1695100 558
1695110 558
1695120 558
1695130 558
1695140 558
1695150 558
1695160 559
1695170 559
1695180 559
1695190 559
1695200 560
1695210 559
1695220 559
1695230 559
1695240 558
1695250 557
1695260 556
1695270 556
1695280 556
1695290 556
1695300 555
1695310 556
1695320 556
1695330 557
1695340 559
1695350 561
1695360 562
1695370 563
1695380 564
1695390 564
1695400 565
1695410 565
1695420 565
1695430 565
1695440 565
1695450 565
1695460 565
1695470 565
1695480 565
1695490 566
1695500 566
1695510 566
1695520 566
1695530 566
1695540 566
1695550 566
1695560 566
1695570 566
1695580 566
1695590 566
1695600 566
1695610 565
1695620 565
1695630 565
1695640 565
1695650 564
1695660 564
1695670 563
1695680 563
1695690 563
1695700 562
1695710 562
1695720 562
1695730 561
1695740 561
1695750 560
1695760 560
1695770 560
1695780 559
1695790 559
1695800 558
1695810 557
1695820 557
1695830 556
1695840 555
1695850 554
1695860 553
1695870 552
1695880 551
1695890 551
1695900 550
1695910 549
1695920 549
1695930 549
1695940 548
1695950 548
1695960 547
1695970 547
1695980 547
1695990 547
1696000 547
1696010 546
1696020 546
1696030 546
1696040 546
1696050 546
1696060 545
1696070 545
1696080 545
1696090 545
1696100 545
1696110 545
1696120 545
1696130 545
1696140 545
1696150 545
1696160 545
1696170 545
1696180 545
1696190 544
1696200 544
1696210 544
1696220 544
1696230 544
1696240 543
1696250 543
1696260 543
1696270 543
1696280 542
1696290 542
1696300 542
1696310 542
1696320 542
1696330 541
1696340 541
1696350 541
1696360 541
1696370 541
1696380 541
1696390 541
1696400 541
1696410 540
1696420 540
1696430 540
1696440 540
1696450 540
1696460 540
1696470 540
1696480 540
1696490 540
1696500 540
1696510 540
1696520 540
1696530 540
1696540 540
1696550 539
1696560 539
1696570 539
1696580 539
1696590 539
1696600 538
1696610 538
1696620 538
1696630 538
1696640 538
1696650 537
1696660 537
1696670 537
1696680 537
1696690 537
1696700 537
1696710 537
1696720 537
1696730 536
1696740 536
1696750 536
1696760 536
1696770 536
1696780 536
1696790 536
1696800 536
1696810 536
1696820 536
1696830 536
1696840 536
1696850 535
1696860 535
1696870 535
1696880 535
1696890 535
1696900 535
1696910 535
1696920 535
1696930 534
1696940 534
1696950 534
1696960 533
1696970 533
1696980 533
1696990 532
1697000 532
1697010 531
1697020 531
1697030 531
1697040 530
1697050 530
1697060 530
1697070 530
1697080 530
1697090 530
1697100 530
1697110 530
1697120 530
1697130 530
1697140 530
1697150 529
1697160 529
1697170 529
1697180 529
1697190 529
1697200 529
1697210 529
1697220 529
1697230 529
1697240 529
1697250 529
1697260 529
1697270 529
1697280 529
1697290 529
1697300 529
1697310 529
1697320 529
1697330 529
1697340 529
1697350 529
1697360 529
1697370 529
1697380 529
1697390 529
1697400 529
1697410 529
1697420 529
1697430 529
1697440 529
1697450 529
1697460 528
1697470 528
1697480 528
1697490 528
1697500 528
1697510 528
1697520 528
1697530 528
1697540 528
1697550 528
1697560 528
1697570 528
1697580 528
1697590 528
1697600 528
1697610 528
1697620 528
1697630 528
1697640 528
1697650 528
1697660 528
1697670 529
1697680 529
1697690 529
1697700 529
1697710 529
1697720 529
1697730 529
1697740 529
1697750 529
1697760 529
1697770 529
1697780 529
1697790 529
1697800 529
1697810 529
1697820 528
1697830 528
1697840 528
1697850 528
1697860 528
1697870 528
1697880 528
1697890 528
1697900 528
1697910 528
1697920 528
1697930 528
1697940 528
1697950 527
1697960 527
1697970 527
1697980 527
1697990 527
1698000 527
1698010 527
1698020 527
1698030 526
1698040 526
1698050 526
1698060 526
1698070 526
1698080 526
1698090 526
1698100 526
1698110 525
1698120 525
1698130 525
1698140 525
1698150 525
1698160 525
1698170 525
1698180 525
1698190 524
1698200 524
1698210 524
1698220 524
1698230 524
1698240 524
1698250 523
1698260 523
1698270 523
1698280 523
1698290 523
1698300 523
1698310 523
1698320 522
1698330 522
1698340 522
1698350 522
1698360 522
1698370 522
1698380 521
1698390 521
1698400 521
1698410 521
1698420 521
1698430 521
1698440 521
1698450 521
1698460 521
1698470 521
1698480 521
1698490 521
1698500 521
1698510 521
1698520 521
1698530 521
1698540 521
1698550 521
1698560 521
1698570 521
1698580 521
1698590 521
1698600 521
1698610 521
1698620 521
1698630 521
1698640 521
1698650 520
1698660 520
1698670 520
1698680 520
1698690 520
1698700 520
1698710 520
1698720 520
1698730 520
1698740 519
1698750 519
1698760 519
1698770 519
1698780 519
1698790 519
1698800 518
1698810 518
1698820 518
1698830 517
1698840 517
1698850 517
1698860 516
1698870 516
1698880 516
1698890 516
1698900 516
1698910 516
1698920 516
1698930 516
1698940 516
1698950 516
1698960 516
1698970 516
1698980 516
1698990 516
1699000 517
1699010 517
1699020 517
1699030 518
1699040 518
1699050 518
1699060 518
1699070 518
1699080 518
1699090 518
1699100 518
1699110 518
1699120 518
1699130 518
1699140 517
1699150 517
1699160 517
1699170 517
1699180 516
1699190 516
1699200 516
1699210 515
1699220 515
1699230 515
1699240 515
1699250 514
1699260 514
1699270 514
1699280 514
1699290 514
1699300 514
1699310 515
1699320 515
1699330 515
1699340 515
1699350 515
1699360 515
1699370 515
1699380 516
1699390 516
1699400 516
1699410 516
1699420 515
1699430 515
1699440 515
1699450 515
1699460 515
1699470 515
1699480 514
1699490 513
1699500 513
1699510 512
1699520 510
1699530 508
1699540 506
1699550 504
1699560 502
1699570 500
1699580 499
1699590 499
1699600 499
1699610 499
1699620 499
1699630 499
1699640 499
1699650 499
1699660 499
1699670 499
1699680 499
1699690 499
1699700 499
1699710 499
1699720 499
1699730 499
1699740 499
1699750 499
1699760 499
1699770 499
1699780 499
1699790 499
1699800 500
1699810 500
1699820 501
1699830 501
1699840 501
1699850 501
1699860 502
1699870 502
1699880 502
1699890 502
1699900 502
1699910 503
1699920 503
1699930 503
1699940 504
1699950 504
1699960 505
1699970 505
1699980 505
1699990 506
