1680000 585
1680010 585
1680020 585
1680030 585
1680040 585
1680050 585
1680060 585
1680070 585
1680080 585
1680090 584
1680100 584
1680110 584
1680120 584
1680130 583
1680140 583
1680150 583
1680160 583
1680170 582
1680180 582
1680190 582
1680200 582
1680210 581
1680220 581
1680230 581
1680240 581
1680250 580
1680260 580
1680270 580
1680280 579
1680290 579
1680300 579
1680310 578
1680320 578
1680330 578
1680340 578
1680350 577
1680360 577
1680370 577
1680380 576
1680390 576
1680400 575
1680410 575
1680420 574
1680430 574
1680440 574
1680450 573
1680460 573
1680470 572
1680480 572
1680490 572
1680500 572
1680510 571
1680520 571
1680530 571
1680540 571
1680550 571
1680560 570
1680570 570
1680580 570
1680590 570
1680600 570
1680610 570
1680620 569
1680630 569
1680640 569
1680650 569
1680660 569
1680670 569
1680680 569
1680690 569
1680700 569
1680710 569
1680720 569
1680730 569
1680740 569
1680750 569
1680760 569
1680770 569
1680780 569
1680790 569
1680800 570
1680810 570
1680820 570
1680830 570
1680840 570
1680850 570
1680860 570
1680870 570
1680880 570
1680890 571
1680900 571
1680910 571
1680920 571
1680930 571
1680940 571
1680950 572
1680960 572
1680970 572
1680980 572
1680990 572
1681000 572
1681010 573
1681020 573
1681030 573
1681040 573
1681050 573
1681060 573
1681070 574
1681080 574
1681090 574
1681100 574
1681110 574
1681120 574
1681130 574
1681140 574
1681150 574
1681160 574
1681170 574
1681180 573
1681190 573
1681200 573
1681210 572
1681220 572
1681230 572
1681240 572
1681250 572
1681260 571
1681270 571
1681280 570
1681290 569
1681300 569
1681310 568
1681320 568
1681330 567
1681340 567
1681350 567
1681360 567
1681370 567
1681380 567
1681390 567
1681400 567
1681410 567
1681420 567
1681430 567
1681440 567
1681450 567
1681460 568
1681470 568
1681480 568
1681490 568
1681500 569
1681510 569
1681520 570
1681530 570
1681540 570
1681550 571
1681560 571
1681570 571
1681580 572
1681590 572
1681600 572
1681610 573
1681620 573
1681630 574
1681640 574
1681650 574
1681660 575
1681670 575
1681680 576
1681690 576
1681700 577
1681710 577
1681720 577
1681730 577
1681740 577
1681750 577
1681760 578
1681770 578
1681780 579
1681790 579
1681800 579
1681810 579
1681820 580
1681830 580
1681840 581
1681850 581
1681860 581
1681870 581
1681880 581
1681890 581
1681900 581
1681910 582
1681920 582
1681930 582
1681940 582
1681950 582
1681960 583
1681970 583
1681980 583
1681990 584
1682000 584
1682010 584
1682020 584
1682030 584
1682040 585
1682050 585
1682060 585
1682070 585
1682080 585
1682090 585
1682100 585
1682110 585
1682120 585
1682130 586
1682140 586
1682150 586
1682160 586
1682170 586
1682180 586
1682190 587
1682200 587
1682210 587
1682220 587
1682230 587
1682240 587
1682250 587
1682260 587
1682270 587
1682280 587
1682290 587
1682300 588
1682310 588
1682320 588
1682330 588
1682340 588
1682350 588
1682360 588
1682370 588
1682380 588
1682390 588
1682400 588
1682410 589
1682420 589
1682430 589
1682440 589
1682450 589
1682460 589
1682470 590
1682480 590
1682490 590
1682500 590
1682510 590
1682520 590
1682530 590
1682540 591
1682550 591
1682560 591
1682570 591
1682580 591
1682590 591
1682600 591
1682610 591
1682620 591
1682630 591
1682640 591
1682650 591
1682660 591
1682670 591
1682680 591
1682690 591
1682700 591
1682710 591
1682720 590
1682730 590
1682740 590
1682750 590
1682760 590
1682770 589
1682780 589
1682790 589
1682800 589
1682810 589
1682820 589
1682830 589
1682840 589
1682850 588
1682860 588
1682870 588
1682880 588
1682890 588
1682900 588
1682910 588
1682920 587
1682930 587
1682940 587
1682950 587
1682960 587
1682970 587
1682980 586
1682990 586
1683000 586
1683010 586
1683020 586
1683030 585
1683040 585
1683050 585
1683060 585
1683070 585
1683080 585
1683090 585
1683100 585
1683110 584
1683120 584
1683130 584
1683140 584
1683150 584
1683160 584
1683170 584
1683180 584
1683190 583
1683200 583
1683210 583
1683220 583
1683230 583
1683240 583
1683250 583
1683260 582
1683270 582
1683280 582
1683290 582
1683300 582
1683310 582
1683320 582
1683330 581
1683340 581
1683350 581
1683360 581
1683370 581
1683380 581
1683390 581
1683400 581
1683410 580
1683420 580
1683430 580
1683440 580
1683450 580
1683460 580
1683470 580
1683480 579
1683490 579
1683500 579
1683510 579
1683520 578
1683530 578
1683540 578
1683550 578
1683560 578
1683570 578
1683580 579
1683590 579
1683600 579
1683610 579
1683620 580
1683630 580
1683640 580
1683650 580
1683660 580
1683670 580
1683680 580
1683690 580
1683700 581
1683710 581
1683720 581
1683730 581
1683740 581
1683750 581
1683760 581
1683770 581
1683780 581
1683790 580
1683800 580
1683810 580
1683820 580
1683830 580
1683840 580
1683850 580
1683860 580
1683870 580
1683880 580
1683890 580
1683900 580
1683910 579
1683920 579
1683930 579
1683940 579
1683950 579
1683960 579
1683970 579
1683980 579
1683990 579
1684000 579
1684010 579
1684020 579
1684030 579
1684040 579
1684050 579
1684060 578
1684070 578
1684080 578
1684090 578
1684100 578
1684110 578
1684120 578
1684130 578
1684140 578
1684150 578
1684160 577
1684170 577
1684180 577
1684190 577
1684200 577
1684210 576
1684220 576
1684230 575
1684240 575
1684250 574
1684260 573
1684270 573
1684280 572
1684290 572
1684300 572
1684310 573
1684320 573
1684330 573
1684340 573
1684350 574
1684360 574
1684370 574
1684380 575
1684390 575
1684400 576
1684410 576
1684420 577
1684430 577
1684440 578
1684450 578
1684460 578
1684470 578
1684480 579
1684490 579
1684500 579
1684510 580
1684520 580
1684530 580
1684540 580
1684550 581
1684560 581
1684570 581
1684580 581
1684590 581
1684600 581
1684610 581
1684620 582
1684630 582
1684640 582
1684650 582
1684660 582
1684670 582
1684680 582
1684690 582
1684700 582
1684710 582
1684720 583
1684730 583
1684740 583
1684750 583
1684760 583
1684770 583
1684780 584
1684790 584
1684800 584
1684810 584
1684820 585
1684830 585
1684840 585
1684850 585
1684860 586
1684870 586
1684880 586
1684890 586
1684900 586
1684910 586
1684920 587
1684930 587
1684940 587
1684950 587
1684960 587
1684970 586
1684980 586
1684990 586
1685000 586
1685010 586
1685020 586
1685030 586
1685040 586
1685050 586
1685060 586
1685070 586
1685080 586
1685090 586
1685100 586
1685110 586
1685120 586
1685130 586
1685140 586
1685150 586
1685160 586
1685170 586
1685180 586
1685190 586
1685200 586
1685210 587
1685220 587
1685230 587
1685240 587
1685250 587
1685260 587
1685270 587
1685280 587
1685290 587
1685300 588
1685310 588
1685320 588
1685330 588
1685340 588
1685350 588
1685360 588
1685370 588
1685380 588
1685390 588
1685400 588
1685410 588
1685420 588
1685430 589
1685440 589
1685450 589
1685460 589
1685470 590
1685480 590
1685490 590
1685500 590
1685510 590
1685520 591
1685530 591
1685540 592
1685550 592
1685560 592
1685570 593
1685580 593
1685590 593
1685600 593
1685610 594
1685620 594
1685630 594
1685640 595
1685650 596
1685660 597
1685670 598
1685680 599
1685690 599
1685700 600
1685710 600
1685720 601
1685730 601
1685740 602
1685750 602
1685760 602
1685770 602
1685780 602
1685790 603
1685800 603
1685810 604
1685820 604
1685830 605
1685840 605
1685850 606
1685860 607
1685870 607
1685880 608
1685890 609
1685900 610
1685910 610
1685920 611
1685930 611
1685940 611
1685950 611
1685960 612
1685970 613
1685980 613
1685990 615
1686000 615
1686010 616
1686020 617
1686030 618
1686040 618
1686050 619
1686060 620
1686070 622
1686080 623
1686090 623
1686100 624
1686110 624
1686120 624
1686130 624
1686140 624
1686150 624
1686160 624
1686170 624
1686180 624
1686190 624
1686200 624
1686210 624
1686220 624
1686230 624
1686240 624
1686250 624
1686260 624
1686270 624
1686280 624
1686290 624
1686300 623
1686310 623
1686320 623
1686330 622
1686340 622
1686350 621
1686360 621
1686370 621
1686380 620
1686390 620
1686400 620
1686410 620
1686420 620
1686430 620
1686440 620
1686450 620
1686460 620
1686470 620
1686480 620
1686490 620
1686500 620
1686510 620
1686520 620
1686530 620
1686540 620
1686550 620
1686560 620
1686570 620
1686580 620
1686590 620
1686600 620
1686610 620
1686620 620
1686630 620
1686640 620
1686650 620
1686660 619
1686670 619
1686680 618
1686690 618
1686700 617
1686710 617
1686720 616
1686730 616
1686740 615
1686750 615
1686760 614
1686770 614
1686780 613
1686790 613
1686800 612
1686810 612
1686820 611
1686830 611
1686840 610
1686850 609
1686860 609
1686870 608
1686880 607
1686890 607
1686900 606
1686910 606
1686920 605
1686930 605
1686940 605
1686950 604
1686960 604
1686970 604
1686980 603
1686990 603
1687000 603
1687010 602
1687020 602
1687030 602
1687040 602
1687050 601
1687060 601
1687070 601
1687080 601
1687090 600
1687100 600
1687110 600
1687120 600
1687130 600
1687140 600
1687150 600
1687160 600
1687170 600
1687180 600
1687190 600
1687200 599
1687210 599
1687220 599
1687230 598
1687240 598
1687250 597
1687260 597
1687270 596
1687280 596
1687290 596
1687300 595
1687310 595
1687320 595
1687330 594
1687340 594
1687350 593
1687360 593
1687370 592
1687380 592
1687390 592
1687400 591
1687410 591
1687420 590
1687430 590
1687440 590
1687450 589
1687460 589
1687470 589
1687480 588
1687490 588
1687500 588
1687510 587
1687520 587
1687530 586
1688870 590
1688880 590
1688890 590
1688900 590
1688910 590
1688920 590
1688930 590
1688940 590
1688950 590
1688960 590
1688970 590
1688980 591
1688990 591
1689000 591
1689010 591
1689020 591
1689030 591
1689040 592
1689050 592
1689060 592
1689070 593
1689080 594
1689090 594
1689100 595
1689110 595
1689120 596
1689130 596
1689140 597
1689150 597
1689160 598
1689170 599
1689180 600
1689190 600
1689200 601
1689210 602
1689220 602
1689230 603
1689240 604
1689250 604
1689260 605
1689270 605
1689280 606
1689290 606
1689300 606
1689310 607
1689320 607
1689330 608
1689340 608
1689350 608
1689360 609
1689370 609
1689380 609
1689390 609
1689400 609
1689410 609
1689420 610
1689430 610
1689440 610
1689450 610
1689460 610
1689470 610
1689480 610
1689490 610
1689500 610
1689510 610
1689520 610
1689530 610
1689540 610
1689550 610
1689560 610
1689570 610
1689580 611
1689590 611
1689600 611
1689610 611
1689620 611
1689630 611
1689640 611
1689650 611
1689660 611
1689670 611
1689680 611
1689690 611
1689700 611
1689710 611
1689720 611
1689730 611
1689740 611
1689750 611
1689760 611
1689770 611
1689780 610
1689790 610
1689800 610
1689810 610
1689820 610
1689830 610
1689840 609
1689850 609
1689860 609
1689870 609
1689880 609
1689890 609
1689900 609
1689910 609
1689920 609
1689930 608
1689940 608
1689950 608
1689960 608
1689970 608
1689980 608
1689990 608
1690000 608
1690010 608
1690020 608
1690030 607
1690040 607
1690050 607
1690060 607
1690070 607
1690080 607
1690090 607
1690100 607
1690110 607
1690120 607
1690130 607
1690140 607
1690150 607
1690160 607
1690170 608
1690180 608
1690190 608
1690200 608
1690210 608
1690220 608
1690230 608
1691270 631
1691280 631
1691290 630
1691300 630
1691310 630
1691320 630
1691330 629
1691340 629
1691350 629
1691360 629
1691370 628
1691380 628
1691390 628
1691400 628
1691410 628
1691420 628
1691430 627
1691440 627
1691450 626
1691460 626
1691470 626
1691480 625
1691490 625
1691500 625
1691510 624
1691520 623
1691530 623
1691540 622
1691550 621
1691560 620
1691570 619
1691580 618
1691590 617
1691600 617
1691610 616
1691620 616
1691630 616
1691640 615
1691650 615
1691660 615
1691670 614
1691680 614
1691690 614
1691700 614
1691710 613
1691720 613
1691730 613
1691740 613
1691750 613
1691760 613
1691770 612
1691780 612
1691790 612
1691800 612
1691810 612
1691820 612
1691830 612
1691840 612
1691850 611
1691860 611
1691870 611
1691880 612
1691890 611
1691900 611
1691910 611
1691920 611
1691930 611
1691940 611
1691950 611
1691960 611
1691970 611
1691980 611
1691990 611
1692000 611
1692010 611
1692020 611
1692030 611
1692040 611
1692050 611
1692060 611
1692070 612
1692080 612
1692090 612
1692100 612
1692110 612
1692120 613
1692130 613
1692140 613
1692150 613
1692160 613
1692170 614
1692180 614
1692190 614
1692200 614
1692210 615
1692220 615
1692230 615
1692240 616
1692250 616
1692260 616
1692270 616
1692280 616
1692290 617
1692300 617
1692310 617
1692320 618
1692330 618
1692340 618
1692350 618
1692360 619
1692370 619
1692380 619
1692390 619
1692400 620
1692410 620
1692420 620
1692430 621
1692440 621
1692450 621
1692460 621
1692470 621
1692480 621
1692490 621
1692500 621
1692510 621
1692520 621
1692530 621
1692540 621
1692550 621
1692560 621
1692570 621
1692580 621
1692590 620
1692600 620
1692610 620
1692620 620
1692630 620
1692640 619
1692650 619
1692660 619
1692670 619
1692680 618
1692690 618
1692700 618
1692710 617
1692720 617
1692730 617
1692740 617
1692750 616
1692760 616
1692770 616
1692780 615
1692790 615
1692800 615
1692810 614
1692820 614
1692830 614
1692840 614
1692850 614
1692860 613
1692870 613
1692880 612
1692890 612
1692900 612
1692910 611
1692920 611
1692930 611
1692940 610
1692950 610
1692960 610
1692970 610
1692980 609
1692990 609
1693000 609
1693010 609
1693020 609
1693030 608
1693040 608
1693050 608
1693060 608
1693070 607
1693080 607
1693090 607
1693100 606
1693110 606
1693120 606
1693130 605
1693140 605
1693150 605
1693160 605
1693170 604
1693180 604
1693190 604
1693200 604
1693210 604
1693220 603
1693230 603
1693240 603
1693250 603
1693260 603
1693270 603
1693280 603
1693290 603
1693300 603
1693310 603
1693320 603
1693330 603
1693340 604
1693350 604
1693360 604
1693370 604
1693380 605
1693390 605
1693400 606
1693410 606
1693420 606
1693430 607
1693440 607
1693450 608
1693460 608
1693470 608
1693480 609
1693490 609
1693500 610
1693510 610
1693520 610
1693530 611
1693540 611
1693550 612
1693560 612
1693570 612
1693580 613
1693590 613
1693600 613
1693610 613
1693620 614
1693630 614
1693640 614
1693650 614
1693660 614
1693670 614
1693680 614
1693690 614
1693700 614
1693710 614
1693720 613
1693730 613
1693740 613
1693750 613
1693760 613
1693770 613
1693780 613
1693790 613
1693800 613
1693810 612
1693820 612
1693830 612
1693840 612
1693850 612
1693860 612
1693870 612
1693880 611
1693890 611
1693900 611
1693910 611
1693920 611
1693930 611
1693940 611
1693950 611
1693960 611
1693970 610
1693980 610
1693990 610
1694000 609
1694010 609
1694020 608
1694030 608
1694040 608
1694050 608
1694060 608
1694070 608
1694080 609
1694090 609
1694100 609
1694110 610
1694120 610
1694130 611
1694140 611
1694150 612
1694160 613
1694170 614
1694180 614
1694190 615
1694200 616
1694210 616
1694220 617
1694230 617
1694240 618
1694250 618
1694260 618
1694270 619
1694280 619
1694290 619
1694300 619
1694310 619
1694320 619
1694330 618
1694340 618
1694350 618
1694360 618
1694370 617
1694380 617
1694390 616
1694400 616
1694410 615
1694420 615
1694430 615
1694440 615
1694450 615
1694460 615
1694470 614
1694480 614
1694490 613
1694500 613
1694510 613
1694520 613
1694530 612
1694540 612
1694550 611
1694560 610
1694570 610
1694580 609
1694590 608
1694600 607
1694610 607
1694620 606
1694630 605
1694640 604
1694650 604
1694660 603
1694670 602
1694680 601
1694690 601
1694700 600
1694710 599
1694720 599
1694730 598
1694740 597
1694750 596
1694760 595
1694770 594
1694780 593
1694790 592
1694800 591
1694810 590
1694820 588
1694830 587
1694840 587
1694850 586
1694860 585
1694870 585
1694880 584
1694890 584
1694900 583
1694910 582
1694920 581
1694930 580
1694940 580
1694950 579
1694960 578
1694970 578
1694980 577
1694990 577
1695000 577
1695010 577
1695020 577
1695030 578
1695040 579
1695050 580
1695060 581
1695070 581
1695080 582
1695090 582
1695100 582
1695110 583
1695120 583
1695130 583
1695140 583
1695150 583
1695160 583
1695170 583
1695180 584
1695190 584
1695200 584
1695210 584
1695220 584
1695230 585
1695240 585
1695250 585
1695260 585
1695270 585
1695280 586
1695290 586
1695300 586
1695310 586
1695320 586
1695330 586
1695340 586
1695350 587
1695360 587
1695370 587
1695380 588
1695390 588
1695400 588
1695410 588
1695420 588
1695430 588
1695440 588
1695450 588
1695460 587
1695470 587
1695480 587
1695490 587
1695500 586
1695510 586
1695520 585
1695530 585
1695540 584
1695550 584
1695560 583
1695570 583
1695580 582
1695590 582
1695600 581
1695610 580
1695620 580
1695630 579
1695640 579
1695650 578
1695660 578
1695670 578
1695680 578
1695690 578
1695700 577
1695710 577
1695720 577
1695730 576
1695740 576
1695750 576
1695760 576
1695770 575
1695780 575
1695790 575
1695800 575
1695810 575
1695820 575
1695830 574
1695840 574
1695850 574
1695860 574
1695870 574
1695880 574
1695890 574
1695900 574
1695910 573
1695920 573
1695930 572
1695940 572
1695950 571
1695960 571
1695970 570
1695980 570
1695990 569
1696000 569
1696010 568
1696020 568
1696030 568
1696040 568
1696050 568
1696060 568
1696070 568
1696080 568
1696090 568
1696100 568
1696110 568
1696120 568
1696130 568
1696140 568
1696150 568
1696160 567
1696170 567
1696180 567
1696190 567
1696200 567
1696210 567
1696220 567
1696230 566
1696240 566
1696250 566
1696260 566
1696270 565
1696280 565
1696290 565
1696300 565
1696310 564
1696320 564
1696330 564
1696340 564
1696350 563
1696360 563
1696370 563
1696380 563
1696390 563
1696400 563
1696410 562
1696420 562
1696430 562
1696440 562
1696450 562
1696460 562
1696470 562
1696480 561
1696490 561
1696500 560
1696510 560
1696520 560
1696530 560
1696540 559
1696550 559
1696560 558
1696570 558
1696580 558
1696590 557
1696600 557
1696610 557
1696620 556
1696630 556
1696640 555
1696650 555
1696660 555
1696670 554
1696680 554
1696690 553
1696700 553
1696710 553
1696720 552
1696730 552
1696740 551
1696750 551
1696760 551
1696770 550
1696780 550
1696790 550
1696800 549
1696810 549
1696820 549
1696830 548
1696840 548
1696850 548
1696860 547
1696870 547
1696880 547
1696890 547
1696900 547
1696910 546
1696920 546
1696930 546
1696940 546
1696950 545
1696960 545
1696970 545
1696980 544
1696990 544
1697000 544
1697010 544
1697020 543
1697030 543
1697040 543
1697050 542
1697060 542
1697070 542
1697080 542
1697090 541
1697100 541
1697110 541
1697120 541
1697130 540
1697140 540
1697150 540
1697160 540
1697170 539
1697180 539
1697190 539
1697200 539
1697210 538
1697220 538
1697230 538
1697240 538
1697250 537
1697260 537
1697270 537
1697280 537
1697290 536
1697300 536
1697310 536
1697320 536
1697330 536
1697340 535
1697350 535
1697360 535
1697370 535
1697380 535
1697390 535
1697400 535
1697410 534
1697420 534
1697430 534
1697440 534
1697450 534
1697460 534
1697470 534
1697480 533
1697490 533
1697500 533
1697510 533
1697520 533
1697530 533
1697540 533
1697550 533
1697560 533
1697570 533
1697580 533
1697590 532
1697600 532
1697610 532
1697620 532
1697630 532
1697640 532
1697650 532
1697660 532
1697670 532
1697680 532
1697690 532
1697700 532
1697710 532
1697720 532
1697730 531
1697740 531
1697750 531
1697760 531
1697770 531
1697780 531
1697790 531
1697800 531
1697810 531
1697820 531
1697830 531
1697840 531
1697850 531
1697860 531
1697870 531
1697880 530
1697890 530
1697900 530
1697910 530
1697920 530
1697930 530
1697940 530
1697950 530
1697960 530
1697970 530
1697980 530
1697990 530
1698000 530
1698010 530
1698020 530
1698030 529
1698040 529
1698050 529
1698060 529
1698070 529
1698080 529
1698090 529
1698100 529
1698110 529
1698120 528
1698130 528
1698140 528
1698150 528
1698160 528
1698170 527
1698180 527
1698190 527
1698200 527
1698210 527
1698220 527
1698230 527
1698240 527
1698250 526
1698260 526
1698270 526
1698280 526
1698290 526
1698300 526
1698310 526
1698320 526
1698330 526
1698340 526
1698350 526
1698360 525
1698370 525
1698380 525
1698390 525
1698400 525
1698410 525
1698420 525
1698430 525
1698440 525
1698450 525
1698460 525
1698470 525
1698480 525
1698490 525
1698500 525
1698510 525
1698520 525
1698530 524
1698540 524
1698550 524
1698560 524
1698570 524
1698580 524
1698590 524
1698600 524
1698610 523
1698620 523
1698630 523
1698640 523
1698650 523
1698660 523
1698670 522
1698680 522
1698690 522
1698700 522
1698710 522
1698720 522
1698730 521
1698740 521
1698750 521
1698760 521
1698770 521
1698780 520
1698790 520
1698800 520
1698810 520
1698820 520
1698830 519
1698840 519
1698850 519
1698860 518
1698870 518
1698880 518
1698890 517
1698900 517
1698910 517
1698920 516
1698930 516
1698940 516
1698950 515
1698960 515
1698970 515
1698980 514
1698990 514
1699000 514
1699010 514
1699020 513
1699030 513
1699040 513
1699050 513
1699060 512
1699070 512
1699080 512
1699090 511
1699100 511
1699110 511
1699120 511
1699130 511
1699140 511
1699150 510
1699160 510
1699170 510
1699180 510
1699190 510
1699200 510
1699210 510
1699220 509
1699230 508
1699240 507
1699250 505
1699260 505
1699270 505
1699280 505
1699290 505
1699300 505
1699310 504
1699320 503
1699330 503
1699340 503
1699350 504
1699360 504
1699370 505
1699380 506
1699390 508
1699400 509
1699410 511
1699420 512
1699430 513
1699440 513
1699450 514
1699460 514
1699470 514
1699480 514
1699490 515
1699500 515
1699510 515
1699520 515
1699530 515
1699540 515
1699550 515
1699560 515
1699570 514
1699580 515
1699590 515
1699600 514
1699610 514
1699620 514
1699630 514
1699640 514
1699650 514
1699660 514
1699670 514
1699680 514
1699690 514
1699700 514
1699710 514
1699720 514
1699730 512
1699740 510
1699750 509
1699760 512
1699770 514
1699780 514
1699790 514
1699800 514
1699810 515
1699820 515
1699830 515
1699840 515
1699850 515
1699860 515
1699870 515
1699880 515
1699890 515
1699900 515
1699910 515
1699920 516
1699930 515
1699940 515
1699950 515
1699960 515
1699970 515
1699980 515
1699990 515
