1680000 576
1680010 576
1680020 576
1680030 576
1680040 575
1680050 575
1680060 575
1680070 575
1680080 575
1680090 575
1680100 575
1680110 575
1680120 574
1680130 574
1680140 574
1680150 574
1680160 573
1680170 573
1680180 573
1680190 572
1680200 572
1680210 572
1680220 572
1680230 571
1680240 571
1680250 570
1680260 570
1680270 570
1680280 570
1680290 570
1680300 570
1680310 570
1680320 570
1680330 570
1680340 570
1680350 570
1680360 570
1680370 571
1680380 571
1680390 571
1680400 571
1680410 571
1680420 571
1680430 572
1680440 572
1680450 572
1680460 572
1680470 573
1680480 573
1680490 573
1680500 573
1680510 573
1680520 573
1680530 573
1680540 574
1680550 574
1680560 574
1680570 574
1680580 575
1680590 575
1680600 575
1680610 575
1680620 575
1680630 575
1680640 575
1680650 576
1680660 576
1680670 577
1680680 577
1680690 578
1680700 579
1680710 579
1680720 580
1680730 581
1680740 581
1680750 582
1680760 582
1680770 582
1680780 583
1680790 583
1680800 583
1680810 584
1680820 585
1680830 586
1680840 587
1680850 587
1680860 587
1680870 587
1680880 587
1680890 588
1680900 588
1680910 589
1680920 589
1680930 589
1680940 589
1680950 590
1680960 590
1680970 590
1680980 591
1680990 591
1681000 592
1681010 592
1681020 593
1681030 594
1681040 594
1681050 595
1681060 595
1681070 596
1681080 596
1681090 596
1681100 597
1681110 597
1681120 598
1681130 599
1681140 600
1681150 601
1681160 602
1681170 603
1681180 604
1681190 605
1681200 606
1681210 607
1681220 607
1681230 608
1681240 608
1681250 609
1681260 609
1681270 610
1681280 612
1681290 613
1681300 614
1681310 615
1681320 616
1681330 617
1681340 617
1681350 618
1681360 618
1681370 618
1681380 618
1681390 619
1681400 619
1681410 619
1681420 619
1681430 619
1681440 620
1681450 620
1681460 620
1681470 620
1681480 621
1681490 621
1681500 621
1681510 621
1681520 621
1681530 621
1681540 621
1681550 621
1681560 621
1681570 622
1681580 622
1681590 622
1681600 622
1681610 621
1681620 621
1681630 621
1681640 620
1681650 620
1681660 620
1681670 620
1681680 619
1681690 619
1681700 618
1681710 618
1681720 618
1681730 618
1681740 618
1681750 617
1681760 617
1681770 616
1681780 615
1681790 613
1681800 611
1681810 610
1681820 608
1681830 608
1681840 608
1681850 607
1681860 606
1681870 605
1681880 604
1681890 603
1681900 602
1681910 601
1681920 600
1681930 600
1681940 599
1681950 599
1681960 599
1681970 600
1681980 600
1681990 600
1682000 599
1682010 598
1682020 597
1682030 597
1682040 596
1682050 596
1682060 596
1682070 596
1682080 597
1682090 598
1682100 600
1682110 602
1682120 604
1682130 606
1682140 608
1682150 608
1682160 609
1682170 609
1682180 610
1682190 610
1682200 611
1682210 612
1682220 612
1682230 613
1682240 613
1682250 614
1682260 614
1682270 614
1682280 615
1682290 615
1682300 616
1682310 616
1682320 616
1682330 617
1682340 617
1682350 617
1682360 618
1682370 618
1682380 619
1682390 619
1682400 620
1682410 620
1682420 620
1682430 620
1682440 620
1682450 619
1682460 619
1682470 619
1682480 619
1682490 619
1682500 618
1682510 618
1682520 618
1682530 618
1682540 617
1682550 617
1682560 617
1682570 616
1682580 616
1682590 616
1682600 616
1682610 616
1682620 616
1682630 616
1682640 616
1682650 616
1682660 617
1682670 617
1682680 617
1682690 617
1682700 617
1682710 617
1682720 618
1682730 618
1682740 618
1682750 618
1682760 619
1682770 619
1682780 619
1682790 620
1682800 620
1682810 620
1682820 620
1682830 621
1682840 621
1682850 621
1682860 622
1682870 622
1682880 622
1682890 623
1682900 623
1682910 623
1682920 624
1682930 624
1682940 624
1682950 625
1682960 625
1682970 625
1682980 626
1682990 626
1683000 626
1683010 627
1683020 627
1683030 628
1683040 629
1683050 629
1683060 630
1683070 630
1683080 631
1683090 631
1683100 632
1683110 632
1683120 632
1683130 632
1683140 633
1683150 633
1683160 634
1683170 634
1683180 634
1683190 635
1683200 635
1683210 636
1683220 636
1683230 636
1683240 637
1683250 637
1683260 637
1683270 638
1683280 638
1683290 638
1683300 639
1683310 639
1683320 640
1683330 640
1683340 640
1683350 641
1683360 641
1683370 641
1683380 641
1683390 642
1683400 642
1683410 642
1683420 642
1683430 642
1683440 642
1683450 642
1683460 642
1683470 641
1683480 641
1683490 641
1683500 641
1683510 641
1683520 641
1683530 641
1683540 641
1683550 641
1683560 641
1683570 641
1683580 641
1683590 641
1683600 641
1683610 642
1683620 642
1683630 642
1683640 642
1683650 642
1683660 642
1683670 641
1683680 641
1683690 641
1683700 641
1683710 641
1683720 641
1683730 641
1683740 640
1683750 640
1683760 640
1683770 640
1683780 640
1683790 639
1683800 639
1683810 638
1683820 638
1683830 638
1683840 637
1683850 637
1683860 637
1683870 636
1683880 636
1683890 636
1683900 636
1683910 636
1683920 636
1683930 635
1683940 635
1683950 635
1683960 635
1683970 635
1683980 635
1683990 635
1684000 635
1684010 635
1684020 634
1684030 634
1684040 634
1684050 634
1684060 634
1684070 634
1684080 634
1684090 633
1684100 633
1684110 633
1684120 633
1684130 632
1684140 632
1684150 632
1684160 632
1684170 632
1684180 631
1684190 631
1684200 631
1684210 631
1684220 630
1684230 630
1684240 630
1684250 629
1684260 629
1684270 629
1684280 628
1684290 628
1684300 628
1684310 627
1684320 627
1684330 627
1684340 626
1684350 626
1684360 626
1684370 626
1684380 626
1684390 625
1684400 625
1684410 625
1684420 625
1684430 625
1684440 624
1684450 624
1684460 624
1684470 624
1684480 624
1684490 623
1684500 623
1684510 623
1684520 623
1684530 622
1684540 622
1684550 622
1684560 622
1684570 622
1684580 621
1684590 621
1684600 621
1684610 620
1684620 620
1684630 620
1684640 621
1684650 621
1684660 622
1684670 622
1684680 623
1684690 624
1684700 624
1684710 625
1684720 625
1684730 626
1684740 626
1684750 627
1684760 627
1684770 628
1684780 628
1684790 629
1684800 629
1684810 630
1684820 630
1684830 631
1684840 631
1684850 631
1684860 632
1684870 632
1684880 633
1684890 633
1684900 634
1684910 634
1684920 634
1684930 634
1684940 635
1684950 635
1684960 635
1684970 636
1684980 636
1684990 637
1685000 637
1685010 637
1685020 638
1685030 638
1685040 638
1685050 639
1685060 639
1685070 639
1685080 640
1685090 640
1685100 640
1685110 640
1685120 640
1685130 640
1685140 640
1685150 640
1685160 640
1685170 640
1685180 640
1685190 640
1685200 640
1685210 639
1685220 639
1685230 639
1685240 639
1685250 639
1685260 639
1685270 639
1685280 639
1685290 639
1685300 639
1685310 639
1685320 640
1685330 640
1685340 640
1685350 640
1685360 640
1685370 641
1685380 641
1685390 641
1685400 641
1685410 641
1685420 641
1685430 640
1685440 640
1685450 640
1685460 640
1685470 640
1685480 639
1685490 639
1685500 639
1685510 639
1685520 638
1685530 638
1685540 638
1685550 638
1685560 637
1685570 637
1685580 637
1685590 637
1685600 636
1685610 636
1685620 636
1685630 636
1685640 635
1685650 635
1685660 635
1685670 635
1685680 634
1685690 634
1685700 634
1685710 633
1685720 633
1685730 633
1685740 632
1685750 632
1685760 632
1685770 631
1685780 631
1685790 631
1685800 630
1685810 630
1685820 630
1685830 629
1685840 629
1685850 629
1685860 629
1685870 628
1685880 628
1685890 628
1685900 628
1685910 627
1685920 627
1685930 627
1685940 627
1685950 627
1685960 626
1685970 626
1685980 626
1685990 626
1686000 625
1686010 625
1686020 625
1686030 625
1686040 624
1686050 624
1686060 623
1686070 623
1686080 623
1686090 622
1686100 622
1686110 622
1686120 622
1686130 621
1686140 621
1686150 621
1686160 621
1686170 620
1686180 620
1686190 619
1686200 619
1686210 619
1686220 618
1686230 617
1686240 617
1686250 616
1686260 616
1686270 615
1686280 615
1686290 614
1686300 614
1686310 613
1686320 612
1686330 612
1686340 611
1686350 611
1686360 611
1686370 610
1686380 610
1686390 609
1686400 609
1686410 608
1686420 608
1686430 607
1686440 607
1686450 606
1686460 606
1686470 605
1686480 605
1686490 605
1686500 605
1686510 605
1686520 604
1686530 604
1686540 604
1686550 604
1686560 604
1686570 604
1686580 604
1686590 604
1686600 604
1686610 604
1686620 604
1686630 604
1686640 604
