1681670 621
1681680 621
1681690 622
1681700 622
1681710 622
1681720 622
1681730 623
1681740 623
1681750 623
1681760 623
1681770 624
1681780 624
1681790 624
1681800 624
1681810 625
1681820 625
1681830 625
1681840 625
1681850 625
1681860 625
1681870 625
1681880 626
1681890 626
1681900 627
1681910 628
1681920 630
1681930 631
1681940 631
1681950 631
1681960 631
1681970 630
1681980 630
1681990 630
1682000 630
1682010 630
1682020 630
1682030 630
1682040 630
1682050 630
1682060 630
1682070 630
1682080 630
1682090 629
1682100 629
1682110 629
1682120 629
1682130 628
1682140 627
1682150 627
1682160 626
1682170 626
1682180 626
1682190 626
1682200 626
1682210 626
1682220 626
1682230 626
1682240 626
1682250 626
1682260 626
1682270 626
1682280 626
1682290 626
1682300 626
1682310 626
1682320 626
1682330 626
1682340 626
1682350 626
1682360 626
1682370 626
1682380 626
1682390 626
1682400 626
1682410 625
1682420 625
1682430 625
1682440 625
1682450 625
1682460 625
1682470 625
1682480 625
1682490 624
1682500 624
1682510 624
1682520 624
1682530 624
1682540 624
1682550 624
1682560 624
1682570 624
1682580 624
1682590 623
1682600 623
1682610 623
1682620 623
1682630 623
1682640 622
1682650 622
1682660 622
1682670 622
1682680 622
1682690 622
1682700 621
1682710 621
1682720 621
1682730 621
1682740 621
1682750 621
1682760 621
1682770 621
1682780 621
1682790 622
1682800 622
1682810 622
1682820 622
1682830 622
1682840 622
1682850 622
1682860 622
1682870 622
1682880 622
1682890 622
1682900 622
1682910 621
1682920 621
1682930 621
1682940 621
1682950 621
1682960 621
1682970 620
1682980 620
1682990 620
1683000 620
1683010 620
1683020 619
1683030 619
1683040 619
1683050 618
1683060 618
1683070 617
1683080 616
1683090 615
1683100 614
1683110 612
1683120 611
1683130 611
1683140 611
1683150 611
1683160 611
1683170 611
1683180 611
1683460 619
1683470 619
1683480 619
1683490 619
1683500 619
1683510 620
1683520 620
1683530 620
1683540 620
1683550 621
1683560 621
1683570 621
1683580 621
1683590 621
1683600 621
1683610 621
1683620 621
1683630 621
1683640 620
1683650 620
1683660 620
1683670 620
1683680 620
1683690 619
1683700 619
1683710 619
1683720 619
1683730 619
1683740 619
1683750 619
1683760 619
1683770 619
1683780 619
1683790 619
1683800 619
1683810 619
1683820 619
1683830 618
1683840 618
1683850 618
1683860 618
1683870 618
1683880 618
1683890 618
1683900 618
1683910 618
1683920 618
1683930 618
1683940 618
1683950 618
1683960 618
1683970 618
1683980 618
1683990 618
1684000 618
1684010 617
1684020 617
1684030 617
1684040 617
1684050 617
1684060 617
1684070 617
1684080 617
1684090 616
1684100 616
1684110 616
1684120 616
1684280 616
1684290 616
1684300 615
1684310 615
1684320 615
1684330 615
1684340 615
1684350 615
1684360 615
1684370 615
1684380 616
1684390 616
1684400 616
1684410 616
1684420 616
1684430 617
1684440 617
1684450 617
1684460 617
1684470 617
1684480 617
1684490 617
1684500 618
1684510 618
1684520 618
1684530 618
1684540 618
1684550 618
1684560 618
1684570 618
1684580 618
1684590 618
1684600 619
1684610 619
1684620 619
1684630 619
1684640 619
1684650 619
1684660 619
1684670 619
1684680 619
1684690 619
1684700 619
1684710 619
1684720 619
1684730 619
1684740 619
1684750 620
1684760 620
1684770 620
1684780 620
1684790 620
1684800 620
1684810 620
1684820 620
1684830 620
1684840 620
1684850 620
1684860 620
1684870 620
1684880 620
1684890 621
1684900 621
1684910 620
1684920 621
1684930 621
1684940 621
1684950 621
1684960 621
1684970 621
1684980 621
1684990 621
1685000 621
1685010 621
1685110 622
1685120 622
1685130 622
1685140 622
1685150 622
1685160 623
